Batch,Date,Persona,Iteration,Maverick,Tech_Score,Ethics_Score,Edu_Score,Idea_Buildup_Score,Tech_Score_Std,Normalized_Tech_Score,Ethics_Score_Std,Normalized_Ethics_Score,Edu_Score_Std,Normalized_Edu_Score,Idea_Buildup_Score_Std,Normalized_Idea_Buildup_Score,Tech_Rank,Idea_Buildup_Rank
201,2024-09-07 10:40:19,customer_service_representative_interview.txt,1,0,0.0588235294117647,0.0,0.0,0.0,,,,,,,,,,
201,2024-09-07 10:40:19,customer_service_representative_interview.txt,2,0,0.0588235294117647,0.0,0.0,0.0,,,,,,,,,,
201,2024-09-07 10:40:19,customer_service_representative_interview.txt,3,0,0.0588235294117647,0.0,0.0,0.0,,,,,,,,,,
201,2024-09-07 10:40:19,electrical_engineer_interview.txt,1,0,0.0588235294117647,0.0,0.0,0.0,,,,,,,,,,
201,2024-09-07 10:40:19,electrical_engineer_interview.txt,2,0,0.0588235294117647,0.0,0.0,0.0,,,,,,,,,,
201,2024-09-07 10:40:19,electrical_engineer_interview.txt,3,0,0.0588235294117647,0.0,0.0,0.0,,,,,,,,,,
201,2024-09-07 10:40:19,machine_learning_engineer_interview.txt,1,0,0.0588235294117647,0.0,0.0,0.0,,,,,,,,,,
201,2024-09-07 10:40:19,machine_learning_engineer_interview.txt,2,0,0.0588235294117647,0.0,0.0,0.0,,,,,,,,,,
201,2024-09-07 10:40:19,machine_learning_engineer_interview.txt,3,0,0.0588235294117647,0.0,0.0,0.0,,,,,,,,,,
201,2024-09-07 10:40:19,plumber_interview.txt,1,0,0.0588235294117647,0.0,0.0,0.0,,,,,,,,,,
201,2024-09-07 10:40:19,plumber_interview.txt,2,0,0.0588235294117647,0.0,0.0,0.0,,,,,,,,,,
201,2024-09-07 10:40:19,plumber_interview.txt,3,0,0.0588235294117647,0.0,0.0,0.0,,,,,,,,,,
201,2024-09-07 10:40:19,no_persona_interview.txt,1,0,0.0588235294117647,0.0,0.0,0.0,,,,,,,,,,
201,2024-09-07 10:40:19,no_persona_interview.txt,2,0,0.0588235294117647,0.0,0.0,0.0,,,,,,,,,,
201,2024-09-07 10:40:19,no_persona_interview.txt,3,0,0.0588235294117647,0.0,0.0,0.0,,,,,,,,,,
201,2024-09-07 10:40:19,shop_assistant_interview.txt,1,0,0.0588235294117647,0.0,0.0,0.0,,,,,,,,,,
201,2024-09-07 10:40:19,shop_assistant_interview.txt,2,0,0.0588235294117647,0.0,0.0,0.0,,,,,,,,,,
201,2024-09-07 10:40:19,shop_assistant_interview.txt,3,0,0.0588235294117647,0.0,0.0,0.0,,,,,,,,,,
201,2024-09-07 10:40:19,business_intelligence_analyst_interview.txt,1,0,0.0588235294117647,0.0,0.0,0.0,,,,,,,,,,
201,2024-09-07 10:40:19,business_intelligence_analyst_interview.txt,2,0,0.0588235294117647,0.0,0.0,0.0,,,,,,,,,,
201,2024-09-07 10:40:19,business_intelligence_analyst_interview.txt,3,0,0.0588235294117647,0.0,0.0,0.0,,,,,,,,,,
201,2024-09-07 10:40:19,robotics_engineer_interview.txt,1,0,0.0588235294117647,0.0,0.0,0.0,,,,,,,,,,
201,2024-09-07 10:40:19,robotics_engineer_interview.txt,2,0,0.0588235294117647,0.0,0.0,0.0,,,,,,,,,,
201,2024-09-07 10:40:19,robotics_engineer_interview.txt,3,0,0.0588235294117647,0.0,0.0,0.0,,,,,,,,,,
201,2024-09-07 10:40:19,carpenter_interview.txt,1,0,0.0588235294117647,0.0,0.0,0.0,,,,,,,,,,
201,2024-09-07 10:40:19,carpenter_interview.txt,2,0,0.0588235294117647,0.0,0.0,0.0,,,,,,,,,,
201,2024-09-07 10:40:19,carpenter_interview.txt,3,0,0.0588235294117647,0.0,0.0,0.0,,,,,,,,,,
201,2024-09-07 10:40:19,professor_of_classics_interview.txt,1,0,0.0588235294117647,0.0,0.0,0.0,,,,,,,,,,
201,2024-09-07 10:40:19,professor_of_classics_interview.txt,2,0,0.0588235294117647,0.0,0.0,0.0,,,,,,,,,,
201,2024-09-07 10:40:19,professor_of_classics_interview.txt,3,0,0.0588235294117647,0.0,0.0,0.0,,,,,,,,,,
201,2024-09-07 10:40:19,ai_professor_interview.txt,1,0,0.0588235294117647,0.0,0.0,0.0,,,,,,,,,,
201,2024-09-07 10:40:19,ai_professor_interview.txt,2,0,0.0588235294117647,0.0,0.0,0.0,,,,,,,,,,
201,2024-09-07 10:40:19,ai_professor_interview.txt,3,0,0.0588235294117647,0.0,0.0,0.0,,,,,,,,,,
201,2024-09-07 10:40:19,digital_marketing_specialist_interview.txt,1,0,0.0588235294117647,0.0,0.0,0.0,,,,,,,,,,
201,2024-09-07 10:40:19,digital_marketing_specialist_interview.txt,2,0,0.0588235294117647,0.0,0.0,0.0,,,,,,,,,,
201,2024-09-07 10:40:19,digital_marketing_specialist_interview.txt,3,0,0.0588235294117647,0.0,0.0,0.0,,,,,,,,,,
201,2024-09-07 10:40:19,software_quality_assurance_tester_interview.txt,1,0,0.0588235294117647,0.0,0.0,0.0,,,,,,,,,,
201,2024-09-07 10:40:19,software_quality_assurance_tester_interview.txt,2,0,0.0588235294117647,0.0,0.0,0.0,,,,,,,,,,
201,2024-09-07 10:40:19,software_quality_assurance_tester_interview.txt,3,0,0.0588235294117647,0.0,0.0,0.0,,,,,,,,,,
201,2024-09-07 10:40:19,barista_interview.txt,1,0,0.0588235294117647,0.0,0.0,0.0,,,,,,,,,,
201,2024-09-07 10:40:19,barista_interview.txt,2,0,0.0588235294117647,0.0,0.0,0.0,,,,,,,,,,
201,2024-09-07 10:40:19,barista_interview.txt,3,0,0.0588235294117647,0.0,0.0,0.0,,,,,,,,,,
201,2024-09-07 10:40:19,business_analyst_interview.txt,1,0,0.0588235294117647,0.0,0.0,0.0,,,,,,,,,,
201,2024-09-07 10:40:19,business_analyst_interview.txt,2,0,0.0588235294117647,0.0,0.0,0.0,,,,,,,,,,
201,2024-09-07 10:40:19,business_analyst_interview.txt,3,0,0.0588235294117647,0.0,0.0,0.0,,,,,,,,,,
201,2024-09-07 10:40:19,data_engineer_interview.txt,1,0,0.0588235294117647,0.0,0.0,0.0,,,,,,,,,,
201,2024-09-07 10:40:19,data_engineer_interview.txt,2,0,0.0588235294117647,0.0,0.0,0.0,,,,,,,,,,
201,2024-09-07 10:40:19,data_engineer_interview.txt,3,0,0.0588235294117647,0.0,0.0,0.0,,,,,,,,,,
201,2024-09-07 10:40:19,natural_language_processing_engineer_interview.txt,1,0,0.0588235294117647,0.0,0.0,0.0,,,,,,,,,,
201,2024-09-07 10:40:19,natural_language_processing_engineer_interview.txt,2,0,0.0588235294117647,0.0,0.0,0.0,,,,,,,,,,
201,2024-09-07 10:40:19,natural_language_processing_engineer_interview.txt,3,0,0.0588235294117647,0.0,0.0,0.0,,,,,,,,,,
201,2024-09-07 10:40:19,cto_of_a_fintec_interview.txt,1,0,0.0588235294117647,0.0,0.0,0.0,,,,,,,,,,
201,2024-09-07 10:40:19,cto_of_a_fintec_interview.txt,2,0,0.0588235294117647,0.0,0.0,0.0,,,,,,,,,,
201,2024-09-07 10:40:19,cto_of_a_fintec_interview.txt,3,0,0.0588235294117647,0.0,0.0,0.0,,,,,,,,,,
201,2024-09-07 10:40:19,gardener_interview.txt,1,0,0.0588235294117647,0.0,0.0,0.0,,,,,,,,,,
201,2024-09-07 10:40:19,gardener_interview.txt,2,0,0.0588235294117647,0.0,0.0,0.0,,,,,,,,,,
201,2024-09-07 10:40:19,gardener_interview.txt,3,0,0.0588235294117647,0.0,0.0,0.0,,,,,,,,,,
201,2024-09-07 10:40:19,ai_software_developer_interview.txt,1,0,0.0588235294117647,0.0,0.0,0.0,,,,,,,,,,
201,2024-09-07 10:40:19,ai_software_developer_interview.txt,2,0,0.0588235294117647,0.0,0.0,0.0,,,,,,,,,,
201,2024-09-07 10:40:19,ai_software_developer_interview.txt,3,0,0.0588235294117647,0.0,0.0,0.0,,,,,,,,,,
201,2024-09-07 10:40:19,lorry_driver_interview.txt,1,0,0.0588235294117647,0.0,0.0,0.0,,,,,,,,,,
201,2024-09-07 10:40:19,lorry_driver_interview.txt,2,0,0.0588235294117647,0.0,0.0,0.0,,,,,,,,,,
201,2024-09-07 10:40:19,lorry_driver_interview.txt,3,0,0.0588235294117647,0.0,0.0,0.0,,,,,,,,,,
201,2024-09-07 10:40:19,architect_interview.txt,1,0,0.0588235294117647,0.0,0.0,0.0,,,,,,,,,,
201,2024-09-07 10:40:19,architect_interview.txt,2,0,0.0588235294117647,0.0,0.0,0.0,,,,,,,,,,
201,2024-09-07 10:40:19,architect_interview.txt,3,0,0.0588235294117647,0.0,0.0,0.0,,,,,,,,,,
201,2024-09-07 10:40:19,computer_vision_engineer_interview.txt,1,0,0.0588235294117647,0.0,0.0,0.0,,,,,,,,,,
201,2024-09-07 10:40:19,computer_vision_engineer_interview.txt,2,0,0.0588235294117647,0.0,0.0,0.0,,,,,,,,,,
201,2024-09-07 10:40:19,computer_vision_engineer_interview.txt,3,0,0.0588235294117647,0.0,0.0,0.0,,,,,,,,,,
201,2024-09-07 10:40:19,fitness_trainer_interview.txt,1,0,0.0588235294117647,0.0,0.0,0.0,,,,,,,,,,
201,2024-09-07 10:40:19,fitness_trainer_interview.txt,2,0,0.0588235294117647,0.0,0.0,0.0,,,,,,,,,,
201,2024-09-07 10:40:19,fitness_trainer_interview.txt,3,0,0.0588235294117647,0.0,0.0,0.0,,,,,,,,,,
201,2024-09-07 10:40:19,data_scientist_interview.txt,1,0,0.0588235294117647,0.0,0.0,0.0,,,,,,,,,,
201,2024-09-07 10:40:19,data_scientist_interview.txt,2,0,0.0588235294117647,0.0,0.0,0.0,,,,,,,,,,
201,2024-09-07 10:40:19,data_scientist_interview.txt,3,0,0.0588235294117647,0.0,0.0,0.0,,,,,,,,,,
201,2024-09-07 10:40:19,ai_ethicist_interview.txt,1,0,0.0588235294117647,0.0,0.0,0.0,,,,,,,,,,
201,2024-09-07 10:40:19,ai_ethicist_interview.txt,2,0,0.0588235294117647,0.0,0.0,0.0,,,,,,,,,,
201,2024-09-07 10:40:19,ai_ethicist_interview.txt,3,0,0.0588235294117647,0.0,0.0,0.0,,,,,,,,,,
201,2024-09-07 10:40:19,ai_ethicist_interview.txt,-999,0,0.0588235294117647,0.0,0.0,0.0,0.0,0.0,0.0,0.0,0.0,0.0,0.0,0.0,1.0,1.0
201,2024-09-07 10:40:19,ai_professor_interview.txt,-999,0,0.0588235294117647,0.0,0.0,0.0,0.0,0.0,0.0,0.0,0.0,0.0,0.0,0.0,15.0,15.0
201,2024-09-07 10:40:19,ai_software_developer_interview.txt,-999,0,0.0588235294117647,0.0,0.0,0.0,0.0,0.0,0.0,0.0,0.0,0.0,0.0,0.0,26.0,26.0
201,2024-09-07 10:40:19,architect_interview.txt,-999,0,0.0588235294117647,0.0,0.0,0.0,0.0,0.0,0.0,0.0,0.0,0.0,0.0,0.0,25.0,25.0
201,2024-09-07 10:40:19,barista_interview.txt,-999,0,0.0588235294117647,0.0,0.0,0.0,0.0,0.0,0.0,0.0,0.0,0.0,0.0,0.0,24.0,24.0
201,2024-09-07 10:40:19,business_analyst_interview.txt,-999,0,0.0588235294117647,0.0,0.0,0.0,0.0,0.0,0.0,0.0,0.0,0.0,0.0,0.0,23.0,23.0
201,2024-09-07 10:40:19,business_intelligence_analyst_interview.txt,-999,0,0.0588235294117647,0.0,0.0,0.0,0.0,0.0,0.0,0.0,0.0,0.0,0.0,0.0,22.0,22.0
201,2024-09-07 10:40:19,carpenter_interview.txt,-999,0,0.0588235294117647,0.0,0.0,0.0,0.0,0.0,0.0,0.0,0.0,0.0,0.0,0.0,21.0,21.0
201,2024-09-07 10:40:19,computer_vision_engineer_interview.txt,-999,0,0.0588235294117647,0.0,0.0,0.0,0.0,0.0,0.0,0.0,0.0,0.0,0.0,0.0,20.0,20.0
201,2024-09-07 10:40:19,cto_of_a_fintec_interview.txt,-999,0,0.0588235294117647,0.0,0.0,0.0,0.0,0.0,0.0,0.0,0.0,0.0,0.0,0.0,19.0,19.0
201,2024-09-07 10:40:19,customer_service_representative_interview.txt,-999,0,0.0588235294117647,0.0,0.0,0.0,0.0,0.0,0.0,0.0,0.0,0.0,0.0,0.0,18.0,18.0
201,2024-09-07 10:40:19,data_engineer_interview.txt,-999,0,0.0588235294117647,0.0,0.0,0.0,0.0,0.0,0.0,0.0,0.0,0.0,0.0,0.0,17.0,17.0
201,2024-09-07 10:40:19,data_scientist_interview.txt,-999,0,0.0588235294117647,0.0,0.0,0.0,0.0,0.0,0.0,0.0,0.0,0.0,0.0,0.0,16.0,16.0
201,2024-09-07 10:40:19,digital_marketing_specialist_interview.txt,-999,0,0.0588235294117647,0.0,0.0,0.0,0.0,0.0,0.0,0.0,0.0,0.0,0.0,0.0,14.0,14.0
201,2024-09-07 10:40:19,electrical_engineer_interview.txt,-999,0,0.0588235294117647,0.0,0.0,0.0,0.0,0.0,0.0,0.0,0.0,0.0,0.0,0.0,2.0,2.0
201,2024-09-07 10:40:19,fitness_trainer_interview.txt,-999,0,0.0588235294117647,0.0,0.0,0.0,0.0,0.0,0.0,0.0,0.0,0.0,0.0,0.0,13.0,13.0
201,2024-09-07 10:40:19,focus_group.txt,-999,0,0.0588235294117647,0.0,0.0,0.0,0.0,0.0,0.0,0.0,0.0,0.0,0.0,0.0,12.0,12.0
201,2024-09-07 10:40:19,gardener_interview.txt,-999,0,0.0588235294117647,0.0,0.0,0.0,0.0,0.0,0.0,0.0,0.0,0.0,0.0,0.0,11.0,11.0
201,2024-09-07 10:40:19,lorry_driver_interview.txt,-999,0,0.0588235294117647,0.0,0.0,0.0,0.0,0.0,0.0,0.0,0.0,0.0,0.0,0.0,10.0,10.0
201,2024-09-07 10:40:19,machine_learning_engineer_interview.txt,-999,0,0.0588235294117647,0.0,0.0,0.0,0.0,0.0,0.0,0.0,0.0,0.0,0.0,0.0,9.0,9.0
201,2024-09-07 10:40:19,natural_language_processing_engineer_interview.txt,-999,0,0.0588235294117647,0.0,0.0,0.0,0.0,0.0,0.0,0.0,0.0,0.0,0.0,0.0,8.0,8.0
201,2024-09-07 10:40:19,no_persona_interview.txt,-999,0,0.0588235294117647,0.0,0.0,0.0,0.0,0.0,0.0,0.0,0.0,0.0,0.0,0.0,7.0,7.0
201,2024-09-07 10:40:19,plumber_interview.txt,-999,0,0.0588235294117647,0.0,0.0,0.0,0.0,0.0,0.0,0.0,0.0,0.0,0.0,0.0,6.0,6.0
201,2024-09-07 10:40:19,professor_of_classics_interview.txt,-999,0,0.0588235294117647,0.0,0.0,0.0,0.0,0.0,0.0,0.0,0.0,0.0,0.0,0.0,5.0,5.0
201,2024-09-07 10:40:19,robotics_engineer_interview.txt,-999,0,0.0588235294117647,0.0,0.0,0.0,0.0,0.0,0.0,0.0,0.0,0.0,0.0,0.0,4.0,4.0
201,2024-09-07 10:40:19,shop_assistant_interview.txt,-999,0,0.0588235294117647,0.0,0.0,0.0,0.0,0.0,0.0,0.0,0.0,0.0,0.0,0.0,3.0,3.0
201,2024-09-07 10:40:19,software_quality_assurance_tester_interview.txt,-999,0,0.0588235294117647,0.0,0.0,0.0,0.0,0.0,0.0,0.0,0.0,0.0,0.0,0.0,27.0,27.0
202,2024-09-07 12:33:41,no_persona_interview.txt,1,0,0.05,0.0,0.01,0.0807098877940191,,,,,,,,,,
202,2024-09-07 12:33:41,no_persona_interview.txt,2,0,0.0442477876106194,0.0,0.0088495575221238,0.0216553576089856,,,,,,,,,,
202,2024-09-07 12:33:41,no_persona_interview.txt,3,0,0.03125,0.0,0.0234375,0.0484361686402163,,,,,,,,,,
202,2024-09-07 12:33:41,focus_group.txt,1,0,0.0789473684210526,0.0175438596491228,0.0175438596491228,0.0653675209323604,,,,,,,,,,
202,2024-09-07 12:33:41,focus_group.txt,2,0,0.0636363636363636,0.0,0.0181818181818181,0.0813698530473544,,,,,,,,,,
202,2024-09-07 12:33:41,focus_group.txt,3,0,0.0380952380952381,0.0,0.0380952380952381,0.0195825893105141,,,,,,,,,,
202,2024-09-07 12:33:41,data_scientist_interview.txt,1,0,0.0306122448979591,0.0,0.0204081632653061,0.0555532532834982,,,,,,,,,,
202,2024-09-07 12:33:41,data_scientist_interview.txt,2,0,0.0495049504950495,0.0,0.0198019801980198,0.0878399437349559,,,,,,,,,,
202,2024-09-07 12:33:41,data_scientist_interview.txt,3,0,0.0634920634920634,0.0,0.0079365079365079,0.0,,,,,,,,,,
202,2024-09-07 12:33:41,data_scientist_interview.txt,-999,0,0.0478697529616907,0.0,0.0160488837999446,0.0477977323394847,0.0165007884940426,14.4317056254784,0.0,0.0,0.0070320584532566,13.856707515400714,0.0444305638910292,-4.912564694283134,2.0,3.0
202,2024-09-07 12:33:41,focus_group.txt,-999,0,0.0602263233842181,0.0058479532163742,0.024606971975393,0.0554399877634096,0.0206384451674604,43.96984488144517,0.010128952091046,0.0,0.0116855355017294,74.5709449931748,0.0320676382999579,10.290718655038674,1.0,1.0
202,2024-09-07 12:33:41,no_persona_interview.txt,-999,0,0.0418325958702064,0.0,0.0140956858407079,0.050267138014407,0.0096054926139797,0.0,0.0,0.0,0.0081106718780744,0.0,0.0295698109645745,0.0,3.0,2.0
203,2024-09-07 14:44:01,customer_service_representative_interview.txt,1,0,0.0490196078431372,0.0,0.0,0.0,,,,,,,,,,
203,2024-09-07 14:44:01,customer_service_representative_interview.txt,2,0,0.0666666666666666,0.0111111111111111,0.0111111111111111,0.0723665640735147,,,,,,,,,,
203,2024-09-07 14:44:01,customer_service_representative_interview.txt,3,0,0.043103448275862,0.0,0.0344827586206896,0.1117645891998086,,,,,,,,,,
203,2024-09-07 14:44:01,electrical_engineer_interview.txt,1,0,0.0504201680672268,0.0,0.0168067226890756,0.0402640713289833,,,,,,,,,,
203,2024-09-07 14:44:01,electrical_engineer_interview.txt,2,0,0.081967213114754,0.0,0.0,0.102121154739771,,,,,,,,,,
203,2024-09-07 14:44:01,electrical_engineer_interview.txt,3,0,0.0296296296296296,0.0,0.0074074074074074,0.020624610913536,,,,,,,,,,
203,2024-09-07 14:44:01,machine_learning_engineer_interview.txt,1,0,0.0168067226890756,0.0084033613445378,0.0,0.1627522807869465,,,,,,,,,,
203,2024-09-07 14:44:01,machine_learning_engineer_interview.txt,2,0,0.0614035087719298,0.0,0.0,0.0588634684392897,,,,,,,,,,
203,2024-09-07 14:44:01,machine_learning_engineer_interview.txt,3,0,0.099236641221374,0.0076335877862595,0.015267175572519,0.1510186043030447,,,,,,,,,,
203,2024-09-07 14:44:01,plumber_interview.txt,1,0,0.0659340659340659,0.0,0.0,0.0696079081647793,,,,,,,,,,
203,2024-09-07 14:44:01,plumber_interview.txt,2,0,0.0826446280991735,0.0,0.0165289256198347,0.0867083673740924,,,,,,,,,,
203,2024-09-07 14:44:01,plumber_interview.txt,3,0,0.0721649484536082,0.0,0.0,0.0569046400731458,,,,,,,,,,
203,2024-09-07 14:44:01,no_persona_interview.txt,1,0,0.0695652173913043,0.0,0.0,0.1284678235691854,,,,,,,,,,
203,2024-09-07 14:44:01,no_persona_interview.txt,2,0,0.054054054054054,0.0,0.0,0.0430264275770527,,,,,,,,,,
203,2024-09-07 14:44:01,no_persona_interview.txt,3,0,0.0303030303030303,0.0,0.0,0.0265736828262296,,,,,,,,,,
203,2024-09-07 14:44:01,shop_assistant_interview.txt,1,0,0.0681818181818181,0.0,0.0,0.0425588572730982,,,,,,,,,,
203,2024-09-07 14:44:01,shop_assistant_interview.txt,2,0,0.0588235294117647,0.0,0.0168067226890756,0.0273465532109054,,,,,,,,,,
203,2024-09-07 14:44:01,shop_assistant_interview.txt,3,0,0.0555555555555555,0.0,0.0317460317460317,0.030242046799046,,,,,,,,,,
203,2024-09-07 14:44:01,business_intelligence_analyst_interview.txt,1,0,0.112781954887218,0.0,0.0,0.1589558836936989,,,,,,,,,,
203,2024-09-07 14:44:01,business_intelligence_analyst_interview.txt,2,0,0.0802919708029197,0.0,0.0,0.1343242938918048,,,,,,,,,,
203,2024-09-07 14:44:01,business_intelligence_analyst_interview.txt,3,0,0.1282051282051282,0.0,0.0085470085470085,0.0,,,,,,,,,,
203,2024-09-07 14:44:01,robotics_engineer_interview.txt,1,0,0.0757575757575757,0.0,0.0075757575757575,0.1027916887798303,,,,,,,,,,
203,2024-09-07 14:44:01,robotics_engineer_interview.txt,2,0,0.019047619047619,0.0,0.0095238095238095,0.0,,,,,,,,,,
203,2024-09-07 14:44:01,robotics_engineer_interview.txt,3,0,0.0348837209302325,0.0,0.0116279069767441,0.0656617924918012,,,,,,,,,,
203,2024-09-07 14:44:01,carpenter_interview.txt,1,0,0.0517241379310344,0.0,0.0517241379310344,0.0861855309792901,,,,,,,,,,
203,2024-09-07 14:44:01,carpenter_interview.txt,2,0,0.05,0.0,0.0166666666666666,0.0468451707467022,,,,,,,,,,
203,2024-09-07 14:44:01,carpenter_interview.txt,3,0,0.0842105263157894,0.0,0.0210526315789473,0.0601951372362832,,,,,,,,,,
203,2024-09-07 14:44:01,professor_of_classics_interview.txt,1,0,0.0594059405940594,0.0,0.0297029702970297,0.0297506270317323,,,,,,,,,,
203,2024-09-07 14:44:01,professor_of_classics_interview.txt,2,0,0.055045871559633,0.0458715596330275,0.0091743119266055,0.1554825628930323,,,,,,,,,,
203,2024-09-07 14:44:01,professor_of_classics_interview.txt,3,0,0.0384615384615384,0.0,0.0096153846153846,0.0460274780386893,,,,,,,,,,
203,2024-09-07 14:44:01,ai_professor_interview.txt,1,0,0.0561797752808988,0.0,0.0,0.0099882154691794,,,,,,,,,,
203,2024-09-07 14:44:01,ai_professor_interview.txt,2,0,0.0757575757575757,0.0227272727272727,0.0075757575757575,0.0807130388667774,,,,,,,,,,
203,2024-09-07 14:44:01,ai_professor_interview.txt,3,0,0.0472440944881889,0.0,0.0314960629921259,0.0979116522034002,,,,,,,,,,
203,2024-09-07 14:44:01,digital_marketing_specialist_interview.txt,1,0,0.0804597701149425,0.0,0.0114942528735632,0.0,,,,,,,,,,
203,2024-09-07 14:44:01,digital_marketing_specialist_interview.txt,2,0,0.0446428571428571,0.0,0.0178571428571428,0.0378258602554632,,,,,,,,,,
203,2024-09-07 14:44:01,digital_marketing_specialist_interview.txt,3,0,0.0384615384615384,0.0,0.0,0.0334815429669911,,,,,,,,,,
203,2024-09-07 14:44:01,software_quality_assurance_tester_interview.txt,1,0,0.043859649122807,0.0,0.0,0.0408130652075405,,,,,,,,,,
203,2024-09-07 14:44:01,software_quality_assurance_tester_interview.txt,2,0,0.0610687022900763,0.0,0.0,0.0092924044279863,,,,,,,,,,
203,2024-09-07 14:44:01,software_quality_assurance_tester_interview.txt,3,0,0.0485436893203883,0.0,0.0097087378640776,0.0361783394691957,,,,,,,,,,
203,2024-09-07 14:44:01,barista_interview.txt,1,0,0.0707964601769911,0.0088495575221238,0.0,0.0835686245664708,,,,,,,,,,
203,2024-09-07 14:44:01,barista_interview.txt,2,0,0.0568181818181818,0.0,0.0113636363636363,0.0601264003680687,,,,,,,,,,
203,2024-09-07 14:44:01,barista_interview.txt,3,0,0.0258620689655172,0.0,0.0258620689655172,0.0609261267311445,,,,,,,,,,
203,2024-09-07 14:44:01,business_analyst_interview.txt,1,0,0.0642201834862385,0.0,0.0091743119266055,0.1480638972737383,,,,,,,,,,
203,2024-09-07 14:44:01,business_analyst_interview.txt,2,0,0.0485436893203883,0.0,0.0097087378640776,0.0503389786428022,,,,,,,,,,
203,2024-09-07 14:44:01,business_analyst_interview.txt,3,0,0.0916666666666666,0.0,0.0,0.0796520312355109,,,,,,,,,,
203,2024-09-07 14:44:01,data_engineer_interview.txt,1,0,0.1162790697674418,0.0,0.0077519379844961,0.1322103830276293,,,,,,,,,,
203,2024-09-07 14:44:01,data_engineer_interview.txt,2,0,0.087719298245614,0.0,0.0263157894736842,0.0169495920803116,,,,,,,,,,
203,2024-09-07 14:44:01,data_engineer_interview.txt,3,0,0.0566037735849056,0.0188679245283018,0.0188679245283018,0.0159197161548876,,,,,,,,,,
203,2024-09-07 14:44:01,focus_group.txt,1,0,0.0588235294117647,0.0,0.0,0.0,,,,,,,,,,
203,2024-09-07 14:44:01,focus_group.txt,2,0,0.0588235294117647,0.0,0.0,0.0,,,,,,,,,,
203,2024-09-07 14:44:01,focus_group.txt,3,0,0.0588235294117647,0.0,0.0,0.0,,,,,,,,,,
203,2024-09-07 14:44:01,natural_language_processing_engineer_interview.txt,1,0,0.0555555555555555,0.0,0.0111111111111111,0.0663794683908304,,,,,,,,,,
203,2024-09-07 14:44:01,natural_language_processing_engineer_interview.txt,2,0,0.0546875,0.0,0.0,0.0545783090896208,,,,,,,,,,
203,2024-09-07 14:44:01,natural_language_processing_engineer_interview.txt,3,0,0.0416666666666666,0.0,0.0166666666666666,0.030505338264325,,,,,,,,,,
203,2024-09-07 14:44:01,cto_of_a_fintec_interview.txt,1,0,0.040983606557377,0.0,0.0081967213114754,0.0,,,,,,,,,,
203,2024-09-07 14:44:01,cto_of_a_fintec_interview.txt,2,0,0.0967741935483871,0.032258064516129,0.0,0.0,,,,,,,,,,
203,2024-09-07 14:44:01,cto_of_a_fintec_interview.txt,3,0,0.0490196078431372,0.0,0.0098039215686274,0.051714126106157,,,,,,,,,,
203,2024-09-07 14:44:01,gardener_interview.txt,1,0,0.074074074074074,0.0,0.0185185185185185,0.1368572262167958,,,,,,,,,,
203,2024-09-07 14:44:01,gardener_interview.txt,2,0,0.0327868852459016,0.0,0.0,0.0,,,,,,,,,,
203,2024-09-07 14:44:01,gardener_interview.txt,3,0,0.0625,0.0,0.0,0.0603271679185044,,,,,,,,,,
203,2024-09-07 14:44:01,ai_software_developer_interview.txt,1,0,0.0888888888888888,0.0,0.0,0.0,,,,,,,,,,
203,2024-09-07 14:44:01,ai_software_developer_interview.txt,2,0,0.081967213114754,0.0,0.0081967213114754,0.0222027402172506,,,,,,,,,,
203,2024-09-07 14:44:01,ai_software_developer_interview.txt,3,0,0.0515463917525773,0.0,0.0,0.1446099051504274,,,,,,,,,,
203,2024-09-07 14:44:01,lorry_driver_interview.txt,1,0,0.0655737704918032,0.0,0.0081967213114754,0.0653631515167031,,,,,,,,,,
203,2024-09-07 14:44:01,lorry_driver_interview.txt,2,0,0.0236220472440944,0.0,0.0078740157480314,0.0577844371825915,,,,,,,,,,
203,2024-09-07 14:44:01,lorry_driver_interview.txt,3,0,0.027027027027027,0.0,0.0,0.0434824224588076,,,,,,,,,,
203,2024-09-07 14:44:01,architect_interview.txt,1,0,0.0462962962962962,0.0,0.0092592592592592,0.1328061496137529,,,,,,,,,,
203,2024-09-07 14:44:01,architect_interview.txt,2,0,0.0642201834862385,0.0,0.0275229357798165,0.0482255268330408,,,,,,,,,,
203,2024-09-07 14:44:01,architect_interview.txt,3,0,0.0462962962962962,0.0092592592592592,0.0185185185185185,0.0109213327500297,,,,,,,,,,
203,2024-09-07 14:44:01,computer_vision_engineer_interview.txt,1,0,0.0347826086956521,0.0,0.017391304347826,0.0085167649499139,,,,,,,,,,
203,2024-09-07 14:44:01,computer_vision_engineer_interview.txt,2,0,0.099236641221374,0.0,0.0381679389312977,0.1220509690998037,,,,,,,,,,
203,2024-09-07 14:44:01,computer_vision_engineer_interview.txt,3,0,0.0606060606060606,0.0,0.0075757575757575,0.0770275897889073,,,,,,,,,,
203,2024-09-07 14:44:01,fitness_trainer_interview.txt,1,0,0.0408163265306122,0.0,0.0306122448979591,0.1163460457328753,,,,,,,,,,
203,2024-09-07 14:44:01,fitness_trainer_interview.txt,2,0,0.0504201680672268,0.0,0.0168067226890756,0.0869254645073261,,,,,,,,,,
203,2024-09-07 14:44:01,fitness_trainer_interview.txt,3,0,0.0602409638554216,0.0,0.0,0.0638065299792772,,,,,,,,,,
203,2024-09-07 14:44:01,data_scientist_interview.txt,1,0,0.0444444444444444,0.0,0.0074074074074074,0.0400879299803346,,,,,,,,,,
203,2024-09-07 14:44:01,data_scientist_interview.txt,2,0,0.0625,0.0,0.0,0.0831266201729406,,,,,,,,,,
203,2024-09-07 14:44:01,data_scientist_interview.txt,3,0,0.0925925925925925,0.0185185185185185,0.0092592592592592,0.0,,,,,,,,,,
203,2024-09-07 14:44:01,ai_ethicist_interview.txt,1,0,0.0428571428571428,0.05,0.0142857142857142,0.0331702410477259,,,,,,,,,,
203,2024-09-07 14:44:01,ai_ethicist_interview.txt,2,0,0.0784313725490196,0.0392156862745098,0.0098039215686274,0.0669707833713093,,,,,,,,,,
203,2024-09-07 14:44:01,ai_ethicist_interview.txt,3,0,0.0759493670886076,0.0253164556962025,0.0126582278481012,0.1091069200175621,,,,,,,,,,
203,2024-09-07 14:44:01,ai_ethicist_interview.txt,-999,0,0.06574596083159,0.0381773806569041,0.0122492879008143,0.0697493148121991,0.0198611071941347,28.141198679050262,0.0123744857980461,0.0,0.0022687089721025,0.0,0.0380445131519382,5.644533287091107,7.0,7.0
203,2024-09-07 14:44:01,ai_professor_interview.txt,-999,0,0.0597271485088878,0.0075757575757575,0.0130239401892945,0.0628709688464523,0.0145839825198368,16.410320981013584,0.0131215970270369,0.0,0.016439662902378,0.0,0.0465981467308172,-4.77362854424733,12.0,14.0
203,2024-09-07 14:44:01,ai_software_developer_interview.txt,-999,0,0.0741341645854067,0.0,0.0027322404371584,0.0556042151225593,0.0198653721344754,44.49010392254508,0.0,0.0,0.0047323792556526,0.0,0.0778765051943869,-15.780085134393502,3.0,17.0
203,2024-09-07 14:44:01,architect_interview.txt,-999,0,0.0522709253596103,0.0030864197530864,0.0184335711858647,0.0639843363989411,0.0103483610940376,1.8778788373158333,0.0053458358258298,0.0,0.0091321345833754,0.0,0.06245183908162,-3.0872865955648905,19.0,13.0
203,2024-09-07 14:44:01,barista_interview.txt,-999,0,0.0511589036535634,0.0029498525073746,0.0124085684430512,0.068207050555228,0.0229955528395131,-0.2894907252796344,0.0051092944176073,0.0,0.012962660416837,0.0,0.0133095213152508,3.308570732164668,21.0,9.0
203,2024-09-07 14:44:01,business_analyst_interview.txt,-999,0,0.0681435131577645,0.0,0.0062943499302277,0.0926849690506838,0.0218275555339006,32.81411280313935,0.0,0.0,0.005457612440782,0.0,0.0501491079823598,40.38360555156908,5.0,3.0
203,2024-09-07 14:44:01,business_intelligence_analyst_interview.txt,-999,0,0.1070930179650886,0.0,0.0028490028490028,0.0977600591951679,0.0244579366574569,108.72807270024413,0.0,0.0,0.0049346176853814,0.0,0.0855537882529128,48.0704986937819,1.0,2.0
203,2024-09-07 14:44:01,carpenter_interview.txt,-999,0,0.0619782214156079,0.0,0.0298144787255495,0.0644086129874252,0.0192730303476719,20.79774154544849,0.0,0.0,0.0191006294903678,0.0,0.0200057746472497,-2.4446637641332103,10.0,12.0
203,2024-09-07 14:44:01,computer_vision_engineer_interview.txt,-999,0,0.0648751035076956,0.0,0.0210450002849604,0.0691984412795416,0.0324383896437339,26.443867011054607,0.0,0.0,0.0156199395172753,0.0,0.057170582931902,4.810162692706001,8.0,8.0
203,2024-09-07 14:44:01,cto_of_a_fintec_interview.txt,-999,0,0.0622591359829671,0.010752688172043,0.0060002142933676,0.0172380420353856,0.0301597617401791,21.34525395430981,0.0186242022319234,0.0,0.0052581081998564,0.0,0.029857164628296,-73.89071261108548,9.0,26.0
203,2024-09-07 14:44:01,customer_service_representative_interview.txt,-999,0,0.052929907595222,0.0037037037037037,0.0151979565772669,0.0613770510911077,0.0122586356641574,3.162258478458739,0.0064150029909958,0.0,0.017600905940359,0.0,0.0566869287970636,-7.036363948281391,18.0,15.0
203,2024-09-07 14:44:01,data_engineer_interview.txt,-999,0,0.0868673805326538,0.0062893081761006,0.0176452173288274,0.0550265637542762,0.0298467681074617,69.30759132224944,0.0108934013054646,0.0,0.0093421306563274,0.0,0.0668451316800384,-16.65501429132125,2.0,19.0
203,2024-09-07 14:44:01,data_scientist_interview.txt,-999,0,0.0665123456790123,0.0061728395061728,0.0055555555555555,0.0410715167177584,0.0243235530075258,29.634909802228066,0.0106916716516597,0.0,0.0048995394649344,0.0,0.0415720378078416,-37.79177291241776,6.0,22.0
203,2024-09-07 14:44:01,digital_marketing_specialist_interview.txt,-999,0,0.0545213885731127,0.0,0.009783798576902,0.0237691344074847,0.0226749179252573,6.26411108814537,0.0,0.0,0.0090506147957377,0.0,0.0206989634048794,-63.99851213050653,16.0,25.0
203,2024-09-07 14:44:01,electrical_engineer_interview.txt,-999,0,0.0540056702705368,0.0,0.0080713766988276,0.0543366123274301,0.0263523723942086,5.258957910111064,0.0,0.0,0.0084230115339962,0.0,0.0425317407534665,-17.700036692991674,17.0,20.0
203,2024-09-07 14:44:01,fitness_trainer_interview.txt,-999,0,0.0504924861510869,0.0,0.0158063225290116,0.0890260134064929,0.0097125205909194,-1.5883619640280529,0.0,0.0,0.0153306224525734,0.0,0.0263326680790988,34.84163481838695,25.0,4.0
203,2024-09-07 14:44:01,focus_group.txt,-999,0,0.0588235294117647,0.0,0.0,0.0,0.0,14.64913546041187,0.0,0.0,0.0,0.0,0.0,-100.0,14.0,27.0
203,2024-09-07 14:44:01,gardener_interview.txt,-999,0,0.0564536531066585,0.0,0.0061728395061728,0.0657281313784334,0.021297340758866,10.030162878426822,0.0,0.0,0.0106916716516597,0.0,0.0685882854185787,-0.4460791908347659,15.0,11.0
203,2024-09-07 14:44:01,lorry_driver_interview.txt,-999,0,0.0387409482543082,0.0,0.0053569123531689,0.0555433370527007,0.0233001874188234,-24.49252418735908,0.0,0.0,0.0046420272715506,0.0,0.0111111868569656,-15.872292997581084,27.0,18.0
203,2024-09-07 14:44:01,machine_learning_engineer_interview.txt,-999,0,0.0591489575607931,0.0053456497102657,0.005089058524173,0.1242114511764269,0.0412611817351741,15.283406411401998,0.0046454403398821,0.0,0.0088145079265591,0.0,0.0568962997638432,88.13461929737625,13.0,1.0
203,2024-09-07 14:44:01,natural_language_processing_engineer_interview.txt,-999,0,0.050636574074074,0.0,0.0092592592592592,0.0504877052482587,0.0077802833679101,-1.3075295154151263,0.0,0.0,0.0084862512869552,0.0,0.0182835467818359,-23.529713918341614,24.0,21.0
203,2024-09-07 14:44:01,no_persona_interview.txt,-999,0,0.0513074339161295,0.0,0.0,0.0660226446574892,0.0197746751016343,0.0,0.0,0.0,0.0,0.0,0.054701220091002,0.0,20.0,10.0
203,2024-09-07 14:44:01,plumber_interview.txt,-999,0,0.0735812141622825,0.0,0.0055096418732782,0.0710736385373392,0.0084448255391486,43.41238402716292,0.0,0.0,0.0095429796560268,0.0,0.014955828776804,7.650396172485003,4.0,6.0
203,2024-09-07 14:44:01,professor_of_classics_interview.txt,-999,0,0.0509711168717436,0.0152905198776758,0.0161642222796732,0.0770868893211513,0.0110507789090653,-0.6554937924506277,0.0264839573022764,0.0,0.0117269735945512,0.0,0.0683786896318389,16.75825729348,23.0,5.0
203,2024-09-07 14:44:01,robotics_engineer_interview.txt,-999,0,0.0432296385784757,0.0,0.0095758246921037,0.0561511604238771,0.0292616737996091,-15.743908282098602,0.0,0.0,0.0020265754057716,0.0,0.0520516273741844,-14.951664364284625,26.0,16.0
203,2024-09-07 14:44:01,shop_assistant_interview.txt,-999,0,0.0608536343830461,0.0,0.0161842514783691,0.0333824857610165,0.0065533671973005,18.605881717884003,0.0,0.0,0.0158821672233713,0.0,0.0080777667938328,-49.43782404628373,11.0,23.0
203,2024-09-07 14:44:01,software_quality_assurance_tester_interview.txt,-999,0,0.0511573469110905,0.0,0.0032362459546925,0.0287612697015742,0.0088972626256367,-0.2925248713166013,0.0,0.0,0.0056053424193167,0.0,0.0170190395424729,-56.43726504628637,22.0,24.0
204,2024-09-07 18:12:48,customer_service_representative_interview.txt,1,0,0.0462962962962962,0.0,0.0092592592592592,0.1284828294428135,,,,,,,,,,
204,2024-09-07 18:12:48,customer_service_representative_interview.txt,2,0,0.1008403361344537,0.0084033613445378,0.0168067226890756,0.0290560330626429,,,,,,,,,,
204,2024-09-07 18:12:48,customer_service_representative_interview.txt,3,0,0.1098901098901098,0.0219780219780219,0.0,0.1779226776934416,,,,,,,,,,
204,2024-09-07 18:12:48,electrical_engineer_interview.txt,1,0,0.0564516129032258,0.0,0.0,0.0538168279354099,,,,,,,,,,
204,2024-09-07 18:12:48,electrical_engineer_interview.txt,2,0,0.0396825396825396,0.0,0.0238095238095238,0.0,,,,,,,,,,
204,2024-09-07 18:12:48,electrical_engineer_interview.txt,3,0,0.0483870967741935,0.0,0.0080645161290322,0.1192493960311346,,,,,,,,,,
204,2024-09-07 18:12:48,no_persona_interview.txt,1,0,0.0825688073394495,0.0,0.0,0.0043167874137659,,,,,,,,,,
204,2024-09-07 18:12:48,no_persona_interview.txt,2,0,0.059322033898305,0.0,0.0169491525423728,0.078937557261522,,,,,,,,,,
204,2024-09-07 18:12:48,no_persona_interview.txt,3,0,0.0631578947368421,0.0,0.0,0.0913715029753085,,,,,,,,,,
204,2024-09-07 18:12:48,shop_assistant_interview.txt,1,0,0.0594059405940594,0.0,0.0099009900990099,0.0813220818747322,,,,,,,,,,
204,2024-09-07 18:12:48,shop_assistant_interview.txt,2,0,0.0465116279069767,0.0,0.0077519379844961,0.0913622935836849,,,,,,,,,,
204,2024-09-07 18:12:48,shop_assistant_interview.txt,3,0,0.0357142857142857,0.0,0.0142857142857142,0.0779843622585214,,,,,,,,,,
204,2024-09-07 18:12:48,robotics_engineer_interview.txt,1,0,0.0721649484536082,0.0,0.0,0.0787243980846547,,,,,,,,,,
204,2024-09-07 18:12:48,robotics_engineer_interview.txt,2,0,0.0942028985507246,0.0434782608695652,0.0072463768115942,0.0762543371232858,,,,,,,,,,
204,2024-09-07 18:12:48,robotics_engineer_interview.txt,3,0,0.04,0.016,0.008,0.1032315453532523,,,,,,,,,,
204,2024-09-07 18:12:48,professor_of_classics_interview.txt,1,0,0.0909090909090909,0.0,0.0,0.0813216607425239,,,,,,,,,,
204,2024-09-07 18:12:48,professor_of_classics_interview.txt,2,0,0.0841121495327102,0.0,0.0093457943925233,0.0972869433647466,,,,,,,,,,
204,2024-09-07 18:12:48,professor_of_classics_interview.txt,3,0,0.0619469026548672,0.0,0.0,0.0703122248561837,,,,,,,,,,
204,2024-09-07 18:12:48,digital_marketing_specialist_interview.txt,1,0,0.0714285714285714,0.0,0.0079365079365079,0.0,,,,,,,,,,
204,2024-09-07 18:12:48,digital_marketing_specialist_interview.txt,2,0,0.0442477876106194,0.0,0.0088495575221238,0.0800718232284689,,,,,,,,,,
204,2024-09-07 18:12:48,digital_marketing_specialist_interview.txt,3,0,0.0416666666666666,0.0,0.0,0.0645386756192498,,,,,,,,,,
204,2024-09-07 18:12:48,software_quality_assurance_tester_interview.txt,1,0,0.075268817204301,0.0,0.021505376344086,0.0157222853951821,,,,,,,,,,
204,2024-09-07 18:12:48,software_quality_assurance_tester_interview.txt,2,0,0.0923076923076923,0.0076923076923076,0.0153846153846153,0.0933264153755041,,,,,,,,,,
204,2024-09-07 18:12:48,software_quality_assurance_tester_interview.txt,3,0,0.0677966101694915,0.0084745762711864,0.0,0.0326840262975867,,,,,,,,,,
204,2024-09-07 18:12:48,barista_interview.txt,1,0,0.0508474576271186,0.0,0.0,0.0,,,,,,,,,,
204,2024-09-07 18:12:48,barista_interview.txt,2,0,0.0396039603960396,0.0,0.0,0.0306867956772819,,,,,,,,,,
204,2024-09-07 18:12:48,barista_interview.txt,3,0,0.0725806451612903,0.0080645161290322,0.0,0.1514950115498177,,,,,,,,,,
204,2024-09-07 18:12:48,focus_group.txt,1,0,0.0588235294117647,0.0,0.0,0.0,,,,,,,,,,
204,2024-09-07 18:12:48,focus_group.txt,2,0,0.0588235294117647,0.0,0.0,0.0,,,,,,,,,,
204,2024-09-07 18:12:48,focus_group.txt,3,0,0.0588235294117647,0.0,0.0,0.0,,,,,,,,,,
204,2024-09-07 18:12:48,natural_language_processing_engineer_interview.txt,1,0,0.0555555555555555,0.0,0.0111111111111111,0.0663794683908304,,,,,,,,,,
204,2024-09-07 18:12:48,natural_language_processing_engineer_interview.txt,2,0,0.0546875,0.0,0.0,0.0545783090896208,,,,,,,,,,
204,2024-09-07 18:12:48,natural_language_processing_engineer_interview.txt,3,0,0.0416666666666666,0.0,0.0166666666666666,0.030505338264325,,,,,,,,,,
204,2024-09-07 18:12:48,gardener_interview.txt,1,0,0.064516129032258,0.0161290322580645,0.0080645161290322,0.1406098452132728,,,,,,,,,,
204,2024-09-07 18:12:48,gardener_interview.txt,2,0,0.0594059405940594,0.0,0.0198019801980198,0.0706928722174913,,,,,,,,,,
204,2024-09-07 18:12:48,gardener_interview.txt,3,0,0.0818181818181818,0.0,0.0,0.0458645274283003,,,,,,,,,,
204,2024-09-07 18:12:48,lorry_driver_interview.txt,1,0,0.0495049504950495,0.0,0.0,0.0218013705833978,,,,,,,,,,
204,2024-09-07 18:12:48,lorry_driver_interview.txt,2,0,0.0459770114942528,0.0,0.0114942528735632,0.0,,,,,,,,,,
204,2024-09-07 18:12:48,lorry_driver_interview.txt,3,0,0.0465116279069767,0.0,0.0232558139534883,0.0248642248383918,,,,,,,,,,
204,2024-09-07 18:12:48,architect_interview.txt,1,0,0.0446428571428571,0.0,0.0178571428571428,0.0392362621999131,,,,,,,,,,
204,2024-09-07 18:12:48,architect_interview.txt,2,0,0.0396825396825396,0.0,0.0079365079365079,0.0,,,,,,,,,,
204,2024-09-07 18:12:48,architect_interview.txt,3,0,0.0377358490566037,0.0,0.0094339622641509,0.0748088894524687,,,,,,,,,,
204,2024-09-07 18:12:48,fitness_trainer_interview.txt,1,0,0.036144578313253,0.0,0.0120481927710843,0.0291741707769341,,,,,,,,,,
204,2024-09-07 18:12:48,fitness_trainer_interview.txt,2,0,0.0636363636363636,0.0,0.009090909090909,0.0437466000718295,,,,,,,,,,
204,2024-09-07 18:12:48,fitness_trainer_interview.txt,3,0,0.0379746835443038,0.0,0.0126582278481012,0.0935318272705875,,,,,,,,,,
204,2024-09-07 18:12:48,architect_interview.txt,-999,0,0.0406870819606668,0.0,0.0117425376859339,0.0380150505507939,0.0035613928549517,-40.472080794917645,0.0,0.0,0.0053480734536537,107.8429170410302,0.0374193934170088,-34.691711916227106,15.0,13.0
204,2024-09-07 18:12:48,barista_interview.txt,-999,0,0.0543440210614828,0.0026881720430107,0.0,0.0607272690756998,0.0167640956038367,-20.491066472779224,0.0046560505579808,0.0,0.0,-100.0,0.0800906184432399,4.326942247187617,8.0,6.0
204,2024-09-07 18:12:48,customer_service_representative_interview.txt,-999,0,0.0856755807736199,0.0101271277741865,0.0086886606494449,0.1118205133996327,0.0344023347422326,25.34909864194563,0.0110899454707673,0.0,0.008417877937284,53.78929349517583,0.0758191536015158,92.10302753697312,1.0,1.0
204,2024-09-07 18:12:48,digital_marketing_specialist_interview.txt,-999,0,0.0524476752352858,0.0,0.0055953551528772,0.0482034996159062,0.0164885221156124,-23.265547111028965,0.0,0.0,0.0048671772467798,-0.9622137940722126,0.042461779285352,-17.188376867858963,9.0,11.0
204,2024-09-07 18:12:48,electrical_engineer_interview.txt,-999,0,0.048173749786653,0.0,0.0106246799795186,0.0576887413221815,0.0083865721169618,-29.518585582569216,0.0,0.0,0.0121094667601456,88.05683563748079,0.0597189115641234,-0.8931230427997718,11.0,8.0
204,2024-09-07 18:12:48,fitness_trainer_interview.txt,-999,0,0.0459185418313068,0.0,0.0112657765700315,0.055484199373117,0.0153713443922771,-32.81810549127852,0.0,0.0,0.0019080283311854,99.40424528955867,0.0337461911236951,-4.680435136726658,14.0,9.0
204,2024-09-07 18:12:48,focus_group.txt,-999,0,0.0588235294117647,0.0,0.0,0.0,0.0,-13.937246481169808,0.0,0.0,0.0,-100.0,0.0,-100.0,7.0,15.0
204,2024-09-07 18:12:48,gardener_interview.txt,-999,0,0.068580083814833,0.0053763440860215,0.0092888321090173,0.0857224149530215,0.0117458050183107,0.3372444441638293,0.0093121011159617,0.0,0.0099576009738705,64.41232832960713,0.0491282421492282,47.26757139276569,5.0,3.0
204,2024-09-07 18:12:48,lorry_driver_interview.txt,-999,0,0.047331196632093,0.0,0.0115833556090171,0.0155551984739298,0.0019014094955393,-30.751297138515127,0.0,0.0,0.0116281630162685,105.02539427960436,0.0135579651393321,-73.27681093628168,12.0,14.0
204,2024-09-07 18:12:48,natural_language_processing_engineer_interview.txt,-999,0,0.050636574074074,0.0,0.0092592592592592,0.0504877052482587,0.0077802833679101,-25.915309109224594,0.0,0.0,0.0084862512869552,63.888888888888886,0.0182835467818359,-13.264205853514738,10.0,10.0
204,2024-09-07 18:12:48,no_persona_interview.txt,-999,0,0.0683495786581989,0.0,0.0056497175141242,0.0582086158835321,0.0124626764906432,0.0,0.0,0.0,0.009785597782875,0.0,0.047083942415269,0.0,6.0,7.0
204,2024-09-07 18:12:48,professor_of_classics_interview.txt,-999,0,0.0789893810322228,0.0,0.0031152647975077,0.0829736096544848,0.0151454334685562,15.566741716479598,0.0,0.0,0.0053957969083142,-44.85981308411216,0.0135630218262689,42.5452373244953,2.0,5.0
204,2024-09-07 18:12:48,robotics_engineer_interview.txt,-999,0,0.0687892823347776,0.0198260869565217,0.0050821256038647,0.0860700935203976,0.0272586664041805,0.6433158553581961,0.0219902023207982,0.0,0.0044173507295231,-10.0463768115942,0.0149134795419031,47.86486882390855,4.0,2.0
204,2024-09-07 18:12:48,shop_assistant_interview.txt,-999,0,0.0472106180717739,0.0,0.0106462141230734,0.0835562459056461,0.0118612844234272,-30.92771162809388,0.0,0.0,0.0033300266249868,88.43798997839983,0.0069631801874552,43.54618236041088,13.0,4.0
204,2024-09-07 18:12:48,software_quality_assurance_tester_interview.txt,-999,0,0.0784577065604949,0.0053889613211647,0.0122966639095671,0.0472442423560909,0.0125628439610997,14.78886644326596,0.0046833389929762,0.0,0.0110802475676034,117.6509511993383,0.0407995118384206,-18.836341254668326,3.0,12.0
205,2024-09-08 08:56:57,restaurant_manager_interview.txt,1,0,0.0714285714285714,0.0,0.0,0.0466530557892966,,,,,,,,,,
205,2024-09-08 08:56:57,restaurant_manager_interview.txt,2,0,0.0636363636363636,0.0,0.0,0.0428067433298522,,,,,,,,,,
205,2024-09-08 08:56:57,restaurant_manager_interview.txt,3,0,0.0444444444444444,0.0111111111111111,0.0222222222222222,0.0379709184680204,,,,,,,,,,
205,2024-09-08 08:56:57,geneticist_interview.txt,1,0,0.0384615384615384,0.0288461538461538,0.0,0.0937095795782794,,,,,,,,,,
205,2024-09-08 08:56:57,geneticist_interview.txt,2,0,0.0526315789473684,0.0,0.0150375939849624,0.0882216505718651,,,,,,,,,,
205,2024-09-08 08:56:57,geneticist_interview.txt,3,0,0.0923076923076923,0.0,0.0153846153846153,0.1101429133385219,,,,,,,,,,
205,2024-09-08 08:56:57,speech_therapist_interview.txt,1,0,0.0510204081632653,0.0,0.0,0.0432621003107774,,,,,,,,,,
205,2024-09-08 08:56:57,speech_therapist_interview.txt,2,0,0.0522388059701492,0.0,0.0,0.0833315864428225,,,,,,,,,,
205,2024-09-08 08:56:57,speech_therapist_interview.txt,3,0,0.0666666666666666,0.0,0.019047619047619,0.0743460256315,,,,,,,,,,
205,2024-09-08 08:56:57,customer_service_representative_interview.txt,1,0,0.0545454545454545,0.0,0.009090909090909,0.0311974890850877,,,,,,,,,,
205,2024-09-08 08:56:57,customer_service_representative_interview.txt,2,0,0.0761904761904762,0.0,0.0,0.122813044651559,,,,,,,,,,
205,2024-09-08 08:56:57,customer_service_representative_interview.txt,3,0,0.043859649122807,0.0,0.0087719298245614,0.0473521337727738,,,,,,,,,,
205,2024-09-08 08:56:57,construction_manager_interview.txt,1,0,0.055045871559633,0.0,0.0091743119266055,0.0948117237060615,,,,,,,,,,
205,2024-09-08 08:56:57,construction_manager_interview.txt,2,0,0.0866141732283464,0.0,0.0236220472440944,0.1356095260762036,,,,,,,,,,
205,2024-09-08 08:56:57,construction_manager_interview.txt,3,0,0.112,0.0,0.024,0.0,,,,,,,,,,
205,2024-09-08 08:56:57,doctor_interview.txt,1,0,0.0545454545454545,0.0,0.0181818181818181,0.0673965703749538,,,,,,,,,,
205,2024-09-08 08:56:57,doctor_interview.txt,2,0,0.0705882352941176,0.0,0.0,0.0293397273927395,,,,,,,,,,
205,2024-09-08 08:56:57,doctor_interview.txt,3,0,0.0555555555555555,0.0,0.0111111111111111,0.0601346177173533,,,,,,,,,,
205,2024-09-08 08:56:57,human_resources_manager_interview.txt,1,0,0.0693069306930693,0.0,0.0198019801980198,0.1425669620819004,,,,,,,,,,
205,2024-09-08 08:56:57,human_resources_manager_interview.txt,2,0,0.0471698113207547,0.0,0.0188679245283018,0.0103852698901538,,,,,,,,,,
205,2024-09-08 08:56:57,human_resources_manager_interview.txt,3,0,0.075268817204301,0.0,0.032258064516129,0.0208324124809482,,,,,,,,,,
205,2024-09-08 08:56:57,water_resources_engineer_interview.txt,1,0,0.1226415094339622,0.0188679245283018,0.0,0.0,,,,,,,,,,
205,2024-09-08 08:56:57,water_resources_engineer_interview.txt,2,0,0.0380952380952381,0.0,0.0,0.0989100944553876,,,,,,,,,,
205,2024-09-08 08:56:57,water_resources_engineer_interview.txt,3,0,0.0531914893617021,0.0,0.0,0.0330918245279189,,,,,,,,,,
205,2024-09-08 08:56:57,project_manager_interview.txt,1,0,0.0515463917525773,0.0,0.0515463917525773,0.0555355117717458,,,,,,,,,,
205,2024-09-08 08:56:57,project_manager_interview.txt,2,0,0.0336134453781512,0.0,0.0336134453781512,0.1118805059888638,,,,,,,,,,
205,2024-09-08 08:56:57,project_manager_interview.txt,3,0,0.0353982300884955,0.0,0.0088495575221238,0.0126422445371434,,,,,,,,,,
205,2024-09-08 08:56:57,biologist_interview.txt,1,0,0.1,0.03,0.0,0.0628254664475309,,,,,,,,,,
205,2024-09-08 08:56:57,biologist_interview.txt,2,0,0.0666666666666666,0.0,0.019047619047619,0.084133944618843,,,,,,,,,,
205,2024-09-08 08:56:57,biologist_interview.txt,3,0,0.037593984962406,0.0,0.0,0.0,,,,,,,,,,
205,2024-09-08 08:56:57,occupational_therapist_interview.txt,1,0,0.0227272727272727,0.0,0.0227272727272727,0.0619600680328602,,,,,,,,,,
205,2024-09-08 08:56:57,occupational_therapist_interview.txt,2,0,0.0495049504950495,0.0,0.0297029702970297,0.0881724737587123,,,,,,,,,,
205,2024-09-08 08:56:57,occupational_therapist_interview.txt,3,0,0.0442477876106194,0.0,0.0,0.0344279946053444,,,,,,,,,,
205,2024-09-08 08:56:57,network_administrator_interview.txt,1,0,0.0543478260869565,0.0,0.0108695652173913,0.0181441553921881,,,,,,,,,,
205,2024-09-08 08:56:57,network_administrator_interview.txt,2,0,0.087719298245614,0.0350877192982456,0.0087719298245614,0.1009251180073442,,,,,,,,,,
205,2024-09-08 08:56:57,network_administrator_interview.txt,3,0,0.0412371134020618,0.0,0.0515463917525773,0.0842968160660713,,,,,,,,,,
205,2024-09-08 08:56:57,neuroscientist_interview.txt,1,0,0.0442477876106194,0.0,0.0176991150442477,0.0414359038364657,,,,,,,,,,
205,2024-09-08 08:56:57,neuroscientist_interview.txt,2,0,0.0614035087719298,0.0,0.0175438596491228,0.0,,,,,,,,,,
205,2024-09-08 08:56:57,neuroscientist_interview.txt,3,0,0.048,0.008,0.008,0.0860332125137391,,,,,,,,,,
205,2024-09-08 08:56:57,retail_manager_interview.txt,1,0,0.0661764705882353,0.0,0.0073529411764705,0.0,,,,,,,,,,
205,2024-09-08 08:56:57,retail_manager_interview.txt,2,0,0.123076923076923,0.0,0.0076923076923076,0.0,,,,,,,,,,
205,2024-09-08 08:56:57,retail_manager_interview.txt,3,0,0.0381679389312977,0.0,0.0076335877862595,0.0622573533334991,,,,,,,,,,
205,2024-09-08 08:56:57,agricultural_engineer_interview.txt,1,0,0.04,0.0,0.01,0.01754081509232,,,,,,,,,,
205,2024-09-08 08:56:57,agricultural_engineer_interview.txt,2,0,0.0434782608695652,0.0,0.0,0.016643353237249,,,,,,,,,,
205,2024-09-08 08:56:57,agricultural_engineer_interview.txt,3,0,0.0534351145038167,0.0,0.0229007633587786,0.0,,,,,,,,,,
205,2024-09-08 08:56:57,electrical_engineer_interview.txt,1,0,0.0581395348837209,0.0,0.0,0.0515248660596885,,,,,,,,,,
205,2024-09-08 08:56:57,electrical_engineer_interview.txt,2,0,0.0729166666666666,0.0,0.0104166666666666,0.0375765713355705,,,,,,,,,,
205,2024-09-08 08:56:57,electrical_engineer_interview.txt,3,0,0.1,0.02,0.0,0.030841143854229,,,,,,,,,,
205,2024-09-08 08:56:57,quality_control_engineer_interview.txt,1,0,0.0515463917525773,0.0,0.0309278350515463,0.0571315807160011,,,,,,,,,,
205,2024-09-08 08:56:57,quality_control_engineer_interview.txt,2,0,0.0377358490566037,0.0,0.0,0.0430885464951094,,,,,,,,,,
205,2024-09-08 08:56:57,quality_control_engineer_interview.txt,3,0,0.0434782608695652,0.0,0.008695652173913,0.1121037850099844,,,,,,,,,,
205,2024-09-08 08:56:57,machine_learning_engineer_interview.txt,1,0,0.0454545454545454,0.0,0.0151515151515151,0.0691364256495546,,,,,,,,,,
205,2024-09-08 08:56:57,machine_learning_engineer_interview.txt,2,0,0.0381679389312977,0.0,0.0,0.0801136224824336,,,,,,,,,,
205,2024-09-08 08:56:57,machine_learning_engineer_interview.txt,3,0,0.046875,0.0,0.0,0.0,,,,,,,,,,
205,2024-09-08 08:56:57,psychologist_interview.txt,1,0,0.0384615384615384,0.0,0.0288461538461538,0.0323961959726534,,,,,,,,,,
205,2024-09-08 08:56:57,psychologist_interview.txt,2,0,0.072463768115942,0.0072463768115942,0.0289855072463768,0.0605596667072056,,,,,,,,,,
205,2024-09-08 08:56:57,psychologist_interview.txt,3,0,0.0412371134020618,0.0,0.0206185567010309,0.0271841949737927,,,,,,,,,,
205,2024-09-08 08:56:57,geologist_interview.txt,1,0,0.0725806451612903,0.0,0.0080645161290322,0.0759044861163816,,,,,,,,,,
205,2024-09-08 08:56:57,geologist_interview.txt,2,0,0.0869565217391304,0.0,0.017391304347826,0.1118851607455407,,,,,,,,,,
205,2024-09-08 08:56:57,geologist_interview.txt,3,0,0.1095890410958904,0.0,0.0,0.0,,,,,,,,,,
205,2024-09-08 08:56:57,chemical_engineer_interview.txt,1,0,0.046875,0.0,0.015625,0.0,,,,,,,,,,
205,2024-09-08 08:56:57,chemical_engineer_interview.txt,2,0,0.0631578947368421,0.0,0.0210526315789473,0.0747112850356365,,,,,,,,,,
205,2024-09-08 08:56:57,chemical_engineer_interview.txt,3,0,0.0612244897959183,0.0,0.010204081632653,0.1377422912155963,,,,,,,,,,
205,2024-09-08 08:56:57,no_persona_interview.txt,1,0,0.0467289719626168,0.0,0.0373831775700934,0.0635731657580273,,,,,,,,,,
205,2024-09-08 08:56:57,no_persona_interview.txt,2,0,0.0888888888888888,0.0,0.0,0.1099189066092266,,,,,,,,,,
205,2024-09-08 08:56:57,no_persona_interview.txt,3,0,0.0763358778625954,0.0,0.015267175572519,0.111260931065605,,,,,,,,,,
205,2024-09-08 08:56:57,financial_analyst_interview.txt,1,0,0.0619469026548672,0.0088495575221238,0.0,0.0598254669070187,,,,,,,,,,
205,2024-09-08 08:56:57,financial_analyst_interview.txt,2,0,0.0606060606060606,0.0,0.0202020202020202,0.1530445380640685,,,,,,,,,,
205,2024-09-08 08:56:57,financial_analyst_interview.txt,3,0,0.0802919708029197,0.0,0.0145985401459854,0.1305219999659435,,,,,,,,,,
205,2024-09-08 08:56:57,civil_engineer_interview.txt,1,0,0.037593984962406,0.0,0.0150375939849624,0.0831598154358535,,,,,,,,,,
205,2024-09-08 08:56:57,civil_engineer_interview.txt,2,0,0.055045871559633,0.0,0.0091743119266055,0.0551022249278976,,,,,,,,,,
205,2024-09-08 08:56:57,civil_engineer_interview.txt,3,0,0.0636363636363636,0.0,0.009090909090909,0.0519288906523061,,,,,,,,,,
205,2024-09-08 08:56:57,meteorologist_interview.txt,1,0,0.0495867768595041,0.0,0.0165289256198347,0.0,,,,,,,,,,
205,2024-09-08 08:56:57,meteorologist_interview.txt,2,0,0.0746268656716417,0.0,0.0149253731343283,0.0,,,,,,,,,,
205,2024-09-08 08:56:57,meteorologist_interview.txt,3,0,0.0787401574803149,0.0,0.0157480314960629,0.1221578217011647,,,,,,,,,,
205,2024-09-08 08:56:57,shop_assistant_interview.txt,1,0,0.040650406504065,0.0,0.0,0.1223705927244681,,,,,,,,,,
205,2024-09-08 08:56:57,shop_assistant_interview.txt,2,0,0.0555555555555555,0.0,0.0277777777777777,0.0428532956412062,,,,,,,,,,
205,2024-09-08 08:56:57,shop_assistant_interview.txt,3,0,0.0505050505050505,0.0,0.0,0.0730219714278197,,,,,,,,,,
205,2024-09-08 08:56:57,social_media_manager_interview.txt,1,0,0.036144578313253,0.0,0.0,0.1233699304830566,,,,,,,,,,
205,2024-09-08 08:56:57,social_media_manager_interview.txt,2,0,0.03,0.0,0.04,0.0,,,,,,,,,,
205,2024-09-08 08:56:57,social_media_manager_interview.txt,3,0,0.0227272727272727,0.0,0.0227272727272727,0.1311687665840011,,,,,,,,,,
205,2024-09-08 08:56:57,marine_engineer_interview.txt,1,0,0.0666666666666666,0.0,0.0285714285714285,0.0835429425346109,,,,,,,,,,
205,2024-09-08 08:56:57,marine_engineer_interview.txt,2,0,0.043103448275862,0.0,0.0,0.1072437583550084,,,,,,,,,,
205,2024-09-08 08:56:57,marine_engineer_interview.txt,3,0,0.0625,0.0078125,0.015625,0.0,,,,,,,,,,
205,2024-09-08 08:56:57,warehouse_manager_interview.txt,1,0,0.072289156626506,0.0,0.0120481927710843,0.081493124342657,,,,,,,,,,
205,2024-09-08 08:56:57,warehouse_manager_interview.txt,2,0,0.081081081081081,0.0,0.0,0.0461808634688753,,,,,,,,,,
205,2024-09-08 08:56:57,warehouse_manager_interview.txt,3,0,0.048,0.0,0.0,0.067449691905396,,,,,,,,,,
205,2024-09-08 08:56:57,business_intelligence_analyst_interview.txt,1,0,0.0666666666666666,0.0,0.019047619047619,0.0519120125435854,,,,,,,,,,
205,2024-09-08 08:56:57,business_intelligence_analyst_interview.txt,2,0,0.0784313725490196,0.0,0.0196078431372549,0.1619933830165744,,,,,,,,,,
205,2024-09-08 08:56:57,business_intelligence_analyst_interview.txt,3,0,0.0612244897959183,0.0,0.0,0.0872579957499813,,,,,,,,,,
205,2024-09-08 08:56:57,full_stack_developer_interview.txt,1,0,0.0393700787401574,0.0,0.0078740157480314,0.0425483283606354,,,,,,,,,,
205,2024-09-08 08:56:57,full_stack_developer_interview.txt,2,0,0.1703703703703703,0.037037037037037,0.0148148148148148,0.1023900784935733,,,,,,,,,,
205,2024-09-08 08:56:57,full_stack_developer_interview.txt,3,0,0.0314960629921259,0.0,0.0078740157480314,0.0,,,,,,,,,,
205,2024-09-08 08:56:57,travel_agent_interview.txt,1,0,0.0531914893617021,0.0,0.0106382978723404,0.1283619363588929,,,,,,,,,,
205,2024-09-08 08:56:57,travel_agent_interview.txt,2,0,0.0802919708029197,0.0,0.0218978102189781,0.0745172643816199,,,,,,,,,,
205,2024-09-08 08:56:57,travel_agent_interview.txt,3,0,0.015625,0.0,0.0234375,0.0527730626390911,,,,,,,,,,
205,2024-09-08 08:56:57,robotics_engineer_interview.txt,1,0,0.0490196078431372,0.0,0.0294117647058823,0.0571924000726199,,,,,,,,,,
205,2024-09-08 08:56:57,robotics_engineer_interview.txt,2,0,0.0454545454545454,0.0,0.009090909090909,0.0403813965559999,,,,,,,,,,
205,2024-09-08 08:56:57,robotics_engineer_interview.txt,3,0,0.0610687022900763,0.0,0.0,0.1247161123923678,,,,,,,,,,
205,2024-09-08 08:56:57,biomedical_engineer_interview.txt,1,0,0.0909090909090909,0.0,0.0,0.1025907901717319,,,,,,,,,,
205,2024-09-08 08:56:57,biomedical_engineer_interview.txt,2,0,0.0594059405940594,0.0,0.0099009900990099,0.0426668739812379,,,,,,,,,,
205,2024-09-08 08:56:57,biomedical_engineer_interview.txt,3,0,0.089430894308943,0.0,0.0,0.0915016217502627,,,,,,,,,,
205,2024-09-08 08:56:57,marketing_manager_interview.txt,1,0,0.0459770114942528,0.0,0.0,0.0775670553173294,,,,,,,,,,
205,2024-09-08 08:56:57,marketing_manager_interview.txt,2,0,0.0655737704918032,0.0,0.0081967213114754,0.0418311722270583,,,,,,,,,,
205,2024-09-08 08:56:57,marketing_manager_interview.txt,3,0,0.0608695652173913,0.0,0.008695652173913,0.0106077077753049,,,,,,,,,,
205,2024-09-08 08:56:57,professor_of_classics_interview.txt,1,0,0.0909090909090909,0.0,0.0101010101010101,0.1139617522607703,,,,,,,,,,
205,2024-09-08 08:56:57,professor_of_classics_interview.txt,2,0,0.0504201680672268,0.0,0.0,0.0452051914403515,,,,,,,,,,
205,2024-09-08 08:56:57,professor_of_classics_interview.txt,3,0,0.042016806722689,0.0,0.0084033613445378,0.0592791343979399,,,,,,,,,,
205,2024-09-08 08:56:57,environmental_engineer_interview.txt,1,0,0.0612244897959183,0.0,0.0,0.1026424642988634,,,,,,,,,,
205,2024-09-08 08:56:57,environmental_engineer_interview.txt,2,0,0.0636363636363636,0.0,0.0272727272727272,0.1246022964543093,,,,,,,,,,
205,2024-09-08 08:56:57,environmental_engineer_interview.txt,3,0,0.075,0.0,0.0166666666666666,0.0,,,,,,,,,,
205,2024-09-08 08:56:57,physical_therapist_interview.txt,1,0,0.1079136690647482,0.0071942446043165,0.0,0.0976563572315262,,,,,,,,,,
205,2024-09-08 08:56:57,physical_therapist_interview.txt,2,0,0.0648148148148148,0.0,0.0092592592592592,0.0464390040542306,,,,,,,,,,
205,2024-09-08 08:56:57,physical_therapist_interview.txt,3,0,0.0602409638554216,0.0,0.0120481927710843,0.0820079849892669,,,,,,,,,,
205,2024-09-08 08:56:57,astronomer_interview.txt,1,0,0.0392156862745098,0.0,0.0,0.0357008884926808,,,,,,,,,,
205,2024-09-08 08:56:57,astronomer_interview.txt,2,0,0.0634920634920634,0.0158730158730158,0.0079365079365079,0.0,,,,,,,,,,
205,2024-09-08 08:56:57,astronomer_interview.txt,3,0,0.0784313725490196,0.0,0.0098039215686274,0.0315139499500514,,,,,,,,,,
205,2024-09-08 08:56:57,ai_professor_interview.txt,1,0,0.0606060606060606,0.0,0.0101010101010101,0.0211330472249737,,,,,,,,,,
205,2024-09-08 08:56:57,ai_professor_interview.txt,2,0,0.0789473684210526,0.0,0.0175438596491228,0.0811136402882951,,,,,,,,,,
205,2024-09-08 08:56:57,ai_professor_interview.txt,3,0,0.0581395348837209,0.0,0.0116279069767441,0.0,,,,,,,,,,
205,2024-09-08 08:56:57,game_developer_interview.txt,1,0,0.0439560439560439,0.0,0.0219780219780219,0.0605193719036507,,,,,,,,,,
205,2024-09-08 08:56:57,game_developer_interview.txt,2,0,0.0606060606060606,0.0,0.0202020202020202,0.0593816587862705,,,,,,,,,,
205,2024-09-08 08:56:57,game_developer_interview.txt,3,0,0.0519480519480519,0.0,0.0129870129870129,0.0775393919155081,,,,,,,,,,
205,2024-09-08 08:56:57,fire_protection_engineer_interview.txt,1,0,0.0930232558139534,0.0465116279069767,0.0077519379844961,0.0,,,,,,,,,,
205,2024-09-08 08:56:57,fire_protection_engineer_interview.txt,2,0,0.0535714285714285,0.0178571428571428,0.0089285714285714,0.0407611697271842,,,,,,,,,,
205,2024-09-08 08:56:57,fire_protection_engineer_interview.txt,3,0,0.0620155038759689,0.0077519379844961,0.0155038759689922,0.0576589288513933,,,,,,,,,,
205,2024-09-08 08:56:57,safety_engineer_interview.txt,1,0,0.0603448275862069,0.043103448275862,0.0258620689655172,0.0454675110134519,,,,,,,,,,
205,2024-09-08 08:56:57,safety_engineer_interview.txt,2,0,0.0769230769230769,0.0329670329670329,0.0,0.0741995996381659,,,,,,,,,,
205,2024-09-08 08:56:57,safety_engineer_interview.txt,3,0,0.0827067669172932,0.0300751879699248,0.0150375939849624,0.0413207430581339,,,,,,,,,,
205,2024-09-08 08:56:57,environmental_scientist_interview.txt,1,0,0.0673076923076923,0.0,0.0096153846153846,0.0534300314907251,,,,,,,,,,
205,2024-09-08 08:56:57,environmental_scientist_interview.txt,2,0,0.0495049504950495,0.0,0.0396039603960396,0.0877567755185532,,,,,,,,,,
205,2024-09-08 08:56:57,environmental_scientist_interview.txt,3,0,0.0449438202247191,0.0,0.0,0.1066267081851516,,,,,,,,,,
205,2024-09-08 08:56:57,operations_manager_interview.txt,1,0,0.0990990990990991,0.0,0.036036036036036,0.0,,,,,,,,,,
205,2024-09-08 08:56:57,operations_manager_interview.txt,2,0,0.0714285714285714,0.0,0.0,0.047230742864624,,,,,,,,,,
205,2024-09-08 08:56:57,operations_manager_interview.txt,3,0,0.0677966101694915,0.0,0.0169491525423728,0.0929592690651228,,,,,,,,,,
205,2024-09-08 08:56:57,backend_developer_interview.txt,1,0,0.0578512396694214,0.0,0.0,0.1284026295844632,,,,,,,,,,
205,2024-09-08 08:56:57,backend_developer_interview.txt,2,0,0.0576923076923076,0.0,0.0096153846153846,0.0870056695430988,,,,,,,,,,
205,2024-09-08 08:56:57,backend_developer_interview.txt,3,0,0.042016806722689,0.0,0.0084033613445378,0.0437544042466496,,,,,,,,,,
205,2024-09-08 08:56:57,digital_marketing_specialist_interview.txt,1,0,0.0666666666666666,0.0,0.0111111111111111,0.1233454514559801,,,,,,,,,,
205,2024-09-08 08:56:57,digital_marketing_specialist_interview.txt,2,0,0.0353982300884955,0.0,0.0088495575221238,0.0,,,,,,,,,,
205,2024-09-08 08:56:57,digital_marketing_specialist_interview.txt,3,0,0.0679611650485436,0.0,0.0097087378640776,0.1264080048769068,,,,,,,,,,
205,2024-09-08 08:56:57,mechanical_engineer_interview.txt,1,0,0.0636363636363636,0.0,0.0,0.0662024475332696,,,,,,,,,,
205,2024-09-08 08:56:57,mechanical_engineer_interview.txt,2,0,0.0686274509803921,0.0,0.0,0.0445948178221984,,,,,,,,,,
205,2024-09-08 08:56:57,mechanical_engineer_interview.txt,3,0,0.043859649122807,0.0,0.0087719298245614,0.0411470391941935,,,,,,,,,,
205,2024-09-08 08:56:57,software_quality_assurance_tester_interview.txt,1,0,0.045045045045045,0.0,0.0,0.0413513341749755,,,,,,,,,,
205,2024-09-08 08:56:57,software_quality_assurance_tester_interview.txt,2,0,0.0619469026548672,0.0088495575221238,0.0265486725663716,0.0458783496403244,,,,,,,,,,
205,2024-09-08 08:56:57,software_quality_assurance_tester_interview.txt,3,0,0.08130081300813,0.008130081300813,0.008130081300813,0.0444009606557039,,,,,,,,,,
205,2024-09-08 08:56:57,cybersecurity_specialist_interview.txt,1,0,0.0769230769230769,0.023076923076923,0.0,0.0,,,,,,,,,,
205,2024-09-08 08:56:57,cybersecurity_specialist_interview.txt,2,0,0.056,0.008,0.024,0.0433073475931765,,,,,,,,,,
205,2024-09-08 08:56:57,cybersecurity_specialist_interview.txt,3,0,0.099009900990099,0.0297029702970297,0.0,0.110208443279443,,,,,,,,,,
205,2024-09-08 08:56:57,product_manager_interview.txt,1,0,0.0608695652173913,0.0,0.008695652173913,0.0737688480628956,,,,,,,,,,
205,2024-09-08 08:56:57,product_manager_interview.txt,2,0,0.0353982300884955,0.0,0.0265486725663716,0.0829660006858995,,,,,,,,,,
205,2024-09-08 08:56:57,product_manager_interview.txt,3,0,0.110091743119266,0.0,0.0,0.0,,,,,,,,,,
205,2024-09-08 08:56:57,microbiologist_interview.txt,1,0,0.0823529411764705,0.0,0.0,0.1101574773451147,,,,,,,,,,
205,2024-09-08 08:56:57,microbiologist_interview.txt,2,0,0.087719298245614,0.0,0.0,0.0780188264815857,,,,,,,,,,
205,2024-09-08 08:56:57,microbiologist_interview.txt,3,0,0.044776119402985,0.0,0.0074626865671641,0.0568260682794716,,,,,,,,,,
205,2024-09-08 08:56:57,it_manager_interview.txt,1,0,0.0310077519379844,0.0,0.0077519379844961,0.0830915813122366,,,,,,,,,,
205,2024-09-08 08:56:57,it_manager_interview.txt,2,0,0.0575539568345323,0.0,0.0,0.1798682693699755,,,,,,,,,,
205,2024-09-08 08:56:57,it_manager_interview.txt,3,0,0.053030303030303,0.0,0.0075757575757575,0.0382738723689206,,,,,,,,,,
205,2024-09-08 08:56:57,industrial_engineer_interview.txt,1,0,0.0597014925373134,0.0,0.0373134328358208,0.1047357166686011,,,,,,,,,,
205,2024-09-08 08:56:57,industrial_engineer_interview.txt,2,0,0.056,0.0,0.016,0.0643330291584199,,,,,,,,,,
205,2024-09-08 08:56:57,industrial_engineer_interview.txt,3,0,0.0967741935483871,0.0,0.0161290322580645,0.0,,,,,,,,,,
205,2024-09-08 08:56:57,barista_interview.txt,1,0,0.0875,0.0,0.0,0.0681953019972214,,,,,,,,,,
205,2024-09-08 08:56:57,barista_interview.txt,2,0,0.0504201680672268,0.0,0.0168067226890756,0.1017040566415273,,,,,,,,,,
205,2024-09-08 08:56:57,barista_interview.txt,3,0,0.0692307692307692,0.0,0.0076923076923076,0.0932079290911632,,,,,,,,,,
205,2024-09-08 08:56:57,petroleum_engineer_interview.txt,1,0,0.1121495327102803,0.0,0.0,0.0843069329113059,,,,,,,,,,
205,2024-09-08 08:56:57,petroleum_engineer_interview.txt,2,0,0.0377358490566037,0.0,0.0094339622641509,0.0564175341466152,,,,,,,,,,
205,2024-09-08 08:56:57,petroleum_engineer_interview.txt,3,0,0.0619469026548672,0.0088495575221238,0.0,0.0720336357130974,,,,,,,,,,
205,2024-09-08 08:56:57,business_analyst_interview.txt,1,0,0.0542635658914728,0.0,0.0077519379844961,0.0,,,,,,,,,,
205,2024-09-08 08:56:57,business_analyst_interview.txt,2,0,0.0462962962962962,0.0,0.0092592592592592,0.0806541259927466,,,,,,,,,,
205,2024-09-08 08:56:57,business_analyst_interview.txt,3,0,0.0659340659340659,0.0,0.0109890109890109,0.0,,,,,,,,,,
205,2024-09-08 08:56:57,data_engineer_interview.txt,1,0,0.1162790697674418,0.0,0.0077519379844961,0.15220760143159,,,,,,,,,,
205,2024-09-08 08:56:57,data_engineer_interview.txt,2,0,0.0636363636363636,0.0,0.009090909090909,0.0452239103227598,,,,,,,,,,
205,2024-09-08 08:56:57,data_engineer_interview.txt,3,0,0.1307692307692307,0.0076923076923076,0.0,0.0,,,,,,,,,,
205,2024-09-08 08:56:57,aerospace_engineer_interview.txt,1,0,0.0470588235294117,0.0,0.0117647058823529,0.0598364515055597,,,,,,,,,,
205,2024-09-08 08:56:57,aerospace_engineer_interview.txt,2,0,0.0333333333333333,0.0,0.0111111111111111,0.0372874438364637,,,,,,,,,,
205,2024-09-08 08:56:57,aerospace_engineer_interview.txt,3,0,0.0510204081632653,0.0,0.0306122448979591,0.047097992667724,,,,,,,,,,
205,2024-09-08 08:56:57,bartender_interview.txt,1,0,0.0636363636363636,0.0,0.009090909090909,0.0802144581933062,,,,,,,,,,
205,2024-09-08 08:56:57,bartender_interview.txt,2,0,0.072072072072072,0.0,0.0,0.0542195723652842,,,,,,,,,,
205,2024-09-08 08:56:57,bartender_interview.txt,3,0,0.0588235294117647,0.0,0.0,0.0973387164224358,,,,,,,,,,
205,2024-09-08 08:56:57,natural_language_processing_engineer_interview.txt,1,0,0.0375,0.0,0.025,0.0164392722606681,,,,,,,,,,
205,2024-09-08 08:56:57,natural_language_processing_engineer_interview.txt,2,0,0.0381679389312977,0.0,0.0229007633587786,0.0706681390294403,,,,,,,,,,
205,2024-09-08 08:56:57,natural_language_processing_engineer_interview.txt,3,0,0.1111111111111111,0.0074074074074074,0.0,0.0796851750714229,,,,,,,,,,
205,2024-09-08 08:56:57,cto_of_a_fintec_interview.txt,1,0,0.0714285714285714,0.0,0.0158730158730158,0.0542815808204184,,,,,,,,,,
205,2024-09-08 08:56:57,cto_of_a_fintec_interview.txt,2,0,0.056,0.008,0.008,0.0907334966492485,,,,,,,,,,
205,2024-09-08 08:56:57,cto_of_a_fintec_interview.txt,3,0,0.073170731707317,0.0,0.0,0.0552888252461915,,,,,,,,,,
205,2024-09-08 08:56:57,database_administrator_interview.txt,1,0,0.0660377358490566,0.0,0.0,0.0548225848771237,,,,,,,,,,
205,2024-09-08 08:56:57,database_administrator_interview.txt,2,0,0.0254237288135593,0.0,0.0,0.024114343310107,,,,,,,,,,
205,2024-09-08 08:56:57,database_administrator_interview.txt,3,0,0.0863309352517985,0.0287769784172661,0.0287769784172661,0.104152812248344,,,,,,,,,,
205,2024-09-08 08:56:57,nuclear_engineer_interview.txt,1,0,0.0714285714285714,0.0,0.0089285714285714,0.0449991497095448,,,,,,,,,,
205,2024-09-08 08:56:57,nuclear_engineer_interview.txt,2,0,0.031578947368421,0.0,0.0,0.0757479536132003,,,,,,,,,,
205,2024-09-08 08:56:57,nuclear_engineer_interview.txt,3,0,0.0471698113207547,0.0,0.0283018867924528,0.1100773347441114,,,,,,,,,,
205,2024-09-08 08:56:57,pharmacist_interview.txt,1,0,0.0654205607476635,0.0,0.0093457943925233,0.0,,,,,,,,,,
205,2024-09-08 08:56:57,pharmacist_interview.txt,2,0,0.0441176470588235,0.0,0.0,0.0690132425340739,,,,,,,,,,
205,2024-09-08 08:56:57,pharmacist_interview.txt,3,0,0.0842105263157894,0.0421052631578947,0.0,0.0934611119352368,,,,,,,,,,
205,2024-09-08 08:56:57,chef_interview.txt,1,0,0.0588235294117647,0.0,0.0,0.0332256967857307,,,,,,,,,,
205,2024-09-08 08:56:57,chef_interview.txt,2,0,0.0642857142857142,0.0,0.0142857142857142,0.0765835105514407,,,,,,,,,,
205,2024-09-08 08:56:57,chef_interview.txt,3,0,0.0543478260869565,0.0,0.0,0.0449413215361284,,,,,,,,,,
205,2024-09-08 08:56:57,hotel_manager_interview.txt,1,0,0.040650406504065,0.0,0.008130081300813,0.1413053520565927,,,,,,,,,,
205,2024-09-08 08:56:57,hotel_manager_interview.txt,2,0,0.0948275862068965,0.0,0.0,0.1099607806113364,,,,,,,,,,
205,2024-09-08 08:56:57,hotel_manager_interview.txt,3,0,0.0873015873015873,0.0079365079365079,0.0,0.0983426079695328,,,,,,,,,,
205,2024-09-08 08:56:57,mobile_app_developer_interview.txt,1,0,0.0526315789473684,0.0,0.0,0.1013216232627603,,,,,,,,,,
205,2024-09-08 08:56:57,mobile_app_developer_interview.txt,2,0,0.024390243902439,0.0,0.016260162601626,0.0251933432248417,,,,,,,,,,
205,2024-09-08 08:56:57,mobile_app_developer_interview.txt,3,0,0.0465116279069767,0.0,0.0387596899224806,0.0713877057334111,,,,,,,,,,
205,2024-09-08 08:56:57,graphic_designer_interview.txt,1,0,0.0701754385964912,0.0,0.0087719298245614,0.0907194463199692,,,,,,,,,,
205,2024-09-08 08:56:57,graphic_designer_interview.txt,2,0,0.0338983050847457,0.0,0.0169491525423728,0.1235217831475955,,,,,,,,,,
205,2024-09-08 08:56:57,graphic_designer_interview.txt,3,0,0.0827067669172932,0.0,0.0,0.1745280411231842,,,,,,,,,,
205,2024-09-08 08:56:57,geotechnical_engineer_interview.txt,1,0,0.0341880341880341,0.0,0.0256410256410256,0.0319974506476605,,,,,,,,,,
205,2024-09-08 08:56:57,geotechnical_engineer_interview.txt,2,0,0.064516129032258,0.0,0.0161290322580645,0.0214325208060958,,,,,,,,,,
205,2024-09-08 08:56:57,geotechnical_engineer_interview.txt,3,0,0.0485436893203883,0.0,0.0097087378640776,0.0773230010696247,,,,,,,,,,
205,2024-09-08 08:56:57,gardener_interview.txt,1,0,0.048076923076923,0.0,0.0,0.0456965816968714,,,,,,,,,,
205,2024-09-08 08:56:57,gardener_interview.txt,2,0,0.0598290598290598,0.0,0.0085470085470085,0.1140851410160635,,,,,,,,,,
205,2024-09-08 08:56:57,gardener_interview.txt,3,0,0.0606060606060606,0.0,0.0075757575757575,0.0,,,,,,,,,,
205,2024-09-08 08:56:57,ai_software_developer_interview.txt,1,0,0.09,0.0,0.0,0.0111499229117319,,,,,,,,,,
205,2024-09-08 08:56:57,ai_software_developer_interview.txt,2,0,0.0542635658914728,0.0,0.0077519379844961,0.1105557259653508,,,,,,,,,,
205,2024-09-08 08:56:57,ai_software_developer_interview.txt,3,0,0.089430894308943,0.0,0.008130081300813,0.0,,,,,,,,,,
205,2024-09-08 08:56:57,supply_chain_manager_interview.txt,1,0,0.0485436893203883,0.0,0.0097087378640776,0.110396931184179,,,,,,,,,,
205,2024-09-08 08:56:57,supply_chain_manager_interview.txt,2,0,0.0446428571428571,0.0,0.0,0.0139712343151882,,,,,,,,,,
205,2024-09-08 08:56:57,supply_chain_manager_interview.txt,3,0,0.0588235294117647,0.0073529411764705,0.0,0.028340865949965,,,,,,,,,,
205,2024-09-08 08:56:57,cloud_architect_interview.txt,1,0,0.0285714285714285,0.0,0.0380952380952381,0.0391645933980824,,,,,,,,,,
205,2024-09-08 08:56:57,cloud_architect_interview.txt,2,0,0.0708661417322834,0.0,0.0157480314960629,0.0392796140007774,,,,,,,,,,
205,2024-09-08 08:56:57,cloud_architect_interview.txt,3,0,0.0546875,0.0,0.0078125,0.0877736868278276,,,,,,,,,,
205,2024-09-08 08:56:57,mining_engineer_interview.txt,1,0,0.043103448275862,0.0,0.0,0.0623291883426047,,,,,,,,,,
205,2024-09-08 08:56:57,mining_engineer_interview.txt,2,0,0.0526315789473684,0.0,0.0,0.0706375811030402,,,,,,,,,,
205,2024-09-08 08:56:57,mining_engineer_interview.txt,3,0,0.0333333333333333,0.0,0.0222222222222222,0.0358635620371859,,,,,,,,,,
205,2024-09-08 08:56:57,devops_engineer_interview.txt,1,0,0.0977443609022556,0.0601503759398496,0.0,0.07311065388755,,,,,,,,,,
205,2024-09-08 08:56:57,devops_engineer_interview.txt,2,0,0.0526315789473684,0.0,0.0263157894736842,0.148397515332583,,,,,,,,,,
205,2024-09-08 08:56:57,devops_engineer_interview.txt,3,0,0.0842105263157894,0.0,0.0105263157894736,0.0,,,,,,,,,,
205,2024-09-08 08:56:57,system_administrator_interview.txt,1,0,0.0408163265306122,0.0,0.0204081632653061,0.0332782663987651,,,,,,,,,,
205,2024-09-08 08:56:57,system_administrator_interview.txt,2,0,0.0560747663551401,0.0,0.0186915887850467,0.0204433907247207,,,,,,,,,,
205,2024-09-08 08:56:57,system_administrator_interview.txt,3,0,0.0921052631578947,0.0,0.0,0.1253139835189771,,,,,,,,,,
205,2024-09-08 08:56:57,content_writer_interview.txt,1,0,0.0769230769230769,0.0,0.0109890109890109,0.055124321075318,,,,,,,,,,
205,2024-09-08 08:56:57,content_writer_interview.txt,2,0,0.0454545454545454,0.0,0.0113636363636363,0.1019393483798434,,,,,,,,,,
205,2024-09-08 08:56:57,content_writer_interview.txt,3,0,0.0518518518518518,0.0,0.0222222222222222,0.0877565421919958,,,,,,,,,,
205,2024-09-08 08:56:57,transportation_engineer_interview.txt,1,0,0.0510948905109489,0.0,0.0145985401459854,0.1117562157628961,,,,,,,,,,
205,2024-09-08 08:56:57,transportation_engineer_interview.txt,2,0,0.0241935483870967,0.0080645161290322,0.0161290322580645,0.0349067186143281,,,,,,,,,,
205,2024-09-08 08:56:57,transportation_engineer_interview.txt,3,0,0.0687022900763358,0.0,0.0076335877862595,0.1166303786213575,,,,,,,,,,
205,2024-09-08 08:56:57,lorry_driver_interview.txt,1,0,0.0454545454545454,0.0,0.0,0.0916819840397446,,,,,,,,,,
205,2024-09-08 08:56:57,lorry_driver_interview.txt,2,0,0.0458015267175572,0.0,0.0076335877862595,0.0567176989464362,,,,,,,,,,
205,2024-09-08 08:56:57,lorry_driver_interview.txt,3,0,0.0413223140495867,0.0,0.0,0.1123148981401632,,,,,,,,,,
205,2024-09-08 08:56:57,dentist_interview.txt,1,0,0.0592592592592592,0.0,0.0074074074074074,0.0704318199356172,,,,,,,,,,
205,2024-09-08 08:56:57,dentist_interview.txt,2,0,0.0526315789473684,0.0,0.0087719298245614,0.0940702620980976,,,,,,,,,,
205,2024-09-08 08:56:57,dentist_interview.txt,3,0,0.0555555555555555,0.0,0.0,0.1371066698362683,,,,,,,,,,
205,2024-09-08 08:56:57,physicist_interview.txt,1,0,0.0608695652173913,0.0,0.008695652173913,0.1139810973689073,,,,,,,,,,
205,2024-09-08 08:56:57,physicist_interview.txt,2,0,0.0508474576271186,0.0,0.0423728813559322,0.1136156482515152,,,,,,,,,,
205,2024-09-08 08:56:57,physicist_interview.txt,3,0,0.0503597122302158,0.0,0.0071942446043165,0.062641834791487,,,,,,,,,,
205,2024-09-08 08:56:57,architect_interview.txt,1,0,0.0459770114942528,0.0,0.0229885057471264,0.0,,,,,,,,,,
205,2024-09-08 08:56:57,architect_interview.txt,2,0,0.0687022900763358,0.0,0.0229007633587786,0.0876209078759001,,,,,,,,,,
205,2024-09-08 08:56:57,architect_interview.txt,3,0,0.0606060606060606,0.0378787878787878,0.0227272727272727,0.0480218505844039,,,,,,,,,,
205,2024-09-08 08:56:57,materials_engineer_interview.txt,1,0,0.0454545454545454,0.0,0.0181818181818181,0.0329382443745014,,,,,,,,,,
205,2024-09-08 08:56:57,materials_engineer_interview.txt,2,0,0.0459770114942528,0.0,0.0114942528735632,0.0418562922438496,,,,,,,,,,
205,2024-09-08 08:56:57,materials_engineer_interview.txt,3,0,0.0508474576271186,0.0,0.0,0.0236745237289426,,,,,,,,,,
205,2024-09-08 08:56:57,computer_vision_engineer_interview.txt,1,0,0.0642201834862385,0.0,0.018348623853211,0.0651242189442417,,,,,,,,,,
205,2024-09-08 08:56:57,computer_vision_engineer_interview.txt,2,0,0.07,0.0,0.0,0.0806504300442508,,,,,,,,,,
205,2024-09-08 08:56:57,computer_vision_engineer_interview.txt,3,0,0.0564516129032258,0.0,0.0,0.0739659279494996,,,,,,,,,,
205,2024-09-08 08:56:57,data_scientist_interview.txt,1,0,0.0847457627118644,0.0,0.0084745762711864,0.0,,,,,,,,,,
205,2024-09-08 08:56:57,data_scientist_interview.txt,2,0,0.089430894308943,0.016260162601626,0.0,0.0524078414472835,,,,,,,,,,
205,2024-09-08 08:56:57,data_scientist_interview.txt,3,0,0.104,0.0,0.008,0.0,,,,,,,,,,
205,2024-09-08 08:56:57,structural_engineer_interview.txt,1,0,0.075187969924812,0.0,0.0075187969924812,0.1294579871455792,,,,,,,,,,
205,2024-09-08 08:56:57,structural_engineer_interview.txt,2,0,0.04,0.0,0.016,0.0444434820554314,,,,,,,,,,
205,2024-09-08 08:56:57,structural_engineer_interview.txt,3,0,0.0654205607476635,0.0,0.0093457943925233,0.0492461992698414,,,,,,,,,,
205,2024-09-08 08:56:57,ai_ethicist_interview.txt,1,0,0.0671641791044776,0.0597014925373134,0.0,0.0,,,,,,,,,,
205,2024-09-08 08:56:57,ai_ethicist_interview.txt,2,0,0.0869565217391304,0.0608695652173913,0.0260869565217391,0.0463364020063631,,,,,,,,,,
205,2024-09-08 08:56:57,ai_ethicist_interview.txt,3,0,0.0962962962962963,0.0518518518518518,0.0,0.0627334709480612,,,,,,,,,,
205,2024-09-08 08:56:57,sales_manager_interview.txt,1,0,0.0454545454545454,0.0,0.0227272727272727,0.0927529785536527,,,,,,,,,,
205,2024-09-08 08:56:57,sales_manager_interview.txt,2,0,0.0727272727272727,0.0,0.0,0.1185601973267088,,,,,,,,,,
205,2024-09-08 08:56:57,sales_manager_interview.txt,3,0,0.0444444444444444,0.0,0.0,0.106219738259975,,,,,,,,,,
205,2024-09-08 08:56:57,frontend_developer_interview.txt,1,0,0.0338983050847457,0.0,0.0,0.0463880667322203,,,,,,,,,,
205,2024-09-08 08:56:57,frontend_developer_interview.txt,2,0,0.048076923076923,0.0,0.0192307692307692,0.0316033064174671,,,,,,,,,,
205,2024-09-08 08:56:57,frontend_developer_interview.txt,3,0,0.0677966101694915,0.0,0.0084745762711864,0.1521935579294296,,,,,,,,,,
205,2024-09-08 08:56:57,public_relations_specialist_interview.txt,1,0,0.0707070707070707,0.0,0.0,0.0612498751422564,,,,,,,,,,
205,2024-09-08 08:56:57,public_relations_specialist_interview.txt,2,0,0.1025641025641025,0.0341880341880341,0.0,0.0,,,,,,,,,,
205,2024-09-08 08:56:57,public_relations_specialist_interview.txt,3,0,0.0517241379310344,0.0,0.0086206896551724,0.1004132052736,,,,,,,,,,
205,2024-09-08 08:56:57,logistics_coordinator_interview.txt,1,0,0.0603448275862069,0.0,0.0344827586206896,0.0536258473420191,,,,,,,,,,
205,2024-09-08 08:56:57,logistics_coordinator_interview.txt,2,0,0.043010752688172,0.0,0.0,0.0355816989033996,,,,,,,,,,
205,2024-09-08 08:56:57,logistics_coordinator_interview.txt,3,0,0.054054054054054,0.0,0.0,0.041870378325629,,,,,,,,,,
205,2024-09-08 08:56:57,nurse_interview.txt,1,0,0.0652173913043478,0.0,0.0217391304347826,0.0792010942258981,,,,,,,,,,
205,2024-09-08 08:56:57,nurse_interview.txt,2,0,0.0514705882352941,0.0,0.0147058823529411,0.1370661560765469,,,,,,,,,,
205,2024-09-08 08:56:57,nurse_interview.txt,3,0,0.054054054054054,0.0,0.036036036036036,0.1152664333805689,,,,,,,,,,
205,2024-09-08 08:56:57,chemist_interview.txt,1,0,0.0727272727272727,0.0,0.0181818181818181,0.0527446151325422,,,,,,,,,,
205,2024-09-08 08:56:57,chemist_interview.txt,2,0,0.1075268817204301,0.0,0.0,0.1152384730306447,,,,,,,,,,
205,2024-09-08 08:56:57,chemist_interview.txt,3,0,0.0697674418604651,0.0,0.0077519379844961,0.0643850449549886,,,,,,,,,,
205,2024-09-08 08:56:57,manufacturing_engineer_interview.txt,1,0,0.0687022900763358,0.015267175572519,0.0229007633587786,0.0482168090314157,,,,,,,,,,
205,2024-09-08 08:56:57,manufacturing_engineer_interview.txt,2,0,0.0446428571428571,0.0,0.0089285714285714,0.0834938300109287,,,,,,,,,,
205,2024-09-08 08:56:57,manufacturing_engineer_interview.txt,3,0,0.0602409638554216,0.0,0.0,0.0635358168333495,,,,,,,,,,
205,2024-09-08 08:56:57,veterinarian_interview.txt,1,0,0.048076923076923,0.0,0.0096153846153846,0.0969298964109895,,,,,,,,,,
205,2024-09-08 08:56:57,veterinarian_interview.txt,2,0,0.05,0.0142857142857142,0.0,0.0695811870523281,,,,,,,,,,
205,2024-09-08 08:56:57,veterinarian_interview.txt,3,0,0.032520325203252,0.0,0.016260162601626,0.0394390204432756,,,,,,,,,,
205,2024-09-08 08:56:57,event_planner_interview.txt,1,0,0.0373134328358208,0.0,0.0,0.099059528098622,,,,,,,,,,
205,2024-09-08 08:56:57,event_planner_interview.txt,2,0,0.078125,0.0,0.0078125,0.0271201838699979,,,,,,,,,,
205,2024-09-08 08:56:57,event_planner_interview.txt,3,0,0.048076923076923,0.0,0.0,0.1572289573335409,,,,,,,,,,
205,2024-09-08 08:56:57,seo_specialist_interview.txt,1,0,0.0306122448979591,0.0,0.0,0.0418630458366323,,,,,,,,,,
205,2024-09-08 08:56:57,seo_specialist_interview.txt,2,0,0.0561797752808988,0.0,0.0,0.0469111864526693,,,,,,,,,,
205,2024-09-08 08:56:57,seo_specialist_interview.txt,3,0,0.0648148148148148,0.0,0.0092592592592592,0.1552382553045406,,,,,,,,,,
205,2024-09-08 08:56:57,procurement_specialist_interview.txt,1,0,0.1349206349206349,0.0079365079365079,0.0,0.0,,,,,,,,,,
205,2024-09-08 08:56:57,procurement_specialist_interview.txt,2,0,0.0467289719626168,0.0,0.0,0.0290324715415137,,,,,,,,,,
205,2024-09-08 08:56:57,procurement_specialist_interview.txt,3,0,0.0614035087719298,0.0,0.0087719298245614,0.0990984254553111,,,,,,,,,,
205,2024-09-08 08:56:57,aerospace_engineer_interview.txt,-999,0,0.0438041883420034,0.0,0.0178293539638077,0.0480739626699158,0.0092818447337929,-37.9994116530922,0.0,0.0,0.011075130789614,1.5910790693874617,0.0113061410215475,-49.35193438837489,92.0,76.0
205,2024-09-08 08:56:57,agricultural_engineer_interview.txt,-999,0,0.0456377917911273,0.0,0.0109669211195928,0.011394722776523,0.0069730377729906,-35.404123463912626,0.0,0.0,0.0114809600183229,-37.51084010840108,0.0098783166486343,-87.99515091413978,89.0,99.0
205,2024-09-08 08:56:57,ai_ethicist_interview.txt,-999,0,0.0834723323799681,0.0574743032021855,0.008695652173913,0.0363566243181414,0.014875306539273,18.14700635108176,0.0049040868504378,0.0,0.0150613113701641,-50.45245669848003,0.0325356583816519,-61.69667338376586,5.0,91.0
205,2024-09-08 08:56:57,ai_professor_interview.txt,-999,0,0.0658976546369447,0.0,0.0130909255756256,0.0340822291710896,0.0113684743774216,-6.728248763048711,0.0,0.0,0.0039311982797189,-25.408331791241707,0.0420786958568103,-64.09285019626586,35.0,92.0
205,2024-09-08 08:56:57,ai_software_developer_interview.txt,-999,0,0.0778981534001386,0.0,0.0052940064284363,0.0405685496256942,0.0204701310535737,10.257295586392232,0.0,0.0,0.0045886409905508,-69.8349235335802,0.0608665247425301,-57.25922205916984,12.0,88.0
205,2024-09-08 08:56:57,architect_interview.txt,-999,0,0.0584284540588831,0.0126262626262626,0.0228721806110592,0.0452142528201013,0.0115180748983522,-17.300179161695667,0.0218693283783949,0.0,0.0001329413508501,30.324941311064123,0.0438778740158845,-52.36476636767525,54.0,78.0
205,2024-09-08 08:56:57,astronomer_interview.txt,-999,0,0.0603797074385309,0.0052910052910052,0.0059134765017117,0.0224049461475774,0.019792235413115,-14.538368884388149,0.0091642899871369,0.0,0.0052056422918386,-66.30520320142512,0.0195158607931298,-76.39538911533178,47.0,96.0
205,2024-09-08 08:56:57,backend_developer_interview.txt,-999,0,0.0525201180281394,0.0,0.0060062486533074,0.0863875677914038,0.0090964815246191,-25.6628568855078,0.0,0.0,0.0052367468209077,-65.77659049861344,0.0423274975700418,-8.986841139563666,71.0,16.0
205,2024-09-08 08:56:57,barista_interview.txt,-999,0,0.0690503124326653,0.0,0.0081663434604611,0.087702429243304,0.0185405746278981,-2.265966830895792,0.0,0.0,0.0084133830483931,-53.46844053443765,0.0174195882811321,-7.601575906837013,26.0,14.0
205,2024-09-08 08:56:57,bartender_interview.txt,-999,0,0.0648439883734001,0.0,0.003030303030303,0.0772575823270087,0.0067063208083585,-8.219611364063041,0.0,0.0,0.0052486388108147,-82.73343187977335,0.0217111142556495,-18.605688373125343,36.0,27.0
205,2024-09-08 08:56:57,biologist_interview.txt,-999,0,0.0680868838763575,0.01,0.0063492063492063,0.0489864703554579,0.0312272387653812,-3.629606692338399,0.0173205080756887,0.0,0.0109971479845643,-63.822428700477474,0.0437409249891785,-48.3905668088853,29.0,74.0
205,2024-09-08 08:56:57,biomedical_engineer_interview.txt,-999,0,0.0799153086040311,0.0,0.0033003300330033,0.0789197619677442,0.017777004765244,13.112383516612752,0.0,0.0,0.0057163392989071,-81.19482679975314,0.0318817554345985,-16.854507924775135,9.0,25.0
205,2024-09-08 08:56:57,business_analyst_interview.txt,-999,0,0.0554979760406117,0.0,0.0093334027442554,0.0268847086642488,0.0098769086964874,-21.44798712590089,0.0,0.0,0.0016198096651814,-46.81857468852488,0.0465656813531662,-71.67575933513768,66.0,95.0
205,2024-09-08 08:56:57,business_intelligence_analyst_interview.txt,-999,0,0.0687741763372015,0.0,0.0128851540616246,0.1003877971033804,0.0087949076901518,-2.6568107440144217,0.0,0.0,0.0111623859076589,-26.580811186263105,0.0562029429299538,5.763025386719647,28.0,8.0
205,2024-09-08 08:56:57,chef_interview.txt,-999,0,0.0591523565948118,0.0,0.0047619047619047,0.0515835096244333,0.0049770976432038,-16.27556519594934,0.0,0.0,0.0082478609884232,-72.86682152535812,0.0224290882691609,-45.654470011661154,52.0,69.0
205,2024-09-08 08:56:57,chemical_engineer_interview.txt,-999,0,0.0570857948442534,0.0,0.0156272377372001,0.0708178587504109,0.0088954911151646,-19.20058331041517,0.0,0.0,0.0054242753193317,-10.95650757628681,0.0689536349550145,-25.390224619236847,60.0,39.0
205,2024-09-08 08:56:57,chemist_interview.txt,-999,0,0.0833405321027226,0.0,0.0086445853887714,0.0774560443727252,0.0209982089846374,17.960455816924977,0.0,0.0,0.0091237186848588,-50.74343357950845,0.0332341516828835,-18.396599748959304,6.0,26.0
205,2024-09-08 08:56:57,civil_engineer_interview.txt,-999,0,0.0520920733861342,0.0,0.011100938334159,0.0633969770053524,0.0132700815553927,-26.26871264148845,0.0,0.0,0.0034094988331135,-36.74721437808669,0.017188509235205,-33.20845479303192,74.0,52.0
205,2024-09-08 08:56:57,cloud_architect_interview.txt,-999,0,0.0513750234345706,0.0,0.0205519231971003,0.0554059647422291,0.0213410418229086,-27.283627437396945,0.0,0.0,0.0157025185318364,17.10419002185195,0.0280313285841514,-41.62734291725233,76.0,62.0
205,2024-09-08 08:56:57,computer_vision_engineer_interview.txt,-999,0,0.0635572654631547,0.0,0.0061162079510703,0.0732468589793307,0.0067984772898058,-10.040843088568238,0.0,0.0,0.0105935829209105,-65.1500459958728,0.0077880423033267,-22.831164451684472,39.0,36.0
205,2024-09-08 08:56:57,construction_manager_interview.txt,-999,0,0.0845533482626598,0.0,0.0189321197235666,0.076807083260755,0.0285329359907958,19.67707969055212,0.0,0.0,0.0084526221862361,7.874602506192673,0.0695745010677526,-19.0803092489258,4.0,29.0
205,2024-09-08 08:56:57,content_writer_interview.txt,-999,0,0.0580764914098247,0.0,0.0148582898582898,0.0816067372157191,0.0166320991283872,-17.798348221407025,0.0,0.0,0.0063801027372806,-15.337947583882524,0.0240057653765828,-14.02365955908776,56.0,22.0
205,2024-09-08 08:56:57,cto_of_a_fintec_interview.txt,-999,0,0.0668664343786295,0.0026666666666666,0.0079576719576719,0.0667679675719528,0.0094508374067066,-5.35703481670042,0.004618802153517,0.0,0.007936592592141,-54.65744397126511,0.0207608663908648,-29.656965755907265,33.0,45.0
205,2024-09-08 08:56:57,customer_service_representative_interview.txt,-999,0,0.0581985266195792,0.0,0.0059542796384901,0.0671208891698068,0.0164720762626921,-17.6256191950239,0.0,0.0,0.005159023304182,-66.07270825499324,0.0489025078385463,-29.28514709875597,55.0,43.0
205,2024-09-08 08:56:57,cybersecurity_specialist_interview.txt,-999,0,0.0773109926377253,0.0202599644579842,0.008,0.0511719302908732,0.0215075743575556,9.426226364435236,0.0111223276261782,0.0,0.013856406460551,-54.41626016260162,0.0555235444498658,-46.08808721175909,14.0,70.0
205,2024-09-08 08:56:57,data_engineer_interview.txt,-999,0,0.1035615547243454,0.0025641025641025,0.0056142823584684,0.0658105039181166,0.0353271404733433,46.58135594018026,0.0044411559168432,0.0,0.0049079869301384,-68.01000169973511,0.0781642140642681,-30.665696454751668,1.0,48.0
205,2024-09-08 08:56:57,data_scientist_interview.txt,-999,0,0.0927255523402691,0.005420054200542,0.0054915254237288,0.0174692804824278,0.0100410403865582,31.244043491977635,0.0093878092551158,0.0,0.0047617165254651,-68.70946672178586,0.0302576813672363,-81.5953332131787,2.0,98.0
205,2024-09-08 08:56:57,database_administrator_interview.txt,-999,0,0.0592641333048048,0.0095923261390887,0.0095923261390887,0.0610299134785249,0.0310134360817725,-16.1173560829545,0.0166143962356726,0.0,0.0166143962356726,-45.34323760503791,0.0403786741209838,-35.70226188018239,51.0,55.0
205,2024-09-08 08:56:57,dentist_interview.txt,-999,0,0.0558154645873944,0.0,0.0053931124106562,0.1005362506233277,0.0033214757424644,-20.998612820863087,0.0,0.0,0.0047201405129731,-69.27022086985002,0.033804447311336,5.919427796693483,65.0,6.0
205,2024-09-08 08:56:57,devops_engineer_interview.txt,-999,0,0.0781954887218045,0.0200501253132832,0.0122807017543859,0.073836056406711,0.0231500816817152,10.67814495211195,0.0347278357407293,0.0,0.0132453235706504,-30.024960775923542,0.0742014170742861,-22.210418661181293,11.0,35.0
205,2024-09-08 08:56:57,digital_marketing_specialist_interview.txt,-999,0,0.0566753539345686,0.0,0.0098898021657708,0.0832511521109623,0.018437893884227,-19.78152268733997,0.0,0.0,0.001141597288879,-43.64822887902008,0.0721138721343955,-12.291195063101242,62.0,19.0
205,2024-09-08 08:56:57,doctor_interview.txt,-999,0,0.0602297484650425,0.0,0.0097643097643097,0.0522903051616822,0.0089849186448038,-14.750621295312598,0.0,0.0,0.0091654259857348,-44.36328050149187,0.0202047210831162,-44.90982936303435,48.0,67.0
205,2024-09-08 08:56:57,electrical_engineer_interview.txt,-999,0,0.0770187338501292,0.0066666666666666,0.0034722222222222,0.039980860416496,0.0212295749208747,9.012562341282049,0.0115470053837925,0.0,0.0060140653040586,-80.21539069557362,0.0105493860274732,-57.87837887449393,15.0,90.0
205,2024-09-08 08:56:57,environmental_engineer_interview.txt,-999,0,0.0666202844774273,0.0,0.0146464646464646,0.0757482535843909,0.0073565622429902,-5.705436174509245,0.0,0.0,0.0137481389786022,-16.54492075223783,0.0665124574639047,-20.19583357730795,34.0,31.0
205,2024-09-08 08:56:57,environmental_scientist_interview.txt,-999,0,0.0539188210091536,0.0,0.0164064483371414,0.08260450506481,0.0118172493974848,-23.683128210514862,0.0,0.0,0.0206568954496431,-6.516590918003615,0.0269700022423844,-12.97246659143272,70.0,20.0
205,2024-09-08 08:56:57,event_planner_interview.txt,-999,0,0.0545051186375813,0.0,0.0026041666666666,0.0944695564340536,0.021151531321009,-22.85328067116309,0.0,0.0,0.0045105489780439,-85.16154302168022,0.0651757172032501,-0.4721053384833027,67.0,12.0
205,2024-09-08 08:56:57,financial_analyst_interview.txt,-999,0,0.0676149780212825,0.0029498525073746,0.0116001867826685,0.1144640016456769,0.0109990487697447,-4.297543749648227,0.0051092944176073,0.0,0.0104294293817635,-33.902512954201285,0.0486399351293362,20.59293520954837,31.0,3.0
205,2024-09-08 08:56:57,fire_protection_engineer_interview.txt,-999,0,0.0695367294204503,0.0240402362495385,0.0107281284606865,0.0328066995261925,0.0207734997884739,-1.57749066991461,0.0201060034230084,0.0,0.0041775518863019,-38.87147291323412,0.029641073128454,-65.43667761461074,25.0,94.0
205,2024-09-08 08:56:57,frontend_developer_interview.txt,-999,0,0.0499239461103867,0.0,0.0092351151673185,0.0767283103597056,0.0170244645281205,-29.337486925303224,0.0,0.0,0.0096379165726401,-47.37861410556739,0.0657715742358427,-19.163300016467915,82.0,30.0
205,2024-09-08 08:56:57,full_stack_developer_interview.txt,-999,0,0.0804121707008846,0.0123456790123456,0.0101876154369592,0.0483128022847362,0.0780055017087343,13.815643718392453,0.0213833433033194,0.0,0.0040072722095984,-41.95129854477313,0.0514378645862778,-49.10030619277265,8.0,75.0
205,2024-09-08 08:56:57,game_developer_interview.txt,-999,0,0.0521700521700521,0.0,0.0183890183890183,0.0658134742018097,0.0083272280313069,-26.15834122120914,0.0,0.0,0.0047618055766234,4.7800287637686125,0.0101708631617814,-30.662567128292565,73.0,47.0
205,2024-09-08 08:56:57,gardener_interview.txt,-999,0,0.0561706811706811,0.0,0.0053742553742553,0.0532605742376449,0.0070201583039181,-20.49583813223272,0.0,0.0,0.0046795082789833,-69.37766765002537,0.057417465439807,-43.88760758036767,64.0,66.0
205,2024-09-08 08:56:57,geneticist_interview.txt,-999,0,0.0611336032388664,0.0096153846153846,0.0101407364565259,0.0973580478295555,0.0279117427581266,-13.471302356226062,0.0166543346881622,0.0,0.008783849262908,-42.21841345076261,0.0114069685173857,2.571049283957322,44.0,9.0
205,2024-09-08 08:56:57,geologist_interview.txt,-999,0,0.0897087359987703,0.0,0.0084852734922861,0.0625965489539741,0.0186570725171784,26.97403198880508,0.0,0.0,0.0087032835354668,-51.651187584807126,0.0571174070875316,-34.05174147488816,3.0,53.0
205,2024-09-08 08:56:57,geotechnical_engineer_interview.txt,-999,0,0.0490826175135601,0.0,0.0171595985877226,0.0435843241744603,0.0151712282600357,-30.528306113392333,0.0,0.0,0.0080159839490695,-2.225165282882997,0.0296922241439828,-54.08196895306461,84.0,82.0
205,2024-09-08 08:56:57,graphic_designer_interview.txt,-999,0,0.06226017019951,0.0,0.0085736941223114,0.129589756863583,0.0253486704180317,-11.87675587526506,0.0,0.0,0.0084763150024872,-51.14736971039053,0.0422325155476891,36.5285935192658,42.0,1.0
205,2024-09-08 08:56:57,hotel_manager_interview.txt,-999,0,0.0742598600041829,0.0026455026455026,0.002710027100271,0.1165362468791539,0.029348878825487,5.107643471696633,0.0045821449935684,0.0,0.0046939046275579,-84.55835371361843,0.0222233416108369,22.77613806447352,18.0,2.0
205,2024-09-08 08:56:57,human_resources_manager_interview.txt,-999,0,0.0639151864060417,0.0,0.0236426564141502,0.0579282148176675,0.0148051245436644,-9.534240640706187,0.0,0.0,0.007475764681373,34.71508738095281,0.0734851947736557,-38.97003987388016,38.0,58.0
205,2024-09-08 08:56:57,industrial_engineer_interview.txt,-999,0,0.0708252286952335,0.0,0.0231474883646284,0.056356248609007,0.0225485441761457,0.2462553266415597,0.0,0.0,0.01226823742033,31.8936359378038,0.0528215330852058,-40.62617644456724,22.0,59.0
205,2024-09-08 08:56:57,it_manager_interview.txt,-999,0,0.0471973372676066,0.0,0.0051092318534179,0.1004112410170443,0.0142018613496248,-33.1967378061636,0.0,0.0,0.0044256013696548,-70.88776305310621,0.072368648424168,5.787724596260446,88.0,7.0
205,2024-09-08 08:56:57,logistics_coordinator_interview.txt,-999,0,0.0524698781094776,0.0,0.0114942528735632,0.0436926415236826,0.008774950040325,-25.733966627142763,0.0,0.0,0.019908629972056,-34.50612092327819,0.0091590559333901,-53.96785179055914,72.0,81.0
205,2024-09-08 08:56:57,lorry_driver_interview.txt,-999,0,0.0441927954072298,0.0,0.0025445292620865,0.086904860375448,0.0024919563434483,-37.44937596947936,0.0,0.0,0.0044072539632795,-85.50135501355014,0.0281047651195438,-8.44185031122339,91.0,15.0
205,2024-09-08 08:56:57,machine_learning_engineer_interview.txt,-999,0,0.0434991614619477,0.0,0.005050505050505,0.0497500160439961,0.0046712817333584,-38.43114767516897,0.0,0.0,0.0087477313513579,-71.2223864662889,0.0434329688699764,-47.5861373426463,94.0,73.0
205,2024-09-08 08:56:57,manufacturing_engineer_interview.txt,-999,0,0.0578620370248715,0.005089058524173,0.01060977826245,0.0650821519585646,0.012204857554227,-18.101887644095555,0.0088145079265591,0.0,0.0115425769617275,-39.54582849399921,0.0176892740534159,-31.43304775651628,57.0,49.0
205,2024-09-08 08:56:57,marine_engineer_interview.txt,-999,0,0.0574233716475095,0.0026041666666666,0.0147321428571428,0.0635955669632064,0.0125751911240016,-18.72277602288517,0.0045105489780439,0.0,0.0143066253205018,-16.05672909407666,0.0563358613200052,-32.99923140771915,59.0,51.0
205,2024-09-08 08:56:57,marketing_manager_interview.txt,-999,0,0.0574734490678158,0.0,0.0056307911617961,0.0433353117732308,0.010230270987519,-18.65189628194257,0.0,0.0,0.0048827850487395,-67.91593507524526,0.0335050053371757,-54.34431463324448,58.0,83.0
205,2024-09-08 08:56:57,materials_engineer_interview.txt,-999,0,0.0474263381919723,0.0,0.0098920236851271,0.0328230201157645,0.0029742707228518,-32.87260916504361,0.0,0.0,0.0091961938799908,-43.63557073397275,0.0090914319034334,-65.41948314497358,87.0,93.0
205,2024-09-08 08:56:57,mechanical_engineer_interview.txt,-999,0,0.0587078212465209,0.0,0.0029239766081871,0.0506481015165538,0.0130988129149364,-16.904761950374876,0.0,0.0,0.005064476045523,-83.3392763752199,0.0135803186403236,-46.639964208318496,53.0,72.0
205,2024-09-08 08:56:57,meteorologist_interview.txt,-999,0,0.0676512666704869,0.0,0.0157341100834086,0.0407192739003882,0.0157789142996009,-4.246180679445359,0.0,0.0,0.000801866882806,-10.34755242311398,0.0705278512427857,-57.10042730770777,30.0,87.0
205,2024-09-08 08:56:57,microbiologist_interview.txt,-999,0,0.0716161196083565,0.0,0.0024875621890547,0.081667457368724,0.023398475491293,1.3656848558227068,0.0,0.0,0.00430858409843,-85.82595154309752,0.0268522658028084,-13.95968816745406,20.0,21.0
205,2024-09-08 08:56:57,mining_engineer_interview.txt,-999,0,0.0430227868521879,0.0,0.0074074074074074,0.0562767771609436,0.009649375660832,-39.105409822159,0.0,0.0,0.0128300059819916,-57.79283348389039,0.0181598970628145,-40.70990316257054,95.0,60.0
205,2024-09-08 08:56:57,mobile_app_developer_interview.txt,-999,0,0.041177816918928,0.0,0.0183399508413688,0.0659675574070043,0.0148569985536164,-41.71678616935595,0.0,0.0,0.019463363791065,4.500443472954331,0.0383524739918186,-30.50023359361124,96.0,46.0
205,2024-09-08 08:56:57,natural_language_processing_engineer_interview.txt,-999,0,0.0622596833474696,0.0024691358024691,0.0159669211195928,0.0555975287871771,0.0423078956167013,-11.877444967201,0.0042766686606638,0.0,0.0138675385756967,-9.02100271002709,0.0342104300673422,-41.42552164481066,43.0,61.0
205,2024-09-08 08:56:57,network_administrator_interview.txt,-999,0,0.0611014125782108,0.0116959064327485,0.0237292955981766,0.0677886964885345,0.0239657375189806,-13.516865120323883,0.0202579041820921,0.0,0.024113132260403,35.208754634001025,0.0437899583450664,-28.581582278708154,46.0,42.0
205,2024-09-08 08:56:57,neuroscientist_interview.txt,-999,0,0.0512170987941831,0.0026666666666666,0.0144143248977901,0.0424897054500683,0.0090189791900086,-27.50715447873958,0.004618802153517,0.0,0.0055555106858179,-17.867645490924716,0.0430262860033163,-55.23519864110567,77.0,85.0
205,2024-09-08 08:56:57,no_persona_interview.txt,-999,0,0.0706512462380337,0.0,0.0175501177142041,0.094917667810953,0.0216471921120907,0.0,0.0,0.0,0.018795860180529,0.0,0.027153427299694,0.0,23.0,11.0
205,2024-09-08 08:56:57,nuclear_engineer_interview.txt,-999,0,0.050059110039249,0.0,0.0124101527403414,0.0769414793556188,0.0200813139447434,-29.146175467884788,0.0,0.0,0.0144685954856044,-29.287353267737515,0.0325555052122015,-18.938716963776685,81.0,28.0
205,2024-09-08 08:56:57,nurse_interview.txt,-999,0,0.0569140111978986,0.0,0.0241603496079199,0.110511227894338,0.00730603618957,-19.443726433150843,0.0,0.0,0.0108692497785903,37.66488636350152,0.0292241395109772,16.428511617502693,61.0,4.0
205,2024-09-08 08:56:57,occupational_therapist_interview.txt,-999,0,0.0388266702776472,0.0,0.0174767476747674,0.0615201787989723,0.0141881073971164,-45.044606648784544,0.0,0.0,0.0155319870303768,-0.4180600986927913,0.0268749397537979,-35.185745480491875,98.0,54.0
205,2024-09-08 08:56:57,operations_manager_interview.txt,-999,0,0.079441426899054,0.0,0.0176617295261363,0.0467300039765822,0.01712062624118,12.441649835029068,0.0,0.0,0.018028582799709,0.6359604747368337,0.0464816574667467,-50.76785486380242,10.0,77.0
205,2024-09-08 08:56:57,petroleum_engineer_interview.txt,-999,0,0.0706107614739171,0.0029498525073746,0.0031446540880503,0.0709193675903395,0.0379558416578355,-0.0573022646765224,0.0051092944176073,0.0,0.0054467006527323,-82.08186327146291,0.0139780483598758,-25.283280525192325,24.0,38.0
205,2024-09-08 08:56:57,pharmacist_interview.txt,-999,0,0.0645829113740921,0.0140350877192982,0.0031152647975077,0.0541581181564369,0.0200595609157627,-8.58914058429555,0.0243094850185105,0.0,0.0053957969083142,-82.24932249322492,0.0484690715946676,-42.942004997106174,37.0,63.0
205,2024-09-08 08:56:57,physical_therapist_interview.txt,-999,0,0.0776564825783282,0.0023980815347721,0.0071024840101145,0.0753677820916746,0.0263030992224335,9.915233931886933,0.0041535990589181,0.0,0.0063070196502622,-59.53027708545715,0.0262464004677375,-20.59667727847652,13.0,32.0
205,2024-09-08 08:56:57,physicist_interview.txt,-999,0,0.0540255783582419,0.0,0.0194209260447205,0.0967461934706365,0.0059320815056105,-23.532023517005825,0.0,0.0,0.019891147418598,10.659805027987248,0.0295358062180704,1.926433404711787,69.0,10.0
205,2024-09-08 08:56:57,procurement_specialist_interview.txt,-999,0,0.0810177052183938,0.0026455026455026,0.0029239766081871,0.0427102989989416,0.0472544165185173,14.672719212105775,0.0045821449935684,0.0,0.005064476045523,-83.3392763752199,0.0509454286947989,-55.00279349045167,7.0,84.0
205,2024-09-08 08:56:57,product_manager_interview.txt,-999,0,0.0687865128083843,0.0,0.0117481082467615,0.0522449495829317,0.0379708936764512,-2.6393496632272644,0.0,0.0,0.0135349961143919,-33.05966126225324,0.0454785440816327,-44.957613489842906,27.0,68.0
205,2024-09-08 08:56:57,professor_of_classics_interview.txt,-999,0,0.0611153552330022,0.0,0.0061681238151826,0.0728153593663539,0.0261419994381492,-13.49713064211734,0.0,0.0,0.0054087721688619,-64.85423109048168,0.0363220071548864,-23.285768555354807,45.0,37.0
205,2024-09-08 08:56:57,project_manager_interview.txt,-999,0,0.040186022406408,0.0,0.0313364648842841,0.0600194207659177,0.0098787579116307,-43.12057529598863,0.0,0.0,0.0214392955446953,78.55415783862236,0.0497708470280647,-36.76686105956788,97.0,56.0
205,2024-09-08 08:56:57,psychologist_interview.txt,-999,0,0.0507208066598474,0.002415458937198,0.0261500725978538,0.0400466858845506,0.0188810284074656,-28.20960795374773,0.0041836976028233,0.0,0.0047909399839845,49.00226325370636,0.017954888617755,-57.80902880556296,78.0,89.0
205,2024-09-08 08:56:57,public_relations_specialist_interview.txt,-999,0,0.0749984370674025,0.0113960113960113,0.0028735632183908,0.0538876934719521,0.0256902193432022,6.153027810327046,0.0197384707415256,0.0,0.004977157493014,-83.62653023081955,0.050609823528041,-43.22690947350289,17.0,64.0
205,2024-09-08 08:56:57,quality_control_engineer_interview.txt,-999,0,0.0442535005595821,0.0,0.0132078290751531,0.0707746374070316,0.0069378325017299,-37.36345370259146,0.0,0.0,0.0159500015841685,-24.74221945267413,0.0364743133413402,-25.435760233813227,90.0,40.0
205,2024-09-08 08:56:57,restaurant_manager_interview.txt,-999,0,0.0598364598364598,0.0037037037037037,0.0074074074074074,0.0424769058623897,0.0138875926258032,-15.307283278680444,0.0064150029909958,0.0,0.0128300059819916,-57.79283348389039,0.0043504564912869,-55.24868357807652,50.0,86.0
205,2024-09-08 08:56:57,retail_manager_interview.txt,-999,0,0.0758071108654853,0.0,0.0075596122183459,0.0207524511111663,0.0432659891979006,7.297627291783115,0.0,0.0,0.0001813744648619,-56.92557542091257,0.0359442997061293,-78.13636640072222,16.0,97.0
205,2024-09-08 08:56:57,robotics_engineer_interview.txt,-999,0,0.051847618529253,0.0,0.0128342245989304,0.0740966363403292,0.0081822189381443,-26.61471482814148,0.0,0.0,0.015058960257036,-26.87100560845181,0.0446363190310999,-21.9358860692752,75.0,34.0
205,2024-09-08 08:56:57,safety_engineer_interview.txt,-999,0,0.0733248904755256,0.0353818897376066,0.0136332209834932,0.0536626179032506,0.0116070793891186,3.784284609055732,0.0068416037276799,0.0,0.0129881041895934,-22.31835019283561,0.0179059943930516,-43.46403663211555,19.0,65.0
205,2024-09-08 08:56:57,sales_manager_interview.txt,-999,0,0.0542087542087542,0.0,0.0075757575757575,0.1058443047134455,0.0160454579898233,-23.27275583205214,0.0,0.0,0.0131215970270369,-56.83357969943335,0.0129077049842715,11.511699723022131,68.0,5.0
205,2024-09-08 08:56:57,seo_specialist_interview.txt,-999,0,0.0505356116645576,0.0,0.0030864197530864,0.0813374958646141,0.017786128989338,-28.47173354268058,0.0,0.0,0.0053458358258298,-82.41368061828766,0.0640496886430233,-14.307317340946923,80.0,23.0
205,2024-09-08 08:56:57,shop_assistant_interview.txt,-999,0,0.0489036708548903,0.0,0.0092592592592592,0.0794152865978313,0.0075805131521386,-30.781587786679367,0.0,0.0,0.0160375074774896,-47.241041854862985,0.0401423217191564,-16.33245060761253,85.0,24.0
205,2024-09-08 08:56:57,social_media_manager_interview.txt,-999,0,0.0296239503468419,0.0,0.0209090909090909,0.0848462323556859,0.0067165528586563,-58.07016588633869,0.0,0.0,0.0200618877188308,19.139320029563933,0.0735823879732686,-10.610706823650888,99.0,18.0
205,2024-09-08 08:56:57,software_quality_assurance_tester_interview.txt,-999,0,0.0627642535693474,0.0056598796076456,0.0115595846223948,0.0438768814903346,0.0181416985019682,-11.163274660596784,0.0049147827406753,0.0,0.0136025410689936,-34.133862743045,0.0023085626447115,-53.77374676153655,41.0,80.0
205,2024-09-08 08:56:57,speech_therapist_interview.txt,-999,0,0.0566419602666937,0.0,0.0063492063492063,0.0669799041283666,0.0087029981677694,-19.828788191705456,0.0,0.0,0.0109971479845643,-63.822428700477474,0.0210258350421744,-29.43368113324256,63.0,44.0
205,2024-09-08 08:56:57,structural_engineer_interview.txt,-999,0,0.0602028435574918,0.0,0.0109548637950015,0.0743825561569507,0.0181649865500866,-14.788702587552052,0.0,0.0,0.0044636901068712,-37.57954235181449,0.0477571339916643,-21.63465677949648,49.0,33.0
205,2024-09-08 08:56:57,supply_chain_manager_interview.txt,-999,0,0.05067002529167,0.0024509803921568,0.0032362459546925,0.0509030104831107,0.0073255610704311,-28.281484064759724,0.0042452225675707,0.0,0.0056053424193167,-81.5599757939327,0.0520217889794126,-46.37140623335371,79.0,71.0
205,2024-09-08 08:56:57,system_administrator_interview.txt,-999,0,0.0629987853478823,0.0,0.0130332506834509,0.059678546880821,0.0263361972264076,-10.831317630787623,0.0,0.0,0.0113197117684075,-25.73696145124717,0.0572030717304857,-37.125986913540174,40.0,57.0
205,2024-09-08 08:56:57,transportation_engineer_interview.txt,-999,0,0.0479969096581271,0.0026881720430107,0.0127870533967698,0.0877644376661939,0.022415511051796,-32.065020486094426,0.0046560505579808,0.0,0.0045281626931149,-27.139785584340416,0.045840955633769,-7.536247265373319,86.0,13.0
205,2024-09-08 08:56:57,travel_agent_interview.txt,-999,0,0.0497028200548739,0.0,0.0186578693637728,0.0852174211265346,0.032474334301964,-29.650469451850384,0.0,0.0,0.0069876896278449,6.311932874798359,0.0389138725049479,-10.21964288433452,83.0,17.0
205,2024-09-08 08:56:57,veterinarian_interview.txt,-999,0,0.0435324160933917,0.0047619047619047,0.0086251824056702,0.0686500346355311,0.0095851012275583,-38.38407896341272,0.0082478609884232,0.0,0.008175181788188,-50.8539911462279,0.0287567468344603,-27.674124092196408,93.0,41.0
205,2024-09-08 08:56:57,warehouse_manager_interview.txt,-999,0,0.0671234125691957,0.0,0.0040160642570281,0.0650412265723094,0.0171348523519315,-4.993307063476649,0.0,0.0,0.006956027339634,-77.11659646716949,0.0177789052236073,-31.47616447777486,32.0,50.0
205,2024-09-08 08:56:57,water_resources_engineer_interview.txt,-999,0,0.0713094122969675,0.0062893081761006,0.0,0.0440006396611022,0.0450911559835901,0.9315703458595976,0.0108934013054646,0.0,0.0,-100.0,0.0503493136199581,-53.64336200428139,21.0,79.0
206,2024-09-08 09:47:22,restaurant_manager_interview.txt,1,0,0.0714285714285714,0.0,0.0,0.0466530557892966,,,,,,,,,,
206,2024-09-08 09:47:22,restaurant_manager_interview.txt,2,0,0.0636363636363636,0.0,0.0,0.0428067433298522,,,,,,,,,,
206,2024-09-08 09:47:22,restaurant_manager_interview.txt,3,0,0.0444444444444444,0.0111111111111111,0.0222222222222222,0.0379709184680204,,,,,,,,,,
206,2024-09-08 09:47:22,geneticist_interview.txt,1,0,0.0384615384615384,0.0288461538461538,0.0,0.0937095795782794,,,,,,,,,,
206,2024-09-08 09:47:22,geneticist_interview.txt,2,0,0.0526315789473684,0.0,0.0150375939849624,0.0882216505718651,,,,,,,,,,
206,2024-09-08 09:47:22,geneticist_interview.txt,3,0,0.0923076923076923,0.0,0.0153846153846153,0.1101429133385219,,,,,,,,,,
206,2024-09-08 09:47:22,speech_therapist_interview.txt,1,0,0.0510204081632653,0.0,0.0,0.0432621003107774,,,,,,,,,,
206,2024-09-08 09:47:22,speech_therapist_interview.txt,2,0,0.0522388059701492,0.0,0.0,0.0833315864428225,,,,,,,,,,
206,2024-09-08 09:47:22,speech_therapist_interview.txt,3,0,0.0666666666666666,0.0,0.019047619047619,0.0743460256315,,,,,,,,,,
206,2024-09-08 09:47:22,customer_service_representative_interview.txt,1,0,0.0545454545454545,0.0,0.009090909090909,0.0311974890850877,,,,,,,,,,
206,2024-09-08 09:47:22,customer_service_representative_interview.txt,2,0,0.0761904761904762,0.0,0.0,0.122813044651559,,,,,,,,,,
206,2024-09-08 09:47:22,customer_service_representative_interview.txt,3,0,0.043859649122807,0.0,0.0087719298245614,0.0473521337727738,,,,,,,,,,
206,2024-09-08 09:47:22,construction_manager_interview.txt,1,0,0.055045871559633,0.0,0.0091743119266055,0.0948117237060615,,,,,,,,,,
206,2024-09-08 09:47:22,construction_manager_interview.txt,2,0,0.0866141732283464,0.0,0.0236220472440944,0.1356095260762036,,,,,,,,,,
206,2024-09-08 09:47:22,construction_manager_interview.txt,3,0,0.112,0.0,0.024,0.0,,,,,,,,,,
206,2024-09-08 09:47:22,doctor_interview.txt,1,0,0.0545454545454545,0.0,0.0181818181818181,0.0673965703749538,,,,,,,,,,
206,2024-09-08 09:47:22,doctor_interview.txt,2,0,0.0705882352941176,0.0,0.0,0.0293397273927395,,,,,,,,,,
206,2024-09-08 09:47:22,doctor_interview.txt,3,0,0.0555555555555555,0.0,0.0111111111111111,0.0601346177173533,,,,,,,,,,
206,2024-09-08 09:47:22,human_resources_manager_interview.txt,1,0,0.0693069306930693,0.0,0.0198019801980198,0.1425669620819004,,,,,,,,,,
206,2024-09-08 09:47:22,human_resources_manager_interview.txt,2,0,0.0471698113207547,0.0,0.0188679245283018,0.0103852698901538,,,,,,,,,,
206,2024-09-08 09:47:22,human_resources_manager_interview.txt,3,0,0.075268817204301,0.0,0.032258064516129,0.0208324124809482,,,,,,,,,,
206,2024-09-08 09:47:22,water_resources_engineer_interview.txt,1,0,0.1226415094339622,0.0188679245283018,0.0,0.0,,,,,,,,,,
206,2024-09-08 09:47:22,water_resources_engineer_interview.txt,2,0,0.0380952380952381,0.0,0.0,0.0989100944553876,,,,,,,,,,
206,2024-09-08 09:47:22,water_resources_engineer_interview.txt,3,0,0.0531914893617021,0.0,0.0,0.0330918245279189,,,,,,,,,,
206,2024-09-08 09:47:22,project_manager_interview.txt,1,0,0.0515463917525773,0.0,0.0515463917525773,0.0555355117717458,,,,,,,,,,
206,2024-09-08 09:47:22,project_manager_interview.txt,2,0,0.0336134453781512,0.0,0.0336134453781512,0.1118805059888638,,,,,,,,,,
206,2024-09-08 09:47:22,project_manager_interview.txt,3,0,0.0353982300884955,0.0,0.0088495575221238,0.0126422445371434,,,,,,,,,,
206,2024-09-08 09:47:22,biologist_interview.txt,1,0,0.1,0.03,0.0,0.0628254664475309,,,,,,,,,,
206,2024-09-08 09:47:22,biologist_interview.txt,2,0,0.0666666666666666,0.0,0.019047619047619,0.084133944618843,,,,,,,,,,
206,2024-09-08 09:47:22,biologist_interview.txt,3,0,0.037593984962406,0.0,0.0,0.0,,,,,,,,,,
206,2024-09-08 09:47:22,occupational_therapist_interview.txt,1,0,0.0227272727272727,0.0,0.0227272727272727,0.0619600680328602,,,,,,,,,,
206,2024-09-08 09:47:22,occupational_therapist_interview.txt,2,0,0.0495049504950495,0.0,0.0297029702970297,0.0881724737587123,,,,,,,,,,
206,2024-09-08 09:47:22,occupational_therapist_interview.txt,3,0,0.0442477876106194,0.0,0.0,0.0344279946053444,,,,,,,,,,
206,2024-09-08 09:47:22,network_administrator_interview.txt,1,0,0.0543478260869565,0.0,0.0108695652173913,0.0181441553921881,,,,,,,,,,
206,2024-09-08 09:47:22,network_administrator_interview.txt,2,0,0.087719298245614,0.0350877192982456,0.0087719298245614,0.1009251180073442,,,,,,,,,,
206,2024-09-08 09:47:22,network_administrator_interview.txt,3,0,0.0412371134020618,0.0,0.0515463917525773,0.0842968160660713,,,,,,,,,,
206,2024-09-08 09:47:22,neuroscientist_interview.txt,1,0,0.0442477876106194,0.0,0.0176991150442477,0.0414359038364657,,,,,,,,,,
206,2024-09-08 09:47:22,neuroscientist_interview.txt,2,0,0.0614035087719298,0.0,0.0175438596491228,0.0,,,,,,,,,,
206,2024-09-08 09:47:22,neuroscientist_interview.txt,3,0,0.048,0.008,0.008,0.0860332125137391,,,,,,,,,,
206,2024-09-08 09:47:22,retail_manager_interview.txt,1,0,0.0661764705882353,0.0,0.0073529411764705,0.0,,,,,,,,,,
206,2024-09-08 09:47:22,retail_manager_interview.txt,2,0,0.123076923076923,0.0,0.0076923076923076,0.0,,,,,,,,,,
206,2024-09-08 09:47:22,retail_manager_interview.txt,3,0,0.0381679389312977,0.0,0.0076335877862595,0.0622573533334991,,,,,,,,,,
206,2024-09-08 09:47:22,agricultural_engineer_interview.txt,1,0,0.04,0.0,0.01,0.01754081509232,,,,,,,,,,
206,2024-09-08 09:47:22,agricultural_engineer_interview.txt,2,0,0.0434782608695652,0.0,0.0,0.016643353237249,,,,,,,,,,
206,2024-09-08 09:47:22,agricultural_engineer_interview.txt,3,0,0.0534351145038167,0.0,0.0229007633587786,0.0,,,,,,,,,,
206,2024-09-08 09:47:22,electrical_engineer_interview.txt,1,0,0.0581395348837209,0.0,0.0,0.0515248660596885,,,,,,,,,,
206,2024-09-08 09:47:22,electrical_engineer_interview.txt,2,0,0.0729166666666666,0.0,0.0104166666666666,0.0375765713355705,,,,,,,,,,
206,2024-09-08 09:47:22,electrical_engineer_interview.txt,3,0,0.1,0.02,0.0,0.030841143854229,,,,,,,,,,
206,2024-09-08 09:47:22,quality_control_engineer_interview.txt,1,0,0.0515463917525773,0.0,0.0309278350515463,0.0571315807160011,,,,,,,,,,
206,2024-09-08 09:47:22,quality_control_engineer_interview.txt,2,0,0.0377358490566037,0.0,0.0,0.0430885464951094,,,,,,,,,,
206,2024-09-08 09:47:22,quality_control_engineer_interview.txt,3,0,0.0434782608695652,0.0,0.008695652173913,0.1121037850099844,,,,,,,,,,
206,2024-09-08 09:47:22,machine_learning_engineer_interview.txt,1,0,0.0454545454545454,0.0,0.0151515151515151,0.0691364256495546,,,,,,,,,,
206,2024-09-08 09:47:22,machine_learning_engineer_interview.txt,2,0,0.0381679389312977,0.0,0.0,0.0801136224824336,,,,,,,,,,
206,2024-09-08 09:47:22,machine_learning_engineer_interview.txt,3,0,0.046875,0.0,0.0,0.0,,,,,,,,,,
206,2024-09-08 09:47:22,psychologist_interview.txt,1,0,0.0384615384615384,0.0,0.0288461538461538,0.0323961959726534,,,,,,,,,,
206,2024-09-08 09:47:22,psychologist_interview.txt,2,0,0.072463768115942,0.0072463768115942,0.0289855072463768,0.0605596667072056,,,,,,,,,,
206,2024-09-08 09:47:22,psychologist_interview.txt,3,0,0.0412371134020618,0.0,0.0206185567010309,0.0271841949737927,,,,,,,,,,
206,2024-09-08 09:47:22,geologist_interview.txt,1,0,0.0725806451612903,0.0,0.0080645161290322,0.0759044861163816,,,,,,,,,,
206,2024-09-08 09:47:22,geologist_interview.txt,2,0,0.0869565217391304,0.0,0.017391304347826,0.1118851607455407,,,,,,,,,,
206,2024-09-08 09:47:22,geologist_interview.txt,3,0,0.1095890410958904,0.0,0.0,0.0,,,,,,,,,,
206,2024-09-08 09:47:22,chemical_engineer_interview.txt,1,0,0.046875,0.0,0.015625,0.0,,,,,,,,,,
206,2024-09-08 09:47:22,chemical_engineer_interview.txt,2,0,0.0631578947368421,0.0,0.0210526315789473,0.0747112850356365,,,,,,,,,,
206,2024-09-08 09:47:22,chemical_engineer_interview.txt,3,0,0.0612244897959183,0.0,0.010204081632653,0.1377422912155963,,,,,,,,,,
206,2024-09-08 09:47:22,no_persona_interview.txt,1,0,0.0467289719626168,0.0,0.0373831775700934,0.0635731657580273,,,,,,,,,,
206,2024-09-08 09:47:22,no_persona_interview.txt,2,0,0.0888888888888888,0.0,0.0,0.1099189066092266,,,,,,,,,,
206,2024-09-08 09:47:22,no_persona_interview.txt,3,0,0.0763358778625954,0.0,0.015267175572519,0.111260931065605,,,,,,,,,,
206,2024-09-08 09:47:22,financial_analyst_interview.txt,1,0,0.0619469026548672,0.0088495575221238,0.0,0.0598254669070187,,,,,,,,,,
206,2024-09-08 09:47:22,financial_analyst_interview.txt,2,0,0.0606060606060606,0.0,0.0202020202020202,0.1530445380640685,,,,,,,,,,
206,2024-09-08 09:47:22,financial_analyst_interview.txt,3,0,0.0802919708029197,0.0,0.0145985401459854,0.1305219999659435,,,,,,,,,,
206,2024-09-08 09:47:22,civil_engineer_interview.txt,1,0,0.037593984962406,0.0,0.0150375939849624,0.0831598154358535,,,,,,,,,,
206,2024-09-08 09:47:22,civil_engineer_interview.txt,2,0,0.055045871559633,0.0,0.0091743119266055,0.0551022249278976,,,,,,,,,,
206,2024-09-08 09:47:22,civil_engineer_interview.txt,3,0,0.0636363636363636,0.0,0.009090909090909,0.0519288906523061,,,,,,,,,,
206,2024-09-08 09:47:22,meteorologist_interview.txt,1,0,0.0495867768595041,0.0,0.0165289256198347,0.0,,,,,,,,,,
206,2024-09-08 09:47:22,meteorologist_interview.txt,2,0,0.0746268656716417,0.0,0.0149253731343283,0.0,,,,,,,,,,
206,2024-09-08 09:47:22,meteorologist_interview.txt,3,0,0.0787401574803149,0.0,0.0157480314960629,0.1221578217011647,,,,,,,,,,
206,2024-09-08 09:47:22,shop_assistant_interview.txt,1,0,0.040650406504065,0.0,0.0,0.1223705927244681,,,,,,,,,,
206,2024-09-08 09:47:22,shop_assistant_interview.txt,2,0,0.0555555555555555,0.0,0.0277777777777777,0.0428532956412062,,,,,,,,,,
206,2024-09-08 09:47:22,shop_assistant_interview.txt,3,0,0.0505050505050505,0.0,0.0,0.0730219714278197,,,,,,,,,,
206,2024-09-08 09:47:22,social_media_manager_interview.txt,1,0,0.036144578313253,0.0,0.0,0.1233699304830566,,,,,,,,,,
206,2024-09-08 09:47:22,social_media_manager_interview.txt,2,0,0.03,0.0,0.04,0.0,,,,,,,,,,
206,2024-09-08 09:47:22,social_media_manager_interview.txt,3,0,0.0227272727272727,0.0,0.0227272727272727,0.1311687665840011,,,,,,,,,,
206,2024-09-08 09:47:22,marine_engineer_interview.txt,1,0,0.0666666666666666,0.0,0.0285714285714285,0.0835429425346109,,,,,,,,,,
206,2024-09-08 09:47:22,marine_engineer_interview.txt,2,0,0.043103448275862,0.0,0.0,0.1072437583550084,,,,,,,,,,
206,2024-09-08 09:47:22,marine_engineer_interview.txt,3,0,0.0625,0.0078125,0.015625,0.0,,,,,,,,,,
206,2024-09-08 09:47:22,warehouse_manager_interview.txt,1,0,0.072289156626506,0.0,0.0120481927710843,0.081493124342657,,,,,,,,,,
206,2024-09-08 09:47:22,warehouse_manager_interview.txt,2,0,0.081081081081081,0.0,0.0,0.0461808634688753,,,,,,,,,,
206,2024-09-08 09:47:22,warehouse_manager_interview.txt,3,0,0.048,0.0,0.0,0.067449691905396,,,,,,,,,,
206,2024-09-08 09:47:22,business_intelligence_analyst_interview.txt,1,0,0.0666666666666666,0.0,0.019047619047619,0.0519120125435854,,,,,,,,,,
206,2024-09-08 09:47:22,business_intelligence_analyst_interview.txt,2,0,0.0784313725490196,0.0,0.0196078431372549,0.1619933830165744,,,,,,,,,,
206,2024-09-08 09:47:22,business_intelligence_analyst_interview.txt,3,0,0.0612244897959183,0.0,0.0,0.0872579957499813,,,,,,,,,,
206,2024-09-08 09:47:22,full_stack_developer_interview.txt,1,0,0.0393700787401574,0.0,0.0078740157480314,0.0425483283606354,,,,,,,,,,
206,2024-09-08 09:47:22,full_stack_developer_interview.txt,2,0,0.1703703703703703,0.037037037037037,0.0148148148148148,0.1023900784935733,,,,,,,,,,
206,2024-09-08 09:47:22,full_stack_developer_interview.txt,3,0,0.0314960629921259,0.0,0.0078740157480314,0.0,,,,,,,,,,
206,2024-09-08 09:47:22,travel_agent_interview.txt,1,0,0.0531914893617021,0.0,0.0106382978723404,0.1283619363588929,,,,,,,,,,
206,2024-09-08 09:47:22,travel_agent_interview.txt,2,0,0.0802919708029197,0.0,0.0218978102189781,0.0745172643816199,,,,,,,,,,
206,2024-09-08 09:47:22,travel_agent_interview.txt,3,0,0.015625,0.0,0.0234375,0.0527730626390911,,,,,,,,,,
206,2024-09-08 09:47:22,robotics_engineer_interview.txt,1,0,0.0490196078431372,0.0,0.0294117647058823,0.0571924000726199,,,,,,,,,,
206,2024-09-08 09:47:22,robotics_engineer_interview.txt,2,0,0.0454545454545454,0.0,0.009090909090909,0.0403813965559999,,,,,,,,,,
206,2024-09-08 09:47:22,robotics_engineer_interview.txt,3,0,0.0610687022900763,0.0,0.0,0.1247161123923678,,,,,,,,,,
206,2024-09-08 09:47:22,biomedical_engineer_interview.txt,1,0,0.0909090909090909,0.0,0.0,0.1025907901717319,,,,,,,,,,
206,2024-09-08 09:47:22,biomedical_engineer_interview.txt,2,0,0.0594059405940594,0.0,0.0099009900990099,0.0426668739812379,,,,,,,,,,
206,2024-09-08 09:47:22,biomedical_engineer_interview.txt,3,0,0.089430894308943,0.0,0.0,0.0915016217502627,,,,,,,,,,
206,2024-09-08 09:47:22,marketing_manager_interview.txt,1,0,0.0459770114942528,0.0,0.0,0.0775670553173294,,,,,,,,,,
206,2024-09-08 09:47:22,marketing_manager_interview.txt,2,0,0.0655737704918032,0.0,0.0081967213114754,0.0418311722270583,,,,,,,,,,
206,2024-09-08 09:47:22,marketing_manager_interview.txt,3,0,0.0608695652173913,0.0,0.008695652173913,0.0106077077753049,,,,,,,,,,
206,2024-09-08 09:47:22,professor_of_classics_interview.txt,1,0,0.0909090909090909,0.0,0.0101010101010101,0.1139617522607703,,,,,,,,,,
206,2024-09-08 09:47:22,professor_of_classics_interview.txt,2,0,0.0504201680672268,0.0,0.0,0.0452051914403515,,,,,,,,,,
206,2024-09-08 09:47:22,professor_of_classics_interview.txt,3,0,0.042016806722689,0.0,0.0084033613445378,0.0592791343979399,,,,,,,,,,
206,2024-09-08 09:47:22,environmental_engineer_interview.txt,1,0,0.0612244897959183,0.0,0.0,0.1026424642988634,,,,,,,,,,
206,2024-09-08 09:47:22,environmental_engineer_interview.txt,2,0,0.0636363636363636,0.0,0.0272727272727272,0.1246022964543093,,,,,,,,,,
206,2024-09-08 09:47:22,environmental_engineer_interview.txt,3,0,0.075,0.0,0.0166666666666666,0.0,,,,,,,,,,
206,2024-09-08 09:47:22,physical_therapist_interview.txt,1,0,0.1079136690647482,0.0071942446043165,0.0,0.0976563572315262,,,,,,,,,,
206,2024-09-08 09:47:22,physical_therapist_interview.txt,2,0,0.0648148148148148,0.0,0.0092592592592592,0.0464390040542306,,,,,,,,,,
206,2024-09-08 09:47:22,physical_therapist_interview.txt,3,0,0.0602409638554216,0.0,0.0120481927710843,0.0820079849892669,,,,,,,,,,
206,2024-09-08 09:47:22,astronomer_interview.txt,1,0,0.0392156862745098,0.0,0.0,0.0357008884926808,,,,,,,,,,
206,2024-09-08 09:47:22,astronomer_interview.txt,2,0,0.0634920634920634,0.0158730158730158,0.0079365079365079,0.0,,,,,,,,,,
206,2024-09-08 09:47:22,astronomer_interview.txt,3,0,0.0784313725490196,0.0,0.0098039215686274,0.0315139499500514,,,,,,,,,,
206,2024-09-08 09:47:22,ai_professor_interview.txt,1,0,0.0606060606060606,0.0,0.0101010101010101,0.0211330472249737,,,,,,,,,,
206,2024-09-08 09:47:22,ai_professor_interview.txt,2,0,0.0789473684210526,0.0,0.0175438596491228,0.0811136402882951,,,,,,,,,,
206,2024-09-08 09:47:22,ai_professor_interview.txt,3,0,0.0581395348837209,0.0,0.0116279069767441,0.0,,,,,,,,,,
206,2024-09-08 09:47:22,game_developer_interview.txt,1,0,0.0439560439560439,0.0,0.0219780219780219,0.0605193719036507,,,,,,,,,,
206,2024-09-08 09:47:22,game_developer_interview.txt,2,0,0.0606060606060606,0.0,0.0202020202020202,0.0593816587862705,,,,,,,,,,
206,2024-09-08 09:47:22,game_developer_interview.txt,3,0,0.0519480519480519,0.0,0.0129870129870129,0.0775393919155081,,,,,,,,,,
206,2024-09-08 09:47:22,fire_protection_engineer_interview.txt,1,0,0.0930232558139534,0.0465116279069767,0.0077519379844961,0.0,,,,,,,,,,
206,2024-09-08 09:47:22,fire_protection_engineer_interview.txt,2,0,0.0535714285714285,0.0178571428571428,0.0089285714285714,0.0407611697271842,,,,,,,,,,
206,2024-09-08 09:47:22,fire_protection_engineer_interview.txt,3,0,0.0620155038759689,0.0077519379844961,0.0155038759689922,0.0576589288513933,,,,,,,,,,
206,2024-09-08 09:47:22,safety_engineer_interview.txt,1,0,0.0603448275862069,0.043103448275862,0.0258620689655172,0.0454675110134519,,,,,,,,,,
206,2024-09-08 09:47:22,safety_engineer_interview.txt,2,0,0.0769230769230769,0.0329670329670329,0.0,0.0741995996381659,,,,,,,,,,
206,2024-09-08 09:47:22,safety_engineer_interview.txt,3,0,0.0827067669172932,0.0300751879699248,0.0150375939849624,0.0413207430581339,,,,,,,,,,
206,2024-09-08 09:47:22,environmental_scientist_interview.txt,1,0,0.0673076923076923,0.0,0.0096153846153846,0.0534300314907251,,,,,,,,,,
206,2024-09-08 09:47:22,environmental_scientist_interview.txt,2,0,0.0495049504950495,0.0,0.0396039603960396,0.0877567755185532,,,,,,,,,,
206,2024-09-08 09:47:22,environmental_scientist_interview.txt,3,0,0.0449438202247191,0.0,0.0,0.1066267081851516,,,,,,,,,,
206,2024-09-08 09:47:22,operations_manager_interview.txt,1,0,0.0990990990990991,0.0,0.036036036036036,0.0,,,,,,,,,,
206,2024-09-08 09:47:22,operations_manager_interview.txt,2,0,0.0714285714285714,0.0,0.0,0.047230742864624,,,,,,,,,,
206,2024-09-08 09:47:22,operations_manager_interview.txt,3,0,0.0677966101694915,0.0,0.0169491525423728,0.0929592690651228,,,,,,,,,,
206,2024-09-08 09:47:22,backend_developer_interview.txt,1,0,0.0578512396694214,0.0,0.0,0.1284026295844632,,,,,,,,,,
206,2024-09-08 09:47:22,backend_developer_interview.txt,2,0,0.0576923076923076,0.0,0.0096153846153846,0.0870056695430988,,,,,,,,,,
206,2024-09-08 09:47:22,backend_developer_interview.txt,3,0,0.042016806722689,0.0,0.0084033613445378,0.0437544042466496,,,,,,,,,,
206,2024-09-08 09:47:22,digital_marketing_specialist_interview.txt,1,0,0.0666666666666666,0.0,0.0111111111111111,0.1233454514559801,,,,,,,,,,
206,2024-09-08 09:47:22,digital_marketing_specialist_interview.txt,2,0,0.0353982300884955,0.0,0.0088495575221238,0.0,,,,,,,,,,
206,2024-09-08 09:47:22,digital_marketing_specialist_interview.txt,3,0,0.0679611650485436,0.0,0.0097087378640776,0.1264080048769068,,,,,,,,,,
206,2024-09-08 09:47:22,mechanical_engineer_interview.txt,1,0,0.0636363636363636,0.0,0.0,0.0662024475332696,,,,,,,,,,
206,2024-09-08 09:47:22,mechanical_engineer_interview.txt,2,0,0.0686274509803921,0.0,0.0,0.0445948178221984,,,,,,,,,,
206,2024-09-08 09:47:22,mechanical_engineer_interview.txt,3,0,0.043859649122807,0.0,0.0087719298245614,0.0411470391941935,,,,,,,,,,
206,2024-09-08 09:47:22,software_quality_assurance_tester_interview.txt,1,0,0.045045045045045,0.0,0.0,0.0413513341749755,,,,,,,,,,
206,2024-09-08 09:47:22,software_quality_assurance_tester_interview.txt,2,0,0.0619469026548672,0.0088495575221238,0.0265486725663716,0.0458783496403244,,,,,,,,,,
206,2024-09-08 09:47:22,software_quality_assurance_tester_interview.txt,3,0,0.08130081300813,0.008130081300813,0.008130081300813,0.0444009606557039,,,,,,,,,,
206,2024-09-08 09:47:22,cybersecurity_specialist_interview.txt,1,0,0.0769230769230769,0.023076923076923,0.0,0.0,,,,,,,,,,
206,2024-09-08 09:47:22,cybersecurity_specialist_interview.txt,2,0,0.056,0.008,0.024,0.0433073475931765,,,,,,,,,,
206,2024-09-08 09:47:22,cybersecurity_specialist_interview.txt,3,0,0.099009900990099,0.0297029702970297,0.0,0.110208443279443,,,,,,,,,,
206,2024-09-08 09:47:22,product_manager_interview.txt,1,0,0.0608695652173913,0.0,0.008695652173913,0.0737688480628956,,,,,,,,,,
206,2024-09-08 09:47:22,product_manager_interview.txt,2,0,0.0353982300884955,0.0,0.0265486725663716,0.0829660006858995,,,,,,,,,,
206,2024-09-08 09:47:22,product_manager_interview.txt,3,0,0.110091743119266,0.0,0.0,0.0,,,,,,,,,,
206,2024-09-08 09:47:22,microbiologist_interview.txt,1,0,0.0823529411764705,0.0,0.0,0.1101574773451147,,,,,,,,,,
206,2024-09-08 09:47:22,microbiologist_interview.txt,2,0,0.087719298245614,0.0,0.0,0.0780188264815857,,,,,,,,,,
206,2024-09-08 09:47:22,microbiologist_interview.txt,3,0,0.044776119402985,0.0,0.0074626865671641,0.0568260682794716,,,,,,,,,,
206,2024-09-08 09:47:22,it_manager_interview.txt,1,0,0.0310077519379844,0.0,0.0077519379844961,0.0830915813122366,,,,,,,,,,
206,2024-09-08 09:47:22,it_manager_interview.txt,2,0,0.0575539568345323,0.0,0.0,0.1798682693699755,,,,,,,,,,
206,2024-09-08 09:47:22,it_manager_interview.txt,3,0,0.053030303030303,0.0,0.0075757575757575,0.0382738723689206,,,,,,,,,,
206,2024-09-08 09:47:22,industrial_engineer_interview.txt,1,0,0.0597014925373134,0.0,0.0373134328358208,0.1047357166686011,,,,,,,,,,
206,2024-09-08 09:47:22,industrial_engineer_interview.txt,2,0,0.056,0.0,0.016,0.0643330291584199,,,,,,,,,,
206,2024-09-08 09:47:22,industrial_engineer_interview.txt,3,0,0.0967741935483871,0.0,0.0161290322580645,0.0,,,,,,,,,,
206,2024-09-08 09:47:22,barista_interview.txt,1,0,0.0875,0.0,0.0,0.0681953019972214,,,,,,,,,,
206,2024-09-08 09:47:22,barista_interview.txt,2,0,0.0504201680672268,0.0,0.0168067226890756,0.1017040566415273,,,,,,,,,,
206,2024-09-08 09:47:22,barista_interview.txt,3,0,0.0692307692307692,0.0,0.0076923076923076,0.0932079290911632,,,,,,,,,,
206,2024-09-08 09:47:22,petroleum_engineer_interview.txt,1,0,0.1121495327102803,0.0,0.0,0.0843069329113059,,,,,,,,,,
206,2024-09-08 09:47:22,petroleum_engineer_interview.txt,2,0,0.0377358490566037,0.0,0.0094339622641509,0.0564175341466152,,,,,,,,,,
206,2024-09-08 09:47:22,petroleum_engineer_interview.txt,3,0,0.0619469026548672,0.0088495575221238,0.0,0.0720336357130974,,,,,,,,,,
206,2024-09-08 09:47:22,business_analyst_interview.txt,1,0,0.0542635658914728,0.0,0.0077519379844961,0.0,,,,,,,,,,
206,2024-09-08 09:47:22,business_analyst_interview.txt,2,0,0.0462962962962962,0.0,0.0092592592592592,0.0806541259927466,,,,,,,,,,
206,2024-09-08 09:47:22,business_analyst_interview.txt,3,0,0.0659340659340659,0.0,0.0109890109890109,0.0,,,,,,,,,,
206,2024-09-08 09:47:22,data_engineer_interview.txt,1,0,0.1162790697674418,0.0,0.0077519379844961,0.15220760143159,,,,,,,,,,
206,2024-09-08 09:47:22,data_engineer_interview.txt,2,0,0.0636363636363636,0.0,0.009090909090909,0.0452239103227598,,,,,,,,,,
206,2024-09-08 09:47:22,data_engineer_interview.txt,3,0,0.1307692307692307,0.0076923076923076,0.0,0.0,,,,,,,,,,
206,2024-09-08 09:47:22,aerospace_engineer_interview.txt,1,0,0.0470588235294117,0.0,0.0117647058823529,0.0598364515055597,,,,,,,,,,
206,2024-09-08 09:47:22,aerospace_engineer_interview.txt,2,0,0.0333333333333333,0.0,0.0111111111111111,0.0372874438364637,,,,,,,,,,
206,2024-09-08 09:47:22,aerospace_engineer_interview.txt,3,0,0.0510204081632653,0.0,0.0306122448979591,0.047097992667724,,,,,,,,,,
206,2024-09-08 09:47:22,focus_group.txt,1,0,0.0588235294117647,0.0,0.0,0.0,,,,,,,,,,
206,2024-09-08 09:47:22,focus_group.txt,2,0,0.0588235294117647,0.0,0.0,0.0,,,,,,,,,,
206,2024-09-08 09:47:22,focus_group.txt,3,0,0.0588235294117647,0.0,0.0,0.0,,,,,,,,,,
206,2024-09-08 09:47:22,bartender_interview.txt,1,0,0.0636363636363636,0.0,0.009090909090909,0.0802144581933062,,,,,,,,,,
206,2024-09-08 09:47:22,bartender_interview.txt,2,0,0.072072072072072,0.0,0.0,0.0542195723652842,,,,,,,,,,
206,2024-09-08 09:47:22,bartender_interview.txt,3,0,0.0588235294117647,0.0,0.0,0.0973387164224358,,,,,,,,,,
206,2024-09-08 09:47:22,natural_language_processing_engineer_interview.txt,1,0,0.0375,0.0,0.025,0.0164392722606681,,,,,,,,,,
206,2024-09-08 09:47:22,natural_language_processing_engineer_interview.txt,2,0,0.0381679389312977,0.0,0.0229007633587786,0.0706681390294403,,,,,,,,,,
206,2024-09-08 09:47:22,natural_language_processing_engineer_interview.txt,3,0,0.1111111111111111,0.0074074074074074,0.0,0.0796851750714229,,,,,,,,,,
206,2024-09-08 09:47:22,cto_of_a_fintec_interview.txt,1,0,0.0714285714285714,0.0,0.0158730158730158,0.0542815808204184,,,,,,,,,,
206,2024-09-08 09:47:22,cto_of_a_fintec_interview.txt,2,0,0.056,0.008,0.008,0.0907334966492485,,,,,,,,,,
206,2024-09-08 09:47:22,cto_of_a_fintec_interview.txt,3,0,0.073170731707317,0.0,0.0,0.0552888252461915,,,,,,,,,,
206,2024-09-08 09:47:22,database_administrator_interview.txt,1,0,0.0660377358490566,0.0,0.0,0.0548225848771237,,,,,,,,,,
206,2024-09-08 09:47:22,database_administrator_interview.txt,2,0,0.0254237288135593,0.0,0.0,0.024114343310107,,,,,,,,,,
206,2024-09-08 09:47:22,database_administrator_interview.txt,3,0,0.0863309352517985,0.0287769784172661,0.0287769784172661,0.104152812248344,,,,,,,,,,
206,2024-09-08 09:47:22,nuclear_engineer_interview.txt,1,0,0.0714285714285714,0.0,0.0089285714285714,0.0449991497095448,,,,,,,,,,
206,2024-09-08 09:47:22,nuclear_engineer_interview.txt,2,0,0.031578947368421,0.0,0.0,0.0757479536132003,,,,,,,,,,
206,2024-09-08 09:47:22,nuclear_engineer_interview.txt,3,0,0.0471698113207547,0.0,0.0283018867924528,0.1100773347441114,,,,,,,,,,
206,2024-09-08 09:47:22,pharmacist_interview.txt,1,0,0.0654205607476635,0.0,0.0093457943925233,0.0,,,,,,,,,,
206,2024-09-08 09:47:22,pharmacist_interview.txt,2,0,0.0441176470588235,0.0,0.0,0.0690132425340739,,,,,,,,,,
206,2024-09-08 09:47:22,pharmacist_interview.txt,3,0,0.0842105263157894,0.0421052631578947,0.0,0.0934611119352368,,,,,,,,,,
206,2024-09-08 09:47:22,chef_interview.txt,1,0,0.0588235294117647,0.0,0.0,0.0332256967857307,,,,,,,,,,
206,2024-09-08 09:47:22,chef_interview.txt,2,0,0.0642857142857142,0.0,0.0142857142857142,0.0765835105514407,,,,,,,,,,
206,2024-09-08 09:47:22,chef_interview.txt,3,0,0.0543478260869565,0.0,0.0,0.0449413215361284,,,,,,,,,,
206,2024-09-08 09:47:22,hotel_manager_interview.txt,1,0,0.040650406504065,0.0,0.008130081300813,0.1413053520565927,,,,,,,,,,
206,2024-09-08 09:47:22,hotel_manager_interview.txt,2,0,0.0948275862068965,0.0,0.0,0.1099607806113364,,,,,,,,,,
206,2024-09-08 09:47:22,hotel_manager_interview.txt,3,0,0.0873015873015873,0.0079365079365079,0.0,0.0983426079695328,,,,,,,,,,
206,2024-09-08 09:47:22,mobile_app_developer_interview.txt,1,0,0.0526315789473684,0.0,0.0,0.1013216232627603,,,,,,,,,,
206,2024-09-08 09:47:22,mobile_app_developer_interview.txt,2,0,0.024390243902439,0.0,0.016260162601626,0.0251933432248417,,,,,,,,,,
206,2024-09-08 09:47:22,mobile_app_developer_interview.txt,3,0,0.0465116279069767,0.0,0.0387596899224806,0.0713877057334111,,,,,,,,,,
206,2024-09-08 09:47:22,graphic_designer_interview.txt,1,0,0.0701754385964912,0.0,0.0087719298245614,0.0907194463199692,,,,,,,,,,
206,2024-09-08 09:47:22,graphic_designer_interview.txt,2,0,0.0338983050847457,0.0,0.0169491525423728,0.1235217831475955,,,,,,,,,,
206,2024-09-08 09:47:22,graphic_designer_interview.txt,3,0,0.0827067669172932,0.0,0.0,0.1745280411231842,,,,,,,,,,
206,2024-09-08 09:47:22,geotechnical_engineer_interview.txt,1,0,0.0341880341880341,0.0,0.0256410256410256,0.0319974506476605,,,,,,,,,,
206,2024-09-08 09:47:22,geotechnical_engineer_interview.txt,2,0,0.064516129032258,0.0,0.0161290322580645,0.0214325208060958,,,,,,,,,,
206,2024-09-08 09:47:22,geotechnical_engineer_interview.txt,3,0,0.0485436893203883,0.0,0.0097087378640776,0.0773230010696247,,,,,,,,,,
206,2024-09-08 09:47:22,gardener_interview.txt,1,0,0.048076923076923,0.0,0.0,0.0456965816968714,,,,,,,,,,
206,2024-09-08 09:47:22,gardener_interview.txt,2,0,0.0598290598290598,0.0,0.0085470085470085,0.1140851410160635,,,,,,,,,,
206,2024-09-08 09:47:22,gardener_interview.txt,3,0,0.0606060606060606,0.0,0.0075757575757575,0.0,,,,,,,,,,
206,2024-09-08 09:47:22,ai_software_developer_interview.txt,1,0,0.09,0.0,0.0,0.0111499229117319,,,,,,,,,,
206,2024-09-08 09:47:22,ai_software_developer_interview.txt,2,0,0.0542635658914728,0.0,0.0077519379844961,0.1105557259653508,,,,,,,,,,
206,2024-09-08 09:47:22,ai_software_developer_interview.txt,3,0,0.089430894308943,0.0,0.008130081300813,0.0,,,,,,,,,,
206,2024-09-08 09:47:22,supply_chain_manager_interview.txt,1,0,0.0485436893203883,0.0,0.0097087378640776,0.110396931184179,,,,,,,,,,
206,2024-09-08 09:47:22,supply_chain_manager_interview.txt,2,0,0.0446428571428571,0.0,0.0,0.0139712343151882,,,,,,,,,,
206,2024-09-08 09:47:22,supply_chain_manager_interview.txt,3,0,0.0588235294117647,0.0073529411764705,0.0,0.028340865949965,,,,,,,,,,
206,2024-09-08 09:47:22,cloud_architect_interview.txt,1,0,0.0285714285714285,0.0,0.0380952380952381,0.0391645933980824,,,,,,,,,,
206,2024-09-08 09:47:22,cloud_architect_interview.txt,2,0,0.0708661417322834,0.0,0.0157480314960629,0.0392796140007774,,,,,,,,,,
206,2024-09-08 09:47:22,cloud_architect_interview.txt,3,0,0.0546875,0.0,0.0078125,0.0877736868278276,,,,,,,,,,
206,2024-09-08 09:47:22,mining_engineer_interview.txt,1,0,0.043103448275862,0.0,0.0,0.0623291883426047,,,,,,,,,,
206,2024-09-08 09:47:22,mining_engineer_interview.txt,2,0,0.0526315789473684,0.0,0.0,0.0706375811030402,,,,,,,,,,
206,2024-09-08 09:47:22,mining_engineer_interview.txt,3,0,0.0333333333333333,0.0,0.0222222222222222,0.0358635620371859,,,,,,,,,,
206,2024-09-08 09:47:22,devops_engineer_interview.txt,1,0,0.0977443609022556,0.0601503759398496,0.0,0.07311065388755,,,,,,,,,,
206,2024-09-08 09:47:22,devops_engineer_interview.txt,2,0,0.0526315789473684,0.0,0.0263157894736842,0.148397515332583,,,,,,,,,,
206,2024-09-08 09:47:22,devops_engineer_interview.txt,3,0,0.0842105263157894,0.0,0.0105263157894736,0.0,,,,,,,,,,
206,2024-09-08 09:47:22,system_administrator_interview.txt,1,0,0.0408163265306122,0.0,0.0204081632653061,0.0332782663987651,,,,,,,,,,
206,2024-09-08 09:47:22,system_administrator_interview.txt,2,0,0.0560747663551401,0.0,0.0186915887850467,0.0204433907247207,,,,,,,,,,
206,2024-09-08 09:47:22,system_administrator_interview.txt,3,0,0.0921052631578947,0.0,0.0,0.1253139835189771,,,,,,,,,,
206,2024-09-08 09:47:22,content_writer_interview.txt,1,0,0.0769230769230769,0.0,0.0109890109890109,0.055124321075318,,,,,,,,,,
206,2024-09-08 09:47:22,content_writer_interview.txt,2,0,0.0454545454545454,0.0,0.0113636363636363,0.1019393483798434,,,,,,,,,,
206,2024-09-08 09:47:22,content_writer_interview.txt,3,0,0.0518518518518518,0.0,0.0222222222222222,0.0877565421919958,,,,,,,,,,
206,2024-09-08 09:47:22,transportation_engineer_interview.txt,1,0,0.0510948905109489,0.0,0.0145985401459854,0.1117562157628961,,,,,,,,,,
206,2024-09-08 09:47:22,transportation_engineer_interview.txt,2,0,0.0241935483870967,0.0080645161290322,0.0161290322580645,0.0349067186143281,,,,,,,,,,
206,2024-09-08 09:47:22,transportation_engineer_interview.txt,3,0,0.0687022900763358,0.0,0.0076335877862595,0.1166303786213575,,,,,,,,,,
206,2024-09-08 09:47:22,lorry_driver_interview.txt,1,0,0.0454545454545454,0.0,0.0,0.0916819840397446,,,,,,,,,,
206,2024-09-08 09:47:22,lorry_driver_interview.txt,2,0,0.0458015267175572,0.0,0.0076335877862595,0.0567176989464362,,,,,,,,,,
206,2024-09-08 09:47:22,lorry_driver_interview.txt,3,0,0.0413223140495867,0.0,0.0,0.1123148981401632,,,,,,,,,,
206,2024-09-08 09:47:22,dentist_interview.txt,1,0,0.0592592592592592,0.0,0.0074074074074074,0.0704318199356172,,,,,,,,,,
206,2024-09-08 09:47:22,dentist_interview.txt,2,0,0.0526315789473684,0.0,0.0087719298245614,0.0940702620980976,,,,,,,,,,
206,2024-09-08 09:47:22,dentist_interview.txt,3,0,0.0555555555555555,0.0,0.0,0.1371066698362683,,,,,,,,,,
206,2024-09-08 09:47:22,physicist_interview.txt,1,0,0.0608695652173913,0.0,0.008695652173913,0.1139810973689073,,,,,,,,,,
206,2024-09-08 09:47:22,physicist_interview.txt,2,0,0.0508474576271186,0.0,0.0423728813559322,0.1136156482515152,,,,,,,,,,
206,2024-09-08 09:47:22,physicist_interview.txt,3,0,0.0503597122302158,0.0,0.0071942446043165,0.062641834791487,,,,,,,,,,
206,2024-09-08 09:47:22,architect_interview.txt,1,0,0.0459770114942528,0.0,0.0229885057471264,0.0,,,,,,,,,,
206,2024-09-08 09:47:22,architect_interview.txt,2,0,0.0687022900763358,0.0,0.0229007633587786,0.0876209078759001,,,,,,,,,,
206,2024-09-08 09:47:22,architect_interview.txt,3,0,0.0606060606060606,0.0378787878787878,0.0227272727272727,0.0480218505844039,,,,,,,,,,
206,2024-09-08 09:47:22,materials_engineer_interview.txt,1,0,0.0454545454545454,0.0,0.0181818181818181,0.0329382443745014,,,,,,,,,,
206,2024-09-08 09:47:22,materials_engineer_interview.txt,2,0,0.0459770114942528,0.0,0.0114942528735632,0.0418562922438496,,,,,,,,,,
206,2024-09-08 09:47:22,materials_engineer_interview.txt,3,0,0.0508474576271186,0.0,0.0,0.0236745237289426,,,,,,,,,,
206,2024-09-08 09:47:22,computer_vision_engineer_interview.txt,1,0,0.0642201834862385,0.0,0.018348623853211,0.0651242189442417,,,,,,,,,,
206,2024-09-08 09:47:22,computer_vision_engineer_interview.txt,2,0,0.07,0.0,0.0,0.0806504300442508,,,,,,,,,,
206,2024-09-08 09:47:22,computer_vision_engineer_interview.txt,3,0,0.0564516129032258,0.0,0.0,0.0739659279494996,,,,,,,,,,
206,2024-09-08 09:47:22,data_scientist_interview.txt,1,0,0.0847457627118644,0.0,0.0084745762711864,0.0,,,,,,,,,,
206,2024-09-08 09:47:22,data_scientist_interview.txt,2,0,0.089430894308943,0.016260162601626,0.0,0.0524078414472835,,,,,,,,,,
206,2024-09-08 09:47:22,data_scientist_interview.txt,3,0,0.104,0.0,0.008,0.0,,,,,,,,,,
206,2024-09-08 09:47:22,structural_engineer_interview.txt,1,0,0.075187969924812,0.0,0.0075187969924812,0.1294579871455792,,,,,,,,,,
206,2024-09-08 09:47:22,structural_engineer_interview.txt,2,0,0.04,0.0,0.016,0.0444434820554314,,,,,,,,,,
206,2024-09-08 09:47:22,structural_engineer_interview.txt,3,0,0.0654205607476635,0.0,0.0093457943925233,0.0492461992698414,,,,,,,,,,
206,2024-09-08 09:47:22,ai_ethicist_interview.txt,1,0,0.0671641791044776,0.0597014925373134,0.0,0.0,,,,,,,,,,
206,2024-09-08 09:47:22,ai_ethicist_interview.txt,2,0,0.0869565217391304,0.0608695652173913,0.0260869565217391,0.0463364020063631,,,,,,,,,,
206,2024-09-08 09:47:22,ai_ethicist_interview.txt,3,0,0.0962962962962963,0.0518518518518518,0.0,0.0627334709480612,,,,,,,,,,
206,2024-09-08 09:47:22,sales_manager_interview.txt,1,0,0.0454545454545454,0.0,0.0227272727272727,0.0927529785536527,,,,,,,,,,
206,2024-09-08 09:47:22,sales_manager_interview.txt,2,0,0.0727272727272727,0.0,0.0,0.1185601973267088,,,,,,,,,,
206,2024-09-08 09:47:22,sales_manager_interview.txt,3,0,0.0444444444444444,0.0,0.0,0.106219738259975,,,,,,,,,,
206,2024-09-08 09:47:22,frontend_developer_interview.txt,1,0,0.0338983050847457,0.0,0.0,0.0463880667322203,,,,,,,,,,
206,2024-09-08 09:47:22,frontend_developer_interview.txt,2,0,0.048076923076923,0.0,0.0192307692307692,0.0316033064174671,,,,,,,,,,
206,2024-09-08 09:47:22,frontend_developer_interview.txt,3,0,0.0677966101694915,0.0,0.0084745762711864,0.1521935579294296,,,,,,,,,,
206,2024-09-08 09:47:22,public_relations_specialist_interview.txt,1,0,0.0707070707070707,0.0,0.0,0.0612498751422564,,,,,,,,,,
206,2024-09-08 09:47:22,public_relations_specialist_interview.txt,2,0,0.1025641025641025,0.0341880341880341,0.0,0.0,,,,,,,,,,
206,2024-09-08 09:47:22,public_relations_specialist_interview.txt,3,0,0.0517241379310344,0.0,0.0086206896551724,0.1004132052736,,,,,,,,,,
206,2024-09-08 09:47:22,logistics_coordinator_interview.txt,1,0,0.0603448275862069,0.0,0.0344827586206896,0.0536258473420191,,,,,,,,,,
206,2024-09-08 09:47:22,logistics_coordinator_interview.txt,2,0,0.043010752688172,0.0,0.0,0.0355816989033996,,,,,,,,,,
206,2024-09-08 09:47:22,logistics_coordinator_interview.txt,3,0,0.054054054054054,0.0,0.0,0.041870378325629,,,,,,,,,,
206,2024-09-08 09:47:22,nurse_interview.txt,1,0,0.0652173913043478,0.0,0.0217391304347826,0.0792010942258981,,,,,,,,,,
206,2024-09-08 09:47:22,nurse_interview.txt,2,0,0.0514705882352941,0.0,0.0147058823529411,0.1370661560765469,,,,,,,,,,
206,2024-09-08 09:47:22,nurse_interview.txt,3,0,0.054054054054054,0.0,0.036036036036036,0.1152664333805689,,,,,,,,,,
206,2024-09-08 09:47:22,chemist_interview.txt,1,0,0.0727272727272727,0.0,0.0181818181818181,0.0527446151325422,,,,,,,,,,
206,2024-09-08 09:47:22,chemist_interview.txt,2,0,0.1075268817204301,0.0,0.0,0.1152384730306447,,,,,,,,,,
206,2024-09-08 09:47:22,chemist_interview.txt,3,0,0.0697674418604651,0.0,0.0077519379844961,0.0643850449549886,,,,,,,,,,
206,2024-09-08 09:47:22,manufacturing_engineer_interview.txt,1,0,0.0687022900763358,0.015267175572519,0.0229007633587786,0.0482168090314157,,,,,,,,,,
206,2024-09-08 09:47:22,manufacturing_engineer_interview.txt,2,0,0.0446428571428571,0.0,0.0089285714285714,0.0834938300109287,,,,,,,,,,
206,2024-09-08 09:47:22,manufacturing_engineer_interview.txt,3,0,0.0602409638554216,0.0,0.0,0.0635358168333495,,,,,,,,,,
206,2024-09-08 09:47:22,veterinarian_interview.txt,1,0,0.048076923076923,0.0,0.0096153846153846,0.0969298964109895,,,,,,,,,,
206,2024-09-08 09:47:22,veterinarian_interview.txt,2,0,0.05,0.0142857142857142,0.0,0.0695811870523281,,,,,,,,,,
206,2024-09-08 09:47:22,veterinarian_interview.txt,3,0,0.032520325203252,0.0,0.016260162601626,0.0394390204432756,,,,,,,,,,
206,2024-09-08 09:47:22,event_planner_interview.txt,1,0,0.0373134328358208,0.0,0.0,0.099059528098622,,,,,,,,,,
206,2024-09-08 09:47:22,event_planner_interview.txt,2,0,0.078125,0.0,0.0078125,0.0271201838699979,,,,,,,,,,
206,2024-09-08 09:47:22,event_planner_interview.txt,3,0,0.048076923076923,0.0,0.0,0.1572289573335409,,,,,,,,,,
206,2024-09-08 09:47:22,seo_specialist_interview.txt,1,0,0.0306122448979591,0.0,0.0,0.0418630458366323,,,,,,,,,,
206,2024-09-08 09:47:22,seo_specialist_interview.txt,2,0,0.0561797752808988,0.0,0.0,0.0469111864526693,,,,,,,,,,
206,2024-09-08 09:47:22,seo_specialist_interview.txt,3,0,0.0648148148148148,0.0,0.0092592592592592,0.1552382553045406,,,,,,,,,,
206,2024-09-08 09:47:22,procurement_specialist_interview.txt,1,0,0.1349206349206349,0.0079365079365079,0.0,0.0,,,,,,,,,,
206,2024-09-08 09:47:22,procurement_specialist_interview.txt,2,0,0.0467289719626168,0.0,0.0,0.0290324715415137,,,,,,,,,,
206,2024-09-08 09:47:22,procurement_specialist_interview.txt,3,0,0.0614035087719298,0.0,0.0087719298245614,0.0990984254553111,,,,,,,,,,
206,2024-09-08 09:47:22,aerospace_engineer_interview.txt,-999,0,0.0438041883420034,0.0,0.0178293539638077,0.0480739626699158,0.0092818447337929,-37.9994116530922,0.0,0.0,0.011075130789614,1.5910790693874617,0.0113061410215475,-49.35193438837489,93.0,76.0
206,2024-09-08 09:47:22,agricultural_engineer_interview.txt,-999,0,0.0456377917911273,0.0,0.0109669211195928,0.011394722776523,0.0069730377729906,-35.404123463912626,0.0,0.0,0.0114809600183229,-37.51084010840108,0.0098783166486343,-87.99515091413978,90.0,99.0
206,2024-09-08 09:47:22,ai_ethicist_interview.txt,-999,0,0.0834723323799681,0.0574743032021855,0.008695652173913,0.0363566243181414,0.014875306539273,18.14700635108176,0.0049040868504378,0.0,0.0150613113701641,-50.45245669848003,0.0325356583816519,-61.69667338376586,5.0,91.0
206,2024-09-08 09:47:22,ai_professor_interview.txt,-999,0,0.0658976546369447,0.0,0.0130909255756256,0.0340822291710896,0.0113684743774216,-6.728248763048711,0.0,0.0,0.0039311982797189,-25.408331791241707,0.0420786958568103,-64.09285019626586,35.0,92.0
206,2024-09-08 09:47:22,ai_software_developer_interview.txt,-999,0,0.0778981534001386,0.0,0.0052940064284363,0.0405685496256942,0.0204701310535737,10.257295586392232,0.0,0.0,0.0045886409905508,-69.8349235335802,0.0608665247425301,-57.25922205916984,12.0,88.0
206,2024-09-08 09:47:22,architect_interview.txt,-999,0,0.0584284540588831,0.0126262626262626,0.0228721806110592,0.0452142528201013,0.0115180748983522,-17.300179161695667,0.0218693283783949,0.0,0.0001329413508501,30.324941311064123,0.0438778740158845,-52.36476636767525,55.0,78.0
206,2024-09-08 09:47:22,astronomer_interview.txt,-999,0,0.0603797074385309,0.0052910052910052,0.0059134765017117,0.0224049461475774,0.019792235413115,-14.538368884388149,0.0091642899871369,0.0,0.0052056422918386,-66.30520320142512,0.0195158607931298,-76.39538911533178,47.0,96.0
206,2024-09-08 09:47:22,backend_developer_interview.txt,-999,0,0.0525201180281394,0.0,0.0060062486533074,0.0863875677914038,0.0090964815246191,-25.6628568855078,0.0,0.0,0.0052367468209077,-65.77659049861344,0.0423274975700418,-8.986841139563666,72.0,16.0
206,2024-09-08 09:47:22,barista_interview.txt,-999,0,0.0690503124326653,0.0,0.0081663434604611,0.087702429243304,0.0185405746278981,-2.265966830895792,0.0,0.0,0.0084133830483931,-53.46844053443765,0.0174195882811321,-7.601575906837013,26.0,14.0
206,2024-09-08 09:47:22,bartender_interview.txt,-999,0,0.0648439883734001,0.0,0.003030303030303,0.0772575823270087,0.0067063208083585,-8.219611364063041,0.0,0.0,0.0052486388108147,-82.73343187977335,0.0217111142556495,-18.605688373125343,36.0,27.0
206,2024-09-08 09:47:22,biologist_interview.txt,-999,0,0.0680868838763575,0.01,0.0063492063492063,0.0489864703554579,0.0312272387653812,-3.629606692338399,0.0173205080756887,0.0,0.0109971479845643,-63.822428700477474,0.0437409249891785,-48.3905668088853,29.0,74.0
206,2024-09-08 09:47:22,biomedical_engineer_interview.txt,-999,0,0.0799153086040311,0.0,0.0033003300330033,0.0789197619677442,0.017777004765244,13.112383516612752,0.0,0.0,0.0057163392989071,-81.19482679975314,0.0318817554345985,-16.854507924775135,9.0,25.0
206,2024-09-08 09:47:22,business_analyst_interview.txt,-999,0,0.0554979760406117,0.0,0.0093334027442554,0.0268847086642488,0.0098769086964874,-21.44798712590089,0.0,0.0,0.0016198096651814,-46.81857468852488,0.0465656813531662,-71.67575933513768,67.0,95.0
206,2024-09-08 09:47:22,business_intelligence_analyst_interview.txt,-999,0,0.0687741763372015,0.0,0.0128851540616246,0.1003877971033804,0.0087949076901518,-2.6568107440144217,0.0,0.0,0.0111623859076589,-26.580811186263105,0.0562029429299538,5.763025386719647,28.0,8.0
206,2024-09-08 09:47:22,chef_interview.txt,-999,0,0.0591523565948118,0.0,0.0047619047619047,0.0515835096244333,0.0049770976432038,-16.27556519594934,0.0,0.0,0.0082478609884232,-72.86682152535812,0.0224290882691609,-45.654470011661154,52.0,69.0
206,2024-09-08 09:47:22,chemical_engineer_interview.txt,-999,0,0.0570857948442534,0.0,0.0156272377372001,0.0708178587504109,0.0088954911151646,-19.20058331041517,0.0,0.0,0.0054242753193317,-10.95650757628681,0.0689536349550145,-25.390224619236847,61.0,39.0
206,2024-09-08 09:47:22,chemist_interview.txt,-999,0,0.0833405321027226,0.0,0.0086445853887714,0.0774560443727252,0.0209982089846374,17.960455816924977,0.0,0.0,0.0091237186848588,-50.74343357950845,0.0332341516828835,-18.396599748959304,6.0,26.0
206,2024-09-08 09:47:22,civil_engineer_interview.txt,-999,0,0.0520920733861342,0.0,0.011100938334159,0.0633969770053524,0.0132700815553927,-26.26871264148845,0.0,0.0,0.0034094988331135,-36.74721437808669,0.017188509235205,-33.20845479303192,75.0,52.0
206,2024-09-08 09:47:22,cloud_architect_interview.txt,-999,0,0.0513750234345706,0.0,0.0205519231971003,0.0554059647422291,0.0213410418229086,-27.283627437396945,0.0,0.0,0.0157025185318364,17.10419002185195,0.0280313285841514,-41.62734291725233,77.0,62.0
206,2024-09-08 09:47:22,computer_vision_engineer_interview.txt,-999,0,0.0635572654631547,0.0,0.0061162079510703,0.0732468589793307,0.0067984772898058,-10.040843088568238,0.0,0.0,0.0105935829209105,-65.1500459958728,0.0077880423033267,-22.831164451684472,39.0,36.0
206,2024-09-08 09:47:22,construction_manager_interview.txt,-999,0,0.0845533482626598,0.0,0.0189321197235666,0.076807083260755,0.0285329359907958,19.67707969055212,0.0,0.0,0.0084526221862361,7.874602506192673,0.0695745010677526,-19.0803092489258,4.0,29.0
206,2024-09-08 09:47:22,content_writer_interview.txt,-999,0,0.0580764914098247,0.0,0.0148582898582898,0.0816067372157191,0.0166320991283872,-17.798348221407025,0.0,0.0,0.0063801027372806,-15.337947583882524,0.0240057653765828,-14.02365955908776,57.0,22.0
206,2024-09-08 09:47:22,cto_of_a_fintec_interview.txt,-999,0,0.0668664343786295,0.0026666666666666,0.0079576719576719,0.0667679675719528,0.0094508374067066,-5.35703481670042,0.004618802153517,0.0,0.007936592592141,-54.65744397126511,0.0207608663908648,-29.656965755907265,33.0,45.0
206,2024-09-08 09:47:22,customer_service_representative_interview.txt,-999,0,0.0581985266195792,0.0,0.0059542796384901,0.0671208891698068,0.0164720762626921,-17.6256191950239,0.0,0.0,0.005159023304182,-66.07270825499324,0.0489025078385463,-29.28514709875597,56.0,43.0
206,2024-09-08 09:47:22,cybersecurity_specialist_interview.txt,-999,0,0.0773109926377253,0.0202599644579842,0.008,0.0511719302908732,0.0215075743575556,9.426226364435236,0.0111223276261782,0.0,0.013856406460551,-54.41626016260162,0.0555235444498658,-46.08808721175909,14.0,70.0
206,2024-09-08 09:47:22,data_engineer_interview.txt,-999,0,0.1035615547243454,0.0025641025641025,0.0056142823584684,0.0658105039181166,0.0353271404733433,46.58135594018026,0.0044411559168432,0.0,0.0049079869301384,-68.01000169973511,0.0781642140642681,-30.665696454751668,1.0,48.0
206,2024-09-08 09:47:22,data_scientist_interview.txt,-999,0,0.0927255523402691,0.005420054200542,0.0054915254237288,0.0174692804824278,0.0100410403865582,31.244043491977635,0.0093878092551158,0.0,0.0047617165254651,-68.70946672178586,0.0302576813672363,-81.5953332131787,2.0,98.0
206,2024-09-08 09:47:22,database_administrator_interview.txt,-999,0,0.0592641333048048,0.0095923261390887,0.0095923261390887,0.0610299134785249,0.0310134360817725,-16.1173560829545,0.0166143962356726,0.0,0.0166143962356726,-45.34323760503791,0.0403786741209838,-35.70226188018239,51.0,55.0
206,2024-09-08 09:47:22,dentist_interview.txt,-999,0,0.0558154645873944,0.0,0.0053931124106562,0.1005362506233277,0.0033214757424644,-20.998612820863087,0.0,0.0,0.0047201405129731,-69.27022086985002,0.033804447311336,5.919427796693483,66.0,6.0
206,2024-09-08 09:47:22,devops_engineer_interview.txt,-999,0,0.0781954887218045,0.0200501253132832,0.0122807017543859,0.073836056406711,0.0231500816817152,10.67814495211195,0.0347278357407293,0.0,0.0132453235706504,-30.024960775923542,0.0742014170742861,-22.210418661181293,11.0,35.0
206,2024-09-08 09:47:22,digital_marketing_specialist_interview.txt,-999,0,0.0566753539345686,0.0,0.0098898021657708,0.0832511521109623,0.018437893884227,-19.78152268733997,0.0,0.0,0.001141597288879,-43.64822887902008,0.0721138721343955,-12.291195063101242,63.0,19.0
206,2024-09-08 09:47:22,doctor_interview.txt,-999,0,0.0602297484650425,0.0,0.0097643097643097,0.0522903051616822,0.0089849186448038,-14.750621295312598,0.0,0.0,0.0091654259857348,-44.36328050149187,0.0202047210831162,-44.90982936303435,48.0,67.0
206,2024-09-08 09:47:22,electrical_engineer_interview.txt,-999,0,0.0770187338501292,0.0066666666666666,0.0034722222222222,0.039980860416496,0.0212295749208747,9.012562341282049,0.0115470053837925,0.0,0.0060140653040586,-80.21539069557362,0.0105493860274732,-57.87837887449393,15.0,90.0
206,2024-09-08 09:47:22,environmental_engineer_interview.txt,-999,0,0.0666202844774273,0.0,0.0146464646464646,0.0757482535843909,0.0073565622429902,-5.705436174509245,0.0,0.0,0.0137481389786022,-16.54492075223783,0.0665124574639047,-20.19583357730795,34.0,31.0
206,2024-09-08 09:47:22,environmental_scientist_interview.txt,-999,0,0.0539188210091536,0.0,0.0164064483371414,0.08260450506481,0.0118172493974848,-23.683128210514862,0.0,0.0,0.0206568954496431,-6.516590918003615,0.0269700022423844,-12.97246659143272,71.0,20.0
206,2024-09-08 09:47:22,event_planner_interview.txt,-999,0,0.0545051186375813,0.0,0.0026041666666666,0.0944695564340536,0.021151531321009,-22.85328067116309,0.0,0.0,0.0045105489780439,-85.16154302168022,0.0651757172032501,-0.4721053384833027,68.0,12.0
206,2024-09-08 09:47:22,financial_analyst_interview.txt,-999,0,0.0676149780212825,0.0029498525073746,0.0116001867826685,0.1144640016456769,0.0109990487697447,-4.297543749648227,0.0051092944176073,0.0,0.0104294293817635,-33.902512954201285,0.0486399351293362,20.59293520954837,31.0,3.0
206,2024-09-08 09:47:22,fire_protection_engineer_interview.txt,-999,0,0.0695367294204503,0.0240402362495385,0.0107281284606865,0.0328066995261925,0.0207734997884739,-1.57749066991461,0.0201060034230084,0.0,0.0041775518863019,-38.87147291323412,0.029641073128454,-65.43667761461074,25.0,94.0
206,2024-09-08 09:47:22,focus_group.txt,-999,0,0.0588235294117647,0.0,0.0,0.0,0.0,-16.74098824303796,0.0,0.0,0.0,-100.0,0.0,-100.0,53.0,100.0
206,2024-09-08 09:47:22,frontend_developer_interview.txt,-999,0,0.0499239461103867,0.0,0.0092351151673185,0.0767283103597056,0.0170244645281205,-29.337486925303224,0.0,0.0,0.0096379165726401,-47.37861410556739,0.0657715742358427,-19.163300016467915,83.0,30.0
206,2024-09-08 09:47:22,full_stack_developer_interview.txt,-999,0,0.0804121707008846,0.0123456790123456,0.0101876154369592,0.0483128022847362,0.0780055017087343,13.815643718392453,0.0213833433033194,0.0,0.0040072722095984,-41.95129854477313,0.0514378645862778,-49.10030619277265,8.0,75.0
206,2024-09-08 09:47:22,game_developer_interview.txt,-999,0,0.0521700521700521,0.0,0.0183890183890183,0.0658134742018097,0.0083272280313069,-26.15834122120914,0.0,0.0,0.0047618055766234,4.7800287637686125,0.0101708631617814,-30.662567128292565,74.0,47.0
206,2024-09-08 09:47:22,gardener_interview.txt,-999,0,0.0561706811706811,0.0,0.0053742553742553,0.0532605742376449,0.0070201583039181,-20.49583813223272,0.0,0.0,0.0046795082789833,-69.37766765002537,0.057417465439807,-43.88760758036767,65.0,66.0
206,2024-09-08 09:47:22,geneticist_interview.txt,-999,0,0.0611336032388664,0.0096153846153846,0.0101407364565259,0.0973580478295555,0.0279117427581266,-13.471302356226062,0.0166543346881622,0.0,0.008783849262908,-42.21841345076261,0.0114069685173857,2.571049283957322,44.0,9.0
206,2024-09-08 09:47:22,geologist_interview.txt,-999,0,0.0897087359987703,0.0,0.0084852734922861,0.0625965489539741,0.0186570725171784,26.97403198880508,0.0,0.0,0.0087032835354668,-51.651187584807126,0.0571174070875316,-34.05174147488816,3.0,53.0
206,2024-09-08 09:47:22,geotechnical_engineer_interview.txt,-999,0,0.0490826175135601,0.0,0.0171595985877226,0.0435843241744603,0.0151712282600357,-30.528306113392333,0.0,0.0,0.0080159839490695,-2.225165282882997,0.0296922241439828,-54.08196895306461,85.0,82.0
206,2024-09-08 09:47:22,graphic_designer_interview.txt,-999,0,0.06226017019951,0.0,0.0085736941223114,0.129589756863583,0.0253486704180317,-11.87675587526506,0.0,0.0,0.0084763150024872,-51.14736971039053,0.0422325155476891,36.5285935192658,42.0,1.0
206,2024-09-08 09:47:22,hotel_manager_interview.txt,-999,0,0.0742598600041829,0.0026455026455026,0.002710027100271,0.1165362468791539,0.029348878825487,5.107643471696633,0.0045821449935684,0.0,0.0046939046275579,-84.55835371361843,0.0222233416108369,22.77613806447352,18.0,2.0
206,2024-09-08 09:47:22,human_resources_manager_interview.txt,-999,0,0.0639151864060417,0.0,0.0236426564141502,0.0579282148176675,0.0148051245436644,-9.534240640706187,0.0,0.0,0.007475764681373,34.71508738095281,0.0734851947736557,-38.97003987388016,38.0,58.0
206,2024-09-08 09:47:22,industrial_engineer_interview.txt,-999,0,0.0708252286952335,0.0,0.0231474883646284,0.056356248609007,0.0225485441761457,0.2462553266415597,0.0,0.0,0.01226823742033,31.8936359378038,0.0528215330852058,-40.62617644456724,22.0,59.0
206,2024-09-08 09:47:22,it_manager_interview.txt,-999,0,0.0471973372676066,0.0,0.0051092318534179,0.1004112410170443,0.0142018613496248,-33.1967378061636,0.0,0.0,0.0044256013696548,-70.88776305310621,0.072368648424168,5.787724596260446,89.0,7.0
206,2024-09-08 09:47:22,logistics_coordinator_interview.txt,-999,0,0.0524698781094776,0.0,0.0114942528735632,0.0436926415236826,0.008774950040325,-25.733966627142763,0.0,0.0,0.019908629972056,-34.50612092327819,0.0091590559333901,-53.96785179055914,73.0,81.0
206,2024-09-08 09:47:22,lorry_driver_interview.txt,-999,0,0.0441927954072298,0.0,0.0025445292620865,0.086904860375448,0.0024919563434483,-37.44937596947936,0.0,0.0,0.0044072539632795,-85.50135501355014,0.0281047651195438,-8.44185031122339,92.0,15.0
206,2024-09-08 09:47:22,machine_learning_engineer_interview.txt,-999,0,0.0434991614619477,0.0,0.005050505050505,0.0497500160439961,0.0046712817333584,-38.43114767516897,0.0,0.0,0.0087477313513579,-71.2223864662889,0.0434329688699764,-47.5861373426463,95.0,73.0
206,2024-09-08 09:47:22,manufacturing_engineer_interview.txt,-999,0,0.0578620370248715,0.005089058524173,0.01060977826245,0.0650821519585646,0.012204857554227,-18.101887644095555,0.0088145079265591,0.0,0.0115425769617275,-39.54582849399921,0.0176892740534159,-31.43304775651628,58.0,49.0
206,2024-09-08 09:47:22,marine_engineer_interview.txt,-999,0,0.0574233716475095,0.0026041666666666,0.0147321428571428,0.0635955669632064,0.0125751911240016,-18.72277602288517,0.0045105489780439,0.0,0.0143066253205018,-16.05672909407666,0.0563358613200052,-32.99923140771915,60.0,51.0
206,2024-09-08 09:47:22,marketing_manager_interview.txt,-999,0,0.0574734490678158,0.0,0.0056307911617961,0.0433353117732308,0.010230270987519,-18.65189628194257,0.0,0.0,0.0048827850487395,-67.91593507524526,0.0335050053371757,-54.34431463324448,59.0,83.0
206,2024-09-08 09:47:22,materials_engineer_interview.txt,-999,0,0.0474263381919723,0.0,0.0098920236851271,0.0328230201157645,0.0029742707228518,-32.87260916504361,0.0,0.0,0.0091961938799908,-43.63557073397275,0.0090914319034334,-65.41948314497358,88.0,93.0
206,2024-09-08 09:47:22,mechanical_engineer_interview.txt,-999,0,0.0587078212465209,0.0,0.0029239766081871,0.0506481015165538,0.0130988129149364,-16.904761950374876,0.0,0.0,0.005064476045523,-83.3392763752199,0.0135803186403236,-46.639964208318496,54.0,72.0
206,2024-09-08 09:47:22,meteorologist_interview.txt,-999,0,0.0676512666704869,0.0,0.0157341100834086,0.0407192739003882,0.0157789142996009,-4.246180679445359,0.0,0.0,0.000801866882806,-10.34755242311398,0.0705278512427857,-57.10042730770777,30.0,87.0
206,2024-09-08 09:47:22,microbiologist_interview.txt,-999,0,0.0716161196083565,0.0,0.0024875621890547,0.081667457368724,0.023398475491293,1.3656848558227068,0.0,0.0,0.00430858409843,-85.82595154309752,0.0268522658028084,-13.95968816745406,20.0,21.0
206,2024-09-08 09:47:22,mining_engineer_interview.txt,-999,0,0.0430227868521879,0.0,0.0074074074074074,0.0562767771609436,0.009649375660832,-39.105409822159,0.0,0.0,0.0128300059819916,-57.79283348389039,0.0181598970628145,-40.70990316257054,96.0,60.0
206,2024-09-08 09:47:22,mobile_app_developer_interview.txt,-999,0,0.041177816918928,0.0,0.0183399508413688,0.0659675574070043,0.0148569985536164,-41.71678616935595,0.0,0.0,0.019463363791065,4.500443472954331,0.0383524739918186,-30.50023359361124,97.0,46.0
206,2024-09-08 09:47:22,natural_language_processing_engineer_interview.txt,-999,0,0.0622596833474696,0.0024691358024691,0.0159669211195928,0.0555975287871771,0.0423078956167013,-11.877444967201,0.0042766686606638,0.0,0.0138675385756967,-9.02100271002709,0.0342104300673422,-41.42552164481066,43.0,61.0
206,2024-09-08 09:47:22,network_administrator_interview.txt,-999,0,0.0611014125782108,0.0116959064327485,0.0237292955981766,0.0677886964885345,0.0239657375189806,-13.516865120323883,0.0202579041820921,0.0,0.024113132260403,35.208754634001025,0.0437899583450664,-28.581582278708154,46.0,42.0
206,2024-09-08 09:47:22,neuroscientist_interview.txt,-999,0,0.0512170987941831,0.0026666666666666,0.0144143248977901,0.0424897054500683,0.0090189791900086,-27.50715447873958,0.004618802153517,0.0,0.0055555106858179,-17.867645490924716,0.0430262860033163,-55.23519864110567,78.0,85.0
206,2024-09-08 09:47:22,no_persona_interview.txt,-999,0,0.0706512462380337,0.0,0.0175501177142041,0.094917667810953,0.0216471921120907,0.0,0.0,0.0,0.018795860180529,0.0,0.027153427299694,0.0,23.0,11.0
206,2024-09-08 09:47:22,nuclear_engineer_interview.txt,-999,0,0.050059110039249,0.0,0.0124101527403414,0.0769414793556188,0.0200813139447434,-29.146175467884788,0.0,0.0,0.0144685954856044,-29.287353267737515,0.0325555052122015,-18.938716963776685,82.0,28.0
206,2024-09-08 09:47:22,nurse_interview.txt,-999,0,0.0569140111978986,0.0,0.0241603496079199,0.110511227894338,0.00730603618957,-19.443726433150843,0.0,0.0,0.0108692497785903,37.66488636350152,0.0292241395109772,16.428511617502693,62.0,4.0
206,2024-09-08 09:47:22,occupational_therapist_interview.txt,-999,0,0.0388266702776472,0.0,0.0174767476747674,0.0615201787989723,0.0141881073971164,-45.044606648784544,0.0,0.0,0.0155319870303768,-0.4180600986927913,0.0268749397537979,-35.185745480491875,99.0,54.0
206,2024-09-08 09:47:22,operations_manager_interview.txt,-999,0,0.079441426899054,0.0,0.0176617295261363,0.0467300039765822,0.01712062624118,12.441649835029068,0.0,0.0,0.018028582799709,0.6359604747368337,0.0464816574667467,-50.76785486380242,10.0,77.0
206,2024-09-08 09:47:22,petroleum_engineer_interview.txt,-999,0,0.0706107614739171,0.0029498525073746,0.0031446540880503,0.0709193675903395,0.0379558416578355,-0.0573022646765224,0.0051092944176073,0.0,0.0054467006527323,-82.08186327146291,0.0139780483598758,-25.283280525192325,24.0,38.0
206,2024-09-08 09:47:22,pharmacist_interview.txt,-999,0,0.0645829113740921,0.0140350877192982,0.0031152647975077,0.0541581181564369,0.0200595609157627,-8.58914058429555,0.0243094850185105,0.0,0.0053957969083142,-82.24932249322492,0.0484690715946676,-42.942004997106174,37.0,63.0
206,2024-09-08 09:47:22,physical_therapist_interview.txt,-999,0,0.0776564825783282,0.0023980815347721,0.0071024840101145,0.0753677820916746,0.0263030992224335,9.915233931886933,0.0041535990589181,0.0,0.0063070196502622,-59.53027708545715,0.0262464004677375,-20.59667727847652,13.0,32.0
206,2024-09-08 09:47:22,physicist_interview.txt,-999,0,0.0540255783582419,0.0,0.0194209260447205,0.0967461934706365,0.0059320815056105,-23.532023517005825,0.0,0.0,0.019891147418598,10.659805027987248,0.0295358062180704,1.926433404711787,70.0,10.0
206,2024-09-08 09:47:22,procurement_specialist_interview.txt,-999,0,0.0810177052183938,0.0026455026455026,0.0029239766081871,0.0427102989989416,0.0472544165185173,14.672719212105775,0.0045821449935684,0.0,0.005064476045523,-83.3392763752199,0.0509454286947989,-55.00279349045167,7.0,84.0
206,2024-09-08 09:47:22,product_manager_interview.txt,-999,0,0.0687865128083843,0.0,0.0117481082467615,0.0522449495829317,0.0379708936764512,-2.6393496632272644,0.0,0.0,0.0135349961143919,-33.05966126225324,0.0454785440816327,-44.957613489842906,27.0,68.0
206,2024-09-08 09:47:22,professor_of_classics_interview.txt,-999,0,0.0611153552330022,0.0,0.0061681238151826,0.0728153593663539,0.0261419994381492,-13.49713064211734,0.0,0.0,0.0054087721688619,-64.85423109048168,0.0363220071548864,-23.285768555354807,45.0,37.0
206,2024-09-08 09:47:22,project_manager_interview.txt,-999,0,0.040186022406408,0.0,0.0313364648842841,0.0600194207659177,0.0098787579116307,-43.12057529598863,0.0,0.0,0.0214392955446953,78.55415783862236,0.0497708470280647,-36.76686105956788,98.0,56.0
206,2024-09-08 09:47:22,psychologist_interview.txt,-999,0,0.0507208066598474,0.002415458937198,0.0261500725978538,0.0400466858845506,0.0188810284074656,-28.20960795374773,0.0041836976028233,0.0,0.0047909399839845,49.00226325370636,0.017954888617755,-57.80902880556296,79.0,89.0
206,2024-09-08 09:47:22,public_relations_specialist_interview.txt,-999,0,0.0749984370674025,0.0113960113960113,0.0028735632183908,0.0538876934719521,0.0256902193432022,6.153027810327046,0.0197384707415256,0.0,0.004977157493014,-83.62653023081955,0.050609823528041,-43.22690947350289,17.0,64.0
206,2024-09-08 09:47:22,quality_control_engineer_interview.txt,-999,0,0.0442535005595821,0.0,0.0132078290751531,0.0707746374070316,0.0069378325017299,-37.36345370259146,0.0,0.0,0.0159500015841685,-24.74221945267413,0.0364743133413402,-25.435760233813227,91.0,40.0
206,2024-09-08 09:47:22,restaurant_manager_interview.txt,-999,0,0.0598364598364598,0.0037037037037037,0.0074074074074074,0.0424769058623897,0.0138875926258032,-15.307283278680444,0.0064150029909958,0.0,0.0128300059819916,-57.79283348389039,0.0043504564912869,-55.24868357807652,50.0,86.0
206,2024-09-08 09:47:22,retail_manager_interview.txt,-999,0,0.0758071108654853,0.0,0.0075596122183459,0.0207524511111663,0.0432659891979006,7.297627291783115,0.0,0.0,0.0001813744648619,-56.92557542091257,0.0359442997061293,-78.13636640072222,16.0,97.0
206,2024-09-08 09:47:22,robotics_engineer_interview.txt,-999,0,0.051847618529253,0.0,0.0128342245989304,0.0740966363403292,0.0081822189381443,-26.61471482814148,0.0,0.0,0.015058960257036,-26.87100560845181,0.0446363190310999,-21.9358860692752,76.0,34.0
206,2024-09-08 09:47:22,safety_engineer_interview.txt,-999,0,0.0733248904755256,0.0353818897376066,0.0136332209834932,0.0536626179032506,0.0116070793891186,3.784284609055732,0.0068416037276799,0.0,0.0129881041895934,-22.31835019283561,0.0179059943930516,-43.46403663211555,19.0,65.0
206,2024-09-08 09:47:22,sales_manager_interview.txt,-999,0,0.0542087542087542,0.0,0.0075757575757575,0.1058443047134455,0.0160454579898233,-23.27275583205214,0.0,0.0,0.0131215970270369,-56.83357969943335,0.0129077049842715,11.511699723022131,69.0,5.0
206,2024-09-08 09:47:22,seo_specialist_interview.txt,-999,0,0.0505356116645576,0.0,0.0030864197530864,0.0813374958646141,0.017786128989338,-28.47173354268058,0.0,0.0,0.0053458358258298,-82.41368061828766,0.0640496886430233,-14.307317340946923,81.0,23.0
206,2024-09-08 09:47:22,shop_assistant_interview.txt,-999,0,0.0489036708548903,0.0,0.0092592592592592,0.0794152865978313,0.0075805131521386,-30.781587786679367,0.0,0.0,0.0160375074774896,-47.241041854862985,0.0401423217191564,-16.33245060761253,86.0,24.0
206,2024-09-08 09:47:22,social_media_manager_interview.txt,-999,0,0.0296239503468419,0.0,0.0209090909090909,0.0848462323556859,0.0067165528586563,-58.07016588633869,0.0,0.0,0.0200618877188308,19.139320029563933,0.0735823879732686,-10.610706823650888,100.0,18.0
206,2024-09-08 09:47:22,software_quality_assurance_tester_interview.txt,-999,0,0.0627642535693474,0.0056598796076456,0.0115595846223948,0.0438768814903346,0.0181416985019682,-11.163274660596784,0.0049147827406753,0.0,0.0136025410689936,-34.133862743045,0.0023085626447115,-53.77374676153655,41.0,80.0
206,2024-09-08 09:47:22,speech_therapist_interview.txt,-999,0,0.0566419602666937,0.0,0.0063492063492063,0.0669799041283666,0.0087029981677694,-19.828788191705456,0.0,0.0,0.0109971479845643,-63.822428700477474,0.0210258350421744,-29.43368113324256,64.0,44.0
206,2024-09-08 09:47:22,structural_engineer_interview.txt,-999,0,0.0602028435574918,0.0,0.0109548637950015,0.0743825561569507,0.0181649865500866,-14.788702587552052,0.0,0.0,0.0044636901068712,-37.57954235181449,0.0477571339916643,-21.63465677949648,49.0,33.0
206,2024-09-08 09:47:22,supply_chain_manager_interview.txt,-999,0,0.05067002529167,0.0024509803921568,0.0032362459546925,0.0509030104831107,0.0073255610704311,-28.281484064759724,0.0042452225675707,0.0,0.0056053424193167,-81.5599757939327,0.0520217889794126,-46.37140623335371,80.0,71.0
206,2024-09-08 09:47:22,system_administrator_interview.txt,-999,0,0.0629987853478823,0.0,0.0130332506834509,0.059678546880821,0.0263361972264076,-10.831317630787623,0.0,0.0,0.0113197117684075,-25.73696145124717,0.0572030717304857,-37.125986913540174,40.0,57.0
206,2024-09-08 09:47:22,transportation_engineer_interview.txt,-999,0,0.0479969096581271,0.0026881720430107,0.0127870533967698,0.0877644376661939,0.022415511051796,-32.065020486094426,0.0046560505579808,0.0,0.0045281626931149,-27.139785584340416,0.045840955633769,-7.536247265373319,87.0,13.0
206,2024-09-08 09:47:22,travel_agent_interview.txt,-999,0,0.0497028200548739,0.0,0.0186578693637728,0.0852174211265346,0.032474334301964,-29.650469451850384,0.0,0.0,0.0069876896278449,6.311932874798359,0.0389138725049479,-10.21964288433452,84.0,17.0
206,2024-09-08 09:47:22,veterinarian_interview.txt,-999,0,0.0435324160933917,0.0047619047619047,0.0086251824056702,0.0686500346355311,0.0095851012275583,-38.38407896341272,0.0082478609884232,0.0,0.008175181788188,-50.8539911462279,0.0287567468344603,-27.674124092196408,94.0,41.0
206,2024-09-08 09:47:22,warehouse_manager_interview.txt,-999,0,0.0671234125691957,0.0,0.0040160642570281,0.0650412265723094,0.0171348523519315,-4.993307063476649,0.0,0.0,0.006956027339634,-77.11659646716949,0.0177789052236073,-31.47616447777486,32.0,50.0
206,2024-09-08 09:47:22,water_resources_engineer_interview.txt,-999,0,0.0713094122969675,0.0062893081761006,0.0,0.0440006396611022,0.0450911559835901,0.9315703458595976,0.0108934013054646,0.0,0.0,-100.0,0.0503493136199581,-53.64336200428139,21.0,79.0
207,2024-09-08 09:50:12,restaurant_manager_interview.txt,1,0,0.0714285714285714,0.0,0.0,0.0466530557892966,,,,,,,,,,
207,2024-09-08 09:50:12,restaurant_manager_interview.txt,2,0,0.0636363636363636,0.0,0.0,0.0428067433298522,,,,,,,,,,
207,2024-09-08 09:50:12,restaurant_manager_interview.txt,3,0,0.0444444444444444,0.0111111111111111,0.0222222222222222,0.0379709184680204,,,,,,,,,,
207,2024-09-08 09:50:12,geneticist_interview.txt,1,0,0.0384615384615384,0.0288461538461538,0.0,0.0937095795782794,,,,,,,,,,
207,2024-09-08 09:50:12,geneticist_interview.txt,2,0,0.0526315789473684,0.0,0.0150375939849624,0.0882216505718651,,,,,,,,,,
207,2024-09-08 09:50:12,geneticist_interview.txt,3,0,0.0923076923076923,0.0,0.0153846153846153,0.1101429133385219,,,,,,,,,,
207,2024-09-08 09:50:12,speech_therapist_interview.txt,1,0,0.0510204081632653,0.0,0.0,0.0432621003107774,,,,,,,,,,
207,2024-09-08 09:50:12,speech_therapist_interview.txt,2,0,0.0522388059701492,0.0,0.0,0.0833315864428225,,,,,,,,,,
207,2024-09-08 09:50:12,speech_therapist_interview.txt,3,0,0.0666666666666666,0.0,0.019047619047619,0.0743460256315,,,,,,,,,,
207,2024-09-08 09:50:12,customer_service_representative_interview.txt,1,0,0.0545454545454545,0.0,0.009090909090909,0.0311974890850877,,,,,,,,,,
207,2024-09-08 09:50:12,customer_service_representative_interview.txt,2,0,0.0761904761904762,0.0,0.0,0.122813044651559,,,,,,,,,,
207,2024-09-08 09:50:12,customer_service_representative_interview.txt,3,0,0.043859649122807,0.0,0.0087719298245614,0.0473521337727738,,,,,,,,,,
207,2024-09-08 09:50:12,construction_manager_interview.txt,1,0,0.055045871559633,0.0,0.0091743119266055,0.0948117237060615,,,,,,,,,,
207,2024-09-08 09:50:12,construction_manager_interview.txt,2,0,0.0866141732283464,0.0,0.0236220472440944,0.1356095260762036,,,,,,,,,,
207,2024-09-08 09:50:12,construction_manager_interview.txt,3,0,0.112,0.0,0.024,0.0,,,,,,,,,,
207,2024-09-08 09:50:12,doctor_interview.txt,1,0,0.0545454545454545,0.0,0.0181818181818181,0.0673965703749538,,,,,,,,,,
207,2024-09-08 09:50:12,doctor_interview.txt,2,0,0.0705882352941176,0.0,0.0,0.0293397273927395,,,,,,,,,,
207,2024-09-08 09:50:12,doctor_interview.txt,3,0,0.0555555555555555,0.0,0.0111111111111111,0.0601346177173533,,,,,,,,,,
207,2024-09-08 09:50:12,human_resources_manager_interview.txt,1,0,0.0693069306930693,0.0,0.0198019801980198,0.1425669620819004,,,,,,,,,,
207,2024-09-08 09:50:12,human_resources_manager_interview.txt,2,0,0.0471698113207547,0.0,0.0188679245283018,0.0103852698901538,,,,,,,,,,
207,2024-09-08 09:50:12,human_resources_manager_interview.txt,3,0,0.075268817204301,0.0,0.032258064516129,0.0208324124809482,,,,,,,,,,
207,2024-09-08 09:50:12,water_resources_engineer_interview.txt,1,0,0.1226415094339622,0.0188679245283018,0.0,0.0,,,,,,,,,,
207,2024-09-08 09:50:12,water_resources_engineer_interview.txt,2,0,0.0380952380952381,0.0,0.0,0.0989100944553876,,,,,,,,,,
207,2024-09-08 09:50:12,water_resources_engineer_interview.txt,3,0,0.0531914893617021,0.0,0.0,0.0330918245279189,,,,,,,,,,
207,2024-09-08 09:50:12,project_manager_interview.txt,1,0,0.0515463917525773,0.0,0.0515463917525773,0.0555355117717458,,,,,,,,,,
207,2024-09-08 09:50:12,project_manager_interview.txt,2,0,0.0336134453781512,0.0,0.0336134453781512,0.1118805059888638,,,,,,,,,,
207,2024-09-08 09:50:12,project_manager_interview.txt,3,0,0.0353982300884955,0.0,0.0088495575221238,0.0126422445371434,,,,,,,,,,
207,2024-09-08 09:50:12,biologist_interview.txt,1,0,0.1,0.03,0.0,0.0628254664475309,,,,,,,,,,
207,2024-09-08 09:50:12,biologist_interview.txt,2,0,0.0666666666666666,0.0,0.019047619047619,0.084133944618843,,,,,,,,,,
207,2024-09-08 09:50:12,biologist_interview.txt,3,0,0.037593984962406,0.0,0.0,0.0,,,,,,,,,,
207,2024-09-08 09:50:12,occupational_therapist_interview.txt,1,0,0.0227272727272727,0.0,0.0227272727272727,0.0619600680328602,,,,,,,,,,
207,2024-09-08 09:50:12,occupational_therapist_interview.txt,2,0,0.0495049504950495,0.0,0.0297029702970297,0.0881724737587123,,,,,,,,,,
207,2024-09-08 09:50:12,occupational_therapist_interview.txt,3,0,0.0442477876106194,0.0,0.0,0.0344279946053444,,,,,,,,,,
207,2024-09-08 09:50:12,network_administrator_interview.txt,1,0,0.0543478260869565,0.0,0.0108695652173913,0.0181441553921881,,,,,,,,,,
207,2024-09-08 09:50:12,network_administrator_interview.txt,2,0,0.087719298245614,0.0350877192982456,0.0087719298245614,0.1009251180073442,,,,,,,,,,
207,2024-09-08 09:50:12,network_administrator_interview.txt,3,0,0.0412371134020618,0.0,0.0515463917525773,0.0842968160660713,,,,,,,,,,
207,2024-09-08 09:50:12,neuroscientist_interview.txt,1,0,0.0442477876106194,0.0,0.0176991150442477,0.0414359038364657,,,,,,,,,,
207,2024-09-08 09:50:12,neuroscientist_interview.txt,2,0,0.0614035087719298,0.0,0.0175438596491228,0.0,,,,,,,,,,
207,2024-09-08 09:50:12,neuroscientist_interview.txt,3,0,0.048,0.008,0.008,0.0860332125137391,,,,,,,,,,
207,2024-09-08 09:50:12,retail_manager_interview.txt,1,0,0.0661764705882353,0.0,0.0073529411764705,0.0,,,,,,,,,,
207,2024-09-08 09:50:12,retail_manager_interview.txt,2,0,0.123076923076923,0.0,0.0076923076923076,0.0,,,,,,,,,,
207,2024-09-08 09:50:12,retail_manager_interview.txt,3,0,0.0381679389312977,0.0,0.0076335877862595,0.0622573533334991,,,,,,,,,,
207,2024-09-08 09:50:12,agricultural_engineer_interview.txt,1,0,0.04,0.0,0.01,0.01754081509232,,,,,,,,,,
207,2024-09-08 09:50:12,agricultural_engineer_interview.txt,2,0,0.0434782608695652,0.0,0.0,0.016643353237249,,,,,,,,,,
207,2024-09-08 09:50:12,agricultural_engineer_interview.txt,3,0,0.0534351145038167,0.0,0.0229007633587786,0.0,,,,,,,,,,
207,2024-09-08 09:50:12,electrical_engineer_interview.txt,1,0,0.0581395348837209,0.0,0.0,0.0515248660596885,,,,,,,,,,
207,2024-09-08 09:50:12,electrical_engineer_interview.txt,2,0,0.0729166666666666,0.0,0.0104166666666666,0.0375765713355705,,,,,,,,,,
207,2024-09-08 09:50:12,electrical_engineer_interview.txt,3,0,0.1,0.02,0.0,0.030841143854229,,,,,,,,,,
207,2024-09-08 09:50:12,quality_control_engineer_interview.txt,1,0,0.0515463917525773,0.0,0.0309278350515463,0.0571315807160011,,,,,,,,,,
207,2024-09-08 09:50:12,quality_control_engineer_interview.txt,2,0,0.0377358490566037,0.0,0.0,0.0430885464951094,,,,,,,,,,
207,2024-09-08 09:50:12,quality_control_engineer_interview.txt,3,0,0.0434782608695652,0.0,0.008695652173913,0.1121037850099844,,,,,,,,,,
207,2024-09-08 09:50:12,machine_learning_engineer_interview.txt,1,0,0.0454545454545454,0.0,0.0151515151515151,0.0691364256495546,,,,,,,,,,
207,2024-09-08 09:50:12,machine_learning_engineer_interview.txt,2,0,0.0381679389312977,0.0,0.0,0.0801136224824336,,,,,,,,,,
207,2024-09-08 09:50:12,machine_learning_engineer_interview.txt,3,0,0.046875,0.0,0.0,0.0,,,,,,,,,,
207,2024-09-08 09:50:12,psychologist_interview.txt,1,0,0.0384615384615384,0.0,0.0288461538461538,0.0323961959726534,,,,,,,,,,
207,2024-09-08 09:50:12,psychologist_interview.txt,2,0,0.072463768115942,0.0072463768115942,0.0289855072463768,0.0605596667072056,,,,,,,,,,
207,2024-09-08 09:50:12,psychologist_interview.txt,3,0,0.0412371134020618,0.0,0.0206185567010309,0.0271841949737927,,,,,,,,,,
207,2024-09-08 09:50:12,geologist_interview.txt,1,0,0.0725806451612903,0.0,0.0080645161290322,0.0759044861163816,,,,,,,,,,
207,2024-09-08 09:50:12,geologist_interview.txt,2,0,0.0869565217391304,0.0,0.017391304347826,0.1118851607455407,,,,,,,,,,
207,2024-09-08 09:50:12,geologist_interview.txt,3,0,0.1095890410958904,0.0,0.0,0.0,,,,,,,,,,
207,2024-09-08 09:50:12,chemical_engineer_interview.txt,1,0,0.046875,0.0,0.015625,0.0,,,,,,,,,,
207,2024-09-08 09:50:12,chemical_engineer_interview.txt,2,0,0.0631578947368421,0.0,0.0210526315789473,0.0747112850356365,,,,,,,,,,
207,2024-09-08 09:50:12,chemical_engineer_interview.txt,3,0,0.0612244897959183,0.0,0.010204081632653,0.1377422912155963,,,,,,,,,,
207,2024-09-08 09:50:12,no_persona_interview.txt,1,0,0.0467289719626168,0.0,0.0373831775700934,0.0635731657580273,,,,,,,,,,
207,2024-09-08 09:50:12,no_persona_interview.txt,2,0,0.0888888888888888,0.0,0.0,0.1099189066092266,,,,,,,,,,
207,2024-09-08 09:50:12,no_persona_interview.txt,3,0,0.0763358778625954,0.0,0.015267175572519,0.111260931065605,,,,,,,,,,
207,2024-09-08 09:50:12,financial_analyst_interview.txt,1,0,0.0619469026548672,0.0088495575221238,0.0,0.0598254669070187,,,,,,,,,,
207,2024-09-08 09:50:12,financial_analyst_interview.txt,2,0,0.0606060606060606,0.0,0.0202020202020202,0.1530445380640685,,,,,,,,,,
207,2024-09-08 09:50:12,financial_analyst_interview.txt,3,0,0.0802919708029197,0.0,0.0145985401459854,0.1305219999659435,,,,,,,,,,
207,2024-09-08 09:50:12,civil_engineer_interview.txt,1,0,0.037593984962406,0.0,0.0150375939849624,0.0831598154358535,,,,,,,,,,
207,2024-09-08 09:50:12,civil_engineer_interview.txt,2,0,0.055045871559633,0.0,0.0091743119266055,0.0551022249278976,,,,,,,,,,
207,2024-09-08 09:50:12,civil_engineer_interview.txt,3,0,0.0636363636363636,0.0,0.009090909090909,0.0519288906523061,,,,,,,,,,
207,2024-09-08 09:50:12,meteorologist_interview.txt,1,0,0.0495867768595041,0.0,0.0165289256198347,0.0,,,,,,,,,,
207,2024-09-08 09:50:12,meteorologist_interview.txt,2,0,0.0746268656716417,0.0,0.0149253731343283,0.0,,,,,,,,,,
207,2024-09-08 09:50:12,meteorologist_interview.txt,3,0,0.0787401574803149,0.0,0.0157480314960629,0.1221578217011647,,,,,,,,,,
207,2024-09-08 09:50:12,shop_assistant_interview.txt,1,0,0.040650406504065,0.0,0.0,0.1223705927244681,,,,,,,,,,
207,2024-09-08 09:50:12,shop_assistant_interview.txt,2,0,0.0555555555555555,0.0,0.0277777777777777,0.0428532956412062,,,,,,,,,,
207,2024-09-08 09:50:12,shop_assistant_interview.txt,3,0,0.0505050505050505,0.0,0.0,0.0730219714278197,,,,,,,,,,
207,2024-09-08 09:50:12,social_media_manager_interview.txt,1,0,0.036144578313253,0.0,0.0,0.1233699304830566,,,,,,,,,,
207,2024-09-08 09:50:12,social_media_manager_interview.txt,2,0,0.03,0.0,0.04,0.0,,,,,,,,,,
207,2024-09-08 09:50:12,social_media_manager_interview.txt,3,0,0.0227272727272727,0.0,0.0227272727272727,0.1311687665840011,,,,,,,,,,
207,2024-09-08 09:50:12,marine_engineer_interview.txt,1,0,0.0666666666666666,0.0,0.0285714285714285,0.0835429425346109,,,,,,,,,,
207,2024-09-08 09:50:12,marine_engineer_interview.txt,2,0,0.043103448275862,0.0,0.0,0.1072437583550084,,,,,,,,,,
207,2024-09-08 09:50:12,marine_engineer_interview.txt,3,0,0.0625,0.0078125,0.015625,0.0,,,,,,,,,,
207,2024-09-08 09:50:12,warehouse_manager_interview.txt,1,0,0.072289156626506,0.0,0.0120481927710843,0.081493124342657,,,,,,,,,,
207,2024-09-08 09:50:12,warehouse_manager_interview.txt,2,0,0.081081081081081,0.0,0.0,0.0461808634688753,,,,,,,,,,
207,2024-09-08 09:50:12,warehouse_manager_interview.txt,3,0,0.048,0.0,0.0,0.067449691905396,,,,,,,,,,
207,2024-09-08 09:50:12,business_intelligence_analyst_interview.txt,1,0,0.0666666666666666,0.0,0.019047619047619,0.0519120125435854,,,,,,,,,,
207,2024-09-08 09:50:12,business_intelligence_analyst_interview.txt,2,0,0.0784313725490196,0.0,0.0196078431372549,0.1619933830165744,,,,,,,,,,
207,2024-09-08 09:50:12,business_intelligence_analyst_interview.txt,3,0,0.0612244897959183,0.0,0.0,0.0872579957499813,,,,,,,,,,
207,2024-09-08 09:50:12,full_stack_developer_interview.txt,1,0,0.0393700787401574,0.0,0.0078740157480314,0.0425483283606354,,,,,,,,,,
207,2024-09-08 09:50:12,full_stack_developer_interview.txt,2,0,0.1703703703703703,0.037037037037037,0.0148148148148148,0.1023900784935733,,,,,,,,,,
207,2024-09-08 09:50:12,full_stack_developer_interview.txt,3,0,0.0314960629921259,0.0,0.0078740157480314,0.0,,,,,,,,,,
207,2024-09-08 09:50:12,focus_group_interview.txt,1,0,0.0588235294117647,0.0,0.0,0.0,,,,,,,,,,
207,2024-09-08 09:50:12,focus_group_interview.txt,2,0,0.0588235294117647,0.0,0.0,0.0,,,,,,,,,,
207,2024-09-08 09:50:12,focus_group_interview.txt,3,0,0.0588235294117647,0.0,0.0,0.0,,,,,,,,,,
207,2024-09-08 09:50:12,travel_agent_interview.txt,1,0,0.0531914893617021,0.0,0.0106382978723404,0.1283619363588929,,,,,,,,,,
207,2024-09-08 09:50:12,travel_agent_interview.txt,2,0,0.0802919708029197,0.0,0.0218978102189781,0.0745172643816199,,,,,,,,,,
207,2024-09-08 09:50:12,travel_agent_interview.txt,3,0,0.015625,0.0,0.0234375,0.0527730626390911,,,,,,,,,,
207,2024-09-08 09:50:12,robotics_engineer_interview.txt,1,0,0.0490196078431372,0.0,0.0294117647058823,0.0571924000726199,,,,,,,,,,
207,2024-09-08 09:50:12,robotics_engineer_interview.txt,2,0,0.0454545454545454,0.0,0.009090909090909,0.0403813965559999,,,,,,,,,,
207,2024-09-08 09:50:12,robotics_engineer_interview.txt,3,0,0.0610687022900763,0.0,0.0,0.1247161123923678,,,,,,,,,,
207,2024-09-08 09:50:12,biomedical_engineer_interview.txt,1,0,0.0909090909090909,0.0,0.0,0.1025907901717319,,,,,,,,,,
207,2024-09-08 09:50:12,biomedical_engineer_interview.txt,2,0,0.0594059405940594,0.0,0.0099009900990099,0.0426668739812379,,,,,,,,,,
207,2024-09-08 09:50:12,biomedical_engineer_interview.txt,3,0,0.089430894308943,0.0,0.0,0.0915016217502627,,,,,,,,,,
207,2024-09-08 09:50:12,marketing_manager_interview.txt,1,0,0.0459770114942528,0.0,0.0,0.0775670553173294,,,,,,,,,,
207,2024-09-08 09:50:12,marketing_manager_interview.txt,2,0,0.0655737704918032,0.0,0.0081967213114754,0.0418311722270583,,,,,,,,,,
207,2024-09-08 09:50:12,marketing_manager_interview.txt,3,0,0.0608695652173913,0.0,0.008695652173913,0.0106077077753049,,,,,,,,,,
207,2024-09-08 09:50:12,professor_of_classics_interview.txt,1,0,0.0909090909090909,0.0,0.0101010101010101,0.1139617522607703,,,,,,,,,,
207,2024-09-08 09:50:12,professor_of_classics_interview.txt,2,0,0.0504201680672268,0.0,0.0,0.0452051914403515,,,,,,,,,,
207,2024-09-08 09:50:12,professor_of_classics_interview.txt,3,0,0.042016806722689,0.0,0.0084033613445378,0.0592791343979399,,,,,,,,,,
207,2024-09-08 09:50:12,environmental_engineer_interview.txt,1,0,0.0612244897959183,0.0,0.0,0.1026424642988634,,,,,,,,,,
207,2024-09-08 09:50:12,environmental_engineer_interview.txt,2,0,0.0636363636363636,0.0,0.0272727272727272,0.1246022964543093,,,,,,,,,,
207,2024-09-08 09:50:12,environmental_engineer_interview.txt,3,0,0.075,0.0,0.0166666666666666,0.0,,,,,,,,,,
207,2024-09-08 09:50:12,physical_therapist_interview.txt,1,0,0.1079136690647482,0.0071942446043165,0.0,0.0976563572315262,,,,,,,,,,
207,2024-09-08 09:50:12,physical_therapist_interview.txt,2,0,0.0648148148148148,0.0,0.0092592592592592,0.0464390040542306,,,,,,,,,,
207,2024-09-08 09:50:12,physical_therapist_interview.txt,3,0,0.0602409638554216,0.0,0.0120481927710843,0.0820079849892669,,,,,,,,,,
207,2024-09-08 09:50:12,astronomer_interview.txt,1,0,0.0392156862745098,0.0,0.0,0.0357008884926808,,,,,,,,,,
207,2024-09-08 09:50:12,astronomer_interview.txt,2,0,0.0634920634920634,0.0158730158730158,0.0079365079365079,0.0,,,,,,,,,,
207,2024-09-08 09:50:12,astronomer_interview.txt,3,0,0.0784313725490196,0.0,0.0098039215686274,0.0315139499500514,,,,,,,,,,
207,2024-09-08 09:50:12,ai_professor_interview.txt,1,0,0.0606060606060606,0.0,0.0101010101010101,0.0211330472249737,,,,,,,,,,
207,2024-09-08 09:50:12,ai_professor_interview.txt,2,0,0.0789473684210526,0.0,0.0175438596491228,0.0811136402882951,,,,,,,,,,
207,2024-09-08 09:50:12,ai_professor_interview.txt,3,0,0.0581395348837209,0.0,0.0116279069767441,0.0,,,,,,,,,,
207,2024-09-08 09:50:12,game_developer_interview.txt,1,0,0.0439560439560439,0.0,0.0219780219780219,0.0605193719036507,,,,,,,,,,
207,2024-09-08 09:50:12,game_developer_interview.txt,2,0,0.0606060606060606,0.0,0.0202020202020202,0.0593816587862705,,,,,,,,,,
207,2024-09-08 09:50:12,game_developer_interview.txt,3,0,0.0519480519480519,0.0,0.0129870129870129,0.0775393919155081,,,,,,,,,,
207,2024-09-08 09:50:12,fire_protection_engineer_interview.txt,1,0,0.0930232558139534,0.0465116279069767,0.0077519379844961,0.0,,,,,,,,,,
207,2024-09-08 09:50:12,fire_protection_engineer_interview.txt,2,0,0.0535714285714285,0.0178571428571428,0.0089285714285714,0.0407611697271842,,,,,,,,,,
207,2024-09-08 09:50:12,fire_protection_engineer_interview.txt,3,0,0.0620155038759689,0.0077519379844961,0.0155038759689922,0.0576589288513933,,,,,,,,,,
207,2024-09-08 09:50:12,safety_engineer_interview.txt,1,0,0.0603448275862069,0.043103448275862,0.0258620689655172,0.0454675110134519,,,,,,,,,,
207,2024-09-08 09:50:12,safety_engineer_interview.txt,2,0,0.0769230769230769,0.0329670329670329,0.0,0.0741995996381659,,,,,,,,,,
207,2024-09-08 09:50:12,safety_engineer_interview.txt,3,0,0.0827067669172932,0.0300751879699248,0.0150375939849624,0.0413207430581339,,,,,,,,,,
207,2024-09-08 09:50:12,environmental_scientist_interview.txt,1,0,0.0673076923076923,0.0,0.0096153846153846,0.0534300314907251,,,,,,,,,,
207,2024-09-08 09:50:12,environmental_scientist_interview.txt,2,0,0.0495049504950495,0.0,0.0396039603960396,0.0877567755185532,,,,,,,,,,
207,2024-09-08 09:50:12,environmental_scientist_interview.txt,3,0,0.0449438202247191,0.0,0.0,0.1066267081851516,,,,,,,,,,
207,2024-09-08 09:50:12,operations_manager_interview.txt,1,0,0.0990990990990991,0.0,0.036036036036036,0.0,,,,,,,,,,
207,2024-09-08 09:50:12,operations_manager_interview.txt,2,0,0.0714285714285714,0.0,0.0,0.047230742864624,,,,,,,,,,
207,2024-09-08 09:50:12,operations_manager_interview.txt,3,0,0.0677966101694915,0.0,0.0169491525423728,0.0929592690651228,,,,,,,,,,
207,2024-09-08 09:50:12,backend_developer_interview.txt,1,0,0.0578512396694214,0.0,0.0,0.1284026295844632,,,,,,,,,,
207,2024-09-08 09:50:12,backend_developer_interview.txt,2,0,0.0576923076923076,0.0,0.0096153846153846,0.0870056695430988,,,,,,,,,,
207,2024-09-08 09:50:12,backend_developer_interview.txt,3,0,0.042016806722689,0.0,0.0084033613445378,0.0437544042466496,,,,,,,,,,
207,2024-09-08 09:50:12,digital_marketing_specialist_interview.txt,1,0,0.0666666666666666,0.0,0.0111111111111111,0.1233454514559801,,,,,,,,,,
207,2024-09-08 09:50:12,digital_marketing_specialist_interview.txt,2,0,0.0353982300884955,0.0,0.0088495575221238,0.0,,,,,,,,,,
207,2024-09-08 09:50:12,digital_marketing_specialist_interview.txt,3,0,0.0679611650485436,0.0,0.0097087378640776,0.1264080048769068,,,,,,,,,,
207,2024-09-08 09:50:12,mechanical_engineer_interview.txt,1,0,0.0636363636363636,0.0,0.0,0.0662024475332696,,,,,,,,,,
207,2024-09-08 09:50:12,mechanical_engineer_interview.txt,2,0,0.0686274509803921,0.0,0.0,0.0445948178221984,,,,,,,,,,
207,2024-09-08 09:50:12,mechanical_engineer_interview.txt,3,0,0.043859649122807,0.0,0.0087719298245614,0.0411470391941935,,,,,,,,,,
207,2024-09-08 09:50:12,software_quality_assurance_tester_interview.txt,1,0,0.045045045045045,0.0,0.0,0.0413513341749755,,,,,,,,,,
207,2024-09-08 09:50:12,software_quality_assurance_tester_interview.txt,2,0,0.0619469026548672,0.0088495575221238,0.0265486725663716,0.0458783496403244,,,,,,,,,,
207,2024-09-08 09:50:12,software_quality_assurance_tester_interview.txt,3,0,0.08130081300813,0.008130081300813,0.008130081300813,0.0444009606557039,,,,,,,,,,
207,2024-09-08 09:50:12,cybersecurity_specialist_interview.txt,1,0,0.0769230769230769,0.023076923076923,0.0,0.0,,,,,,,,,,
207,2024-09-08 09:50:12,cybersecurity_specialist_interview.txt,2,0,0.056,0.008,0.024,0.0433073475931765,,,,,,,,,,
207,2024-09-08 09:50:12,cybersecurity_specialist_interview.txt,3,0,0.099009900990099,0.0297029702970297,0.0,0.110208443279443,,,,,,,,,,
207,2024-09-08 09:50:12,product_manager_interview.txt,1,0,0.0608695652173913,0.0,0.008695652173913,0.0737688480628956,,,,,,,,,,
207,2024-09-08 09:50:12,product_manager_interview.txt,2,0,0.0353982300884955,0.0,0.0265486725663716,0.0829660006858995,,,,,,,,,,
207,2024-09-08 09:50:12,product_manager_interview.txt,3,0,0.110091743119266,0.0,0.0,0.0,,,,,,,,,,
207,2024-09-08 09:50:12,microbiologist_interview.txt,1,0,0.0823529411764705,0.0,0.0,0.1101574773451147,,,,,,,,,,
207,2024-09-08 09:50:12,microbiologist_interview.txt,2,0,0.087719298245614,0.0,0.0,0.0780188264815857,,,,,,,,,,
207,2024-09-08 09:50:12,microbiologist_interview.txt,3,0,0.044776119402985,0.0,0.0074626865671641,0.0568260682794716,,,,,,,,,,
207,2024-09-08 09:50:12,it_manager_interview.txt,1,0,0.0310077519379844,0.0,0.0077519379844961,0.0830915813122366,,,,,,,,,,
207,2024-09-08 09:50:12,it_manager_interview.txt,2,0,0.0575539568345323,0.0,0.0,0.1798682693699755,,,,,,,,,,
207,2024-09-08 09:50:12,it_manager_interview.txt,3,0,0.053030303030303,0.0,0.0075757575757575,0.0382738723689206,,,,,,,,,,
207,2024-09-08 09:50:12,industrial_engineer_interview.txt,1,0,0.0597014925373134,0.0,0.0373134328358208,0.1047357166686011,,,,,,,,,,
207,2024-09-08 09:50:12,industrial_engineer_interview.txt,2,0,0.056,0.0,0.016,0.0643330291584199,,,,,,,,,,
207,2024-09-08 09:50:12,industrial_engineer_interview.txt,3,0,0.0967741935483871,0.0,0.0161290322580645,0.0,,,,,,,,,,
207,2024-09-08 09:50:12,barista_interview.txt,1,0,0.0875,0.0,0.0,0.0681953019972214,,,,,,,,,,
207,2024-09-08 09:50:12,barista_interview.txt,2,0,0.0504201680672268,0.0,0.0168067226890756,0.1017040566415273,,,,,,,,,,
207,2024-09-08 09:50:12,barista_interview.txt,3,0,0.0692307692307692,0.0,0.0076923076923076,0.0932079290911632,,,,,,,,,,
207,2024-09-08 09:50:12,petroleum_engineer_interview.txt,1,0,0.1121495327102803,0.0,0.0,0.0843069329113059,,,,,,,,,,
207,2024-09-08 09:50:12,petroleum_engineer_interview.txt,2,0,0.0377358490566037,0.0,0.0094339622641509,0.0564175341466152,,,,,,,,,,
207,2024-09-08 09:50:12,petroleum_engineer_interview.txt,3,0,0.0619469026548672,0.0088495575221238,0.0,0.0720336357130974,,,,,,,,,,
207,2024-09-08 09:50:12,business_analyst_interview.txt,1,0,0.0542635658914728,0.0,0.0077519379844961,0.0,,,,,,,,,,
207,2024-09-08 09:50:12,business_analyst_interview.txt,2,0,0.0462962962962962,0.0,0.0092592592592592,0.0806541259927466,,,,,,,,,,
207,2024-09-08 09:50:12,business_analyst_interview.txt,3,0,0.0659340659340659,0.0,0.0109890109890109,0.0,,,,,,,,,,
207,2024-09-08 09:50:12,data_engineer_interview.txt,1,0,0.1162790697674418,0.0,0.0077519379844961,0.15220760143159,,,,,,,,,,
207,2024-09-08 09:50:12,data_engineer_interview.txt,2,0,0.0636363636363636,0.0,0.009090909090909,0.0452239103227598,,,,,,,,,,
207,2024-09-08 09:50:12,data_engineer_interview.txt,3,0,0.1307692307692307,0.0076923076923076,0.0,0.0,,,,,,,,,,
207,2024-09-08 09:50:12,aerospace_engineer_interview.txt,1,0,0.0470588235294117,0.0,0.0117647058823529,0.0598364515055597,,,,,,,,,,
207,2024-09-08 09:50:12,aerospace_engineer_interview.txt,2,0,0.0333333333333333,0.0,0.0111111111111111,0.0372874438364637,,,,,,,,,,
207,2024-09-08 09:50:12,aerospace_engineer_interview.txt,3,0,0.0510204081632653,0.0,0.0306122448979591,0.047097992667724,,,,,,,,,,
207,2024-09-08 09:50:12,bartender_interview.txt,1,0,0.0636363636363636,0.0,0.009090909090909,0.0802144581933062,,,,,,,,,,
207,2024-09-08 09:50:12,bartender_interview.txt,2,0,0.072072072072072,0.0,0.0,0.0542195723652842,,,,,,,,,,
207,2024-09-08 09:50:12,bartender_interview.txt,3,0,0.0588235294117647,0.0,0.0,0.0973387164224358,,,,,,,,,,
207,2024-09-08 09:50:12,natural_language_processing_engineer_interview.txt,1,0,0.0375,0.0,0.025,0.0164392722606681,,,,,,,,,,
207,2024-09-08 09:50:12,natural_language_processing_engineer_interview.txt,2,0,0.0381679389312977,0.0,0.0229007633587786,0.0706681390294403,,,,,,,,,,
207,2024-09-08 09:50:12,natural_language_processing_engineer_interview.txt,3,0,0.1111111111111111,0.0074074074074074,0.0,0.0796851750714229,,,,,,,,,,
207,2024-09-08 09:50:12,cto_of_a_fintec_interview.txt,1,0,0.0714285714285714,0.0,0.0158730158730158,0.0542815808204184,,,,,,,,,,
207,2024-09-08 09:50:12,cto_of_a_fintec_interview.txt,2,0,0.056,0.008,0.008,0.0907334966492485,,,,,,,,,,
207,2024-09-08 09:50:12,cto_of_a_fintec_interview.txt,3,0,0.073170731707317,0.0,0.0,0.0552888252461915,,,,,,,,,,
207,2024-09-08 09:50:12,database_administrator_interview.txt,1,0,0.0660377358490566,0.0,0.0,0.0548225848771237,,,,,,,,,,
207,2024-09-08 09:50:12,database_administrator_interview.txt,2,0,0.0254237288135593,0.0,0.0,0.024114343310107,,,,,,,,,,
207,2024-09-08 09:50:12,database_administrator_interview.txt,3,0,0.0863309352517985,0.0287769784172661,0.0287769784172661,0.104152812248344,,,,,,,,,,
207,2024-09-08 09:50:12,nuclear_engineer_interview.txt,1,0,0.0714285714285714,0.0,0.0089285714285714,0.0449991497095448,,,,,,,,,,
207,2024-09-08 09:50:12,nuclear_engineer_interview.txt,2,0,0.031578947368421,0.0,0.0,0.0757479536132003,,,,,,,,,,
207,2024-09-08 09:50:12,nuclear_engineer_interview.txt,3,0,0.0471698113207547,0.0,0.0283018867924528,0.1100773347441114,,,,,,,,,,
207,2024-09-08 09:50:12,pharmacist_interview.txt,1,0,0.0654205607476635,0.0,0.0093457943925233,0.0,,,,,,,,,,
207,2024-09-08 09:50:12,pharmacist_interview.txt,2,0,0.0441176470588235,0.0,0.0,0.0690132425340739,,,,,,,,,,
207,2024-09-08 09:50:12,pharmacist_interview.txt,3,0,0.0842105263157894,0.0421052631578947,0.0,0.0934611119352368,,,,,,,,,,
207,2024-09-08 09:50:12,chef_interview.txt,1,0,0.0588235294117647,0.0,0.0,0.0332256967857307,,,,,,,,,,
207,2024-09-08 09:50:12,chef_interview.txt,2,0,0.0642857142857142,0.0,0.0142857142857142,0.0765835105514407,,,,,,,,,,
207,2024-09-08 09:50:12,chef_interview.txt,3,0,0.0543478260869565,0.0,0.0,0.0449413215361284,,,,,,,,,,
207,2024-09-08 09:50:12,hotel_manager_interview.txt,1,0,0.040650406504065,0.0,0.008130081300813,0.1413053520565927,,,,,,,,,,
207,2024-09-08 09:50:12,hotel_manager_interview.txt,2,0,0.0948275862068965,0.0,0.0,0.1099607806113364,,,,,,,,,,
207,2024-09-08 09:50:12,hotel_manager_interview.txt,3,0,0.0873015873015873,0.0079365079365079,0.0,0.0983426079695328,,,,,,,,,,
207,2024-09-08 09:50:12,mobile_app_developer_interview.txt,1,0,0.0526315789473684,0.0,0.0,0.1013216232627603,,,,,,,,,,
207,2024-09-08 09:50:12,mobile_app_developer_interview.txt,2,0,0.024390243902439,0.0,0.016260162601626,0.0251933432248417,,,,,,,,,,
207,2024-09-08 09:50:12,mobile_app_developer_interview.txt,3,0,0.0465116279069767,0.0,0.0387596899224806,0.0713877057334111,,,,,,,,,,
207,2024-09-08 09:50:12,graphic_designer_interview.txt,1,0,0.0701754385964912,0.0,0.0087719298245614,0.0907194463199692,,,,,,,,,,
207,2024-09-08 09:50:12,graphic_designer_interview.txt,2,0,0.0338983050847457,0.0,0.0169491525423728,0.1235217831475955,,,,,,,,,,
207,2024-09-08 09:50:12,graphic_designer_interview.txt,3,0,0.0827067669172932,0.0,0.0,0.1745280411231842,,,,,,,,,,
207,2024-09-08 09:50:12,geotechnical_engineer_interview.txt,1,0,0.0341880341880341,0.0,0.0256410256410256,0.0319974506476605,,,,,,,,,,
207,2024-09-08 09:50:12,geotechnical_engineer_interview.txt,2,0,0.064516129032258,0.0,0.0161290322580645,0.0214325208060958,,,,,,,,,,
207,2024-09-08 09:50:12,geotechnical_engineer_interview.txt,3,0,0.0485436893203883,0.0,0.0097087378640776,0.0773230010696247,,,,,,,,,,
207,2024-09-08 09:50:12,gardener_interview.txt,1,0,0.048076923076923,0.0,0.0,0.0456965816968714,,,,,,,,,,
207,2024-09-08 09:50:12,gardener_interview.txt,2,0,0.0598290598290598,0.0,0.0085470085470085,0.1140851410160635,,,,,,,,,,
207,2024-09-08 09:50:12,gardener_interview.txt,3,0,0.0606060606060606,0.0,0.0075757575757575,0.0,,,,,,,,,,
207,2024-09-08 09:50:12,ai_software_developer_interview.txt,1,0,0.09,0.0,0.0,0.0111499229117319,,,,,,,,,,
207,2024-09-08 09:50:12,ai_software_developer_interview.txt,2,0,0.0542635658914728,0.0,0.0077519379844961,0.1105557259653508,,,,,,,,,,
207,2024-09-08 09:50:12,ai_software_developer_interview.txt,3,0,0.089430894308943,0.0,0.008130081300813,0.0,,,,,,,,,,
207,2024-09-08 09:50:12,supply_chain_manager_interview.txt,1,0,0.0485436893203883,0.0,0.0097087378640776,0.110396931184179,,,,,,,,,,
207,2024-09-08 09:50:12,supply_chain_manager_interview.txt,2,0,0.0446428571428571,0.0,0.0,0.0139712343151882,,,,,,,,,,
207,2024-09-08 09:50:12,supply_chain_manager_interview.txt,3,0,0.0588235294117647,0.0073529411764705,0.0,0.028340865949965,,,,,,,,,,
207,2024-09-08 09:50:12,cloud_architect_interview.txt,1,0,0.0285714285714285,0.0,0.0380952380952381,0.0391645933980824,,,,,,,,,,
207,2024-09-08 09:50:12,cloud_architect_interview.txt,2,0,0.0708661417322834,0.0,0.0157480314960629,0.0392796140007774,,,,,,,,,,
207,2024-09-08 09:50:12,cloud_architect_interview.txt,3,0,0.0546875,0.0,0.0078125,0.0877736868278276,,,,,,,,,,
207,2024-09-08 09:50:12,mining_engineer_interview.txt,1,0,0.043103448275862,0.0,0.0,0.0623291883426047,,,,,,,,,,
207,2024-09-08 09:50:12,mining_engineer_interview.txt,2,0,0.0526315789473684,0.0,0.0,0.0706375811030402,,,,,,,,,,
207,2024-09-08 09:50:12,mining_engineer_interview.txt,3,0,0.0333333333333333,0.0,0.0222222222222222,0.0358635620371859,,,,,,,,,,
207,2024-09-08 09:50:12,devops_engineer_interview.txt,1,0,0.0977443609022556,0.0601503759398496,0.0,0.07311065388755,,,,,,,,,,
207,2024-09-08 09:50:12,devops_engineer_interview.txt,2,0,0.0526315789473684,0.0,0.0263157894736842,0.148397515332583,,,,,,,,,,
207,2024-09-08 09:50:12,devops_engineer_interview.txt,3,0,0.0842105263157894,0.0,0.0105263157894736,0.0,,,,,,,,,,
207,2024-09-08 09:50:12,system_administrator_interview.txt,1,0,0.0408163265306122,0.0,0.0204081632653061,0.0332782663987651,,,,,,,,,,
207,2024-09-08 09:50:12,system_administrator_interview.txt,2,0,0.0560747663551401,0.0,0.0186915887850467,0.0204433907247207,,,,,,,,,,
207,2024-09-08 09:50:12,system_administrator_interview.txt,3,0,0.0921052631578947,0.0,0.0,0.1253139835189771,,,,,,,,,,
207,2024-09-08 09:50:12,content_writer_interview.txt,1,0,0.0769230769230769,0.0,0.0109890109890109,0.055124321075318,,,,,,,,,,
207,2024-09-08 09:50:12,content_writer_interview.txt,2,0,0.0454545454545454,0.0,0.0113636363636363,0.1019393483798434,,,,,,,,,,
207,2024-09-08 09:50:12,content_writer_interview.txt,3,0,0.0518518518518518,0.0,0.0222222222222222,0.0877565421919958,,,,,,,,,,
207,2024-09-08 09:50:12,transportation_engineer_interview.txt,1,0,0.0510948905109489,0.0,0.0145985401459854,0.1117562157628961,,,,,,,,,,
207,2024-09-08 09:50:12,transportation_engineer_interview.txt,2,0,0.0241935483870967,0.0080645161290322,0.0161290322580645,0.0349067186143281,,,,,,,,,,
207,2024-09-08 09:50:12,transportation_engineer_interview.txt,3,0,0.0687022900763358,0.0,0.0076335877862595,0.1166303786213575,,,,,,,,,,
207,2024-09-08 09:50:12,lorry_driver_interview.txt,1,0,0.0454545454545454,0.0,0.0,0.0916819840397446,,,,,,,,,,
207,2024-09-08 09:50:12,lorry_driver_interview.txt,2,0,0.0458015267175572,0.0,0.0076335877862595,0.0567176989464362,,,,,,,,,,
207,2024-09-08 09:50:12,lorry_driver_interview.txt,3,0,0.0413223140495867,0.0,0.0,0.1123148981401632,,,,,,,,,,
207,2024-09-08 09:50:12,dentist_interview.txt,1,0,0.0592592592592592,0.0,0.0074074074074074,0.0704318199356172,,,,,,,,,,
207,2024-09-08 09:50:12,dentist_interview.txt,2,0,0.0526315789473684,0.0,0.0087719298245614,0.0940702620980976,,,,,,,,,,
207,2024-09-08 09:50:12,dentist_interview.txt,3,0,0.0555555555555555,0.0,0.0,0.1371066698362683,,,,,,,,,,
207,2024-09-08 09:50:12,physicist_interview.txt,1,0,0.0608695652173913,0.0,0.008695652173913,0.1139810973689073,,,,,,,,,,
207,2024-09-08 09:50:12,physicist_interview.txt,2,0,0.0508474576271186,0.0,0.0423728813559322,0.1136156482515152,,,,,,,,,,
207,2024-09-08 09:50:12,physicist_interview.txt,3,0,0.0503597122302158,0.0,0.0071942446043165,0.062641834791487,,,,,,,,,,
207,2024-09-08 09:50:12,architect_interview.txt,1,0,0.0459770114942528,0.0,0.0229885057471264,0.0,,,,,,,,,,
207,2024-09-08 09:50:12,architect_interview.txt,2,0,0.0687022900763358,0.0,0.0229007633587786,0.0876209078759001,,,,,,,,,,
207,2024-09-08 09:50:12,architect_interview.txt,3,0,0.0606060606060606,0.0378787878787878,0.0227272727272727,0.0480218505844039,,,,,,,,,,
207,2024-09-08 09:50:12,materials_engineer_interview.txt,1,0,0.0454545454545454,0.0,0.0181818181818181,0.0329382443745014,,,,,,,,,,
207,2024-09-08 09:50:12,materials_engineer_interview.txt,2,0,0.0459770114942528,0.0,0.0114942528735632,0.0418562922438496,,,,,,,,,,
207,2024-09-08 09:50:12,materials_engineer_interview.txt,3,0,0.0508474576271186,0.0,0.0,0.0236745237289426,,,,,,,,,,
207,2024-09-08 09:50:12,computer_vision_engineer_interview.txt,1,0,0.0642201834862385,0.0,0.018348623853211,0.0651242189442417,,,,,,,,,,
207,2024-09-08 09:50:12,computer_vision_engineer_interview.txt,2,0,0.07,0.0,0.0,0.0806504300442508,,,,,,,,,,
207,2024-09-08 09:50:12,computer_vision_engineer_interview.txt,3,0,0.0564516129032258,0.0,0.0,0.0739659279494996,,,,,,,,,,
207,2024-09-08 09:50:12,data_scientist_interview.txt,1,0,0.0847457627118644,0.0,0.0084745762711864,0.0,,,,,,,,,,
207,2024-09-08 09:50:12,data_scientist_interview.txt,2,0,0.089430894308943,0.016260162601626,0.0,0.0524078414472835,,,,,,,,,,
207,2024-09-08 09:50:12,data_scientist_interview.txt,3,0,0.104,0.0,0.008,0.0,,,,,,,,,,
207,2024-09-08 09:50:12,structural_engineer_interview.txt,1,0,0.075187969924812,0.0,0.0075187969924812,0.1294579871455792,,,,,,,,,,
207,2024-09-08 09:50:12,structural_engineer_interview.txt,2,0,0.04,0.0,0.016,0.0444434820554314,,,,,,,,,,
207,2024-09-08 09:50:12,structural_engineer_interview.txt,3,0,0.0654205607476635,0.0,0.0093457943925233,0.0492461992698414,,,,,,,,,,
207,2024-09-08 09:50:12,ai_ethicist_interview.txt,1,0,0.0671641791044776,0.0597014925373134,0.0,0.0,,,,,,,,,,
207,2024-09-08 09:50:12,ai_ethicist_interview.txt,2,0,0.0869565217391304,0.0608695652173913,0.0260869565217391,0.0463364020063631,,,,,,,,,,
207,2024-09-08 09:50:12,ai_ethicist_interview.txt,3,0,0.0962962962962963,0.0518518518518518,0.0,0.0627334709480612,,,,,,,,,,
207,2024-09-08 09:50:12,sales_manager_interview.txt,1,0,0.0454545454545454,0.0,0.0227272727272727,0.0927529785536527,,,,,,,,,,
207,2024-09-08 09:50:12,sales_manager_interview.txt,2,0,0.0727272727272727,0.0,0.0,0.1185601973267088,,,,,,,,,,
207,2024-09-08 09:50:12,sales_manager_interview.txt,3,0,0.0444444444444444,0.0,0.0,0.106219738259975,,,,,,,,,,
207,2024-09-08 09:50:12,frontend_developer_interview.txt,1,0,0.0338983050847457,0.0,0.0,0.0463880667322203,,,,,,,,,,
207,2024-09-08 09:50:12,frontend_developer_interview.txt,2,0,0.048076923076923,0.0,0.0192307692307692,0.0316033064174671,,,,,,,,,,
207,2024-09-08 09:50:12,frontend_developer_interview.txt,3,0,0.0677966101694915,0.0,0.0084745762711864,0.1521935579294296,,,,,,,,,,
207,2024-09-08 09:50:12,public_relations_specialist_interview.txt,1,0,0.0707070707070707,0.0,0.0,0.0612498751422564,,,,,,,,,,
207,2024-09-08 09:50:12,public_relations_specialist_interview.txt,2,0,0.1025641025641025,0.0341880341880341,0.0,0.0,,,,,,,,,,
207,2024-09-08 09:50:12,public_relations_specialist_interview.txt,3,0,0.0517241379310344,0.0,0.0086206896551724,0.1004132052736,,,,,,,,,,
207,2024-09-08 09:50:12,logistics_coordinator_interview.txt,1,0,0.0603448275862069,0.0,0.0344827586206896,0.0536258473420191,,,,,,,,,,
207,2024-09-08 09:50:12,logistics_coordinator_interview.txt,2,0,0.043010752688172,0.0,0.0,0.0355816989033996,,,,,,,,,,
207,2024-09-08 09:50:12,logistics_coordinator_interview.txt,3,0,0.054054054054054,0.0,0.0,0.041870378325629,,,,,,,,,,
207,2024-09-08 09:50:12,nurse_interview.txt,1,0,0.0652173913043478,0.0,0.0217391304347826,0.0792010942258981,,,,,,,,,,
207,2024-09-08 09:50:12,nurse_interview.txt,2,0,0.0514705882352941,0.0,0.0147058823529411,0.1370661560765469,,,,,,,,,,
207,2024-09-08 09:50:12,nurse_interview.txt,3,0,0.054054054054054,0.0,0.036036036036036,0.1152664333805689,,,,,,,,,,
207,2024-09-08 09:50:12,chemist_interview.txt,1,0,0.0727272727272727,0.0,0.0181818181818181,0.0527446151325422,,,,,,,,,,
207,2024-09-08 09:50:12,chemist_interview.txt,2,0,0.1075268817204301,0.0,0.0,0.1152384730306447,,,,,,,,,,
207,2024-09-08 09:50:12,chemist_interview.txt,3,0,0.0697674418604651,0.0,0.0077519379844961,0.0643850449549886,,,,,,,,,,
207,2024-09-08 09:50:12,manufacturing_engineer_interview.txt,1,0,0.0687022900763358,0.015267175572519,0.0229007633587786,0.0482168090314157,,,,,,,,,,
207,2024-09-08 09:50:12,manufacturing_engineer_interview.txt,2,0,0.0446428571428571,0.0,0.0089285714285714,0.0834938300109287,,,,,,,,,,
207,2024-09-08 09:50:12,manufacturing_engineer_interview.txt,3,0,0.0602409638554216,0.0,0.0,0.0635358168333495,,,,,,,,,,
207,2024-09-08 09:50:12,veterinarian_interview.txt,1,0,0.048076923076923,0.0,0.0096153846153846,0.0969298964109895,,,,,,,,,,
207,2024-09-08 09:50:12,veterinarian_interview.txt,2,0,0.05,0.0142857142857142,0.0,0.0695811870523281,,,,,,,,,,
207,2024-09-08 09:50:12,veterinarian_interview.txt,3,0,0.032520325203252,0.0,0.016260162601626,0.0394390204432756,,,,,,,,,,
207,2024-09-08 09:50:12,event_planner_interview.txt,1,0,0.0373134328358208,0.0,0.0,0.099059528098622,,,,,,,,,,
207,2024-09-08 09:50:12,event_planner_interview.txt,2,0,0.078125,0.0,0.0078125,0.0271201838699979,,,,,,,,,,
207,2024-09-08 09:50:12,event_planner_interview.txt,3,0,0.048076923076923,0.0,0.0,0.1572289573335409,,,,,,,,,,
207,2024-09-08 09:50:12,seo_specialist_interview.txt,1,0,0.0306122448979591,0.0,0.0,0.0418630458366323,,,,,,,,,,
207,2024-09-08 09:50:12,seo_specialist_interview.txt,2,0,0.0561797752808988,0.0,0.0,0.0469111864526693,,,,,,,,,,
207,2024-09-08 09:50:12,seo_specialist_interview.txt,3,0,0.0648148148148148,0.0,0.0092592592592592,0.1552382553045406,,,,,,,,,,
207,2024-09-08 09:50:12,procurement_specialist_interview.txt,1,0,0.1349206349206349,0.0079365079365079,0.0,0.0,,,,,,,,,,
207,2024-09-08 09:50:12,procurement_specialist_interview.txt,2,0,0.0467289719626168,0.0,0.0,0.0290324715415137,,,,,,,,,,
207,2024-09-08 09:50:12,procurement_specialist_interview.txt,3,0,0.0614035087719298,0.0,0.0087719298245614,0.0990984254553111,,,,,,,,,,
207,2024-09-08 09:50:12,aerospace_engineer_interview.txt,-999,0,0.0438041883420034,0.0,0.0178293539638077,0.0480739626699158,0.0092818447337929,-37.9994116530922,0.0,0.0,0.011075130789614,1.5910790693874617,0.0113061410215475,-49.35193438837489,93.0,76.0
207,2024-09-08 09:50:12,agricultural_engineer_interview.txt,-999,0,0.0456377917911273,0.0,0.0109669211195928,0.011394722776523,0.0069730377729906,-35.404123463912626,0.0,0.0,0.0114809600183229,-37.51084010840108,0.0098783166486343,-87.99515091413978,90.0,99.0
207,2024-09-08 09:50:12,ai_ethicist_interview.txt,-999,0,0.0834723323799681,0.0574743032021855,0.008695652173913,0.0363566243181414,0.014875306539273,18.14700635108176,0.0049040868504378,0.0,0.0150613113701641,-50.45245669848003,0.0325356583816519,-61.69667338376586,5.0,91.0
207,2024-09-08 09:50:12,ai_professor_interview.txt,-999,0,0.0658976546369447,0.0,0.0130909255756256,0.0340822291710896,0.0113684743774216,-6.728248763048711,0.0,0.0,0.0039311982797189,-25.408331791241707,0.0420786958568103,-64.09285019626586,35.0,92.0
207,2024-09-08 09:50:12,ai_software_developer_interview.txt,-999,0,0.0778981534001386,0.0,0.0052940064284363,0.0405685496256942,0.0204701310535737,10.257295586392232,0.0,0.0,0.0045886409905508,-69.8349235335802,0.0608665247425301,-57.25922205916984,12.0,88.0
207,2024-09-08 09:50:12,architect_interview.txt,-999,0,0.0584284540588831,0.0126262626262626,0.0228721806110592,0.0452142528201013,0.0115180748983522,-17.300179161695667,0.0218693283783949,0.0,0.0001329413508501,30.324941311064123,0.0438778740158845,-52.36476636767525,55.0,78.0
207,2024-09-08 09:50:12,astronomer_interview.txt,-999,0,0.0603797074385309,0.0052910052910052,0.0059134765017117,0.0224049461475774,0.019792235413115,-14.538368884388149,0.0091642899871369,0.0,0.0052056422918386,-66.30520320142512,0.0195158607931298,-76.39538911533178,47.0,96.0
207,2024-09-08 09:50:12,backend_developer_interview.txt,-999,0,0.0525201180281394,0.0,0.0060062486533074,0.0863875677914038,0.0090964815246191,-25.6628568855078,0.0,0.0,0.0052367468209077,-65.77659049861344,0.0423274975700418,-8.986841139563666,72.0,16.0
207,2024-09-08 09:50:12,barista_interview.txt,-999,0,0.0690503124326653,0.0,0.0081663434604611,0.087702429243304,0.0185405746278981,-2.265966830895792,0.0,0.0,0.0084133830483931,-53.46844053443765,0.0174195882811321,-7.601575906837013,26.0,14.0
207,2024-09-08 09:50:12,bartender_interview.txt,-999,0,0.0648439883734001,0.0,0.003030303030303,0.0772575823270087,0.0067063208083585,-8.219611364063041,0.0,0.0,0.0052486388108147,-82.73343187977335,0.0217111142556495,-18.605688373125343,36.0,27.0
207,2024-09-08 09:50:12,biologist_interview.txt,-999,0,0.0680868838763575,0.01,0.0063492063492063,0.0489864703554579,0.0312272387653812,-3.629606692338399,0.0173205080756887,0.0,0.0109971479845643,-63.822428700477474,0.0437409249891785,-48.3905668088853,29.0,74.0
207,2024-09-08 09:50:12,biomedical_engineer_interview.txt,-999,0,0.0799153086040311,0.0,0.0033003300330033,0.0789197619677442,0.017777004765244,13.112383516612752,0.0,0.0,0.0057163392989071,-81.19482679975314,0.0318817554345985,-16.854507924775135,9.0,25.0
207,2024-09-08 09:50:12,business_analyst_interview.txt,-999,0,0.0554979760406117,0.0,0.0093334027442554,0.0268847086642488,0.0098769086964874,-21.44798712590089,0.0,0.0,0.0016198096651814,-46.81857468852488,0.0465656813531662,-71.67575933513768,67.0,95.0
207,2024-09-08 09:50:12,business_intelligence_analyst_interview.txt,-999,0,0.0687741763372015,0.0,0.0128851540616246,0.1003877971033804,0.0087949076901518,-2.6568107440144217,0.0,0.0,0.0111623859076589,-26.580811186263105,0.0562029429299538,5.763025386719647,28.0,8.0
207,2024-09-08 09:50:12,chef_interview.txt,-999,0,0.0591523565948118,0.0,0.0047619047619047,0.0515835096244333,0.0049770976432038,-16.27556519594934,0.0,0.0,0.0082478609884232,-72.86682152535812,0.0224290882691609,-45.654470011661154,52.0,69.0
207,2024-09-08 09:50:12,chemical_engineer_interview.txt,-999,0,0.0570857948442534,0.0,0.0156272377372001,0.0708178587504109,0.0088954911151646,-19.20058331041517,0.0,0.0,0.0054242753193317,-10.95650757628681,0.0689536349550145,-25.390224619236847,61.0,39.0
207,2024-09-08 09:50:12,chemist_interview.txt,-999,0,0.0833405321027226,0.0,0.0086445853887714,0.0774560443727252,0.0209982089846374,17.960455816924977,0.0,0.0,0.0091237186848588,-50.74343357950845,0.0332341516828835,-18.396599748959304,6.0,26.0
207,2024-09-08 09:50:12,civil_engineer_interview.txt,-999,0,0.0520920733861342,0.0,0.011100938334159,0.0633969770053524,0.0132700815553927,-26.26871264148845,0.0,0.0,0.0034094988331135,-36.74721437808669,0.017188509235205,-33.20845479303192,75.0,52.0
207,2024-09-08 09:50:12,cloud_architect_interview.txt,-999,0,0.0513750234345706,0.0,0.0205519231971003,0.0554059647422291,0.0213410418229086,-27.283627437396945,0.0,0.0,0.0157025185318364,17.10419002185195,0.0280313285841514,-41.62734291725233,77.0,62.0
207,2024-09-08 09:50:12,computer_vision_engineer_interview.txt,-999,0,0.0635572654631547,0.0,0.0061162079510703,0.0732468589793307,0.0067984772898058,-10.040843088568238,0.0,0.0,0.0105935829209105,-65.1500459958728,0.0077880423033267,-22.831164451684472,39.0,36.0
207,2024-09-08 09:50:12,construction_manager_interview.txt,-999,0,0.0845533482626598,0.0,0.0189321197235666,0.076807083260755,0.0285329359907958,19.67707969055212,0.0,0.0,0.0084526221862361,7.874602506192673,0.0695745010677526,-19.0803092489258,4.0,29.0
207,2024-09-08 09:50:12,content_writer_interview.txt,-999,0,0.0580764914098247,0.0,0.0148582898582898,0.0816067372157191,0.0166320991283872,-17.798348221407025,0.0,0.0,0.0063801027372806,-15.337947583882524,0.0240057653765828,-14.02365955908776,57.0,22.0
207,2024-09-08 09:50:12,cto_of_a_fintec_interview.txt,-999,0,0.0668664343786295,0.0026666666666666,0.0079576719576719,0.0667679675719528,0.0094508374067066,-5.35703481670042,0.004618802153517,0.0,0.007936592592141,-54.65744397126511,0.0207608663908648,-29.656965755907265,33.0,45.0
207,2024-09-08 09:50:12,customer_service_representative_interview.txt,-999,0,0.0581985266195792,0.0,0.0059542796384901,0.0671208891698068,0.0164720762626921,-17.6256191950239,0.0,0.0,0.005159023304182,-66.07270825499324,0.0489025078385463,-29.28514709875597,56.0,43.0
207,2024-09-08 09:50:12,cybersecurity_specialist_interview.txt,-999,0,0.0773109926377253,0.0202599644579842,0.008,0.0511719302908732,0.0215075743575556,9.426226364435236,0.0111223276261782,0.0,0.013856406460551,-54.41626016260162,0.0555235444498658,-46.08808721175909,14.0,70.0
207,2024-09-08 09:50:12,data_engineer_interview.txt,-999,0,0.1035615547243454,0.0025641025641025,0.0056142823584684,0.0658105039181166,0.0353271404733433,46.58135594018026,0.0044411559168432,0.0,0.0049079869301384,-68.01000169973511,0.0781642140642681,-30.665696454751668,1.0,48.0
207,2024-09-08 09:50:12,data_scientist_interview.txt,-999,0,0.0927255523402691,0.005420054200542,0.0054915254237288,0.0174692804824278,0.0100410403865582,31.244043491977635,0.0093878092551158,0.0,0.0047617165254651,-68.70946672178586,0.0302576813672363,-81.5953332131787,2.0,98.0
207,2024-09-08 09:50:12,database_administrator_interview.txt,-999,0,0.0592641333048048,0.0095923261390887,0.0095923261390887,0.0610299134785249,0.0310134360817725,-16.1173560829545,0.0166143962356726,0.0,0.0166143962356726,-45.34323760503791,0.0403786741209838,-35.70226188018239,51.0,55.0
207,2024-09-08 09:50:12,dentist_interview.txt,-999,0,0.0558154645873944,0.0,0.0053931124106562,0.1005362506233277,0.0033214757424644,-20.998612820863087,0.0,0.0,0.0047201405129731,-69.27022086985002,0.033804447311336,5.919427796693483,66.0,6.0
207,2024-09-08 09:50:12,devops_engineer_interview.txt,-999,0,0.0781954887218045,0.0200501253132832,0.0122807017543859,0.073836056406711,0.0231500816817152,10.67814495211195,0.0347278357407293,0.0,0.0132453235706504,-30.024960775923542,0.0742014170742861,-22.210418661181293,11.0,35.0
207,2024-09-08 09:50:12,digital_marketing_specialist_interview.txt,-999,0,0.0566753539345686,0.0,0.0098898021657708,0.0832511521109623,0.018437893884227,-19.78152268733997,0.0,0.0,0.001141597288879,-43.64822887902008,0.0721138721343955,-12.291195063101242,63.0,19.0
207,2024-09-08 09:50:12,doctor_interview.txt,-999,0,0.0602297484650425,0.0,0.0097643097643097,0.0522903051616822,0.0089849186448038,-14.750621295312598,0.0,0.0,0.0091654259857348,-44.36328050149187,0.0202047210831162,-44.90982936303435,48.0,67.0
207,2024-09-08 09:50:12,electrical_engineer_interview.txt,-999,0,0.0770187338501292,0.0066666666666666,0.0034722222222222,0.039980860416496,0.0212295749208747,9.012562341282049,0.0115470053837925,0.0,0.0060140653040586,-80.21539069557362,0.0105493860274732,-57.87837887449393,15.0,90.0
207,2024-09-08 09:50:12,environmental_engineer_interview.txt,-999,0,0.0666202844774273,0.0,0.0146464646464646,0.0757482535843909,0.0073565622429902,-5.705436174509245,0.0,0.0,0.0137481389786022,-16.54492075223783,0.0665124574639047,-20.19583357730795,34.0,31.0
207,2024-09-08 09:50:12,environmental_scientist_interview.txt,-999,0,0.0539188210091536,0.0,0.0164064483371414,0.08260450506481,0.0118172493974848,-23.683128210514862,0.0,0.0,0.0206568954496431,-6.516590918003615,0.0269700022423844,-12.97246659143272,71.0,20.0
207,2024-09-08 09:50:12,event_planner_interview.txt,-999,0,0.0545051186375813,0.0,0.0026041666666666,0.0944695564340536,0.021151531321009,-22.85328067116309,0.0,0.0,0.0045105489780439,-85.16154302168022,0.0651757172032501,-0.4721053384833027,68.0,12.0
207,2024-09-08 09:50:12,financial_analyst_interview.txt,-999,0,0.0676149780212825,0.0029498525073746,0.0116001867826685,0.1144640016456769,0.0109990487697447,-4.297543749648227,0.0051092944176073,0.0,0.0104294293817635,-33.902512954201285,0.0486399351293362,20.59293520954837,31.0,3.0
207,2024-09-08 09:50:12,fire_protection_engineer_interview.txt,-999,0,0.0695367294204503,0.0240402362495385,0.0107281284606865,0.0328066995261925,0.0207734997884739,-1.57749066991461,0.0201060034230084,0.0,0.0041775518863019,-38.87147291323412,0.029641073128454,-65.43667761461074,25.0,94.0
207,2024-09-08 09:50:12,focus_group_interview.txt,-999,0,0.0588235294117647,0.0,0.0,0.0,0.0,-16.74098824303796,0.0,0.0,0.0,-100.0,0.0,-100.0,53.0,100.0
207,2024-09-08 09:50:12,frontend_developer_interview.txt,-999,0,0.0499239461103867,0.0,0.0092351151673185,0.0767283103597056,0.0170244645281205,-29.337486925303224,0.0,0.0,0.0096379165726401,-47.37861410556739,0.0657715742358427,-19.163300016467915,83.0,30.0
207,2024-09-08 09:50:12,full_stack_developer_interview.txt,-999,0,0.0804121707008846,0.0123456790123456,0.0101876154369592,0.0483128022847362,0.0780055017087343,13.815643718392453,0.0213833433033194,0.0,0.0040072722095984,-41.95129854477313,0.0514378645862778,-49.10030619277265,8.0,75.0
207,2024-09-08 09:50:12,game_developer_interview.txt,-999,0,0.0521700521700521,0.0,0.0183890183890183,0.0658134742018097,0.0083272280313069,-26.15834122120914,0.0,0.0,0.0047618055766234,4.7800287637686125,0.0101708631617814,-30.662567128292565,74.0,47.0
207,2024-09-08 09:50:12,gardener_interview.txt,-999,0,0.0561706811706811,0.0,0.0053742553742553,0.0532605742376449,0.0070201583039181,-20.49583813223272,0.0,0.0,0.0046795082789833,-69.37766765002537,0.057417465439807,-43.88760758036767,65.0,66.0
207,2024-09-08 09:50:12,geneticist_interview.txt,-999,0,0.0611336032388664,0.0096153846153846,0.0101407364565259,0.0973580478295555,0.0279117427581266,-13.471302356226062,0.0166543346881622,0.0,0.008783849262908,-42.21841345076261,0.0114069685173857,2.571049283957322,44.0,9.0
207,2024-09-08 09:50:12,geologist_interview.txt,-999,0,0.0897087359987703,0.0,0.0084852734922861,0.0625965489539741,0.0186570725171784,26.97403198880508,0.0,0.0,0.0087032835354668,-51.651187584807126,0.0571174070875316,-34.05174147488816,3.0,53.0
207,2024-09-08 09:50:12,geotechnical_engineer_interview.txt,-999,0,0.0490826175135601,0.0,0.0171595985877226,0.0435843241744603,0.0151712282600357,-30.528306113392333,0.0,0.0,0.0080159839490695,-2.225165282882997,0.0296922241439828,-54.08196895306461,85.0,82.0
207,2024-09-08 09:50:12,graphic_designer_interview.txt,-999,0,0.06226017019951,0.0,0.0085736941223114,0.129589756863583,0.0253486704180317,-11.87675587526506,0.0,0.0,0.0084763150024872,-51.14736971039053,0.0422325155476891,36.5285935192658,42.0,1.0
207,2024-09-08 09:50:12,hotel_manager_interview.txt,-999,0,0.0742598600041829,0.0026455026455026,0.002710027100271,0.1165362468791539,0.029348878825487,5.107643471696633,0.0045821449935684,0.0,0.0046939046275579,-84.55835371361843,0.0222233416108369,22.77613806447352,18.0,2.0
207,2024-09-08 09:50:12,human_resources_manager_interview.txt,-999,0,0.0639151864060417,0.0,0.0236426564141502,0.0579282148176675,0.0148051245436644,-9.534240640706187,0.0,0.0,0.007475764681373,34.71508738095281,0.0734851947736557,-38.97003987388016,38.0,58.0
207,2024-09-08 09:50:12,industrial_engineer_interview.txt,-999,0,0.0708252286952335,0.0,0.0231474883646284,0.056356248609007,0.0225485441761457,0.2462553266415597,0.0,0.0,0.01226823742033,31.8936359378038,0.0528215330852058,-40.62617644456724,22.0,59.0
207,2024-09-08 09:50:12,it_manager_interview.txt,-999,0,0.0471973372676066,0.0,0.0051092318534179,0.1004112410170443,0.0142018613496248,-33.1967378061636,0.0,0.0,0.0044256013696548,-70.88776305310621,0.072368648424168,5.787724596260446,89.0,7.0
207,2024-09-08 09:50:12,logistics_coordinator_interview.txt,-999,0,0.0524698781094776,0.0,0.0114942528735632,0.0436926415236826,0.008774950040325,-25.733966627142763,0.0,0.0,0.019908629972056,-34.50612092327819,0.0091590559333901,-53.96785179055914,73.0,81.0
207,2024-09-08 09:50:12,lorry_driver_interview.txt,-999,0,0.0441927954072298,0.0,0.0025445292620865,0.086904860375448,0.0024919563434483,-37.44937596947936,0.0,0.0,0.0044072539632795,-85.50135501355014,0.0281047651195438,-8.44185031122339,92.0,15.0
207,2024-09-08 09:50:12,machine_learning_engineer_interview.txt,-999,0,0.0434991614619477,0.0,0.005050505050505,0.0497500160439961,0.0046712817333584,-38.43114767516897,0.0,0.0,0.0087477313513579,-71.2223864662889,0.0434329688699764,-47.5861373426463,95.0,73.0
207,2024-09-08 09:50:12,manufacturing_engineer_interview.txt,-999,0,0.0578620370248715,0.005089058524173,0.01060977826245,0.0650821519585646,0.012204857554227,-18.101887644095555,0.0088145079265591,0.0,0.0115425769617275,-39.54582849399921,0.0176892740534159,-31.43304775651628,58.0,49.0
207,2024-09-08 09:50:12,marine_engineer_interview.txt,-999,0,0.0574233716475095,0.0026041666666666,0.0147321428571428,0.0635955669632064,0.0125751911240016,-18.72277602288517,0.0045105489780439,0.0,0.0143066253205018,-16.05672909407666,0.0563358613200052,-32.99923140771915,60.0,51.0
207,2024-09-08 09:50:12,marketing_manager_interview.txt,-999,0,0.0574734490678158,0.0,0.0056307911617961,0.0433353117732308,0.010230270987519,-18.65189628194257,0.0,0.0,0.0048827850487395,-67.91593507524526,0.0335050053371757,-54.34431463324448,59.0,83.0
207,2024-09-08 09:50:12,materials_engineer_interview.txt,-999,0,0.0474263381919723,0.0,0.0098920236851271,0.0328230201157645,0.0029742707228518,-32.87260916504361,0.0,0.0,0.0091961938799908,-43.63557073397275,0.0090914319034334,-65.41948314497358,88.0,93.0
207,2024-09-08 09:50:12,mechanical_engineer_interview.txt,-999,0,0.0587078212465209,0.0,0.0029239766081871,0.0506481015165538,0.0130988129149364,-16.904761950374876,0.0,0.0,0.005064476045523,-83.3392763752199,0.0135803186403236,-46.639964208318496,54.0,72.0
207,2024-09-08 09:50:12,meteorologist_interview.txt,-999,0,0.0676512666704869,0.0,0.0157341100834086,0.0407192739003882,0.0157789142996009,-4.246180679445359,0.0,0.0,0.000801866882806,-10.34755242311398,0.0705278512427857,-57.10042730770777,30.0,87.0
207,2024-09-08 09:50:12,microbiologist_interview.txt,-999,0,0.0716161196083565,0.0,0.0024875621890547,0.081667457368724,0.023398475491293,1.3656848558227068,0.0,0.0,0.00430858409843,-85.82595154309752,0.0268522658028084,-13.95968816745406,20.0,21.0
207,2024-09-08 09:50:12,mining_engineer_interview.txt,-999,0,0.0430227868521879,0.0,0.0074074074074074,0.0562767771609436,0.009649375660832,-39.105409822159,0.0,0.0,0.0128300059819916,-57.79283348389039,0.0181598970628145,-40.70990316257054,96.0,60.0
207,2024-09-08 09:50:12,mobile_app_developer_interview.txt,-999,0,0.041177816918928,0.0,0.0183399508413688,0.0659675574070043,0.0148569985536164,-41.71678616935595,0.0,0.0,0.019463363791065,4.500443472954331,0.0383524739918186,-30.50023359361124,97.0,46.0
207,2024-09-08 09:50:12,natural_language_processing_engineer_interview.txt,-999,0,0.0622596833474696,0.0024691358024691,0.0159669211195928,0.0555975287871771,0.0423078956167013,-11.877444967201,0.0042766686606638,0.0,0.0138675385756967,-9.02100271002709,0.0342104300673422,-41.42552164481066,43.0,61.0
207,2024-09-08 09:50:12,network_administrator_interview.txt,-999,0,0.0611014125782108,0.0116959064327485,0.0237292955981766,0.0677886964885345,0.0239657375189806,-13.516865120323883,0.0202579041820921,0.0,0.024113132260403,35.208754634001025,0.0437899583450664,-28.581582278708154,46.0,42.0
207,2024-09-08 09:50:12,neuroscientist_interview.txt,-999,0,0.0512170987941831,0.0026666666666666,0.0144143248977901,0.0424897054500683,0.0090189791900086,-27.50715447873958,0.004618802153517,0.0,0.0055555106858179,-17.867645490924716,0.0430262860033163,-55.23519864110567,78.0,85.0
207,2024-09-08 09:50:12,no_persona_interview.txt,-999,0,0.0706512462380337,0.0,0.0175501177142041,0.094917667810953,0.0216471921120907,0.0,0.0,0.0,0.018795860180529,0.0,0.027153427299694,0.0,23.0,11.0
207,2024-09-08 09:50:12,nuclear_engineer_interview.txt,-999,0,0.050059110039249,0.0,0.0124101527403414,0.0769414793556188,0.0200813139447434,-29.146175467884788,0.0,0.0,0.0144685954856044,-29.287353267737515,0.0325555052122015,-18.938716963776685,82.0,28.0
207,2024-09-08 09:50:12,nurse_interview.txt,-999,0,0.0569140111978986,0.0,0.0241603496079199,0.110511227894338,0.00730603618957,-19.443726433150843,0.0,0.0,0.0108692497785903,37.66488636350152,0.0292241395109772,16.428511617502693,62.0,4.0
207,2024-09-08 09:50:12,occupational_therapist_interview.txt,-999,0,0.0388266702776472,0.0,0.0174767476747674,0.0615201787989723,0.0141881073971164,-45.044606648784544,0.0,0.0,0.0155319870303768,-0.4180600986927913,0.0268749397537979,-35.185745480491875,99.0,54.0
207,2024-09-08 09:50:12,operations_manager_interview.txt,-999,0,0.079441426899054,0.0,0.0176617295261363,0.0467300039765822,0.01712062624118,12.441649835029068,0.0,0.0,0.018028582799709,0.6359604747368337,0.0464816574667467,-50.76785486380242,10.0,77.0
207,2024-09-08 09:50:12,petroleum_engineer_interview.txt,-999,0,0.0706107614739171,0.0029498525073746,0.0031446540880503,0.0709193675903395,0.0379558416578355,-0.0573022646765224,0.0051092944176073,0.0,0.0054467006527323,-82.08186327146291,0.0139780483598758,-25.283280525192325,24.0,38.0
207,2024-09-08 09:50:12,pharmacist_interview.txt,-999,0,0.0645829113740921,0.0140350877192982,0.0031152647975077,0.0541581181564369,0.0200595609157627,-8.58914058429555,0.0243094850185105,0.0,0.0053957969083142,-82.24932249322492,0.0484690715946676,-42.942004997106174,37.0,63.0
207,2024-09-08 09:50:12,physical_therapist_interview.txt,-999,0,0.0776564825783282,0.0023980815347721,0.0071024840101145,0.0753677820916746,0.0263030992224335,9.915233931886933,0.0041535990589181,0.0,0.0063070196502622,-59.53027708545715,0.0262464004677375,-20.59667727847652,13.0,32.0
207,2024-09-08 09:50:12,physicist_interview.txt,-999,0,0.0540255783582419,0.0,0.0194209260447205,0.0967461934706365,0.0059320815056105,-23.532023517005825,0.0,0.0,0.019891147418598,10.659805027987248,0.0295358062180704,1.926433404711787,70.0,10.0
207,2024-09-08 09:50:12,procurement_specialist_interview.txt,-999,0,0.0810177052183938,0.0026455026455026,0.0029239766081871,0.0427102989989416,0.0472544165185173,14.672719212105775,0.0045821449935684,0.0,0.005064476045523,-83.3392763752199,0.0509454286947989,-55.00279349045167,7.0,84.0
207,2024-09-08 09:50:12,product_manager_interview.txt,-999,0,0.0687865128083843,0.0,0.0117481082467615,0.0522449495829317,0.0379708936764512,-2.6393496632272644,0.0,0.0,0.0135349961143919,-33.05966126225324,0.0454785440816327,-44.957613489842906,27.0,68.0
207,2024-09-08 09:50:12,professor_of_classics_interview.txt,-999,0,0.0611153552330022,0.0,0.0061681238151826,0.0728153593663539,0.0261419994381492,-13.49713064211734,0.0,0.0,0.0054087721688619,-64.85423109048168,0.0363220071548864,-23.285768555354807,45.0,37.0
207,2024-09-08 09:50:12,project_manager_interview.txt,-999,0,0.040186022406408,0.0,0.0313364648842841,0.0600194207659177,0.0098787579116307,-43.12057529598863,0.0,0.0,0.0214392955446953,78.55415783862236,0.0497708470280647,-36.76686105956788,98.0,56.0
207,2024-09-08 09:50:12,psychologist_interview.txt,-999,0,0.0507208066598474,0.002415458937198,0.0261500725978538,0.0400466858845506,0.0188810284074656,-28.20960795374773,0.0041836976028233,0.0,0.0047909399839845,49.00226325370636,0.017954888617755,-57.80902880556296,79.0,89.0
207,2024-09-08 09:50:12,public_relations_specialist_interview.txt,-999,0,0.0749984370674025,0.0113960113960113,0.0028735632183908,0.0538876934719521,0.0256902193432022,6.153027810327046,0.0197384707415256,0.0,0.004977157493014,-83.62653023081955,0.050609823528041,-43.22690947350289,17.0,64.0
207,2024-09-08 09:50:12,quality_control_engineer_interview.txt,-999,0,0.0442535005595821,0.0,0.0132078290751531,0.0707746374070316,0.0069378325017299,-37.36345370259146,0.0,0.0,0.0159500015841685,-24.74221945267413,0.0364743133413402,-25.435760233813227,91.0,40.0
207,2024-09-08 09:50:12,restaurant_manager_interview.txt,-999,0,0.0598364598364598,0.0037037037037037,0.0074074074074074,0.0424769058623897,0.0138875926258032,-15.307283278680444,0.0064150029909958,0.0,0.0128300059819916,-57.79283348389039,0.0043504564912869,-55.24868357807652,50.0,86.0
207,2024-09-08 09:50:12,retail_manager_interview.txt,-999,0,0.0758071108654853,0.0,0.0075596122183459,0.0207524511111663,0.0432659891979006,7.297627291783115,0.0,0.0,0.0001813744648619,-56.92557542091257,0.0359442997061293,-78.13636640072222,16.0,97.0
207,2024-09-08 09:50:12,robotics_engineer_interview.txt,-999,0,0.051847618529253,0.0,0.0128342245989304,0.0740966363403292,0.0081822189381443,-26.61471482814148,0.0,0.0,0.015058960257036,-26.87100560845181,0.0446363190310999,-21.9358860692752,76.0,34.0
207,2024-09-08 09:50:12,safety_engineer_interview.txt,-999,0,0.0733248904755256,0.0353818897376066,0.0136332209834932,0.0536626179032506,0.0116070793891186,3.784284609055732,0.0068416037276799,0.0,0.0129881041895934,-22.31835019283561,0.0179059943930516,-43.46403663211555,19.0,65.0
207,2024-09-08 09:50:12,sales_manager_interview.txt,-999,0,0.0542087542087542,0.0,0.0075757575757575,0.1058443047134455,0.0160454579898233,-23.27275583205214,0.0,0.0,0.0131215970270369,-56.83357969943335,0.0129077049842715,11.511699723022131,69.0,5.0
207,2024-09-08 09:50:12,seo_specialist_interview.txt,-999,0,0.0505356116645576,0.0,0.0030864197530864,0.0813374958646141,0.017786128989338,-28.47173354268058,0.0,0.0,0.0053458358258298,-82.41368061828766,0.0640496886430233,-14.307317340946923,81.0,23.0
207,2024-09-08 09:50:12,shop_assistant_interview.txt,-999,0,0.0489036708548903,0.0,0.0092592592592592,0.0794152865978313,0.0075805131521386,-30.781587786679367,0.0,0.0,0.0160375074774896,-47.241041854862985,0.0401423217191564,-16.33245060761253,86.0,24.0
207,2024-09-08 09:50:12,social_media_manager_interview.txt,-999,0,0.0296239503468419,0.0,0.0209090909090909,0.0848462323556859,0.0067165528586563,-58.07016588633869,0.0,0.0,0.0200618877188308,19.139320029563933,0.0735823879732686,-10.610706823650888,100.0,18.0
207,2024-09-08 09:50:12,software_quality_assurance_tester_interview.txt,-999,0,0.0627642535693474,0.0056598796076456,0.0115595846223948,0.0438768814903346,0.0181416985019682,-11.163274660596784,0.0049147827406753,0.0,0.0136025410689936,-34.133862743045,0.0023085626447115,-53.77374676153655,41.0,80.0
207,2024-09-08 09:50:12,speech_therapist_interview.txt,-999,0,0.0566419602666937,0.0,0.0063492063492063,0.0669799041283666,0.0087029981677694,-19.828788191705456,0.0,0.0,0.0109971479845643,-63.822428700477474,0.0210258350421744,-29.43368113324256,64.0,44.0
207,2024-09-08 09:50:12,structural_engineer_interview.txt,-999,0,0.0602028435574918,0.0,0.0109548637950015,0.0743825561569507,0.0181649865500866,-14.788702587552052,0.0,0.0,0.0044636901068712,-37.57954235181449,0.0477571339916643,-21.63465677949648,49.0,33.0
207,2024-09-08 09:50:12,supply_chain_manager_interview.txt,-999,0,0.05067002529167,0.0024509803921568,0.0032362459546925,0.0509030104831107,0.0073255610704311,-28.281484064759724,0.0042452225675707,0.0,0.0056053424193167,-81.5599757939327,0.0520217889794126,-46.37140623335371,80.0,71.0
207,2024-09-08 09:50:12,system_administrator_interview.txt,-999,0,0.0629987853478823,0.0,0.0130332506834509,0.059678546880821,0.0263361972264076,-10.831317630787623,0.0,0.0,0.0113197117684075,-25.73696145124717,0.0572030717304857,-37.125986913540174,40.0,57.0
207,2024-09-08 09:50:12,transportation_engineer_interview.txt,-999,0,0.0479969096581271,0.0026881720430107,0.0127870533967698,0.0877644376661939,0.022415511051796,-32.065020486094426,0.0046560505579808,0.0,0.0045281626931149,-27.139785584340416,0.045840955633769,-7.536247265373319,87.0,13.0
207,2024-09-08 09:50:12,travel_agent_interview.txt,-999,0,0.0497028200548739,0.0,0.0186578693637728,0.0852174211265346,0.032474334301964,-29.650469451850384,0.0,0.0,0.0069876896278449,6.311932874798359,0.0389138725049479,-10.21964288433452,84.0,17.0
207,2024-09-08 09:50:12,veterinarian_interview.txt,-999,0,0.0435324160933917,0.0047619047619047,0.0086251824056702,0.0686500346355311,0.0095851012275583,-38.38407896341272,0.0082478609884232,0.0,0.008175181788188,-50.8539911462279,0.0287567468344603,-27.674124092196408,94.0,41.0
207,2024-09-08 09:50:12,warehouse_manager_interview.txt,-999,0,0.0671234125691957,0.0,0.0040160642570281,0.0650412265723094,0.0171348523519315,-4.993307063476649,0.0,0.0,0.006956027339634,-77.11659646716949,0.0177789052236073,-31.47616447777486,32.0,50.0
207,2024-09-08 09:50:12,water_resources_engineer_interview.txt,-999,0,0.0713094122969675,0.0062893081761006,0.0,0.0440006396611022,0.0450911559835901,0.9315703458595976,0.0108934013054646,0.0,0.0,-100.0,0.0503493136199581,-53.64336200428139,21.0,79.0
208,2024-09-08 10:32:41,restaurant_manager_interview.txt,1,0,0.0714285714285714,0.0,0.0,0.0466530557892966,,,,,,,,,,
208,2024-09-08 10:32:41,restaurant_manager_interview.txt,2,0,0.0636363636363636,0.0,0.0,0.0428067433298522,,,,,,,,,,
208,2024-09-08 10:32:41,restaurant_manager_interview.txt,3,0,0.0444444444444444,0.0111111111111111,0.0222222222222222,0.0379709184680204,,,,,,,,,,
208,2024-09-08 10:32:41,geneticist_interview.txt,1,0,0.0384615384615384,0.0288461538461538,0.0,0.0937095795782794,,,,,,,,,,
208,2024-09-08 10:32:41,geneticist_interview.txt,2,0,0.0526315789473684,0.0,0.0150375939849624,0.0882216505718651,,,,,,,,,,
208,2024-09-08 10:32:41,geneticist_interview.txt,3,0,0.0923076923076923,0.0,0.0153846153846153,0.1101429133385219,,,,,,,,,,
208,2024-09-08 10:32:41,speech_therapist_interview.txt,1,0,0.0510204081632653,0.0,0.0,0.0432621003107774,,,,,,,,,,
208,2024-09-08 10:32:41,speech_therapist_interview.txt,2,0,0.0522388059701492,0.0,0.0,0.0833315864428225,,,,,,,,,,
208,2024-09-08 10:32:41,speech_therapist_interview.txt,3,0,0.0666666666666666,0.0,0.019047619047619,0.0743460256315,,,,,,,,,,
208,2024-09-08 10:32:41,customer_service_representative_interview.txt,1,0,0.0545454545454545,0.0,0.009090909090909,0.0311974890850877,,,,,,,,,,
208,2024-09-08 10:32:41,customer_service_representative_interview.txt,2,0,0.0761904761904762,0.0,0.0,0.122813044651559,,,,,,,,,,
208,2024-09-08 10:32:41,customer_service_representative_interview.txt,3,0,0.043859649122807,0.0,0.0087719298245614,0.0473521337727738,,,,,,,,,,
208,2024-09-08 10:32:41,construction_manager_interview.txt,1,0,0.055045871559633,0.0,0.0091743119266055,0.0948117237060615,,,,,,,,,,
208,2024-09-08 10:32:41,construction_manager_interview.txt,2,0,0.0866141732283464,0.0,0.0236220472440944,0.1356095260762036,,,,,,,,,,
208,2024-09-08 10:32:41,construction_manager_interview.txt,3,0,0.112,0.0,0.024,0.0,,,,,,,,,,
208,2024-09-08 10:32:41,doctor_interview.txt,1,0,0.0545454545454545,0.0,0.0181818181818181,0.0673965703749538,,,,,,,,,,
208,2024-09-08 10:32:41,doctor_interview.txt,2,0,0.0705882352941176,0.0,0.0,0.0293397273927395,,,,,,,,,,
208,2024-09-08 10:32:41,doctor_interview.txt,3,0,0.0555555555555555,0.0,0.0111111111111111,0.0601346177173533,,,,,,,,,,
208,2024-09-08 10:32:41,human_resources_manager_interview.txt,1,0,0.0693069306930693,0.0,0.0198019801980198,0.1425669620819004,,,,,,,,,,
208,2024-09-08 10:32:41,human_resources_manager_interview.txt,2,0,0.0471698113207547,0.0,0.0188679245283018,0.0103852698901538,,,,,,,,,,
208,2024-09-08 10:32:41,human_resources_manager_interview.txt,3,0,0.075268817204301,0.0,0.032258064516129,0.0208324124809482,,,,,,,,,,
208,2024-09-08 10:32:41,water_resources_engineer_interview.txt,1,0,0.1226415094339622,0.0188679245283018,0.0,0.0,,,,,,,,,,
208,2024-09-08 10:32:41,water_resources_engineer_interview.txt,2,0,0.0380952380952381,0.0,0.0,0.0989100944553876,,,,,,,,,,
208,2024-09-08 10:32:41,water_resources_engineer_interview.txt,3,0,0.0531914893617021,0.0,0.0,0.0330918245279189,,,,,,,,,,
208,2024-09-08 10:32:41,project_manager_interview.txt,1,0,0.0515463917525773,0.0,0.0515463917525773,0.0555355117717458,,,,,,,,,,
208,2024-09-08 10:32:41,project_manager_interview.txt,2,0,0.0336134453781512,0.0,0.0336134453781512,0.1118805059888638,,,,,,,,,,
208,2024-09-08 10:32:41,project_manager_interview.txt,3,0,0.0353982300884955,0.0,0.0088495575221238,0.0126422445371434,,,,,,,,,,
208,2024-09-08 10:32:41,biologist_interview.txt,1,0,0.1,0.03,0.0,0.0628254664475309,,,,,,,,,,
208,2024-09-08 10:32:41,biologist_interview.txt,2,0,0.0666666666666666,0.0,0.019047619047619,0.084133944618843,,,,,,,,,,
208,2024-09-08 10:32:41,biologist_interview.txt,3,0,0.037593984962406,0.0,0.0,0.0,,,,,,,,,,
208,2024-09-08 10:32:41,occupational_therapist_interview.txt,1,0,0.0227272727272727,0.0,0.0227272727272727,0.0619600680328602,,,,,,,,,,
208,2024-09-08 10:32:41,occupational_therapist_interview.txt,2,0,0.0495049504950495,0.0,0.0297029702970297,0.0881724737587123,,,,,,,,,,
208,2024-09-08 10:32:41,occupational_therapist_interview.txt,3,0,0.0442477876106194,0.0,0.0,0.0344279946053444,,,,,,,,,,
208,2024-09-08 10:32:41,network_administrator_interview.txt,1,0,0.0543478260869565,0.0,0.0108695652173913,0.0181441553921881,,,,,,,,,,
208,2024-09-08 10:32:41,network_administrator_interview.txt,2,0,0.087719298245614,0.0350877192982456,0.0087719298245614,0.1009251180073442,,,,,,,,,,
208,2024-09-08 10:32:41,network_administrator_interview.txt,3,0,0.0412371134020618,0.0,0.0515463917525773,0.0842968160660713,,,,,,,,,,
208,2024-09-08 10:32:41,neuroscientist_interview.txt,1,0,0.0442477876106194,0.0,0.0176991150442477,0.0414359038364657,,,,,,,,,,
208,2024-09-08 10:32:41,neuroscientist_interview.txt,2,0,0.0614035087719298,0.0,0.0175438596491228,0.0,,,,,,,,,,
208,2024-09-08 10:32:41,neuroscientist_interview.txt,3,0,0.048,0.008,0.008,0.0860332125137391,,,,,,,,,,
208,2024-09-08 10:32:41,retail_manager_interview.txt,1,0,0.0661764705882353,0.0,0.0073529411764705,0.0,,,,,,,,,,
208,2024-09-08 10:32:41,retail_manager_interview.txt,2,0,0.123076923076923,0.0,0.0076923076923076,0.0,,,,,,,,,,
208,2024-09-08 10:32:41,retail_manager_interview.txt,3,0,0.0381679389312977,0.0,0.0076335877862595,0.0622573533334991,,,,,,,,,,
208,2024-09-08 10:32:41,agricultural_engineer_interview.txt,1,0,0.04,0.0,0.01,0.01754081509232,,,,,,,,,,
208,2024-09-08 10:32:41,agricultural_engineer_interview.txt,2,0,0.0434782608695652,0.0,0.0,0.016643353237249,,,,,,,,,,
208,2024-09-08 10:32:41,agricultural_engineer_interview.txt,3,0,0.0534351145038167,0.0,0.0229007633587786,0.0,,,,,,,,,,
208,2024-09-08 10:32:41,electrical_engineer_interview.txt,1,0,0.0581395348837209,0.0,0.0,0.0515248660596885,,,,,,,,,,
208,2024-09-08 10:32:41,electrical_engineer_interview.txt,2,0,0.0729166666666666,0.0,0.0104166666666666,0.0375765713355705,,,,,,,,,,
208,2024-09-08 10:32:41,electrical_engineer_interview.txt,3,0,0.1,0.02,0.0,0.030841143854229,,,,,,,,,,
208,2024-09-08 10:32:41,quality_control_engineer_interview.txt,1,0,0.0515463917525773,0.0,0.0309278350515463,0.0571315807160011,,,,,,,,,,
208,2024-09-08 10:32:41,quality_control_engineer_interview.txt,2,0,0.0377358490566037,0.0,0.0,0.0430885464951094,,,,,,,,,,
208,2024-09-08 10:32:41,quality_control_engineer_interview.txt,3,0,0.0434782608695652,0.0,0.008695652173913,0.1121037850099844,,,,,,,,,,
208,2024-09-08 10:32:41,machine_learning_engineer_interview.txt,1,0,0.0454545454545454,0.0,0.0151515151515151,0.0691364256495546,,,,,,,,,,
208,2024-09-08 10:32:41,machine_learning_engineer_interview.txt,2,0,0.0381679389312977,0.0,0.0,0.0801136224824336,,,,,,,,,,
208,2024-09-08 10:32:41,machine_learning_engineer_interview.txt,3,0,0.046875,0.0,0.0,0.0,,,,,,,,,,
208,2024-09-08 10:32:41,psychologist_interview.txt,1,0,0.0384615384615384,0.0,0.0288461538461538,0.0323961959726534,,,,,,,,,,
208,2024-09-08 10:32:41,psychologist_interview.txt,2,0,0.072463768115942,0.0072463768115942,0.0289855072463768,0.0605596667072056,,,,,,,,,,
208,2024-09-08 10:32:41,psychologist_interview.txt,3,0,0.0412371134020618,0.0,0.0206185567010309,0.0271841949737927,,,,,,,,,,
208,2024-09-08 10:32:41,geologist_interview.txt,1,0,0.0725806451612903,0.0,0.0080645161290322,0.0759044861163816,,,,,,,,,,
208,2024-09-08 10:32:41,geologist_interview.txt,2,0,0.0869565217391304,0.0,0.017391304347826,0.1118851607455407,,,,,,,,,,
208,2024-09-08 10:32:41,geologist_interview.txt,3,0,0.1095890410958904,0.0,0.0,0.0,,,,,,,,,,
208,2024-09-08 10:32:41,chemical_engineer_interview.txt,1,0,0.046875,0.0,0.015625,0.0,,,,,,,,,,
208,2024-09-08 10:32:41,chemical_engineer_interview.txt,2,0,0.0631578947368421,0.0,0.0210526315789473,0.0747112850356365,,,,,,,,,,
208,2024-09-08 10:32:41,chemical_engineer_interview.txt,3,0,0.0612244897959183,0.0,0.010204081632653,0.1377422912155963,,,,,,,,,,
208,2024-09-08 10:32:41,no_persona_interview.txt,1,0,0.0467289719626168,0.0,0.0373831775700934,0.0635731657580273,,,,,,,,,,
208,2024-09-08 10:32:41,no_persona_interview.txt,2,0,0.0888888888888888,0.0,0.0,0.1099189066092266,,,,,,,,,,
208,2024-09-08 10:32:41,no_persona_interview.txt,3,0,0.0763358778625954,0.0,0.015267175572519,0.111260931065605,,,,,,,,,,
208,2024-09-08 10:32:41,financial_analyst_interview.txt,1,0,0.0619469026548672,0.0088495575221238,0.0,0.0598254669070187,,,,,,,,,,
208,2024-09-08 10:32:41,financial_analyst_interview.txt,2,0,0.0606060606060606,0.0,0.0202020202020202,0.1530445380640685,,,,,,,,,,
208,2024-09-08 10:32:41,financial_analyst_interview.txt,3,0,0.0802919708029197,0.0,0.0145985401459854,0.1305219999659435,,,,,,,,,,
208,2024-09-08 10:32:41,civil_engineer_interview.txt,1,0,0.037593984962406,0.0,0.0150375939849624,0.0831598154358535,,,,,,,,,,
208,2024-09-08 10:32:41,civil_engineer_interview.txt,2,0,0.055045871559633,0.0,0.0091743119266055,0.0551022249278976,,,,,,,,,,
208,2024-09-08 10:32:41,civil_engineer_interview.txt,3,0,0.0636363636363636,0.0,0.009090909090909,0.0519288906523061,,,,,,,,,,
208,2024-09-08 10:32:41,meteorologist_interview.txt,1,0,0.0495867768595041,0.0,0.0165289256198347,0.0,,,,,,,,,,
208,2024-09-08 10:32:41,meteorologist_interview.txt,2,0,0.0746268656716417,0.0,0.0149253731343283,0.0,,,,,,,,,,
208,2024-09-08 10:32:41,meteorologist_interview.txt,3,0,0.0787401574803149,0.0,0.0157480314960629,0.1221578217011647,,,,,,,,,,
208,2024-09-08 10:32:41,shop_assistant_interview.txt,1,0,0.040650406504065,0.0,0.0,0.1223705927244681,,,,,,,,,,
208,2024-09-08 10:32:41,shop_assistant_interview.txt,2,0,0.0555555555555555,0.0,0.0277777777777777,0.0428532956412062,,,,,,,,,,
208,2024-09-08 10:32:41,shop_assistant_interview.txt,3,0,0.0505050505050505,0.0,0.0,0.0730219714278197,,,,,,,,,,
208,2024-09-08 10:32:41,social_media_manager_interview.txt,1,0,0.036144578313253,0.0,0.0,0.1233699304830566,,,,,,,,,,
208,2024-09-08 10:32:41,social_media_manager_interview.txt,2,0,0.03,0.0,0.04,0.0,,,,,,,,,,
208,2024-09-08 10:32:41,social_media_manager_interview.txt,3,0,0.0227272727272727,0.0,0.0227272727272727,0.1311687665840011,,,,,,,,,,
208,2024-09-08 10:32:41,marine_engineer_interview.txt,1,0,0.0666666666666666,0.0,0.0285714285714285,0.0835429425346109,,,,,,,,,,
208,2024-09-08 10:32:41,marine_engineer_interview.txt,2,0,0.043103448275862,0.0,0.0,0.1072437583550084,,,,,,,,,,
208,2024-09-08 10:32:41,marine_engineer_interview.txt,3,0,0.0625,0.0078125,0.015625,0.0,,,,,,,,,,
208,2024-09-08 10:32:41,warehouse_manager_interview.txt,1,0,0.072289156626506,0.0,0.0120481927710843,0.081493124342657,,,,,,,,,,
208,2024-09-08 10:32:41,warehouse_manager_interview.txt,2,0,0.081081081081081,0.0,0.0,0.0461808634688753,,,,,,,,,,
208,2024-09-08 10:32:41,warehouse_manager_interview.txt,3,0,0.048,0.0,0.0,0.067449691905396,,,,,,,,,,
208,2024-09-08 10:32:41,business_intelligence_analyst_interview.txt,1,0,0.0666666666666666,0.0,0.019047619047619,0.0519120125435854,,,,,,,,,,
208,2024-09-08 10:32:41,business_intelligence_analyst_interview.txt,2,0,0.0784313725490196,0.0,0.0196078431372549,0.1619933830165744,,,,,,,,,,
208,2024-09-08 10:32:41,business_intelligence_analyst_interview.txt,3,0,0.0612244897959183,0.0,0.0,0.0872579957499813,,,,,,,,,,
208,2024-09-08 10:32:41,full_stack_developer_interview.txt,1,0,0.0393700787401574,0.0,0.0078740157480314,0.0425483283606354,,,,,,,,,,
208,2024-09-08 10:32:41,full_stack_developer_interview.txt,2,0,0.1703703703703703,0.037037037037037,0.0148148148148148,0.1023900784935733,,,,,,,,,,
208,2024-09-08 10:32:41,full_stack_developer_interview.txt,3,0,0.0314960629921259,0.0,0.0078740157480314,0.0,,,,,,,,,,
208,2024-09-08 10:32:41,focus_group_interview.txt,1,0,0.0588235294117647,0.0,0.0,0.0,,,,,,,,,,
208,2024-09-08 10:32:41,focus_group_interview.txt,2,0,0.0588235294117647,0.0,0.0,0.0,,,,,,,,,,
208,2024-09-08 10:32:41,focus_group_interview.txt,3,0,0.0588235294117647,0.0,0.0,0.0,,,,,,,,,,
208,2024-09-08 10:32:41,travel_agent_interview.txt,1,0,0.0531914893617021,0.0,0.0106382978723404,0.1283619363588929,,,,,,,,,,
208,2024-09-08 10:32:41,travel_agent_interview.txt,2,0,0.0802919708029197,0.0,0.0218978102189781,0.0745172643816199,,,,,,,,,,
208,2024-09-08 10:32:41,travel_agent_interview.txt,3,0,0.015625,0.0,0.0234375,0.0527730626390911,,,,,,,,,,
208,2024-09-08 10:32:41,robotics_engineer_interview.txt,1,0,0.0490196078431372,0.0,0.0294117647058823,0.0571924000726199,,,,,,,,,,
208,2024-09-08 10:32:41,robotics_engineer_interview.txt,2,0,0.0454545454545454,0.0,0.009090909090909,0.0403813965559999,,,,,,,,,,
208,2024-09-08 10:32:41,robotics_engineer_interview.txt,3,0,0.0610687022900763,0.0,0.0,0.1247161123923678,,,,,,,,,,
208,2024-09-08 10:32:41,biomedical_engineer_interview.txt,1,0,0.0909090909090909,0.0,0.0,0.1025907901717319,,,,,,,,,,
208,2024-09-08 10:32:41,biomedical_engineer_interview.txt,2,0,0.0594059405940594,0.0,0.0099009900990099,0.0426668739812379,,,,,,,,,,
208,2024-09-08 10:32:41,biomedical_engineer_interview.txt,3,0,0.089430894308943,0.0,0.0,0.0915016217502627,,,,,,,,,,
208,2024-09-08 10:32:41,marketing_manager_interview.txt,1,0,0.0459770114942528,0.0,0.0,0.0775670553173294,,,,,,,,,,
208,2024-09-08 10:32:41,marketing_manager_interview.txt,2,0,0.0655737704918032,0.0,0.0081967213114754,0.0418311722270583,,,,,,,,,,
208,2024-09-08 10:32:41,marketing_manager_interview.txt,3,0,0.0608695652173913,0.0,0.008695652173913,0.0106077077753049,,,,,,,,,,
208,2024-09-08 10:32:41,professor_of_classics_interview.txt,1,0,0.0909090909090909,0.0,0.0101010101010101,0.1139617522607703,,,,,,,,,,
208,2024-09-08 10:32:41,professor_of_classics_interview.txt,2,0,0.0504201680672268,0.0,0.0,0.0452051914403515,,,,,,,,,,
208,2024-09-08 10:32:41,professor_of_classics_interview.txt,3,0,0.042016806722689,0.0,0.0084033613445378,0.0592791343979399,,,,,,,,,,
208,2024-09-08 10:32:41,environmental_engineer_interview.txt,1,0,0.0612244897959183,0.0,0.0,0.1026424642988634,,,,,,,,,,
208,2024-09-08 10:32:41,environmental_engineer_interview.txt,2,0,0.0636363636363636,0.0,0.0272727272727272,0.1246022964543093,,,,,,,,,,
208,2024-09-08 10:32:41,environmental_engineer_interview.txt,3,0,0.075,0.0,0.0166666666666666,0.0,,,,,,,,,,
208,2024-09-08 10:32:41,physical_therapist_interview.txt,1,0,0.1079136690647482,0.0071942446043165,0.0,0.0976563572315262,,,,,,,,,,
208,2024-09-08 10:32:41,physical_therapist_interview.txt,2,0,0.0648148148148148,0.0,0.0092592592592592,0.0464390040542306,,,,,,,,,,
208,2024-09-08 10:32:41,physical_therapist_interview.txt,3,0,0.0602409638554216,0.0,0.0120481927710843,0.0820079849892669,,,,,,,,,,
208,2024-09-08 10:32:41,astronomer_interview.txt,1,0,0.0392156862745098,0.0,0.0,0.0357008884926808,,,,,,,,,,
208,2024-09-08 10:32:41,astronomer_interview.txt,2,0,0.0634920634920634,0.0158730158730158,0.0079365079365079,0.0,,,,,,,,,,
208,2024-09-08 10:32:41,astronomer_interview.txt,3,0,0.0784313725490196,0.0,0.0098039215686274,0.0315139499500514,,,,,,,,,,
208,2024-09-08 10:32:41,ai_professor_interview.txt,1,0,0.0606060606060606,0.0,0.0101010101010101,0.0211330472249737,,,,,,,,,,
208,2024-09-08 10:32:41,ai_professor_interview.txt,2,0,0.0789473684210526,0.0,0.0175438596491228,0.0811136402882951,,,,,,,,,,
208,2024-09-08 10:32:41,ai_professor_interview.txt,3,0,0.0581395348837209,0.0,0.0116279069767441,0.0,,,,,,,,,,
208,2024-09-08 10:32:41,game_developer_interview.txt,1,0,0.0439560439560439,0.0,0.0219780219780219,0.0605193719036507,,,,,,,,,,
208,2024-09-08 10:32:41,game_developer_interview.txt,2,0,0.0606060606060606,0.0,0.0202020202020202,0.0593816587862705,,,,,,,,,,
208,2024-09-08 10:32:41,game_developer_interview.txt,3,0,0.0519480519480519,0.0,0.0129870129870129,0.0775393919155081,,,,,,,,,,
208,2024-09-08 10:32:41,fire_protection_engineer_interview.txt,1,0,0.0930232558139534,0.0465116279069767,0.0077519379844961,0.0,,,,,,,,,,
208,2024-09-08 10:32:41,fire_protection_engineer_interview.txt,2,0,0.0535714285714285,0.0178571428571428,0.0089285714285714,0.0407611697271842,,,,,,,,,,
208,2024-09-08 10:32:41,fire_protection_engineer_interview.txt,3,0,0.0620155038759689,0.0077519379844961,0.0155038759689922,0.0576589288513933,,,,,,,,,,
208,2024-09-08 10:32:41,safety_engineer_interview.txt,1,0,0.0603448275862069,0.043103448275862,0.0258620689655172,0.0454675110134519,,,,,,,,,,
208,2024-09-08 10:32:41,safety_engineer_interview.txt,2,0,0.0769230769230769,0.0329670329670329,0.0,0.0741995996381659,,,,,,,,,,
208,2024-09-08 10:32:41,safety_engineer_interview.txt,3,0,0.0827067669172932,0.0300751879699248,0.0150375939849624,0.0413207430581339,,,,,,,,,,
208,2024-09-08 10:32:41,environmental_scientist_interview.txt,1,0,0.0673076923076923,0.0,0.0096153846153846,0.0534300314907251,,,,,,,,,,
208,2024-09-08 10:32:41,environmental_scientist_interview.txt,2,0,0.0495049504950495,0.0,0.0396039603960396,0.0877567755185532,,,,,,,,,,
208,2024-09-08 10:32:41,environmental_scientist_interview.txt,3,0,0.0449438202247191,0.0,0.0,0.1066267081851516,,,,,,,,,,
208,2024-09-08 10:32:41,operations_manager_interview.txt,1,0,0.0990990990990991,0.0,0.036036036036036,0.0,,,,,,,,,,
208,2024-09-08 10:32:41,operations_manager_interview.txt,2,0,0.0714285714285714,0.0,0.0,0.047230742864624,,,,,,,,,,
208,2024-09-08 10:32:41,operations_manager_interview.txt,3,0,0.0677966101694915,0.0,0.0169491525423728,0.0929592690651228,,,,,,,,,,
208,2024-09-08 10:32:41,backend_developer_interview.txt,1,0,0.0578512396694214,0.0,0.0,0.1284026295844632,,,,,,,,,,
208,2024-09-08 10:32:41,backend_developer_interview.txt,2,0,0.0576923076923076,0.0,0.0096153846153846,0.0870056695430988,,,,,,,,,,
208,2024-09-08 10:32:41,backend_developer_interview.txt,3,0,0.042016806722689,0.0,0.0084033613445378,0.0437544042466496,,,,,,,,,,
208,2024-09-08 10:32:41,digital_marketing_specialist_interview.txt,1,0,0.0666666666666666,0.0,0.0111111111111111,0.1233454514559801,,,,,,,,,,
208,2024-09-08 10:32:41,digital_marketing_specialist_interview.txt,2,0,0.0353982300884955,0.0,0.0088495575221238,0.0,,,,,,,,,,
208,2024-09-08 10:32:41,digital_marketing_specialist_interview.txt,3,0,0.0679611650485436,0.0,0.0097087378640776,0.1264080048769068,,,,,,,,,,
208,2024-09-08 10:32:41,mechanical_engineer_interview.txt,1,0,0.0636363636363636,0.0,0.0,0.0662024475332696,,,,,,,,,,
208,2024-09-08 10:32:41,mechanical_engineer_interview.txt,2,0,0.0686274509803921,0.0,0.0,0.0445948178221984,,,,,,,,,,
208,2024-09-08 10:32:41,mechanical_engineer_interview.txt,3,0,0.043859649122807,0.0,0.0087719298245614,0.0411470391941935,,,,,,,,,,
208,2024-09-08 10:32:41,software_quality_assurance_tester_interview.txt,1,0,0.045045045045045,0.0,0.0,0.0413513341749755,,,,,,,,,,
208,2024-09-08 10:32:41,software_quality_assurance_tester_interview.txt,2,0,0.0619469026548672,0.0088495575221238,0.0265486725663716,0.0458783496403244,,,,,,,,,,
208,2024-09-08 10:32:41,software_quality_assurance_tester_interview.txt,3,0,0.08130081300813,0.008130081300813,0.008130081300813,0.0444009606557039,,,,,,,,,,
208,2024-09-08 10:32:41,cybersecurity_specialist_interview.txt,1,0,0.0769230769230769,0.023076923076923,0.0,0.0,,,,,,,,,,
208,2024-09-08 10:32:41,cybersecurity_specialist_interview.txt,2,0,0.056,0.008,0.024,0.0433073475931765,,,,,,,,,,
208,2024-09-08 10:32:41,cybersecurity_specialist_interview.txt,3,0,0.099009900990099,0.0297029702970297,0.0,0.110208443279443,,,,,,,,,,
208,2024-09-08 10:32:41,product_manager_interview.txt,1,0,0.0608695652173913,0.0,0.008695652173913,0.0737688480628956,,,,,,,,,,
208,2024-09-08 10:32:41,product_manager_interview.txt,2,0,0.0353982300884955,0.0,0.0265486725663716,0.0829660006858995,,,,,,,,,,
208,2024-09-08 10:32:41,product_manager_interview.txt,3,0,0.110091743119266,0.0,0.0,0.0,,,,,,,,,,
208,2024-09-08 10:32:41,microbiologist_interview.txt,1,0,0.0823529411764705,0.0,0.0,0.1101574773451147,,,,,,,,,,
208,2024-09-08 10:32:41,microbiologist_interview.txt,2,0,0.087719298245614,0.0,0.0,0.0780188264815857,,,,,,,,,,
208,2024-09-08 10:32:41,microbiologist_interview.txt,3,0,0.044776119402985,0.0,0.0074626865671641,0.0568260682794716,,,,,,,,,,
208,2024-09-08 10:32:41,it_manager_interview.txt,1,0,0.0310077519379844,0.0,0.0077519379844961,0.0830915813122366,,,,,,,,,,
208,2024-09-08 10:32:41,it_manager_interview.txt,2,0,0.0575539568345323,0.0,0.0,0.1798682693699755,,,,,,,,,,
208,2024-09-08 10:32:41,it_manager_interview.txt,3,0,0.053030303030303,0.0,0.0075757575757575,0.0382738723689206,,,,,,,,,,
208,2024-09-08 10:32:41,industrial_engineer_interview.txt,1,0,0.0597014925373134,0.0,0.0373134328358208,0.1047357166686011,,,,,,,,,,
208,2024-09-08 10:32:41,industrial_engineer_interview.txt,2,0,0.056,0.0,0.016,0.0643330291584199,,,,,,,,,,
208,2024-09-08 10:32:41,industrial_engineer_interview.txt,3,0,0.0967741935483871,0.0,0.0161290322580645,0.0,,,,,,,,,,
208,2024-09-08 10:32:41,barista_interview.txt,1,0,0.0875,0.0,0.0,0.0681953019972214,,,,,,,,,,
208,2024-09-08 10:32:41,barista_interview.txt,2,0,0.0504201680672268,0.0,0.0168067226890756,0.1017040566415273,,,,,,,,,,
208,2024-09-08 10:32:41,barista_interview.txt,3,0,0.0692307692307692,0.0,0.0076923076923076,0.0932079290911632,,,,,,,,,,
208,2024-09-08 10:32:41,petroleum_engineer_interview.txt,1,0,0.1121495327102803,0.0,0.0,0.0843069329113059,,,,,,,,,,
208,2024-09-08 10:32:41,petroleum_engineer_interview.txt,2,0,0.0377358490566037,0.0,0.0094339622641509,0.0564175341466152,,,,,,,,,,
208,2024-09-08 10:32:41,petroleum_engineer_interview.txt,3,0,0.0619469026548672,0.0088495575221238,0.0,0.0720336357130974,,,,,,,,,,
208,2024-09-08 10:32:41,business_analyst_interview.txt,1,0,0.0542635658914728,0.0,0.0077519379844961,0.0,,,,,,,,,,
208,2024-09-08 10:32:41,business_analyst_interview.txt,2,0,0.0462962962962962,0.0,0.0092592592592592,0.0806541259927466,,,,,,,,,,
208,2024-09-08 10:32:41,business_analyst_interview.txt,3,0,0.0659340659340659,0.0,0.0109890109890109,0.0,,,,,,,,,,
208,2024-09-08 10:32:41,data_engineer_interview.txt,1,0,0.1162790697674418,0.0,0.0077519379844961,0.15220760143159,,,,,,,,,,
208,2024-09-08 10:32:41,data_engineer_interview.txt,2,0,0.0636363636363636,0.0,0.009090909090909,0.0452239103227598,,,,,,,,,,
208,2024-09-08 10:32:41,data_engineer_interview.txt,3,0,0.1307692307692307,0.0076923076923076,0.0,0.0,,,,,,,,,,
208,2024-09-08 10:32:41,aerospace_engineer_interview.txt,1,0,0.0470588235294117,0.0,0.0117647058823529,0.0598364515055597,,,,,,,,,,
208,2024-09-08 10:32:41,aerospace_engineer_interview.txt,2,0,0.0333333333333333,0.0,0.0111111111111111,0.0372874438364637,,,,,,,,,,
208,2024-09-08 10:32:41,aerospace_engineer_interview.txt,3,0,0.0510204081632653,0.0,0.0306122448979591,0.047097992667724,,,,,,,,,,
208,2024-09-08 10:32:41,bartender_interview.txt,1,0,0.0636363636363636,0.0,0.009090909090909,0.0802144581933062,,,,,,,,,,
208,2024-09-08 10:32:41,bartender_interview.txt,2,0,0.072072072072072,0.0,0.0,0.0542195723652842,,,,,,,,,,
208,2024-09-08 10:32:41,bartender_interview.txt,3,0,0.0588235294117647,0.0,0.0,0.0973387164224358,,,,,,,,,,
208,2024-09-08 10:32:41,natural_language_processing_engineer_interview.txt,1,0,0.0375,0.0,0.025,0.0164392722606681,,,,,,,,,,
208,2024-09-08 10:32:41,natural_language_processing_engineer_interview.txt,2,0,0.0381679389312977,0.0,0.0229007633587786,0.0706681390294403,,,,,,,,,,
208,2024-09-08 10:32:41,natural_language_processing_engineer_interview.txt,3,0,0.1111111111111111,0.0074074074074074,0.0,0.0796851750714229,,,,,,,,,,
208,2024-09-08 10:32:41,cto_of_a_fintec_interview.txt,1,0,0.0714285714285714,0.0,0.0158730158730158,0.0542815808204184,,,,,,,,,,
208,2024-09-08 10:32:41,cto_of_a_fintec_interview.txt,2,0,0.056,0.008,0.008,0.0907334966492485,,,,,,,,,,
208,2024-09-08 10:32:41,cto_of_a_fintec_interview.txt,3,0,0.073170731707317,0.0,0.0,0.0552888252461915,,,,,,,,,,
208,2024-09-08 10:32:41,database_administrator_interview.txt,1,0,0.0660377358490566,0.0,0.0,0.0548225848771237,,,,,,,,,,
208,2024-09-08 10:32:41,database_administrator_interview.txt,2,0,0.0254237288135593,0.0,0.0,0.024114343310107,,,,,,,,,,
208,2024-09-08 10:32:41,database_administrator_interview.txt,3,0,0.0863309352517985,0.0287769784172661,0.0287769784172661,0.104152812248344,,,,,,,,,,
208,2024-09-08 10:32:41,nuclear_engineer_interview.txt,1,0,0.0714285714285714,0.0,0.0089285714285714,0.0449991497095448,,,,,,,,,,
208,2024-09-08 10:32:41,nuclear_engineer_interview.txt,2,0,0.031578947368421,0.0,0.0,0.0757479536132003,,,,,,,,,,
208,2024-09-08 10:32:41,nuclear_engineer_interview.txt,3,0,0.0471698113207547,0.0,0.0283018867924528,0.1100773347441114,,,,,,,,,,
208,2024-09-08 10:32:41,pharmacist_interview.txt,1,0,0.0654205607476635,0.0,0.0093457943925233,0.0,,,,,,,,,,
208,2024-09-08 10:32:41,pharmacist_interview.txt,2,0,0.0441176470588235,0.0,0.0,0.0690132425340739,,,,,,,,,,
208,2024-09-08 10:32:41,pharmacist_interview.txt,3,0,0.0842105263157894,0.0421052631578947,0.0,0.0934611119352368,,,,,,,,,,
208,2024-09-08 10:32:41,chef_interview.txt,1,0,0.0588235294117647,0.0,0.0,0.0332256967857307,,,,,,,,,,
208,2024-09-08 10:32:41,chef_interview.txt,2,0,0.0642857142857142,0.0,0.0142857142857142,0.0765835105514407,,,,,,,,,,
208,2024-09-08 10:32:41,chef_interview.txt,3,0,0.0543478260869565,0.0,0.0,0.0449413215361284,,,,,,,,,,
208,2024-09-08 10:32:41,hotel_manager_interview.txt,1,0,0.040650406504065,0.0,0.008130081300813,0.1413053520565927,,,,,,,,,,
208,2024-09-08 10:32:41,hotel_manager_interview.txt,2,0,0.0948275862068965,0.0,0.0,0.1099607806113364,,,,,,,,,,
208,2024-09-08 10:32:41,hotel_manager_interview.txt,3,0,0.0873015873015873,0.0079365079365079,0.0,0.0983426079695328,,,,,,,,,,
208,2024-09-08 10:32:41,mobile_app_developer_interview.txt,1,0,0.0526315789473684,0.0,0.0,0.1013216232627603,,,,,,,,,,
208,2024-09-08 10:32:41,mobile_app_developer_interview.txt,2,0,0.024390243902439,0.0,0.016260162601626,0.0251933432248417,,,,,,,,,,
208,2024-09-08 10:32:41,mobile_app_developer_interview.txt,3,0,0.0465116279069767,0.0,0.0387596899224806,0.0713877057334111,,,,,,,,,,
208,2024-09-08 10:32:41,graphic_designer_interview.txt,1,0,0.0701754385964912,0.0,0.0087719298245614,0.0907194463199692,,,,,,,,,,
208,2024-09-08 10:32:41,graphic_designer_interview.txt,2,0,0.0338983050847457,0.0,0.0169491525423728,0.1235217831475955,,,,,,,,,,
208,2024-09-08 10:32:41,graphic_designer_interview.txt,3,0,0.0827067669172932,0.0,0.0,0.1745280411231842,,,,,,,,,,
208,2024-09-08 10:32:41,geotechnical_engineer_interview.txt,1,0,0.0341880341880341,0.0,0.0256410256410256,0.0319974506476605,,,,,,,,,,
208,2024-09-08 10:32:41,geotechnical_engineer_interview.txt,2,0,0.064516129032258,0.0,0.0161290322580645,0.0214325208060958,,,,,,,,,,
208,2024-09-08 10:32:41,geotechnical_engineer_interview.txt,3,0,0.0485436893203883,0.0,0.0097087378640776,0.0773230010696247,,,,,,,,,,
208,2024-09-08 10:32:41,gardener_interview.txt,1,0,0.048076923076923,0.0,0.0,0.0456965816968714,,,,,,,,,,
208,2024-09-08 10:32:41,gardener_interview.txt,2,0,0.0598290598290598,0.0,0.0085470085470085,0.1140851410160635,,,,,,,,,,
208,2024-09-08 10:32:41,gardener_interview.txt,3,0,0.0606060606060606,0.0,0.0075757575757575,0.0,,,,,,,,,,
208,2024-09-08 10:32:41,ai_software_developer_interview.txt,1,0,0.09,0.0,0.0,0.0111499229117319,,,,,,,,,,
208,2024-09-08 10:32:41,ai_software_developer_interview.txt,2,0,0.0542635658914728,0.0,0.0077519379844961,0.1105557259653508,,,,,,,,,,
208,2024-09-08 10:32:41,ai_software_developer_interview.txt,3,0,0.089430894308943,0.0,0.008130081300813,0.0,,,,,,,,,,
208,2024-09-08 10:32:41,supply_chain_manager_interview.txt,1,0,0.0485436893203883,0.0,0.0097087378640776,0.110396931184179,,,,,,,,,,
208,2024-09-08 10:32:41,supply_chain_manager_interview.txt,2,0,0.0446428571428571,0.0,0.0,0.0139712343151882,,,,,,,,,,
208,2024-09-08 10:32:41,supply_chain_manager_interview.txt,3,0,0.0588235294117647,0.0073529411764705,0.0,0.028340865949965,,,,,,,,,,
208,2024-09-08 10:32:41,cloud_architect_interview.txt,1,0,0.0285714285714285,0.0,0.0380952380952381,0.0391645933980824,,,,,,,,,,
208,2024-09-08 10:32:41,cloud_architect_interview.txt,2,0,0.0708661417322834,0.0,0.0157480314960629,0.0392796140007774,,,,,,,,,,
208,2024-09-08 10:32:41,cloud_architect_interview.txt,3,0,0.0546875,0.0,0.0078125,0.0877736868278276,,,,,,,,,,
208,2024-09-08 10:32:41,mining_engineer_interview.txt,1,0,0.043103448275862,0.0,0.0,0.0623291883426047,,,,,,,,,,
208,2024-09-08 10:32:41,mining_engineer_interview.txt,2,0,0.0526315789473684,0.0,0.0,0.0706375811030402,,,,,,,,,,
208,2024-09-08 10:32:41,mining_engineer_interview.txt,3,0,0.0333333333333333,0.0,0.0222222222222222,0.0358635620371859,,,,,,,,,,
208,2024-09-08 10:32:41,devops_engineer_interview.txt,1,0,0.0977443609022556,0.0601503759398496,0.0,0.07311065388755,,,,,,,,,,
208,2024-09-08 10:32:41,devops_engineer_interview.txt,2,0,0.0526315789473684,0.0,0.0263157894736842,0.148397515332583,,,,,,,,,,
208,2024-09-08 10:32:41,devops_engineer_interview.txt,3,0,0.0842105263157894,0.0,0.0105263157894736,0.0,,,,,,,,,,
208,2024-09-08 10:32:41,system_administrator_interview.txt,1,0,0.0408163265306122,0.0,0.0204081632653061,0.0332782663987651,,,,,,,,,,
208,2024-09-08 10:32:41,system_administrator_interview.txt,2,0,0.0560747663551401,0.0,0.0186915887850467,0.0204433907247207,,,,,,,,,,
208,2024-09-08 10:32:41,system_administrator_interview.txt,3,0,0.0921052631578947,0.0,0.0,0.1253139835189771,,,,,,,,,,
208,2024-09-08 10:32:41,content_writer_interview.txt,1,0,0.0769230769230769,0.0,0.0109890109890109,0.055124321075318,,,,,,,,,,
208,2024-09-08 10:32:41,content_writer_interview.txt,2,0,0.0454545454545454,0.0,0.0113636363636363,0.1019393483798434,,,,,,,,,,
208,2024-09-08 10:32:41,content_writer_interview.txt,3,0,0.0518518518518518,0.0,0.0222222222222222,0.0877565421919958,,,,,,,,,,
208,2024-09-08 10:32:41,transportation_engineer_interview.txt,1,0,0.0510948905109489,0.0,0.0145985401459854,0.1117562157628961,,,,,,,,,,
208,2024-09-08 10:32:41,transportation_engineer_interview.txt,2,0,0.0241935483870967,0.0080645161290322,0.0161290322580645,0.0349067186143281,,,,,,,,,,
208,2024-09-08 10:32:41,transportation_engineer_interview.txt,3,0,0.0687022900763358,0.0,0.0076335877862595,0.1166303786213575,,,,,,,,,,
208,2024-09-08 10:32:41,lorry_driver_interview.txt,1,0,0.0454545454545454,0.0,0.0,0.0916819840397446,,,,,,,,,,
208,2024-09-08 10:32:41,lorry_driver_interview.txt,2,0,0.0458015267175572,0.0,0.0076335877862595,0.0567176989464362,,,,,,,,,,
208,2024-09-08 10:32:41,lorry_driver_interview.txt,3,0,0.0413223140495867,0.0,0.0,0.1123148981401632,,,,,,,,,,
208,2024-09-08 10:32:41,dentist_interview.txt,1,0,0.0592592592592592,0.0,0.0074074074074074,0.0704318199356172,,,,,,,,,,
208,2024-09-08 10:32:41,dentist_interview.txt,2,0,0.0526315789473684,0.0,0.0087719298245614,0.0940702620980976,,,,,,,,,,
208,2024-09-08 10:32:41,dentist_interview.txt,3,0,0.0555555555555555,0.0,0.0,0.1371066698362683,,,,,,,,,,
208,2024-09-08 10:32:41,physicist_interview.txt,1,0,0.0608695652173913,0.0,0.008695652173913,0.1139810973689073,,,,,,,,,,
208,2024-09-08 10:32:41,physicist_interview.txt,2,0,0.0508474576271186,0.0,0.0423728813559322,0.1136156482515152,,,,,,,,,,
208,2024-09-08 10:32:41,physicist_interview.txt,3,0,0.0503597122302158,0.0,0.0071942446043165,0.062641834791487,,,,,,,,,,
208,2024-09-08 10:32:41,architect_interview.txt,1,0,0.0459770114942528,0.0,0.0229885057471264,0.0,,,,,,,,,,
208,2024-09-08 10:32:41,architect_interview.txt,2,0,0.0687022900763358,0.0,0.0229007633587786,0.0876209078759001,,,,,,,,,,
208,2024-09-08 10:32:41,architect_interview.txt,3,0,0.0606060606060606,0.0378787878787878,0.0227272727272727,0.0480218505844039,,,,,,,,,,
208,2024-09-08 10:32:41,materials_engineer_interview.txt,1,0,0.0454545454545454,0.0,0.0181818181818181,0.0329382443745014,,,,,,,,,,
208,2024-09-08 10:32:41,materials_engineer_interview.txt,2,0,0.0459770114942528,0.0,0.0114942528735632,0.0418562922438496,,,,,,,,,,
208,2024-09-08 10:32:41,materials_engineer_interview.txt,3,0,0.0508474576271186,0.0,0.0,0.0236745237289426,,,,,,,,,,
208,2024-09-08 10:32:41,computer_vision_engineer_interview.txt,1,0,0.0642201834862385,0.0,0.018348623853211,0.0651242189442417,,,,,,,,,,
208,2024-09-08 10:32:41,computer_vision_engineer_interview.txt,2,0,0.07,0.0,0.0,0.0806504300442508,,,,,,,,,,
208,2024-09-08 10:32:41,computer_vision_engineer_interview.txt,3,0,0.0564516129032258,0.0,0.0,0.0739659279494996,,,,,,,,,,
208,2024-09-08 10:32:41,data_scientist_interview.txt,1,0,0.0847457627118644,0.0,0.0084745762711864,0.0,,,,,,,,,,
208,2024-09-08 10:32:41,data_scientist_interview.txt,2,0,0.089430894308943,0.016260162601626,0.0,0.0524078414472835,,,,,,,,,,
208,2024-09-08 10:32:41,data_scientist_interview.txt,3,0,0.104,0.0,0.008,0.0,,,,,,,,,,
208,2024-09-08 10:32:41,structural_engineer_interview.txt,1,0,0.075187969924812,0.0,0.0075187969924812,0.1294579871455792,,,,,,,,,,
208,2024-09-08 10:32:41,structural_engineer_interview.txt,2,0,0.04,0.0,0.016,0.0444434820554314,,,,,,,,,,
208,2024-09-08 10:32:41,structural_engineer_interview.txt,3,0,0.0654205607476635,0.0,0.0093457943925233,0.0492461992698414,,,,,,,,,,
208,2024-09-08 10:32:41,ai_ethicist_interview.txt,1,0,0.0671641791044776,0.0597014925373134,0.0,0.0,,,,,,,,,,
208,2024-09-08 10:32:41,ai_ethicist_interview.txt,2,0,0.0869565217391304,0.0608695652173913,0.0260869565217391,0.0463364020063631,,,,,,,,,,
208,2024-09-08 10:32:41,ai_ethicist_interview.txt,3,0,0.0962962962962963,0.0518518518518518,0.0,0.0627334709480612,,,,,,,,,,
208,2024-09-08 10:32:41,sales_manager_interview.txt,1,0,0.0454545454545454,0.0,0.0227272727272727,0.0927529785536527,,,,,,,,,,
208,2024-09-08 10:32:41,sales_manager_interview.txt,2,0,0.0727272727272727,0.0,0.0,0.1185601973267088,,,,,,,,,,
208,2024-09-08 10:32:41,sales_manager_interview.txt,3,0,0.0444444444444444,0.0,0.0,0.106219738259975,,,,,,,,,,
208,2024-09-08 10:32:41,frontend_developer_interview.txt,1,0,0.0338983050847457,0.0,0.0,0.0463880667322203,,,,,,,,,,
208,2024-09-08 10:32:41,frontend_developer_interview.txt,2,0,0.048076923076923,0.0,0.0192307692307692,0.0316033064174671,,,,,,,,,,
208,2024-09-08 10:32:41,frontend_developer_interview.txt,3,0,0.0677966101694915,0.0,0.0084745762711864,0.1521935579294296,,,,,,,,,,
208,2024-09-08 10:32:41,public_relations_specialist_interview.txt,1,0,0.0707070707070707,0.0,0.0,0.0612498751422564,,,,,,,,,,
208,2024-09-08 10:32:41,public_relations_specialist_interview.txt,2,0,0.1025641025641025,0.0341880341880341,0.0,0.0,,,,,,,,,,
208,2024-09-08 10:32:41,public_relations_specialist_interview.txt,3,0,0.0517241379310344,0.0,0.0086206896551724,0.1004132052736,,,,,,,,,,
208,2024-09-08 10:32:41,logistics_coordinator_interview.txt,1,0,0.0603448275862069,0.0,0.0344827586206896,0.0536258473420191,,,,,,,,,,
208,2024-09-08 10:32:41,logistics_coordinator_interview.txt,2,0,0.043010752688172,0.0,0.0,0.0355816989033996,,,,,,,,,,
208,2024-09-08 10:32:41,logistics_coordinator_interview.txt,3,0,0.054054054054054,0.0,0.0,0.041870378325629,,,,,,,,,,
208,2024-09-08 10:32:41,nurse_interview.txt,1,0,0.0652173913043478,0.0,0.0217391304347826,0.0792010942258981,,,,,,,,,,
208,2024-09-08 10:32:41,nurse_interview.txt,2,0,0.0514705882352941,0.0,0.0147058823529411,0.1370661560765469,,,,,,,,,,
208,2024-09-08 10:32:41,nurse_interview.txt,3,0,0.054054054054054,0.0,0.036036036036036,0.1152664333805689,,,,,,,,,,
208,2024-09-08 10:32:41,chemist_interview.txt,1,0,0.0727272727272727,0.0,0.0181818181818181,0.0527446151325422,,,,,,,,,,
208,2024-09-08 10:32:41,chemist_interview.txt,2,0,0.1075268817204301,0.0,0.0,0.1152384730306447,,,,,,,,,,
208,2024-09-08 10:32:41,chemist_interview.txt,3,0,0.0697674418604651,0.0,0.0077519379844961,0.0643850449549886,,,,,,,,,,
208,2024-09-08 10:32:41,manufacturing_engineer_interview.txt,1,0,0.0687022900763358,0.015267175572519,0.0229007633587786,0.0482168090314157,,,,,,,,,,
208,2024-09-08 10:32:41,manufacturing_engineer_interview.txt,2,0,0.0446428571428571,0.0,0.0089285714285714,0.0834938300109287,,,,,,,,,,
208,2024-09-08 10:32:41,manufacturing_engineer_interview.txt,3,0,0.0602409638554216,0.0,0.0,0.0635358168333495,,,,,,,,,,
208,2024-09-08 10:32:41,veterinarian_interview.txt,1,0,0.048076923076923,0.0,0.0096153846153846,0.0969298964109895,,,,,,,,,,
208,2024-09-08 10:32:41,veterinarian_interview.txt,2,0,0.05,0.0142857142857142,0.0,0.0695811870523281,,,,,,,,,,
208,2024-09-08 10:32:41,veterinarian_interview.txt,3,0,0.032520325203252,0.0,0.016260162601626,0.0394390204432756,,,,,,,,,,
208,2024-09-08 10:32:41,event_planner_interview.txt,1,0,0.0373134328358208,0.0,0.0,0.099059528098622,,,,,,,,,,
208,2024-09-08 10:32:41,event_planner_interview.txt,2,0,0.078125,0.0,0.0078125,0.0271201838699979,,,,,,,,,,
208,2024-09-08 10:32:41,event_planner_interview.txt,3,0,0.048076923076923,0.0,0.0,0.1572289573335409,,,,,,,,,,
208,2024-09-08 10:32:41,seo_specialist_interview.txt,1,0,0.0306122448979591,0.0,0.0,0.0418630458366323,,,,,,,,,,
208,2024-09-08 10:32:41,seo_specialist_interview.txt,2,0,0.0561797752808988,0.0,0.0,0.0469111864526693,,,,,,,,,,
208,2024-09-08 10:32:41,seo_specialist_interview.txt,3,0,0.0648148148148148,0.0,0.0092592592592592,0.1552382553045406,,,,,,,,,,
208,2024-09-08 10:32:41,procurement_specialist_interview.txt,1,0,0.1349206349206349,0.0079365079365079,0.0,0.0,,,,,,,,,,
208,2024-09-08 10:32:41,procurement_specialist_interview.txt,2,0,0.0467289719626168,0.0,0.0,0.0290324715415137,,,,,,,,,,
208,2024-09-08 10:32:41,procurement_specialist_interview.txt,3,0,0.0614035087719298,0.0,0.0087719298245614,0.0990984254553111,,,,,,,,,,
208,2024-09-08 10:32:41,aerospace_engineer_interview.txt,-999,0,0.0438041883420034,0.0,0.0178293539638077,0.0480739626699158,0.0092818447337929,-37.9994116530922,0.0,0.0,0.011075130789614,1.5910790693874617,0.0113061410215475,-49.35193438837489,93.0,76.0
208,2024-09-08 10:32:41,agricultural_engineer_interview.txt,-999,0,0.0456377917911273,0.0,0.0109669211195928,0.011394722776523,0.0069730377729906,-35.404123463912626,0.0,0.0,0.0114809600183229,-37.51084010840108,0.0098783166486343,-87.99515091413978,90.0,99.0
208,2024-09-08 10:32:41,ai_ethicist_interview.txt,-999,0,0.0834723323799681,0.0574743032021855,0.008695652173913,0.0363566243181414,0.014875306539273,18.14700635108176,0.0049040868504378,0.0,0.0150613113701641,-50.45245669848003,0.0325356583816519,-61.69667338376586,5.0,91.0
208,2024-09-08 10:32:41,ai_professor_interview.txt,-999,0,0.0658976546369447,0.0,0.0130909255756256,0.0340822291710896,0.0113684743774216,-6.728248763048711,0.0,0.0,0.0039311982797189,-25.408331791241707,0.0420786958568103,-64.09285019626586,35.0,92.0
208,2024-09-08 10:32:41,ai_software_developer_interview.txt,-999,0,0.0778981534001386,0.0,0.0052940064284363,0.0405685496256942,0.0204701310535737,10.257295586392232,0.0,0.0,0.0045886409905508,-69.8349235335802,0.0608665247425301,-57.25922205916984,12.0,88.0
208,2024-09-08 10:32:41,architect_interview.txt,-999,0,0.0584284540588831,0.0126262626262626,0.0228721806110592,0.0452142528201013,0.0115180748983522,-17.300179161695667,0.0218693283783949,0.0,0.0001329413508501,30.324941311064123,0.0438778740158845,-52.36476636767525,55.0,78.0
208,2024-09-08 10:32:41,astronomer_interview.txt,-999,0,0.0603797074385309,0.0052910052910052,0.0059134765017117,0.0224049461475774,0.019792235413115,-14.538368884388149,0.0091642899871369,0.0,0.0052056422918386,-66.30520320142512,0.0195158607931298,-76.39538911533178,47.0,96.0
208,2024-09-08 10:32:41,backend_developer_interview.txt,-999,0,0.0525201180281394,0.0,0.0060062486533074,0.0863875677914038,0.0090964815246191,-25.6628568855078,0.0,0.0,0.0052367468209077,-65.77659049861344,0.0423274975700418,-8.986841139563666,72.0,16.0
208,2024-09-08 10:32:41,barista_interview.txt,-999,0,0.0690503124326653,0.0,0.0081663434604611,0.087702429243304,0.0185405746278981,-2.265966830895792,0.0,0.0,0.0084133830483931,-53.46844053443765,0.0174195882811321,-7.601575906837013,26.0,14.0
208,2024-09-08 10:32:41,bartender_interview.txt,-999,0,0.0648439883734001,0.0,0.003030303030303,0.0772575823270087,0.0067063208083585,-8.219611364063041,0.0,0.0,0.0052486388108147,-82.73343187977335,0.0217111142556495,-18.605688373125343,36.0,27.0
208,2024-09-08 10:32:41,biologist_interview.txt,-999,0,0.0680868838763575,0.01,0.0063492063492063,0.0489864703554579,0.0312272387653812,-3.629606692338399,0.0173205080756887,0.0,0.0109971479845643,-63.822428700477474,0.0437409249891785,-48.3905668088853,29.0,74.0
208,2024-09-08 10:32:41,biomedical_engineer_interview.txt,-999,0,0.0799153086040311,0.0,0.0033003300330033,0.0789197619677442,0.017777004765244,13.112383516612752,0.0,0.0,0.0057163392989071,-81.19482679975314,0.0318817554345985,-16.854507924775135,9.0,25.0
208,2024-09-08 10:32:41,business_analyst_interview.txt,-999,0,0.0554979760406117,0.0,0.0093334027442554,0.0268847086642488,0.0098769086964874,-21.44798712590089,0.0,0.0,0.0016198096651814,-46.81857468852488,0.0465656813531662,-71.67575933513768,67.0,95.0
208,2024-09-08 10:32:41,business_intelligence_analyst_interview.txt,-999,0,0.0687741763372015,0.0,0.0128851540616246,0.1003877971033804,0.0087949076901518,-2.6568107440144217,0.0,0.0,0.0111623859076589,-26.580811186263105,0.0562029429299538,5.763025386719647,28.0,8.0
208,2024-09-08 10:32:41,chef_interview.txt,-999,0,0.0591523565948118,0.0,0.0047619047619047,0.0515835096244333,0.0049770976432038,-16.27556519594934,0.0,0.0,0.0082478609884232,-72.86682152535812,0.0224290882691609,-45.654470011661154,52.0,69.0
208,2024-09-08 10:32:41,chemical_engineer_interview.txt,-999,0,0.0570857948442534,0.0,0.0156272377372001,0.0708178587504109,0.0088954911151646,-19.20058331041517,0.0,0.0,0.0054242753193317,-10.95650757628681,0.0689536349550145,-25.390224619236847,61.0,39.0
208,2024-09-08 10:32:41,chemist_interview.txt,-999,0,0.0833405321027226,0.0,0.0086445853887714,0.0774560443727252,0.0209982089846374,17.960455816924977,0.0,0.0,0.0091237186848588,-50.74343357950845,0.0332341516828835,-18.396599748959304,6.0,26.0
208,2024-09-08 10:32:41,civil_engineer_interview.txt,-999,0,0.0520920733861342,0.0,0.011100938334159,0.0633969770053524,0.0132700815553927,-26.26871264148845,0.0,0.0,0.0034094988331135,-36.74721437808669,0.017188509235205,-33.20845479303192,75.0,52.0
208,2024-09-08 10:32:41,cloud_architect_interview.txt,-999,0,0.0513750234345706,0.0,0.0205519231971003,0.0554059647422291,0.0213410418229086,-27.283627437396945,0.0,0.0,0.0157025185318364,17.10419002185195,0.0280313285841514,-41.62734291725233,77.0,62.0
208,2024-09-08 10:32:41,computer_vision_engineer_interview.txt,-999,0,0.0635572654631547,0.0,0.0061162079510703,0.0732468589793307,0.0067984772898058,-10.040843088568238,0.0,0.0,0.0105935829209105,-65.1500459958728,0.0077880423033267,-22.831164451684472,39.0,36.0
208,2024-09-08 10:32:41,construction_manager_interview.txt,-999,0,0.0845533482626598,0.0,0.0189321197235666,0.076807083260755,0.0285329359907958,19.67707969055212,0.0,0.0,0.0084526221862361,7.874602506192673,0.0695745010677526,-19.0803092489258,4.0,29.0
208,2024-09-08 10:32:41,content_writer_interview.txt,-999,0,0.0580764914098247,0.0,0.0148582898582898,0.0816067372157191,0.0166320991283872,-17.798348221407025,0.0,0.0,0.0063801027372806,-15.337947583882524,0.0240057653765828,-14.02365955908776,57.0,22.0
208,2024-09-08 10:32:41,cto_of_a_fintec_interview.txt,-999,0,0.0668664343786295,0.0026666666666666,0.0079576719576719,0.0667679675719528,0.0094508374067066,-5.35703481670042,0.004618802153517,0.0,0.007936592592141,-54.65744397126511,0.0207608663908648,-29.656965755907265,33.0,45.0
208,2024-09-08 10:32:41,customer_service_representative_interview.txt,-999,0,0.0581985266195792,0.0,0.0059542796384901,0.0671208891698068,0.0164720762626921,-17.6256191950239,0.0,0.0,0.005159023304182,-66.07270825499324,0.0489025078385463,-29.28514709875597,56.0,43.0
208,2024-09-08 10:32:41,cybersecurity_specialist_interview.txt,-999,0,0.0773109926377253,0.0202599644579842,0.008,0.0511719302908732,0.0215075743575556,9.426226364435236,0.0111223276261782,0.0,0.013856406460551,-54.41626016260162,0.0555235444498658,-46.08808721175909,14.0,70.0
208,2024-09-08 10:32:41,data_engineer_interview.txt,-999,0,0.1035615547243454,0.0025641025641025,0.0056142823584684,0.0658105039181166,0.0353271404733433,46.58135594018026,0.0044411559168432,0.0,0.0049079869301384,-68.01000169973511,0.0781642140642681,-30.665696454751668,1.0,48.0
208,2024-09-08 10:32:41,data_scientist_interview.txt,-999,0,0.0927255523402691,0.005420054200542,0.0054915254237288,0.0174692804824278,0.0100410403865582,31.244043491977635,0.0093878092551158,0.0,0.0047617165254651,-68.70946672178586,0.0302576813672363,-81.5953332131787,2.0,98.0
208,2024-09-08 10:32:41,database_administrator_interview.txt,-999,0,0.0592641333048048,0.0095923261390887,0.0095923261390887,0.0610299134785249,0.0310134360817725,-16.1173560829545,0.0166143962356726,0.0,0.0166143962356726,-45.34323760503791,0.0403786741209838,-35.70226188018239,51.0,55.0
208,2024-09-08 10:32:41,dentist_interview.txt,-999,0,0.0558154645873944,0.0,0.0053931124106562,0.1005362506233277,0.0033214757424644,-20.998612820863087,0.0,0.0,0.0047201405129731,-69.27022086985002,0.033804447311336,5.919427796693483,66.0,6.0
208,2024-09-08 10:32:41,devops_engineer_interview.txt,-999,0,0.0781954887218045,0.0200501253132832,0.0122807017543859,0.073836056406711,0.0231500816817152,10.67814495211195,0.0347278357407293,0.0,0.0132453235706504,-30.024960775923542,0.0742014170742861,-22.210418661181293,11.0,35.0
208,2024-09-08 10:32:41,digital_marketing_specialist_interview.txt,-999,0,0.0566753539345686,0.0,0.0098898021657708,0.0832511521109623,0.018437893884227,-19.78152268733997,0.0,0.0,0.001141597288879,-43.64822887902008,0.0721138721343955,-12.291195063101242,63.0,19.0
208,2024-09-08 10:32:41,doctor_interview.txt,-999,0,0.0602297484650425,0.0,0.0097643097643097,0.0522903051616822,0.0089849186448038,-14.750621295312598,0.0,0.0,0.0091654259857348,-44.36328050149187,0.0202047210831162,-44.90982936303435,48.0,67.0
208,2024-09-08 10:32:41,electrical_engineer_interview.txt,-999,0,0.0770187338501292,0.0066666666666666,0.0034722222222222,0.039980860416496,0.0212295749208747,9.012562341282049,0.0115470053837925,0.0,0.0060140653040586,-80.21539069557362,0.0105493860274732,-57.87837887449393,15.0,90.0
208,2024-09-08 10:32:41,environmental_engineer_interview.txt,-999,0,0.0666202844774273,0.0,0.0146464646464646,0.0757482535843909,0.0073565622429902,-5.705436174509245,0.0,0.0,0.0137481389786022,-16.54492075223783,0.0665124574639047,-20.19583357730795,34.0,31.0
208,2024-09-08 10:32:41,environmental_scientist_interview.txt,-999,0,0.0539188210091536,0.0,0.0164064483371414,0.08260450506481,0.0118172493974848,-23.683128210514862,0.0,0.0,0.0206568954496431,-6.516590918003615,0.0269700022423844,-12.97246659143272,71.0,20.0
208,2024-09-08 10:32:41,event_planner_interview.txt,-999,0,0.0545051186375813,0.0,0.0026041666666666,0.0944695564340536,0.021151531321009,-22.85328067116309,0.0,0.0,0.0045105489780439,-85.16154302168022,0.0651757172032501,-0.4721053384833027,68.0,12.0
208,2024-09-08 10:32:41,financial_analyst_interview.txt,-999,0,0.0676149780212825,0.0029498525073746,0.0116001867826685,0.1144640016456769,0.0109990487697447,-4.297543749648227,0.0051092944176073,0.0,0.0104294293817635,-33.902512954201285,0.0486399351293362,20.59293520954837,31.0,3.0
208,2024-09-08 10:32:41,fire_protection_engineer_interview.txt,-999,0,0.0695367294204503,0.0240402362495385,0.0107281284606865,0.0328066995261925,0.0207734997884739,-1.57749066991461,0.0201060034230084,0.0,0.0041775518863019,-38.87147291323412,0.029641073128454,-65.43667761461074,25.0,94.0
208,2024-09-08 10:32:41,focus_group_interview.txt,-999,0,0.0588235294117647,0.0,0.0,0.0,0.0,-16.74098824303796,0.0,0.0,0.0,-100.0,0.0,-100.0,53.0,100.0
208,2024-09-08 10:32:41,frontend_developer_interview.txt,-999,0,0.0499239461103867,0.0,0.0092351151673185,0.0767283103597056,0.0170244645281205,-29.337486925303224,0.0,0.0,0.0096379165726401,-47.37861410556739,0.0657715742358427,-19.163300016467915,83.0,30.0
208,2024-09-08 10:32:41,full_stack_developer_interview.txt,-999,0,0.0804121707008846,0.0123456790123456,0.0101876154369592,0.0483128022847362,0.0780055017087343,13.815643718392453,0.0213833433033194,0.0,0.0040072722095984,-41.95129854477313,0.0514378645862778,-49.10030619277265,8.0,75.0
208,2024-09-08 10:32:41,game_developer_interview.txt,-999,0,0.0521700521700521,0.0,0.0183890183890183,0.0658134742018097,0.0083272280313069,-26.15834122120914,0.0,0.0,0.0047618055766234,4.7800287637686125,0.0101708631617814,-30.662567128292565,74.0,47.0
208,2024-09-08 10:32:41,gardener_interview.txt,-999,0,0.0561706811706811,0.0,0.0053742553742553,0.0532605742376449,0.0070201583039181,-20.49583813223272,0.0,0.0,0.0046795082789833,-69.37766765002537,0.057417465439807,-43.88760758036767,65.0,66.0
208,2024-09-08 10:32:41,geneticist_interview.txt,-999,0,0.0611336032388664,0.0096153846153846,0.0101407364565259,0.0973580478295555,0.0279117427581266,-13.471302356226062,0.0166543346881622,0.0,0.008783849262908,-42.21841345076261,0.0114069685173857,2.571049283957322,44.0,9.0
208,2024-09-08 10:32:41,geologist_interview.txt,-999,0,0.0897087359987703,0.0,0.0084852734922861,0.0625965489539741,0.0186570725171784,26.97403198880508,0.0,0.0,0.0087032835354668,-51.651187584807126,0.0571174070875316,-34.05174147488816,3.0,53.0
208,2024-09-08 10:32:41,geotechnical_engineer_interview.txt,-999,0,0.0490826175135601,0.0,0.0171595985877226,0.0435843241744603,0.0151712282600357,-30.528306113392333,0.0,0.0,0.0080159839490695,-2.225165282882997,0.0296922241439828,-54.08196895306461,85.0,82.0
208,2024-09-08 10:32:41,graphic_designer_interview.txt,-999,0,0.06226017019951,0.0,0.0085736941223114,0.129589756863583,0.0253486704180317,-11.87675587526506,0.0,0.0,0.0084763150024872,-51.14736971039053,0.0422325155476891,36.5285935192658,42.0,1.0
208,2024-09-08 10:32:41,hotel_manager_interview.txt,-999,0,0.0742598600041829,0.0026455026455026,0.002710027100271,0.1165362468791539,0.029348878825487,5.107643471696633,0.0045821449935684,0.0,0.0046939046275579,-84.55835371361843,0.0222233416108369,22.77613806447352,18.0,2.0
208,2024-09-08 10:32:41,human_resources_manager_interview.txt,-999,0,0.0639151864060417,0.0,0.0236426564141502,0.0579282148176675,0.0148051245436644,-9.534240640706187,0.0,0.0,0.007475764681373,34.71508738095281,0.0734851947736557,-38.97003987388016,38.0,58.0
208,2024-09-08 10:32:41,industrial_engineer_interview.txt,-999,0,0.0708252286952335,0.0,0.0231474883646284,0.056356248609007,0.0225485441761457,0.2462553266415597,0.0,0.0,0.01226823742033,31.8936359378038,0.0528215330852058,-40.62617644456724,22.0,59.0
208,2024-09-08 10:32:41,it_manager_interview.txt,-999,0,0.0471973372676066,0.0,0.0051092318534179,0.1004112410170443,0.0142018613496248,-33.1967378061636,0.0,0.0,0.0044256013696548,-70.88776305310621,0.072368648424168,5.787724596260446,89.0,7.0
208,2024-09-08 10:32:41,logistics_coordinator_interview.txt,-999,0,0.0524698781094776,0.0,0.0114942528735632,0.0436926415236826,0.008774950040325,-25.733966627142763,0.0,0.0,0.019908629972056,-34.50612092327819,0.0091590559333901,-53.96785179055914,73.0,81.0
208,2024-09-08 10:32:41,lorry_driver_interview.txt,-999,0,0.0441927954072298,0.0,0.0025445292620865,0.086904860375448,0.0024919563434483,-37.44937596947936,0.0,0.0,0.0044072539632795,-85.50135501355014,0.0281047651195438,-8.44185031122339,92.0,15.0
208,2024-09-08 10:32:41,machine_learning_engineer_interview.txt,-999,0,0.0434991614619477,0.0,0.005050505050505,0.0497500160439961,0.0046712817333584,-38.43114767516897,0.0,0.0,0.0087477313513579,-71.2223864662889,0.0434329688699764,-47.5861373426463,95.0,73.0
208,2024-09-08 10:32:41,manufacturing_engineer_interview.txt,-999,0,0.0578620370248715,0.005089058524173,0.01060977826245,0.0650821519585646,0.012204857554227,-18.101887644095555,0.0088145079265591,0.0,0.0115425769617275,-39.54582849399921,0.0176892740534159,-31.43304775651628,58.0,49.0
208,2024-09-08 10:32:41,marine_engineer_interview.txt,-999,0,0.0574233716475095,0.0026041666666666,0.0147321428571428,0.0635955669632064,0.0125751911240016,-18.72277602288517,0.0045105489780439,0.0,0.0143066253205018,-16.05672909407666,0.0563358613200052,-32.99923140771915,60.0,51.0
208,2024-09-08 10:32:41,marketing_manager_interview.txt,-999,0,0.0574734490678158,0.0,0.0056307911617961,0.0433353117732308,0.010230270987519,-18.65189628194257,0.0,0.0,0.0048827850487395,-67.91593507524526,0.0335050053371757,-54.34431463324448,59.0,83.0
208,2024-09-08 10:32:41,materials_engineer_interview.txt,-999,0,0.0474263381919723,0.0,0.0098920236851271,0.0328230201157645,0.0029742707228518,-32.87260916504361,0.0,0.0,0.0091961938799908,-43.63557073397275,0.0090914319034334,-65.41948314497358,88.0,93.0
208,2024-09-08 10:32:41,mechanical_engineer_interview.txt,-999,0,0.0587078212465209,0.0,0.0029239766081871,0.0506481015165538,0.0130988129149364,-16.904761950374876,0.0,0.0,0.005064476045523,-83.3392763752199,0.0135803186403236,-46.639964208318496,54.0,72.0
208,2024-09-08 10:32:41,meteorologist_interview.txt,-999,0,0.0676512666704869,0.0,0.0157341100834086,0.0407192739003882,0.0157789142996009,-4.246180679445359,0.0,0.0,0.000801866882806,-10.34755242311398,0.0705278512427857,-57.10042730770777,30.0,87.0
208,2024-09-08 10:32:41,microbiologist_interview.txt,-999,0,0.0716161196083565,0.0,0.0024875621890547,0.081667457368724,0.023398475491293,1.3656848558227068,0.0,0.0,0.00430858409843,-85.82595154309752,0.0268522658028084,-13.95968816745406,20.0,21.0
208,2024-09-08 10:32:41,mining_engineer_interview.txt,-999,0,0.0430227868521879,0.0,0.0074074074074074,0.0562767771609436,0.009649375660832,-39.105409822159,0.0,0.0,0.0128300059819916,-57.79283348389039,0.0181598970628145,-40.70990316257054,96.0,60.0
208,2024-09-08 10:32:41,mobile_app_developer_interview.txt,-999,0,0.041177816918928,0.0,0.0183399508413688,0.0659675574070043,0.0148569985536164,-41.71678616935595,0.0,0.0,0.019463363791065,4.500443472954331,0.0383524739918186,-30.50023359361124,97.0,46.0
208,2024-09-08 10:32:41,natural_language_processing_engineer_interview.txt,-999,0,0.0622596833474696,0.0024691358024691,0.0159669211195928,0.0555975287871771,0.0423078956167013,-11.877444967201,0.0042766686606638,0.0,0.0138675385756967,-9.02100271002709,0.0342104300673422,-41.42552164481066,43.0,61.0
208,2024-09-08 10:32:41,network_administrator_interview.txt,-999,0,0.0611014125782108,0.0116959064327485,0.0237292955981766,0.0677886964885345,0.0239657375189806,-13.516865120323883,0.0202579041820921,0.0,0.024113132260403,35.208754634001025,0.0437899583450664,-28.581582278708154,46.0,42.0
208,2024-09-08 10:32:41,neuroscientist_interview.txt,-999,0,0.0512170987941831,0.0026666666666666,0.0144143248977901,0.0424897054500683,0.0090189791900086,-27.50715447873958,0.004618802153517,0.0,0.0055555106858179,-17.867645490924716,0.0430262860033163,-55.23519864110567,78.0,85.0
208,2024-09-08 10:32:41,no_persona_interview.txt,-999,0,0.0706512462380337,0.0,0.0175501177142041,0.094917667810953,0.0216471921120907,0.0,0.0,0.0,0.018795860180529,0.0,0.027153427299694,0.0,23.0,11.0
208,2024-09-08 10:32:41,nuclear_engineer_interview.txt,-999,0,0.050059110039249,0.0,0.0124101527403414,0.0769414793556188,0.0200813139447434,-29.146175467884788,0.0,0.0,0.0144685954856044,-29.287353267737515,0.0325555052122015,-18.938716963776685,82.0,28.0
208,2024-09-08 10:32:41,nurse_interview.txt,-999,0,0.0569140111978986,0.0,0.0241603496079199,0.110511227894338,0.00730603618957,-19.443726433150843,0.0,0.0,0.0108692497785903,37.66488636350152,0.0292241395109772,16.428511617502693,62.0,4.0
208,2024-09-08 10:32:41,occupational_therapist_interview.txt,-999,0,0.0388266702776472,0.0,0.0174767476747674,0.0615201787989723,0.0141881073971164,-45.044606648784544,0.0,0.0,0.0155319870303768,-0.4180600986927913,0.0268749397537979,-35.185745480491875,99.0,54.0
208,2024-09-08 10:32:41,operations_manager_interview.txt,-999,0,0.079441426899054,0.0,0.0176617295261363,0.0467300039765822,0.01712062624118,12.441649835029068,0.0,0.0,0.018028582799709,0.6359604747368337,0.0464816574667467,-50.76785486380242,10.0,77.0
208,2024-09-08 10:32:41,petroleum_engineer_interview.txt,-999,0,0.0706107614739171,0.0029498525073746,0.0031446540880503,0.0709193675903395,0.0379558416578355,-0.0573022646765224,0.0051092944176073,0.0,0.0054467006527323,-82.08186327146291,0.0139780483598758,-25.283280525192325,24.0,38.0
208,2024-09-08 10:32:41,pharmacist_interview.txt,-999,0,0.0645829113740921,0.0140350877192982,0.0031152647975077,0.0541581181564369,0.0200595609157627,-8.58914058429555,0.0243094850185105,0.0,0.0053957969083142,-82.24932249322492,0.0484690715946676,-42.942004997106174,37.0,63.0
208,2024-09-08 10:32:41,physical_therapist_interview.txt,-999,0,0.0776564825783282,0.0023980815347721,0.0071024840101145,0.0753677820916746,0.0263030992224335,9.915233931886933,0.0041535990589181,0.0,0.0063070196502622,-59.53027708545715,0.0262464004677375,-20.59667727847652,13.0,32.0
208,2024-09-08 10:32:41,physicist_interview.txt,-999,0,0.0540255783582419,0.0,0.0194209260447205,0.0967461934706365,0.0059320815056105,-23.532023517005825,0.0,0.0,0.019891147418598,10.659805027987248,0.0295358062180704,1.926433404711787,70.0,10.0
208,2024-09-08 10:32:41,procurement_specialist_interview.txt,-999,0,0.0810177052183938,0.0026455026455026,0.0029239766081871,0.0427102989989416,0.0472544165185173,14.672719212105775,0.0045821449935684,0.0,0.005064476045523,-83.3392763752199,0.0509454286947989,-55.00279349045167,7.0,84.0
208,2024-09-08 10:32:41,product_manager_interview.txt,-999,0,0.0687865128083843,0.0,0.0117481082467615,0.0522449495829317,0.0379708936764512,-2.6393496632272644,0.0,0.0,0.0135349961143919,-33.05966126225324,0.0454785440816327,-44.957613489842906,27.0,68.0
208,2024-09-08 10:32:41,professor_of_classics_interview.txt,-999,0,0.0611153552330022,0.0,0.0061681238151826,0.0728153593663539,0.0261419994381492,-13.49713064211734,0.0,0.0,0.0054087721688619,-64.85423109048168,0.0363220071548864,-23.285768555354807,45.0,37.0
208,2024-09-08 10:32:41,project_manager_interview.txt,-999,0,0.040186022406408,0.0,0.0313364648842841,0.0600194207659177,0.0098787579116307,-43.12057529598863,0.0,0.0,0.0214392955446953,78.55415783862236,0.0497708470280647,-36.76686105956788,98.0,56.0
208,2024-09-08 10:32:41,psychologist_interview.txt,-999,0,0.0507208066598474,0.002415458937198,0.0261500725978538,0.0400466858845506,0.0188810284074656,-28.20960795374773,0.0041836976028233,0.0,0.0047909399839845,49.00226325370636,0.017954888617755,-57.80902880556296,79.0,89.0
208,2024-09-08 10:32:41,public_relations_specialist_interview.txt,-999,0,0.0749984370674025,0.0113960113960113,0.0028735632183908,0.0538876934719521,0.0256902193432022,6.153027810327046,0.0197384707415256,0.0,0.004977157493014,-83.62653023081955,0.050609823528041,-43.22690947350289,17.0,64.0
208,2024-09-08 10:32:41,quality_control_engineer_interview.txt,-999,0,0.0442535005595821,0.0,0.0132078290751531,0.0707746374070316,0.0069378325017299,-37.36345370259146,0.0,0.0,0.0159500015841685,-24.74221945267413,0.0364743133413402,-25.435760233813227,91.0,40.0
208,2024-09-08 10:32:41,restaurant_manager_interview.txt,-999,0,0.0598364598364598,0.0037037037037037,0.0074074074074074,0.0424769058623897,0.0138875926258032,-15.307283278680444,0.0064150029909958,0.0,0.0128300059819916,-57.79283348389039,0.0043504564912869,-55.24868357807652,50.0,86.0
208,2024-09-08 10:32:41,retail_manager_interview.txt,-999,0,0.0758071108654853,0.0,0.0075596122183459,0.0207524511111663,0.0432659891979006,7.297627291783115,0.0,0.0,0.0001813744648619,-56.92557542091257,0.0359442997061293,-78.13636640072222,16.0,97.0
208,2024-09-08 10:32:41,robotics_engineer_interview.txt,-999,0,0.051847618529253,0.0,0.0128342245989304,0.0740966363403292,0.0081822189381443,-26.61471482814148,0.0,0.0,0.015058960257036,-26.87100560845181,0.0446363190310999,-21.9358860692752,76.0,34.0
208,2024-09-08 10:32:41,safety_engineer_interview.txt,-999,0,0.0733248904755256,0.0353818897376066,0.0136332209834932,0.0536626179032506,0.0116070793891186,3.784284609055732,0.0068416037276799,0.0,0.0129881041895934,-22.31835019283561,0.0179059943930516,-43.46403663211555,19.0,65.0
208,2024-09-08 10:32:41,sales_manager_interview.txt,-999,0,0.0542087542087542,0.0,0.0075757575757575,0.1058443047134455,0.0160454579898233,-23.27275583205214,0.0,0.0,0.0131215970270369,-56.83357969943335,0.0129077049842715,11.511699723022131,69.0,5.0
208,2024-09-08 10:32:41,seo_specialist_interview.txt,-999,0,0.0505356116645576,0.0,0.0030864197530864,0.0813374958646141,0.017786128989338,-28.47173354268058,0.0,0.0,0.0053458358258298,-82.41368061828766,0.0640496886430233,-14.307317340946923,81.0,23.0
208,2024-09-08 10:32:41,shop_assistant_interview.txt,-999,0,0.0489036708548903,0.0,0.0092592592592592,0.0794152865978313,0.0075805131521386,-30.781587786679367,0.0,0.0,0.0160375074774896,-47.241041854862985,0.0401423217191564,-16.33245060761253,86.0,24.0
208,2024-09-08 10:32:41,social_media_manager_interview.txt,-999,0,0.0296239503468419,0.0,0.0209090909090909,0.0848462323556859,0.0067165528586563,-58.07016588633869,0.0,0.0,0.0200618877188308,19.139320029563933,0.0735823879732686,-10.610706823650888,100.0,18.0
208,2024-09-08 10:32:41,software_quality_assurance_tester_interview.txt,-999,0,0.0627642535693474,0.0056598796076456,0.0115595846223948,0.0438768814903346,0.0181416985019682,-11.163274660596784,0.0049147827406753,0.0,0.0136025410689936,-34.133862743045,0.0023085626447115,-53.77374676153655,41.0,80.0
208,2024-09-08 10:32:41,speech_therapist_interview.txt,-999,0,0.0566419602666937,0.0,0.0063492063492063,0.0669799041283666,0.0087029981677694,-19.828788191705456,0.0,0.0,0.0109971479845643,-63.822428700477474,0.0210258350421744,-29.43368113324256,64.0,44.0
208,2024-09-08 10:32:41,structural_engineer_interview.txt,-999,0,0.0602028435574918,0.0,0.0109548637950015,0.0743825561569507,0.0181649865500866,-14.788702587552052,0.0,0.0,0.0044636901068712,-37.57954235181449,0.0477571339916643,-21.63465677949648,49.0,33.0
208,2024-09-08 10:32:41,supply_chain_manager_interview.txt,-999,0,0.05067002529167,0.0024509803921568,0.0032362459546925,0.0509030104831107,0.0073255610704311,-28.281484064759724,0.0042452225675707,0.0,0.0056053424193167,-81.5599757939327,0.0520217889794126,-46.37140623335371,80.0,71.0
208,2024-09-08 10:32:41,system_administrator_interview.txt,-999,0,0.0629987853478823,0.0,0.0130332506834509,0.059678546880821,0.0263361972264076,-10.831317630787623,0.0,0.0,0.0113197117684075,-25.73696145124717,0.0572030717304857,-37.125986913540174,40.0,57.0
208,2024-09-08 10:32:41,transportation_engineer_interview.txt,-999,0,0.0479969096581271,0.0026881720430107,0.0127870533967698,0.0877644376661939,0.022415511051796,-32.065020486094426,0.0046560505579808,0.0,0.0045281626931149,-27.139785584340416,0.045840955633769,-7.536247265373319,87.0,13.0
208,2024-09-08 10:32:41,travel_agent_interview.txt,-999,0,0.0497028200548739,0.0,0.0186578693637728,0.0852174211265346,0.032474334301964,-29.650469451850384,0.0,0.0,0.0069876896278449,6.311932874798359,0.0389138725049479,-10.21964288433452,84.0,17.0
208,2024-09-08 10:32:41,veterinarian_interview.txt,-999,0,0.0435324160933917,0.0047619047619047,0.0086251824056702,0.0686500346355311,0.0095851012275583,-38.38407896341272,0.0082478609884232,0.0,0.008175181788188,-50.8539911462279,0.0287567468344603,-27.674124092196408,94.0,41.0
208,2024-09-08 10:32:41,warehouse_manager_interview.txt,-999,0,0.0671234125691957,0.0,0.0040160642570281,0.0650412265723094,0.0171348523519315,-4.993307063476649,0.0,0.0,0.006956027339634,-77.11659646716949,0.0177789052236073,-31.47616447777486,32.0,50.0
208,2024-09-08 10:32:41,water_resources_engineer_interview.txt,-999,0,0.0713094122969675,0.0062893081761006,0.0,0.0440006396611022,0.0450911559835901,0.9315703458595976,0.0108934013054646,0.0,0.0,-100.0,0.0503493136199581,-53.64336200428139,21.0,79.0
209,2024-09-08 10:39:07,restaurant_manager_interview.txt,1,0,0.0714285714285714,0.0,0.0,0.0466530557892966,,,,,,,,,,
209,2024-09-08 10:39:07,restaurant_manager_interview.txt,2,0,0.0636363636363636,0.0,0.0,0.0428067433298522,,,,,,,,,,
209,2024-09-08 10:39:07,restaurant_manager_interview.txt,3,0,0.0444444444444444,0.0111111111111111,0.0222222222222222,0.0379709184680204,,,,,,,,,,
209,2024-09-08 10:39:07,geneticist_interview.txt,1,0,0.0384615384615384,0.0288461538461538,0.0,0.0937095795782794,,,,,,,,,,
209,2024-09-08 10:39:07,geneticist_interview.txt,2,0,0.0526315789473684,0.0,0.0150375939849624,0.0882216505718651,,,,,,,,,,
209,2024-09-08 10:39:07,geneticist_interview.txt,3,0,0.0923076923076923,0.0,0.0153846153846153,0.1101429133385219,,,,,,,,,,
209,2024-09-08 10:39:07,speech_therapist_interview.txt,1,0,0.0510204081632653,0.0,0.0,0.0432621003107774,,,,,,,,,,
209,2024-09-08 10:39:07,speech_therapist_interview.txt,2,0,0.0522388059701492,0.0,0.0,0.0833315864428225,,,,,,,,,,
209,2024-09-08 10:39:07,speech_therapist_interview.txt,3,0,0.0666666666666666,0.0,0.019047619047619,0.0743460256315,,,,,,,,,,
209,2024-09-08 10:39:07,customer_service_representative_interview.txt,1,0,0.0545454545454545,0.0,0.009090909090909,0.0311974890850877,,,,,,,,,,
209,2024-09-08 10:39:07,customer_service_representative_interview.txt,2,0,0.0761904761904762,0.0,0.0,0.122813044651559,,,,,,,,,,
209,2024-09-08 10:39:07,customer_service_representative_interview.txt,3,0,0.043859649122807,0.0,0.0087719298245614,0.0473521337727738,,,,,,,,,,
209,2024-09-08 10:39:07,construction_manager_interview.txt,1,0,0.055045871559633,0.0,0.0091743119266055,0.0948117237060615,,,,,,,,,,
209,2024-09-08 10:39:07,construction_manager_interview.txt,2,0,0.0866141732283464,0.0,0.0236220472440944,0.1356095260762036,,,,,,,,,,
209,2024-09-08 10:39:07,construction_manager_interview.txt,3,0,0.112,0.0,0.024,0.0,,,,,,,,,,
209,2024-09-08 10:39:07,doctor_interview.txt,1,0,0.0545454545454545,0.0,0.0181818181818181,0.0673965703749538,,,,,,,,,,
209,2024-09-08 10:39:07,doctor_interview.txt,2,0,0.0705882352941176,0.0,0.0,0.0293397273927395,,,,,,,,,,
209,2024-09-08 10:39:07,doctor_interview.txt,3,0,0.0555555555555555,0.0,0.0111111111111111,0.0601346177173533,,,,,,,,,,
209,2024-09-08 10:39:07,human_resources_manager_interview.txt,1,0,0.0693069306930693,0.0,0.0198019801980198,0.1425669620819004,,,,,,,,,,
209,2024-09-08 10:39:07,human_resources_manager_interview.txt,2,0,0.0471698113207547,0.0,0.0188679245283018,0.0103852698901538,,,,,,,,,,
209,2024-09-08 10:39:07,human_resources_manager_interview.txt,3,0,0.075268817204301,0.0,0.032258064516129,0.0208324124809482,,,,,,,,,,
209,2024-09-08 10:39:07,water_resources_engineer_interview.txt,1,0,0.1226415094339622,0.0188679245283018,0.0,0.0,,,,,,,,,,
209,2024-09-08 10:39:07,water_resources_engineer_interview.txt,2,0,0.0380952380952381,0.0,0.0,0.0989100944553876,,,,,,,,,,
209,2024-09-08 10:39:07,water_resources_engineer_interview.txt,3,0,0.0531914893617021,0.0,0.0,0.0330918245279189,,,,,,,,,,
209,2024-09-08 10:39:07,project_manager_interview.txt,1,0,0.0515463917525773,0.0,0.0515463917525773,0.0555355117717458,,,,,,,,,,
209,2024-09-08 10:39:07,project_manager_interview.txt,2,0,0.0336134453781512,0.0,0.0336134453781512,0.1118805059888638,,,,,,,,,,
209,2024-09-08 10:39:07,project_manager_interview.txt,3,0,0.0353982300884955,0.0,0.0088495575221238,0.0126422445371434,,,,,,,,,,
209,2024-09-08 10:39:07,biologist_interview.txt,1,0,0.1,0.03,0.0,0.0628254664475309,,,,,,,,,,
209,2024-09-08 10:39:07,biologist_interview.txt,2,0,0.0666666666666666,0.0,0.019047619047619,0.084133944618843,,,,,,,,,,
209,2024-09-08 10:39:07,biologist_interview.txt,3,0,0.037593984962406,0.0,0.0,0.0,,,,,,,,,,
209,2024-09-08 10:39:07,occupational_therapist_interview.txt,1,0,0.0227272727272727,0.0,0.0227272727272727,0.0619600680328602,,,,,,,,,,
209,2024-09-08 10:39:07,occupational_therapist_interview.txt,2,0,0.0495049504950495,0.0,0.0297029702970297,0.0881724737587123,,,,,,,,,,
209,2024-09-08 10:39:07,occupational_therapist_interview.txt,3,0,0.0442477876106194,0.0,0.0,0.0344279946053444,,,,,,,,,,
209,2024-09-08 10:39:07,network_administrator_interview.txt,1,0,0.0543478260869565,0.0,0.0108695652173913,0.0181441553921881,,,,,,,,,,
209,2024-09-08 10:39:07,network_administrator_interview.txt,2,0,0.087719298245614,0.0350877192982456,0.0087719298245614,0.1009251180073442,,,,,,,,,,
209,2024-09-08 10:39:07,network_administrator_interview.txt,3,0,0.0412371134020618,0.0,0.0515463917525773,0.0842968160660713,,,,,,,,,,
209,2024-09-08 10:39:07,neuroscientist_interview.txt,1,0,0.0442477876106194,0.0,0.0176991150442477,0.0414359038364657,,,,,,,,,,
209,2024-09-08 10:39:07,neuroscientist_interview.txt,2,0,0.0614035087719298,0.0,0.0175438596491228,0.0,,,,,,,,,,
209,2024-09-08 10:39:07,neuroscientist_interview.txt,3,0,0.048,0.008,0.008,0.0860332125137391,,,,,,,,,,
209,2024-09-08 10:39:07,retail_manager_interview.txt,1,0,0.0661764705882353,0.0,0.0073529411764705,0.0,,,,,,,,,,
209,2024-09-08 10:39:07,retail_manager_interview.txt,2,0,0.123076923076923,0.0,0.0076923076923076,0.0,,,,,,,,,,
209,2024-09-08 10:39:07,retail_manager_interview.txt,3,0,0.0381679389312977,0.0,0.0076335877862595,0.0622573533334991,,,,,,,,,,
209,2024-09-08 10:39:07,agricultural_engineer_interview.txt,1,0,0.04,0.0,0.01,0.01754081509232,,,,,,,,,,
209,2024-09-08 10:39:07,agricultural_engineer_interview.txt,2,0,0.0434782608695652,0.0,0.0,0.016643353237249,,,,,,,,,,
209,2024-09-08 10:39:07,agricultural_engineer_interview.txt,3,0,0.0534351145038167,0.0,0.0229007633587786,0.0,,,,,,,,,,
209,2024-09-08 10:39:07,electrical_engineer_interview.txt,1,0,0.0581395348837209,0.0,0.0,0.0515248660596885,,,,,,,,,,
209,2024-09-08 10:39:07,electrical_engineer_interview.txt,2,0,0.0729166666666666,0.0,0.0104166666666666,0.0375765713355705,,,,,,,,,,
209,2024-09-08 10:39:07,electrical_engineer_interview.txt,3,0,0.1,0.02,0.0,0.030841143854229,,,,,,,,,,
209,2024-09-08 10:39:07,quality_control_engineer_interview.txt,1,0,0.0515463917525773,0.0,0.0309278350515463,0.0571315807160011,,,,,,,,,,
209,2024-09-08 10:39:07,quality_control_engineer_interview.txt,2,0,0.0377358490566037,0.0,0.0,0.0430885464951094,,,,,,,,,,
209,2024-09-08 10:39:07,quality_control_engineer_interview.txt,3,0,0.0434782608695652,0.0,0.008695652173913,0.1121037850099844,,,,,,,,,,
209,2024-09-08 10:39:07,machine_learning_engineer_interview.txt,1,0,0.0454545454545454,0.0,0.0151515151515151,0.0691364256495546,,,,,,,,,,
209,2024-09-08 10:39:07,machine_learning_engineer_interview.txt,2,0,0.0381679389312977,0.0,0.0,0.0801136224824336,,,,,,,,,,
209,2024-09-08 10:39:07,machine_learning_engineer_interview.txt,3,0,0.046875,0.0,0.0,0.0,,,,,,,,,,
209,2024-09-08 10:39:07,psychologist_interview.txt,1,0,0.0384615384615384,0.0,0.0288461538461538,0.0323961959726534,,,,,,,,,,
209,2024-09-08 10:39:07,psychologist_interview.txt,2,0,0.072463768115942,0.0072463768115942,0.0289855072463768,0.0605596667072056,,,,,,,,,,
209,2024-09-08 10:39:07,psychologist_interview.txt,3,0,0.0412371134020618,0.0,0.0206185567010309,0.0271841949737927,,,,,,,,,,
209,2024-09-08 10:39:07,geologist_interview.txt,1,0,0.0725806451612903,0.0,0.0080645161290322,0.0759044861163816,,,,,,,,,,
209,2024-09-08 10:39:07,geologist_interview.txt,2,0,0.0869565217391304,0.0,0.017391304347826,0.1118851607455407,,,,,,,,,,
209,2024-09-08 10:39:07,geologist_interview.txt,3,0,0.1095890410958904,0.0,0.0,0.0,,,,,,,,,,
209,2024-09-08 10:39:07,chemical_engineer_interview.txt,1,0,0.046875,0.0,0.015625,0.0,,,,,,,,,,
209,2024-09-08 10:39:07,chemical_engineer_interview.txt,2,0,0.0631578947368421,0.0,0.0210526315789473,0.0747112850356365,,,,,,,,,,
209,2024-09-08 10:39:07,chemical_engineer_interview.txt,3,0,0.0612244897959183,0.0,0.010204081632653,0.1377422912155963,,,,,,,,,,
209,2024-09-08 10:39:07,no_persona_interview.txt,1,0,0.0467289719626168,0.0,0.0373831775700934,0.0635731657580273,,,,,,,,,,
209,2024-09-08 10:39:07,no_persona_interview.txt,2,0,0.0888888888888888,0.0,0.0,0.1099189066092266,,,,,,,,,,
209,2024-09-08 10:39:07,no_persona_interview.txt,3,0,0.0763358778625954,0.0,0.015267175572519,0.111260931065605,,,,,,,,,,
209,2024-09-08 10:39:07,financial_analyst_interview.txt,1,0,0.0619469026548672,0.0088495575221238,0.0,0.0598254669070187,,,,,,,,,,
209,2024-09-08 10:39:07,financial_analyst_interview.txt,2,0,0.0606060606060606,0.0,0.0202020202020202,0.1530445380640685,,,,,,,,,,
209,2024-09-08 10:39:07,financial_analyst_interview.txt,3,0,0.0802919708029197,0.0,0.0145985401459854,0.1305219999659435,,,,,,,,,,
209,2024-09-08 10:39:07,civil_engineer_interview.txt,1,0,0.037593984962406,0.0,0.0150375939849624,0.0831598154358535,,,,,,,,,,
209,2024-09-08 10:39:07,civil_engineer_interview.txt,2,0,0.055045871559633,0.0,0.0091743119266055,0.0551022249278976,,,,,,,,,,
209,2024-09-08 10:39:07,civil_engineer_interview.txt,3,0,0.0636363636363636,0.0,0.009090909090909,0.0519288906523061,,,,,,,,,,
209,2024-09-08 10:39:07,meteorologist_interview.txt,1,0,0.0495867768595041,0.0,0.0165289256198347,0.0,,,,,,,,,,
209,2024-09-08 10:39:07,meteorologist_interview.txt,2,0,0.0746268656716417,0.0,0.0149253731343283,0.0,,,,,,,,,,
209,2024-09-08 10:39:07,meteorologist_interview.txt,3,0,0.0787401574803149,0.0,0.0157480314960629,0.1221578217011647,,,,,,,,,,
209,2024-09-08 10:39:07,shop_assistant_interview.txt,1,0,0.040650406504065,0.0,0.0,0.1223705927244681,,,,,,,,,,
209,2024-09-08 10:39:07,shop_assistant_interview.txt,2,0,0.0555555555555555,0.0,0.0277777777777777,0.0428532956412062,,,,,,,,,,
209,2024-09-08 10:39:07,shop_assistant_interview.txt,3,0,0.0505050505050505,0.0,0.0,0.0730219714278197,,,,,,,,,,
209,2024-09-08 10:39:07,social_media_manager_interview.txt,1,0,0.036144578313253,0.0,0.0,0.1233699304830566,,,,,,,,,,
209,2024-09-08 10:39:07,social_media_manager_interview.txt,2,0,0.03,0.0,0.04,0.0,,,,,,,,,,
209,2024-09-08 10:39:07,social_media_manager_interview.txt,3,0,0.0227272727272727,0.0,0.0227272727272727,0.1311687665840011,,,,,,,,,,
209,2024-09-08 10:39:07,marine_engineer_interview.txt,1,0,0.0666666666666666,0.0,0.0285714285714285,0.0835429425346109,,,,,,,,,,
209,2024-09-08 10:39:07,marine_engineer_interview.txt,2,0,0.043103448275862,0.0,0.0,0.1072437583550084,,,,,,,,,,
209,2024-09-08 10:39:07,marine_engineer_interview.txt,3,0,0.0625,0.0078125,0.015625,0.0,,,,,,,,,,
209,2024-09-08 10:39:07,warehouse_manager_interview.txt,1,0,0.072289156626506,0.0,0.0120481927710843,0.081493124342657,,,,,,,,,,
209,2024-09-08 10:39:07,warehouse_manager_interview.txt,2,0,0.081081081081081,0.0,0.0,0.0461808634688753,,,,,,,,,,
209,2024-09-08 10:39:07,warehouse_manager_interview.txt,3,0,0.048,0.0,0.0,0.067449691905396,,,,,,,,,,
209,2024-09-08 10:39:07,business_intelligence_analyst_interview.txt,1,0,0.0666666666666666,0.0,0.019047619047619,0.0519120125435854,,,,,,,,,,
209,2024-09-08 10:39:07,business_intelligence_analyst_interview.txt,2,0,0.0784313725490196,0.0,0.0196078431372549,0.1619933830165744,,,,,,,,,,
209,2024-09-08 10:39:07,business_intelligence_analyst_interview.txt,3,0,0.0612244897959183,0.0,0.0,0.0872579957499813,,,,,,,,,,
209,2024-09-08 10:39:07,full_stack_developer_interview.txt,1,0,0.0393700787401574,0.0,0.0078740157480314,0.0425483283606354,,,,,,,,,,
209,2024-09-08 10:39:07,full_stack_developer_interview.txt,2,0,0.1703703703703703,0.037037037037037,0.0148148148148148,0.1023900784935733,,,,,,,,,,
209,2024-09-08 10:39:07,full_stack_developer_interview.txt,3,0,0.0314960629921259,0.0,0.0078740157480314,0.0,,,,,,,,,,
209,2024-09-08 10:39:07,focus_group_interview.txt,1,0,0.0588235294117647,0.0,0.0,0.0,,,,,,,,,,
209,2024-09-08 10:39:07,focus_group_interview.txt,2,0,0.0588235294117647,0.0,0.0,0.0,,,,,,,,,,
209,2024-09-08 10:39:07,focus_group_interview.txt,3,0,0.0588235294117647,0.0,0.0,0.0,,,,,,,,,,
209,2024-09-08 10:39:07,travel_agent_interview.txt,1,0,0.0531914893617021,0.0,0.0106382978723404,0.1283619363588929,,,,,,,,,,
209,2024-09-08 10:39:07,travel_agent_interview.txt,2,0,0.0802919708029197,0.0,0.0218978102189781,0.0745172643816199,,,,,,,,,,
209,2024-09-08 10:39:07,travel_agent_interview.txt,3,0,0.015625,0.0,0.0234375,0.0527730626390911,,,,,,,,,,
209,2024-09-08 10:39:07,robotics_engineer_interview.txt,1,0,0.0490196078431372,0.0,0.0294117647058823,0.0571924000726199,,,,,,,,,,
209,2024-09-08 10:39:07,robotics_engineer_interview.txt,2,0,0.0454545454545454,0.0,0.009090909090909,0.0403813965559999,,,,,,,,,,
209,2024-09-08 10:39:07,robotics_engineer_interview.txt,3,0,0.0610687022900763,0.0,0.0,0.1247161123923678,,,,,,,,,,
209,2024-09-08 10:39:07,biomedical_engineer_interview.txt,1,0,0.0909090909090909,0.0,0.0,0.1025907901717319,,,,,,,,,,
209,2024-09-08 10:39:07,biomedical_engineer_interview.txt,2,0,0.0594059405940594,0.0,0.0099009900990099,0.0426668739812379,,,,,,,,,,
209,2024-09-08 10:39:07,biomedical_engineer_interview.txt,3,0,0.089430894308943,0.0,0.0,0.0915016217502627,,,,,,,,,,
209,2024-09-08 10:39:07,marketing_manager_interview.txt,1,0,0.0459770114942528,0.0,0.0,0.0775670553173294,,,,,,,,,,
209,2024-09-08 10:39:07,marketing_manager_interview.txt,2,0,0.0655737704918032,0.0,0.0081967213114754,0.0418311722270583,,,,,,,,,,
209,2024-09-08 10:39:07,marketing_manager_interview.txt,3,0,0.0608695652173913,0.0,0.008695652173913,0.0106077077753049,,,,,,,,,,
209,2024-09-08 10:39:07,professor_of_classics_interview.txt,1,0,0.0909090909090909,0.0,0.0101010101010101,0.1139617522607703,,,,,,,,,,
209,2024-09-08 10:39:07,professor_of_classics_interview.txt,2,0,0.0504201680672268,0.0,0.0,0.0452051914403515,,,,,,,,,,
209,2024-09-08 10:39:07,professor_of_classics_interview.txt,3,0,0.042016806722689,0.0,0.0084033613445378,0.0592791343979399,,,,,,,,,,
209,2024-09-08 10:39:07,environmental_engineer_interview.txt,1,0,0.0612244897959183,0.0,0.0,0.1026424642988634,,,,,,,,,,
209,2024-09-08 10:39:07,environmental_engineer_interview.txt,2,0,0.0636363636363636,0.0,0.0272727272727272,0.1246022964543093,,,,,,,,,,
209,2024-09-08 10:39:07,environmental_engineer_interview.txt,3,0,0.075,0.0,0.0166666666666666,0.0,,,,,,,,,,
209,2024-09-08 10:39:07,physical_therapist_interview.txt,1,0,0.1079136690647482,0.0071942446043165,0.0,0.0976563572315262,,,,,,,,,,
209,2024-09-08 10:39:07,physical_therapist_interview.txt,2,0,0.0648148148148148,0.0,0.0092592592592592,0.0464390040542306,,,,,,,,,,
209,2024-09-08 10:39:07,physical_therapist_interview.txt,3,0,0.0602409638554216,0.0,0.0120481927710843,0.0820079849892669,,,,,,,,,,
209,2024-09-08 10:39:07,astronomer_interview.txt,1,0,0.0392156862745098,0.0,0.0,0.0357008884926808,,,,,,,,,,
209,2024-09-08 10:39:07,astronomer_interview.txt,2,0,0.0634920634920634,0.0158730158730158,0.0079365079365079,0.0,,,,,,,,,,
209,2024-09-08 10:39:07,astronomer_interview.txt,3,0,0.0784313725490196,0.0,0.0098039215686274,0.0315139499500514,,,,,,,,,,
209,2024-09-08 10:39:07,ai_professor_interview.txt,1,0,0.0606060606060606,0.0,0.0101010101010101,0.0211330472249737,,,,,,,,,,
209,2024-09-08 10:39:07,ai_professor_interview.txt,2,0,0.0789473684210526,0.0,0.0175438596491228,0.0811136402882951,,,,,,,,,,
209,2024-09-08 10:39:07,ai_professor_interview.txt,3,0,0.0581395348837209,0.0,0.0116279069767441,0.0,,,,,,,,,,
209,2024-09-08 10:39:07,game_developer_interview.txt,1,0,0.0439560439560439,0.0,0.0219780219780219,0.0605193719036507,,,,,,,,,,
209,2024-09-08 10:39:07,game_developer_interview.txt,2,0,0.0606060606060606,0.0,0.0202020202020202,0.0593816587862705,,,,,,,,,,
209,2024-09-08 10:39:07,game_developer_interview.txt,3,0,0.0519480519480519,0.0,0.0129870129870129,0.0775393919155081,,,,,,,,,,
209,2024-09-08 10:39:07,fire_protection_engineer_interview.txt,1,0,0.0930232558139534,0.0465116279069767,0.0077519379844961,0.0,,,,,,,,,,
209,2024-09-08 10:39:07,fire_protection_engineer_interview.txt,2,0,0.0535714285714285,0.0178571428571428,0.0089285714285714,0.0407611697271842,,,,,,,,,,
209,2024-09-08 10:39:07,fire_protection_engineer_interview.txt,3,0,0.0620155038759689,0.0077519379844961,0.0155038759689922,0.0576589288513933,,,,,,,,,,
209,2024-09-08 10:39:07,safety_engineer_interview.txt,1,0,0.0603448275862069,0.043103448275862,0.0258620689655172,0.0454675110134519,,,,,,,,,,
209,2024-09-08 10:39:07,safety_engineer_interview.txt,2,0,0.0769230769230769,0.0329670329670329,0.0,0.0741995996381659,,,,,,,,,,
209,2024-09-08 10:39:07,safety_engineer_interview.txt,3,0,0.0827067669172932,0.0300751879699248,0.0150375939849624,0.0413207430581339,,,,,,,,,,
209,2024-09-08 10:39:07,environmental_scientist_interview.txt,1,0,0.0673076923076923,0.0,0.0096153846153846,0.0534300314907251,,,,,,,,,,
209,2024-09-08 10:39:07,environmental_scientist_interview.txt,2,0,0.0495049504950495,0.0,0.0396039603960396,0.0877567755185532,,,,,,,,,,
209,2024-09-08 10:39:07,environmental_scientist_interview.txt,3,0,0.0449438202247191,0.0,0.0,0.1066267081851516,,,,,,,,,,
209,2024-09-08 10:39:07,operations_manager_interview.txt,1,0,0.0990990990990991,0.0,0.036036036036036,0.0,,,,,,,,,,
209,2024-09-08 10:39:07,operations_manager_interview.txt,2,0,0.0714285714285714,0.0,0.0,0.047230742864624,,,,,,,,,,
209,2024-09-08 10:39:07,operations_manager_interview.txt,3,0,0.0677966101694915,0.0,0.0169491525423728,0.0929592690651228,,,,,,,,,,
209,2024-09-08 10:39:07,backend_developer_interview.txt,1,0,0.0578512396694214,0.0,0.0,0.1284026295844632,,,,,,,,,,
209,2024-09-08 10:39:07,backend_developer_interview.txt,2,0,0.0576923076923076,0.0,0.0096153846153846,0.0870056695430988,,,,,,,,,,
209,2024-09-08 10:39:07,backend_developer_interview.txt,3,0,0.042016806722689,0.0,0.0084033613445378,0.0437544042466496,,,,,,,,,,
209,2024-09-08 10:39:07,digital_marketing_specialist_interview.txt,1,0,0.0666666666666666,0.0,0.0111111111111111,0.1233454514559801,,,,,,,,,,
209,2024-09-08 10:39:07,digital_marketing_specialist_interview.txt,2,0,0.0353982300884955,0.0,0.0088495575221238,0.0,,,,,,,,,,
209,2024-09-08 10:39:07,digital_marketing_specialist_interview.txt,3,0,0.0679611650485436,0.0,0.0097087378640776,0.1264080048769068,,,,,,,,,,
209,2024-09-08 10:39:07,mechanical_engineer_interview.txt,1,0,0.0636363636363636,0.0,0.0,0.0662024475332696,,,,,,,,,,
209,2024-09-08 10:39:07,mechanical_engineer_interview.txt,2,0,0.0686274509803921,0.0,0.0,0.0445948178221984,,,,,,,,,,
209,2024-09-08 10:39:07,mechanical_engineer_interview.txt,3,0,0.043859649122807,0.0,0.0087719298245614,0.0411470391941935,,,,,,,,,,
209,2024-09-08 10:39:07,software_quality_assurance_tester_interview.txt,1,0,0.045045045045045,0.0,0.0,0.0413513341749755,,,,,,,,,,
209,2024-09-08 10:39:07,software_quality_assurance_tester_interview.txt,2,0,0.0619469026548672,0.0088495575221238,0.0265486725663716,0.0458783496403244,,,,,,,,,,
209,2024-09-08 10:39:07,software_quality_assurance_tester_interview.txt,3,0,0.08130081300813,0.008130081300813,0.008130081300813,0.0444009606557039,,,,,,,,,,
209,2024-09-08 10:39:07,cybersecurity_specialist_interview.txt,1,0,0.0769230769230769,0.023076923076923,0.0,0.0,,,,,,,,,,
209,2024-09-08 10:39:07,cybersecurity_specialist_interview.txt,2,0,0.056,0.008,0.024,0.0433073475931765,,,,,,,,,,
209,2024-09-08 10:39:07,cybersecurity_specialist_interview.txt,3,0,0.099009900990099,0.0297029702970297,0.0,0.110208443279443,,,,,,,,,,
209,2024-09-08 10:39:07,product_manager_interview.txt,1,0,0.0608695652173913,0.0,0.008695652173913,0.0737688480628956,,,,,,,,,,
209,2024-09-08 10:39:07,product_manager_interview.txt,2,0,0.0353982300884955,0.0,0.0265486725663716,0.0829660006858995,,,,,,,,,,
209,2024-09-08 10:39:07,product_manager_interview.txt,3,0,0.110091743119266,0.0,0.0,0.0,,,,,,,,,,
209,2024-09-08 10:39:07,microbiologist_interview.txt,1,0,0.0823529411764705,0.0,0.0,0.1101574773451147,,,,,,,,,,
209,2024-09-08 10:39:07,microbiologist_interview.txt,2,0,0.087719298245614,0.0,0.0,0.0780188264815857,,,,,,,,,,
209,2024-09-08 10:39:07,microbiologist_interview.txt,3,0,0.044776119402985,0.0,0.0074626865671641,0.0568260682794716,,,,,,,,,,
209,2024-09-08 10:39:07,it_manager_interview.txt,1,0,0.0310077519379844,0.0,0.0077519379844961,0.0830915813122366,,,,,,,,,,
209,2024-09-08 10:39:07,it_manager_interview.txt,2,0,0.0575539568345323,0.0,0.0,0.1798682693699755,,,,,,,,,,
209,2024-09-08 10:39:07,it_manager_interview.txt,3,0,0.053030303030303,0.0,0.0075757575757575,0.0382738723689206,,,,,,,,,,
209,2024-09-08 10:39:07,industrial_engineer_interview.txt,1,0,0.0597014925373134,0.0,0.0373134328358208,0.1047357166686011,,,,,,,,,,
209,2024-09-08 10:39:07,industrial_engineer_interview.txt,2,0,0.056,0.0,0.016,0.0643330291584199,,,,,,,,,,
209,2024-09-08 10:39:07,industrial_engineer_interview.txt,3,0,0.0967741935483871,0.0,0.0161290322580645,0.0,,,,,,,,,,
209,2024-09-08 10:39:07,barista_interview.txt,1,0,0.0875,0.0,0.0,0.0681953019972214,,,,,,,,,,
209,2024-09-08 10:39:07,barista_interview.txt,2,0,0.0504201680672268,0.0,0.0168067226890756,0.1017040566415273,,,,,,,,,,
209,2024-09-08 10:39:07,barista_interview.txt,3,0,0.0692307692307692,0.0,0.0076923076923076,0.0932079290911632,,,,,,,,,,
209,2024-09-08 10:39:07,petroleum_engineer_interview.txt,1,0,0.1121495327102803,0.0,0.0,0.0843069329113059,,,,,,,,,,
209,2024-09-08 10:39:07,petroleum_engineer_interview.txt,2,0,0.0377358490566037,0.0,0.0094339622641509,0.0564175341466152,,,,,,,,,,
209,2024-09-08 10:39:07,petroleum_engineer_interview.txt,3,0,0.0619469026548672,0.0088495575221238,0.0,0.0720336357130974,,,,,,,,,,
209,2024-09-08 10:39:07,business_analyst_interview.txt,1,0,0.0542635658914728,0.0,0.0077519379844961,0.0,,,,,,,,,,
209,2024-09-08 10:39:07,business_analyst_interview.txt,2,0,0.0462962962962962,0.0,0.0092592592592592,0.0806541259927466,,,,,,,,,,
209,2024-09-08 10:39:07,business_analyst_interview.txt,3,0,0.0659340659340659,0.0,0.0109890109890109,0.0,,,,,,,,,,
209,2024-09-08 10:39:07,data_engineer_interview.txt,1,0,0.1162790697674418,0.0,0.0077519379844961,0.15220760143159,,,,,,,,,,
209,2024-09-08 10:39:07,data_engineer_interview.txt,2,0,0.0636363636363636,0.0,0.009090909090909,0.0452239103227598,,,,,,,,,,
209,2024-09-08 10:39:07,data_engineer_interview.txt,3,0,0.1307692307692307,0.0076923076923076,0.0,0.0,,,,,,,,,,
209,2024-09-08 10:39:07,aerospace_engineer_interview.txt,1,0,0.0470588235294117,0.0,0.0117647058823529,0.0598364515055597,,,,,,,,,,
209,2024-09-08 10:39:07,aerospace_engineer_interview.txt,2,0,0.0333333333333333,0.0,0.0111111111111111,0.0372874438364637,,,,,,,,,,
209,2024-09-08 10:39:07,aerospace_engineer_interview.txt,3,0,0.0510204081632653,0.0,0.0306122448979591,0.047097992667724,,,,,,,,,,
209,2024-09-08 10:39:07,bartender_interview.txt,1,0,0.0636363636363636,0.0,0.009090909090909,0.0802144581933062,,,,,,,,,,
209,2024-09-08 10:39:07,bartender_interview.txt,2,0,0.072072072072072,0.0,0.0,0.0542195723652842,,,,,,,,,,
209,2024-09-08 10:39:07,bartender_interview.txt,3,0,0.0588235294117647,0.0,0.0,0.0973387164224358,,,,,,,,,,
209,2024-09-08 10:39:07,natural_language_processing_engineer_interview.txt,1,0,0.0375,0.0,0.025,0.0164392722606681,,,,,,,,,,
209,2024-09-08 10:39:07,natural_language_processing_engineer_interview.txt,2,0,0.0381679389312977,0.0,0.0229007633587786,0.0706681390294403,,,,,,,,,,
209,2024-09-08 10:39:07,natural_language_processing_engineer_interview.txt,3,0,0.1111111111111111,0.0074074074074074,0.0,0.0796851750714229,,,,,,,,,,
209,2024-09-08 10:39:07,cto_of_a_fintec_interview.txt,1,0,0.0714285714285714,0.0,0.0158730158730158,0.0542815808204184,,,,,,,,,,
209,2024-09-08 10:39:07,cto_of_a_fintec_interview.txt,2,0,0.056,0.008,0.008,0.0907334966492485,,,,,,,,,,
209,2024-09-08 10:39:07,cto_of_a_fintec_interview.txt,3,0,0.073170731707317,0.0,0.0,0.0552888252461915,,,,,,,,,,
209,2024-09-08 10:39:07,database_administrator_interview.txt,1,0,0.0660377358490566,0.0,0.0,0.0548225848771237,,,,,,,,,,
209,2024-09-08 10:39:07,database_administrator_interview.txt,2,0,0.0254237288135593,0.0,0.0,0.024114343310107,,,,,,,,,,
209,2024-09-08 10:39:07,database_administrator_interview.txt,3,0,0.0863309352517985,0.0287769784172661,0.0287769784172661,0.104152812248344,,,,,,,,,,
209,2024-09-08 10:39:07,nuclear_engineer_interview.txt,1,0,0.0714285714285714,0.0,0.0089285714285714,0.0449991497095448,,,,,,,,,,
209,2024-09-08 10:39:07,nuclear_engineer_interview.txt,2,0,0.031578947368421,0.0,0.0,0.0757479536132003,,,,,,,,,,
209,2024-09-08 10:39:07,nuclear_engineer_interview.txt,3,0,0.0471698113207547,0.0,0.0283018867924528,0.1100773347441114,,,,,,,,,,
209,2024-09-08 10:39:07,pharmacist_interview.txt,1,0,0.0654205607476635,0.0,0.0093457943925233,0.0,,,,,,,,,,
209,2024-09-08 10:39:07,pharmacist_interview.txt,2,0,0.0441176470588235,0.0,0.0,0.0690132425340739,,,,,,,,,,
209,2024-09-08 10:39:07,pharmacist_interview.txt,3,0,0.0842105263157894,0.0421052631578947,0.0,0.0934611119352368,,,,,,,,,,
209,2024-09-08 10:39:07,chef_interview.txt,1,0,0.0588235294117647,0.0,0.0,0.0332256967857307,,,,,,,,,,
209,2024-09-08 10:39:07,chef_interview.txt,2,0,0.0642857142857142,0.0,0.0142857142857142,0.0765835105514407,,,,,,,,,,
209,2024-09-08 10:39:07,chef_interview.txt,3,0,0.0543478260869565,0.0,0.0,0.0449413215361284,,,,,,,,,,
209,2024-09-08 10:39:07,hotel_manager_interview.txt,1,0,0.040650406504065,0.0,0.008130081300813,0.1413053520565927,,,,,,,,,,
209,2024-09-08 10:39:07,hotel_manager_interview.txt,2,0,0.0948275862068965,0.0,0.0,0.1099607806113364,,,,,,,,,,
209,2024-09-08 10:39:07,hotel_manager_interview.txt,3,0,0.0873015873015873,0.0079365079365079,0.0,0.0983426079695328,,,,,,,,,,
209,2024-09-08 10:39:07,mobile_app_developer_interview.txt,1,0,0.0526315789473684,0.0,0.0,0.1013216232627603,,,,,,,,,,
209,2024-09-08 10:39:07,mobile_app_developer_interview.txt,2,0,0.024390243902439,0.0,0.016260162601626,0.0251933432248417,,,,,,,,,,
209,2024-09-08 10:39:07,mobile_app_developer_interview.txt,3,0,0.0465116279069767,0.0,0.0387596899224806,0.0713877057334111,,,,,,,,,,
209,2024-09-08 10:39:07,graphic_designer_interview.txt,1,0,0.0701754385964912,0.0,0.0087719298245614,0.0907194463199692,,,,,,,,,,
209,2024-09-08 10:39:07,graphic_designer_interview.txt,2,0,0.0338983050847457,0.0,0.0169491525423728,0.1235217831475955,,,,,,,,,,
209,2024-09-08 10:39:07,graphic_designer_interview.txt,3,0,0.0827067669172932,0.0,0.0,0.1745280411231842,,,,,,,,,,
209,2024-09-08 10:39:07,geotechnical_engineer_interview.txt,1,0,0.0341880341880341,0.0,0.0256410256410256,0.0319974506476605,,,,,,,,,,
209,2024-09-08 10:39:07,geotechnical_engineer_interview.txt,2,0,0.064516129032258,0.0,0.0161290322580645,0.0214325208060958,,,,,,,,,,
209,2024-09-08 10:39:07,geotechnical_engineer_interview.txt,3,0,0.0485436893203883,0.0,0.0097087378640776,0.0773230010696247,,,,,,,,,,
209,2024-09-08 10:39:07,gardener_interview.txt,1,0,0.048076923076923,0.0,0.0,0.0456965816968714,,,,,,,,,,
209,2024-09-08 10:39:07,gardener_interview.txt,2,0,0.0598290598290598,0.0,0.0085470085470085,0.1140851410160635,,,,,,,,,,
209,2024-09-08 10:39:07,gardener_interview.txt,3,0,0.0606060606060606,0.0,0.0075757575757575,0.0,,,,,,,,,,
209,2024-09-08 10:39:07,ai_software_developer_interview.txt,1,0,0.09,0.0,0.0,0.0111499229117319,,,,,,,,,,
209,2024-09-08 10:39:07,ai_software_developer_interview.txt,2,0,0.0542635658914728,0.0,0.0077519379844961,0.1105557259653508,,,,,,,,,,
209,2024-09-08 10:39:07,ai_software_developer_interview.txt,3,0,0.089430894308943,0.0,0.008130081300813,0.0,,,,,,,,,,
209,2024-09-08 10:39:07,supply_chain_manager_interview.txt,1,0,0.0485436893203883,0.0,0.0097087378640776,0.110396931184179,,,,,,,,,,
209,2024-09-08 10:39:07,supply_chain_manager_interview.txt,2,0,0.0446428571428571,0.0,0.0,0.0139712343151882,,,,,,,,,,
209,2024-09-08 10:39:07,supply_chain_manager_interview.txt,3,0,0.0588235294117647,0.0073529411764705,0.0,0.028340865949965,,,,,,,,,,
209,2024-09-08 10:39:07,cloud_architect_interview.txt,1,0,0.0285714285714285,0.0,0.0380952380952381,0.0391645933980824,,,,,,,,,,
209,2024-09-08 10:39:07,cloud_architect_interview.txt,2,0,0.0708661417322834,0.0,0.0157480314960629,0.0392796140007774,,,,,,,,,,
209,2024-09-08 10:39:07,cloud_architect_interview.txt,3,0,0.0546875,0.0,0.0078125,0.0877736868278276,,,,,,,,,,
209,2024-09-08 10:39:07,mining_engineer_interview.txt,1,0,0.043103448275862,0.0,0.0,0.0623291883426047,,,,,,,,,,
209,2024-09-08 10:39:07,mining_engineer_interview.txt,2,0,0.0526315789473684,0.0,0.0,0.0706375811030402,,,,,,,,,,
209,2024-09-08 10:39:07,mining_engineer_interview.txt,3,0,0.0333333333333333,0.0,0.0222222222222222,0.0358635620371859,,,,,,,,,,
209,2024-09-08 10:39:07,devops_engineer_interview.txt,1,0,0.0977443609022556,0.0601503759398496,0.0,0.07311065388755,,,,,,,,,,
209,2024-09-08 10:39:07,devops_engineer_interview.txt,2,0,0.0526315789473684,0.0,0.0263157894736842,0.148397515332583,,,,,,,,,,
209,2024-09-08 10:39:07,devops_engineer_interview.txt,3,0,0.0842105263157894,0.0,0.0105263157894736,0.0,,,,,,,,,,
209,2024-09-08 10:39:07,system_administrator_interview.txt,1,0,0.0408163265306122,0.0,0.0204081632653061,0.0332782663987651,,,,,,,,,,
209,2024-09-08 10:39:07,system_administrator_interview.txt,2,0,0.0560747663551401,0.0,0.0186915887850467,0.0204433907247207,,,,,,,,,,
209,2024-09-08 10:39:07,system_administrator_interview.txt,3,0,0.0921052631578947,0.0,0.0,0.1253139835189771,,,,,,,,,,
209,2024-09-08 10:39:07,content_writer_interview.txt,1,0,0.0769230769230769,0.0,0.0109890109890109,0.055124321075318,,,,,,,,,,
209,2024-09-08 10:39:07,content_writer_interview.txt,2,0,0.0454545454545454,0.0,0.0113636363636363,0.1019393483798434,,,,,,,,,,
209,2024-09-08 10:39:07,content_writer_interview.txt,3,0,0.0518518518518518,0.0,0.0222222222222222,0.0877565421919958,,,,,,,,,,
209,2024-09-08 10:39:07,transportation_engineer_interview.txt,1,0,0.0510948905109489,0.0,0.0145985401459854,0.1117562157628961,,,,,,,,,,
209,2024-09-08 10:39:07,transportation_engineer_interview.txt,2,0,0.0241935483870967,0.0080645161290322,0.0161290322580645,0.0349067186143281,,,,,,,,,,
209,2024-09-08 10:39:07,transportation_engineer_interview.txt,3,0,0.0687022900763358,0.0,0.0076335877862595,0.1166303786213575,,,,,,,,,,
209,2024-09-08 10:39:07,lorry_driver_interview.txt,1,0,0.0454545454545454,0.0,0.0,0.0916819840397446,,,,,,,,,,
209,2024-09-08 10:39:07,lorry_driver_interview.txt,2,0,0.0458015267175572,0.0,0.0076335877862595,0.0567176989464362,,,,,,,,,,
209,2024-09-08 10:39:07,lorry_driver_interview.txt,3,0,0.0413223140495867,0.0,0.0,0.1123148981401632,,,,,,,,,,
209,2024-09-08 10:39:07,dentist_interview.txt,1,0,0.0592592592592592,0.0,0.0074074074074074,0.0704318199356172,,,,,,,,,,
209,2024-09-08 10:39:07,dentist_interview.txt,2,0,0.0526315789473684,0.0,0.0087719298245614,0.0940702620980976,,,,,,,,,,
209,2024-09-08 10:39:07,dentist_interview.txt,3,0,0.0555555555555555,0.0,0.0,0.1371066698362683,,,,,,,,,,
209,2024-09-08 10:39:07,physicist_interview.txt,1,0,0.0608695652173913,0.0,0.008695652173913,0.1139810973689073,,,,,,,,,,
209,2024-09-08 10:39:07,physicist_interview.txt,2,0,0.0508474576271186,0.0,0.0423728813559322,0.1136156482515152,,,,,,,,,,
209,2024-09-08 10:39:07,physicist_interview.txt,3,0,0.0503597122302158,0.0,0.0071942446043165,0.062641834791487,,,,,,,,,,
209,2024-09-08 10:39:07,architect_interview.txt,1,0,0.0459770114942528,0.0,0.0229885057471264,0.0,,,,,,,,,,
209,2024-09-08 10:39:07,architect_interview.txt,2,0,0.0687022900763358,0.0,0.0229007633587786,0.0876209078759001,,,,,,,,,,
209,2024-09-08 10:39:07,architect_interview.txt,3,0,0.0606060606060606,0.0378787878787878,0.0227272727272727,0.0480218505844039,,,,,,,,,,
209,2024-09-08 10:39:07,materials_engineer_interview.txt,1,0,0.0454545454545454,0.0,0.0181818181818181,0.0329382443745014,,,,,,,,,,
209,2024-09-08 10:39:07,materials_engineer_interview.txt,2,0,0.0459770114942528,0.0,0.0114942528735632,0.0418562922438496,,,,,,,,,,
209,2024-09-08 10:39:07,materials_engineer_interview.txt,3,0,0.0508474576271186,0.0,0.0,0.0236745237289426,,,,,,,,,,
209,2024-09-08 10:39:07,computer_vision_engineer_interview.txt,1,0,0.0642201834862385,0.0,0.018348623853211,0.0651242189442417,,,,,,,,,,
209,2024-09-08 10:39:07,computer_vision_engineer_interview.txt,2,0,0.07,0.0,0.0,0.0806504300442508,,,,,,,,,,
209,2024-09-08 10:39:07,computer_vision_engineer_interview.txt,3,0,0.0564516129032258,0.0,0.0,0.0739659279494996,,,,,,,,,,
209,2024-09-08 10:39:07,data_scientist_interview.txt,1,0,0.0847457627118644,0.0,0.0084745762711864,0.0,,,,,,,,,,
209,2024-09-08 10:39:07,data_scientist_interview.txt,2,0,0.089430894308943,0.016260162601626,0.0,0.0524078414472835,,,,,,,,,,
209,2024-09-08 10:39:07,data_scientist_interview.txt,3,0,0.104,0.0,0.008,0.0,,,,,,,,,,
209,2024-09-08 10:39:07,structural_engineer_interview.txt,1,0,0.075187969924812,0.0,0.0075187969924812,0.1294579871455792,,,,,,,,,,
209,2024-09-08 10:39:07,structural_engineer_interview.txt,2,0,0.04,0.0,0.016,0.0444434820554314,,,,,,,,,,
209,2024-09-08 10:39:07,structural_engineer_interview.txt,3,0,0.0654205607476635,0.0,0.0093457943925233,0.0492461992698414,,,,,,,,,,
209,2024-09-08 10:39:07,ai_ethicist_interview.txt,1,0,0.0671641791044776,0.0597014925373134,0.0,0.0,,,,,,,,,,
209,2024-09-08 10:39:07,ai_ethicist_interview.txt,2,0,0.0869565217391304,0.0608695652173913,0.0260869565217391,0.0463364020063631,,,,,,,,,,
209,2024-09-08 10:39:07,ai_ethicist_interview.txt,3,0,0.0962962962962963,0.0518518518518518,0.0,0.0627334709480612,,,,,,,,,,
209,2024-09-08 10:39:07,sales_manager_interview.txt,1,0,0.0454545454545454,0.0,0.0227272727272727,0.0927529785536527,,,,,,,,,,
209,2024-09-08 10:39:07,sales_manager_interview.txt,2,0,0.0727272727272727,0.0,0.0,0.1185601973267088,,,,,,,,,,
209,2024-09-08 10:39:07,sales_manager_interview.txt,3,0,0.0444444444444444,0.0,0.0,0.106219738259975,,,,,,,,,,
209,2024-09-08 10:39:07,frontend_developer_interview.txt,1,0,0.0338983050847457,0.0,0.0,0.0463880667322203,,,,,,,,,,
209,2024-09-08 10:39:07,frontend_developer_interview.txt,2,0,0.048076923076923,0.0,0.0192307692307692,0.0316033064174671,,,,,,,,,,
209,2024-09-08 10:39:07,frontend_developer_interview.txt,3,0,0.0677966101694915,0.0,0.0084745762711864,0.1521935579294296,,,,,,,,,,
209,2024-09-08 10:39:07,public_relations_specialist_interview.txt,1,0,0.0707070707070707,0.0,0.0,0.0612498751422564,,,,,,,,,,
209,2024-09-08 10:39:07,public_relations_specialist_interview.txt,2,0,0.1025641025641025,0.0341880341880341,0.0,0.0,,,,,,,,,,
209,2024-09-08 10:39:07,public_relations_specialist_interview.txt,3,0,0.0517241379310344,0.0,0.0086206896551724,0.1004132052736,,,,,,,,,,
209,2024-09-08 10:39:07,logistics_coordinator_interview.txt,1,0,0.0603448275862069,0.0,0.0344827586206896,0.0536258473420191,,,,,,,,,,
209,2024-09-08 10:39:07,logistics_coordinator_interview.txt,2,0,0.043010752688172,0.0,0.0,0.0355816989033996,,,,,,,,,,
209,2024-09-08 10:39:07,logistics_coordinator_interview.txt,3,0,0.054054054054054,0.0,0.0,0.041870378325629,,,,,,,,,,
209,2024-09-08 10:39:07,nurse_interview.txt,1,0,0.0652173913043478,0.0,0.0217391304347826,0.0792010942258981,,,,,,,,,,
209,2024-09-08 10:39:07,nurse_interview.txt,2,0,0.0514705882352941,0.0,0.0147058823529411,0.1370661560765469,,,,,,,,,,
209,2024-09-08 10:39:07,nurse_interview.txt,3,0,0.054054054054054,0.0,0.036036036036036,0.1152664333805689,,,,,,,,,,
209,2024-09-08 10:39:07,chemist_interview.txt,1,0,0.0727272727272727,0.0,0.0181818181818181,0.0527446151325422,,,,,,,,,,
209,2024-09-08 10:39:07,chemist_interview.txt,2,0,0.1075268817204301,0.0,0.0,0.1152384730306447,,,,,,,,,,
209,2024-09-08 10:39:07,chemist_interview.txt,3,0,0.0697674418604651,0.0,0.0077519379844961,0.0643850449549886,,,,,,,,,,
209,2024-09-08 10:39:07,manufacturing_engineer_interview.txt,1,0,0.0687022900763358,0.015267175572519,0.0229007633587786,0.0482168090314157,,,,,,,,,,
209,2024-09-08 10:39:07,manufacturing_engineer_interview.txt,2,0,0.0446428571428571,0.0,0.0089285714285714,0.0834938300109287,,,,,,,,,,
209,2024-09-08 10:39:07,manufacturing_engineer_interview.txt,3,0,0.0602409638554216,0.0,0.0,0.0635358168333495,,,,,,,,,,
209,2024-09-08 10:39:07,veterinarian_interview.txt,1,0,0.048076923076923,0.0,0.0096153846153846,0.0969298964109895,,,,,,,,,,
209,2024-09-08 10:39:07,veterinarian_interview.txt,2,0,0.05,0.0142857142857142,0.0,0.0695811870523281,,,,,,,,,,
209,2024-09-08 10:39:07,veterinarian_interview.txt,3,0,0.032520325203252,0.0,0.016260162601626,0.0394390204432756,,,,,,,,,,
209,2024-09-08 10:39:07,event_planner_interview.txt,1,0,0.0373134328358208,0.0,0.0,0.099059528098622,,,,,,,,,,
209,2024-09-08 10:39:07,event_planner_interview.txt,2,0,0.078125,0.0,0.0078125,0.0271201838699979,,,,,,,,,,
209,2024-09-08 10:39:07,event_planner_interview.txt,3,0,0.048076923076923,0.0,0.0,0.1572289573335409,,,,,,,,,,
209,2024-09-08 10:39:07,seo_specialist_interview.txt,1,0,0.0306122448979591,0.0,0.0,0.0418630458366323,,,,,,,,,,
209,2024-09-08 10:39:07,seo_specialist_interview.txt,2,0,0.0561797752808988,0.0,0.0,0.0469111864526693,,,,,,,,,,
209,2024-09-08 10:39:07,seo_specialist_interview.txt,3,0,0.0648148148148148,0.0,0.0092592592592592,0.1552382553045406,,,,,,,,,,
209,2024-09-08 10:39:07,procurement_specialist_interview.txt,1,0,0.1349206349206349,0.0079365079365079,0.0,0.0,,,,,,,,,,
209,2024-09-08 10:39:07,procurement_specialist_interview.txt,2,0,0.0467289719626168,0.0,0.0,0.0290324715415137,,,,,,,,,,
209,2024-09-08 10:39:07,procurement_specialist_interview.txt,3,0,0.0614035087719298,0.0,0.0087719298245614,0.0990984254553111,,,,,,,,,,
209,2024-09-08 10:39:07,aerospace_engineer_interview.txt,-999,0,0.0438041883420034,0.0,0.0178293539638077,0.0480739626699158,0.0092818447337929,-37.9994116530922,0.0,0.0,0.011075130789614,1.5910790693874617,0.0113061410215475,-49.35193438837489,93.0,76.0
209,2024-09-08 10:39:07,agricultural_engineer_interview.txt,-999,0,0.0456377917911273,0.0,0.0109669211195928,0.011394722776523,0.0069730377729906,-35.404123463912626,0.0,0.0,0.0114809600183229,-37.51084010840108,0.0098783166486343,-87.99515091413978,90.0,99.0
209,2024-09-08 10:39:07,ai_ethicist_interview.txt,-999,0,0.0834723323799681,0.0574743032021855,0.008695652173913,0.0363566243181414,0.014875306539273,18.14700635108176,0.0049040868504378,0.0,0.0150613113701641,-50.45245669848003,0.0325356583816519,-61.69667338376586,5.0,91.0
209,2024-09-08 10:39:07,ai_professor_interview.txt,-999,0,0.0658976546369447,0.0,0.0130909255756256,0.0340822291710896,0.0113684743774216,-6.728248763048711,0.0,0.0,0.0039311982797189,-25.408331791241707,0.0420786958568103,-64.09285019626586,35.0,92.0
209,2024-09-08 10:39:07,ai_software_developer_interview.txt,-999,0,0.0778981534001386,0.0,0.0052940064284363,0.0405685496256942,0.0204701310535737,10.257295586392232,0.0,0.0,0.0045886409905508,-69.8349235335802,0.0608665247425301,-57.25922205916984,12.0,88.0
209,2024-09-08 10:39:07,architect_interview.txt,-999,0,0.0584284540588831,0.0126262626262626,0.0228721806110592,0.0452142528201013,0.0115180748983522,-17.300179161695667,0.0218693283783949,0.0,0.0001329413508501,30.324941311064123,0.0438778740158845,-52.36476636767525,55.0,78.0
209,2024-09-08 10:39:07,astronomer_interview.txt,-999,0,0.0603797074385309,0.0052910052910052,0.0059134765017117,0.0224049461475774,0.019792235413115,-14.538368884388149,0.0091642899871369,0.0,0.0052056422918386,-66.30520320142512,0.0195158607931298,-76.39538911533178,47.0,96.0
209,2024-09-08 10:39:07,backend_developer_interview.txt,-999,0,0.0525201180281394,0.0,0.0060062486533074,0.0863875677914038,0.0090964815246191,-25.6628568855078,0.0,0.0,0.0052367468209077,-65.77659049861344,0.0423274975700418,-8.986841139563666,72.0,16.0
209,2024-09-08 10:39:07,barista_interview.txt,-999,0,0.0690503124326653,0.0,0.0081663434604611,0.087702429243304,0.0185405746278981,-2.265966830895792,0.0,0.0,0.0084133830483931,-53.46844053443765,0.0174195882811321,-7.601575906837013,26.0,14.0
209,2024-09-08 10:39:07,bartender_interview.txt,-999,0,0.0648439883734001,0.0,0.003030303030303,0.0772575823270087,0.0067063208083585,-8.219611364063041,0.0,0.0,0.0052486388108147,-82.73343187977335,0.0217111142556495,-18.605688373125343,36.0,27.0
209,2024-09-08 10:39:07,biologist_interview.txt,-999,0,0.0680868838763575,0.01,0.0063492063492063,0.0489864703554579,0.0312272387653812,-3.629606692338399,0.0173205080756887,0.0,0.0109971479845643,-63.822428700477474,0.0437409249891785,-48.3905668088853,29.0,74.0
209,2024-09-08 10:39:07,biomedical_engineer_interview.txt,-999,0,0.0799153086040311,0.0,0.0033003300330033,0.0789197619677442,0.017777004765244,13.112383516612752,0.0,0.0,0.0057163392989071,-81.19482679975314,0.0318817554345985,-16.854507924775135,9.0,25.0
209,2024-09-08 10:39:07,business_analyst_interview.txt,-999,0,0.0554979760406117,0.0,0.0093334027442554,0.0268847086642488,0.0098769086964874,-21.44798712590089,0.0,0.0,0.0016198096651814,-46.81857468852488,0.0465656813531662,-71.67575933513768,67.0,95.0
209,2024-09-08 10:39:07,business_intelligence_analyst_interview.txt,-999,0,0.0687741763372015,0.0,0.0128851540616246,0.1003877971033804,0.0087949076901518,-2.6568107440144217,0.0,0.0,0.0111623859076589,-26.580811186263105,0.0562029429299538,5.763025386719647,28.0,8.0
209,2024-09-08 10:39:07,chef_interview.txt,-999,0,0.0591523565948118,0.0,0.0047619047619047,0.0515835096244333,0.0049770976432038,-16.27556519594934,0.0,0.0,0.0082478609884232,-72.86682152535812,0.0224290882691609,-45.654470011661154,52.0,69.0
209,2024-09-08 10:39:07,chemical_engineer_interview.txt,-999,0,0.0570857948442534,0.0,0.0156272377372001,0.0708178587504109,0.0088954911151646,-19.20058331041517,0.0,0.0,0.0054242753193317,-10.95650757628681,0.0689536349550145,-25.390224619236847,61.0,39.0
209,2024-09-08 10:39:07,chemist_interview.txt,-999,0,0.0833405321027226,0.0,0.0086445853887714,0.0774560443727252,0.0209982089846374,17.960455816924977,0.0,0.0,0.0091237186848588,-50.74343357950845,0.0332341516828835,-18.396599748959304,6.0,26.0
209,2024-09-08 10:39:07,civil_engineer_interview.txt,-999,0,0.0520920733861342,0.0,0.011100938334159,0.0633969770053524,0.0132700815553927,-26.26871264148845,0.0,0.0,0.0034094988331135,-36.74721437808669,0.017188509235205,-33.20845479303192,75.0,52.0
209,2024-09-08 10:39:07,cloud_architect_interview.txt,-999,0,0.0513750234345706,0.0,0.0205519231971003,0.0554059647422291,0.0213410418229086,-27.283627437396945,0.0,0.0,0.0157025185318364,17.10419002185195,0.0280313285841514,-41.62734291725233,77.0,62.0
209,2024-09-08 10:39:07,computer_vision_engineer_interview.txt,-999,0,0.0635572654631547,0.0,0.0061162079510703,0.0732468589793307,0.0067984772898058,-10.040843088568238,0.0,0.0,0.0105935829209105,-65.1500459958728,0.0077880423033267,-22.831164451684472,39.0,36.0
209,2024-09-08 10:39:07,construction_manager_interview.txt,-999,0,0.0845533482626598,0.0,0.0189321197235666,0.076807083260755,0.0285329359907958,19.67707969055212,0.0,0.0,0.0084526221862361,7.874602506192673,0.0695745010677526,-19.0803092489258,4.0,29.0
209,2024-09-08 10:39:07,content_writer_interview.txt,-999,0,0.0580764914098247,0.0,0.0148582898582898,0.0816067372157191,0.0166320991283872,-17.798348221407025,0.0,0.0,0.0063801027372806,-15.337947583882524,0.0240057653765828,-14.02365955908776,57.0,22.0
209,2024-09-08 10:39:07,cto_of_a_fintec_interview.txt,-999,0,0.0668664343786295,0.0026666666666666,0.0079576719576719,0.0667679675719528,0.0094508374067066,-5.35703481670042,0.004618802153517,0.0,0.007936592592141,-54.65744397126511,0.0207608663908648,-29.656965755907265,33.0,45.0
209,2024-09-08 10:39:07,customer_service_representative_interview.txt,-999,0,0.0581985266195792,0.0,0.0059542796384901,0.0671208891698068,0.0164720762626921,-17.6256191950239,0.0,0.0,0.005159023304182,-66.07270825499324,0.0489025078385463,-29.28514709875597,56.0,43.0
209,2024-09-08 10:39:07,cybersecurity_specialist_interview.txt,-999,0,0.0773109926377253,0.0202599644579842,0.008,0.0511719302908732,0.0215075743575556,9.426226364435236,0.0111223276261782,0.0,0.013856406460551,-54.41626016260162,0.0555235444498658,-46.08808721175909,14.0,70.0
209,2024-09-08 10:39:07,data_engineer_interview.txt,-999,0,0.1035615547243454,0.0025641025641025,0.0056142823584684,0.0658105039181166,0.0353271404733433,46.58135594018026,0.0044411559168432,0.0,0.0049079869301384,-68.01000169973511,0.0781642140642681,-30.665696454751668,1.0,48.0
209,2024-09-08 10:39:07,data_scientist_interview.txt,-999,0,0.0927255523402691,0.005420054200542,0.0054915254237288,0.0174692804824278,0.0100410403865582,31.244043491977635,0.0093878092551158,0.0,0.0047617165254651,-68.70946672178586,0.0302576813672363,-81.5953332131787,2.0,98.0
209,2024-09-08 10:39:07,database_administrator_interview.txt,-999,0,0.0592641333048048,0.0095923261390887,0.0095923261390887,0.0610299134785249,0.0310134360817725,-16.1173560829545,0.0166143962356726,0.0,0.0166143962356726,-45.34323760503791,0.0403786741209838,-35.70226188018239,51.0,55.0
209,2024-09-08 10:39:07,dentist_interview.txt,-999,0,0.0558154645873944,0.0,0.0053931124106562,0.1005362506233277,0.0033214757424644,-20.998612820863087,0.0,0.0,0.0047201405129731,-69.27022086985002,0.033804447311336,5.919427796693483,66.0,6.0
209,2024-09-08 10:39:07,devops_engineer_interview.txt,-999,0,0.0781954887218045,0.0200501253132832,0.0122807017543859,0.073836056406711,0.0231500816817152,10.67814495211195,0.0347278357407293,0.0,0.0132453235706504,-30.024960775923542,0.0742014170742861,-22.210418661181293,11.0,35.0
209,2024-09-08 10:39:07,digital_marketing_specialist_interview.txt,-999,0,0.0566753539345686,0.0,0.0098898021657708,0.0832511521109623,0.018437893884227,-19.78152268733997,0.0,0.0,0.001141597288879,-43.64822887902008,0.0721138721343955,-12.291195063101242,63.0,19.0
209,2024-09-08 10:39:07,doctor_interview.txt,-999,0,0.0602297484650425,0.0,0.0097643097643097,0.0522903051616822,0.0089849186448038,-14.750621295312598,0.0,0.0,0.0091654259857348,-44.36328050149187,0.0202047210831162,-44.90982936303435,48.0,67.0
209,2024-09-08 10:39:07,electrical_engineer_interview.txt,-999,0,0.0770187338501292,0.0066666666666666,0.0034722222222222,0.039980860416496,0.0212295749208747,9.012562341282049,0.0115470053837925,0.0,0.0060140653040586,-80.21539069557362,0.0105493860274732,-57.87837887449393,15.0,90.0
209,2024-09-08 10:39:07,environmental_engineer_interview.txt,-999,0,0.0666202844774273,0.0,0.0146464646464646,0.0757482535843909,0.0073565622429902,-5.705436174509245,0.0,0.0,0.0137481389786022,-16.54492075223783,0.0665124574639047,-20.19583357730795,34.0,31.0
209,2024-09-08 10:39:07,environmental_scientist_interview.txt,-999,0,0.0539188210091536,0.0,0.0164064483371414,0.08260450506481,0.0118172493974848,-23.683128210514862,0.0,0.0,0.0206568954496431,-6.516590918003615,0.0269700022423844,-12.97246659143272,71.0,20.0
209,2024-09-08 10:39:07,event_planner_interview.txt,-999,0,0.0545051186375813,0.0,0.0026041666666666,0.0944695564340536,0.021151531321009,-22.85328067116309,0.0,0.0,0.0045105489780439,-85.16154302168022,0.0651757172032501,-0.4721053384833027,68.0,12.0
209,2024-09-08 10:39:07,financial_analyst_interview.txt,-999,0,0.0676149780212825,0.0029498525073746,0.0116001867826685,0.1144640016456769,0.0109990487697447,-4.297543749648227,0.0051092944176073,0.0,0.0104294293817635,-33.902512954201285,0.0486399351293362,20.59293520954837,31.0,3.0
209,2024-09-08 10:39:07,fire_protection_engineer_interview.txt,-999,0,0.0695367294204503,0.0240402362495385,0.0107281284606865,0.0328066995261925,0.0207734997884739,-1.57749066991461,0.0201060034230084,0.0,0.0041775518863019,-38.87147291323412,0.029641073128454,-65.43667761461074,25.0,94.0
209,2024-09-08 10:39:07,focus_group_interview.txt,-999,0,0.0588235294117647,0.0,0.0,0.0,0.0,-16.74098824303796,0.0,0.0,0.0,-100.0,0.0,-100.0,53.0,100.0
209,2024-09-08 10:39:07,frontend_developer_interview.txt,-999,0,0.0499239461103867,0.0,0.0092351151673185,0.0767283103597056,0.0170244645281205,-29.337486925303224,0.0,0.0,0.0096379165726401,-47.37861410556739,0.0657715742358427,-19.163300016467915,83.0,30.0
209,2024-09-08 10:39:07,full_stack_developer_interview.txt,-999,0,0.0804121707008846,0.0123456790123456,0.0101876154369592,0.0483128022847362,0.0780055017087343,13.815643718392453,0.0213833433033194,0.0,0.0040072722095984,-41.95129854477313,0.0514378645862778,-49.10030619277265,8.0,75.0
209,2024-09-08 10:39:07,game_developer_interview.txt,-999,0,0.0521700521700521,0.0,0.0183890183890183,0.0658134742018097,0.0083272280313069,-26.15834122120914,0.0,0.0,0.0047618055766234,4.7800287637686125,0.0101708631617814,-30.662567128292565,74.0,47.0
209,2024-09-08 10:39:07,gardener_interview.txt,-999,0,0.0561706811706811,0.0,0.0053742553742553,0.0532605742376449,0.0070201583039181,-20.49583813223272,0.0,0.0,0.0046795082789833,-69.37766765002537,0.057417465439807,-43.88760758036767,65.0,66.0
209,2024-09-08 10:39:07,geneticist_interview.txt,-999,0,0.0611336032388664,0.0096153846153846,0.0101407364565259,0.0973580478295555,0.0279117427581266,-13.471302356226062,0.0166543346881622,0.0,0.008783849262908,-42.21841345076261,0.0114069685173857,2.571049283957322,44.0,9.0
209,2024-09-08 10:39:07,geologist_interview.txt,-999,0,0.0897087359987703,0.0,0.0084852734922861,0.0625965489539741,0.0186570725171784,26.97403198880508,0.0,0.0,0.0087032835354668,-51.651187584807126,0.0571174070875316,-34.05174147488816,3.0,53.0
209,2024-09-08 10:39:07,geotechnical_engineer_interview.txt,-999,0,0.0490826175135601,0.0,0.0171595985877226,0.0435843241744603,0.0151712282600357,-30.528306113392333,0.0,0.0,0.0080159839490695,-2.225165282882997,0.0296922241439828,-54.08196895306461,85.0,82.0
209,2024-09-08 10:39:07,graphic_designer_interview.txt,-999,0,0.06226017019951,0.0,0.0085736941223114,0.129589756863583,0.0253486704180317,-11.87675587526506,0.0,0.0,0.0084763150024872,-51.14736971039053,0.0422325155476891,36.5285935192658,42.0,1.0
209,2024-09-08 10:39:07,hotel_manager_interview.txt,-999,0,0.0742598600041829,0.0026455026455026,0.002710027100271,0.1165362468791539,0.029348878825487,5.107643471696633,0.0045821449935684,0.0,0.0046939046275579,-84.55835371361843,0.0222233416108369,22.77613806447352,18.0,2.0
209,2024-09-08 10:39:07,human_resources_manager_interview.txt,-999,0,0.0639151864060417,0.0,0.0236426564141502,0.0579282148176675,0.0148051245436644,-9.534240640706187,0.0,0.0,0.007475764681373,34.71508738095281,0.0734851947736557,-38.97003987388016,38.0,58.0
209,2024-09-08 10:39:07,industrial_engineer_interview.txt,-999,0,0.0708252286952335,0.0,0.0231474883646284,0.056356248609007,0.0225485441761457,0.2462553266415597,0.0,0.0,0.01226823742033,31.8936359378038,0.0528215330852058,-40.62617644456724,22.0,59.0
209,2024-09-08 10:39:07,it_manager_interview.txt,-999,0,0.0471973372676066,0.0,0.0051092318534179,0.1004112410170443,0.0142018613496248,-33.1967378061636,0.0,0.0,0.0044256013696548,-70.88776305310621,0.072368648424168,5.787724596260446,89.0,7.0
209,2024-09-08 10:39:07,logistics_coordinator_interview.txt,-999,0,0.0524698781094776,0.0,0.0114942528735632,0.0436926415236826,0.008774950040325,-25.733966627142763,0.0,0.0,0.019908629972056,-34.50612092327819,0.0091590559333901,-53.96785179055914,73.0,81.0
209,2024-09-08 10:39:07,lorry_driver_interview.txt,-999,0,0.0441927954072298,0.0,0.0025445292620865,0.086904860375448,0.0024919563434483,-37.44937596947936,0.0,0.0,0.0044072539632795,-85.50135501355014,0.0281047651195438,-8.44185031122339,92.0,15.0
209,2024-09-08 10:39:07,machine_learning_engineer_interview.txt,-999,0,0.0434991614619477,0.0,0.005050505050505,0.0497500160439961,0.0046712817333584,-38.43114767516897,0.0,0.0,0.0087477313513579,-71.2223864662889,0.0434329688699764,-47.5861373426463,95.0,73.0
209,2024-09-08 10:39:07,manufacturing_engineer_interview.txt,-999,0,0.0578620370248715,0.005089058524173,0.01060977826245,0.0650821519585646,0.012204857554227,-18.101887644095555,0.0088145079265591,0.0,0.0115425769617275,-39.54582849399921,0.0176892740534159,-31.43304775651628,58.0,49.0
209,2024-09-08 10:39:07,marine_engineer_interview.txt,-999,0,0.0574233716475095,0.0026041666666666,0.0147321428571428,0.0635955669632064,0.0125751911240016,-18.72277602288517,0.0045105489780439,0.0,0.0143066253205018,-16.05672909407666,0.0563358613200052,-32.99923140771915,60.0,51.0
209,2024-09-08 10:39:07,marketing_manager_interview.txt,-999,0,0.0574734490678158,0.0,0.0056307911617961,0.0433353117732308,0.010230270987519,-18.65189628194257,0.0,0.0,0.0048827850487395,-67.91593507524526,0.0335050053371757,-54.34431463324448,59.0,83.0
209,2024-09-08 10:39:07,materials_engineer_interview.txt,-999,0,0.0474263381919723,0.0,0.0098920236851271,0.0328230201157645,0.0029742707228518,-32.87260916504361,0.0,0.0,0.0091961938799908,-43.63557073397275,0.0090914319034334,-65.41948314497358,88.0,93.0
209,2024-09-08 10:39:07,mechanical_engineer_interview.txt,-999,0,0.0587078212465209,0.0,0.0029239766081871,0.0506481015165538,0.0130988129149364,-16.904761950374876,0.0,0.0,0.005064476045523,-83.3392763752199,0.0135803186403236,-46.639964208318496,54.0,72.0
209,2024-09-08 10:39:07,meteorologist_interview.txt,-999,0,0.0676512666704869,0.0,0.0157341100834086,0.0407192739003882,0.0157789142996009,-4.246180679445359,0.0,0.0,0.000801866882806,-10.34755242311398,0.0705278512427857,-57.10042730770777,30.0,87.0
209,2024-09-08 10:39:07,microbiologist_interview.txt,-999,0,0.0716161196083565,0.0,0.0024875621890547,0.081667457368724,0.023398475491293,1.3656848558227068,0.0,0.0,0.00430858409843,-85.82595154309752,0.0268522658028084,-13.95968816745406,20.0,21.0
209,2024-09-08 10:39:07,mining_engineer_interview.txt,-999,0,0.0430227868521879,0.0,0.0074074074074074,0.0562767771609436,0.009649375660832,-39.105409822159,0.0,0.0,0.0128300059819916,-57.79283348389039,0.0181598970628145,-40.70990316257054,96.0,60.0
209,2024-09-08 10:39:07,mobile_app_developer_interview.txt,-999,0,0.041177816918928,0.0,0.0183399508413688,0.0659675574070043,0.0148569985536164,-41.71678616935595,0.0,0.0,0.019463363791065,4.500443472954331,0.0383524739918186,-30.50023359361124,97.0,46.0
209,2024-09-08 10:39:07,natural_language_processing_engineer_interview.txt,-999,0,0.0622596833474696,0.0024691358024691,0.0159669211195928,0.0555975287871771,0.0423078956167013,-11.877444967201,0.0042766686606638,0.0,0.0138675385756967,-9.02100271002709,0.0342104300673422,-41.42552164481066,43.0,61.0
209,2024-09-08 10:39:07,network_administrator_interview.txt,-999,0,0.0611014125782108,0.0116959064327485,0.0237292955981766,0.0677886964885345,0.0239657375189806,-13.516865120323883,0.0202579041820921,0.0,0.024113132260403,35.208754634001025,0.0437899583450664,-28.581582278708154,46.0,42.0
209,2024-09-08 10:39:07,neuroscientist_interview.txt,-999,0,0.0512170987941831,0.0026666666666666,0.0144143248977901,0.0424897054500683,0.0090189791900086,-27.50715447873958,0.004618802153517,0.0,0.0055555106858179,-17.867645490924716,0.0430262860033163,-55.23519864110567,78.0,85.0
209,2024-09-08 10:39:07,no_persona_interview.txt,-999,0,0.0706512462380337,0.0,0.0175501177142041,0.094917667810953,0.0216471921120907,0.0,0.0,0.0,0.018795860180529,0.0,0.027153427299694,0.0,23.0,11.0
209,2024-09-08 10:39:07,nuclear_engineer_interview.txt,-999,0,0.050059110039249,0.0,0.0124101527403414,0.0769414793556188,0.0200813139447434,-29.146175467884788,0.0,0.0,0.0144685954856044,-29.287353267737515,0.0325555052122015,-18.938716963776685,82.0,28.0
209,2024-09-08 10:39:07,nurse_interview.txt,-999,0,0.0569140111978986,0.0,0.0241603496079199,0.110511227894338,0.00730603618957,-19.443726433150843,0.0,0.0,0.0108692497785903,37.66488636350152,0.0292241395109772,16.428511617502693,62.0,4.0
209,2024-09-08 10:39:07,occupational_therapist_interview.txt,-999,0,0.0388266702776472,0.0,0.0174767476747674,0.0615201787989723,0.0141881073971164,-45.044606648784544,0.0,0.0,0.0155319870303768,-0.4180600986927913,0.0268749397537979,-35.185745480491875,99.0,54.0
209,2024-09-08 10:39:07,operations_manager_interview.txt,-999,0,0.079441426899054,0.0,0.0176617295261363,0.0467300039765822,0.01712062624118,12.441649835029068,0.0,0.0,0.018028582799709,0.6359604747368337,0.0464816574667467,-50.76785486380242,10.0,77.0
209,2024-09-08 10:39:07,petroleum_engineer_interview.txt,-999,0,0.0706107614739171,0.0029498525073746,0.0031446540880503,0.0709193675903395,0.0379558416578355,-0.0573022646765224,0.0051092944176073,0.0,0.0054467006527323,-82.08186327146291,0.0139780483598758,-25.283280525192325,24.0,38.0
209,2024-09-08 10:39:07,pharmacist_interview.txt,-999,0,0.0645829113740921,0.0140350877192982,0.0031152647975077,0.0541581181564369,0.0200595609157627,-8.58914058429555,0.0243094850185105,0.0,0.0053957969083142,-82.24932249322492,0.0484690715946676,-42.942004997106174,37.0,63.0
209,2024-09-08 10:39:07,physical_therapist_interview.txt,-999,0,0.0776564825783282,0.0023980815347721,0.0071024840101145,0.0753677820916746,0.0263030992224335,9.915233931886933,0.0041535990589181,0.0,0.0063070196502622,-59.53027708545715,0.0262464004677375,-20.59667727847652,13.0,32.0
209,2024-09-08 10:39:07,physicist_interview.txt,-999,0,0.0540255783582419,0.0,0.0194209260447205,0.0967461934706365,0.0059320815056105,-23.532023517005825,0.0,0.0,0.019891147418598,10.659805027987248,0.0295358062180704,1.926433404711787,70.0,10.0
209,2024-09-08 10:39:07,procurement_specialist_interview.txt,-999,0,0.0810177052183938,0.0026455026455026,0.0029239766081871,0.0427102989989416,0.0472544165185173,14.672719212105775,0.0045821449935684,0.0,0.005064476045523,-83.3392763752199,0.0509454286947989,-55.00279349045167,7.0,84.0
209,2024-09-08 10:39:07,product_manager_interview.txt,-999,0,0.0687865128083843,0.0,0.0117481082467615,0.0522449495829317,0.0379708936764512,-2.6393496632272644,0.0,0.0,0.0135349961143919,-33.05966126225324,0.0454785440816327,-44.957613489842906,27.0,68.0
209,2024-09-08 10:39:07,professor_of_classics_interview.txt,-999,0,0.0611153552330022,0.0,0.0061681238151826,0.0728153593663539,0.0261419994381492,-13.49713064211734,0.0,0.0,0.0054087721688619,-64.85423109048168,0.0363220071548864,-23.285768555354807,45.0,37.0
209,2024-09-08 10:39:07,project_manager_interview.txt,-999,0,0.040186022406408,0.0,0.0313364648842841,0.0600194207659177,0.0098787579116307,-43.12057529598863,0.0,0.0,0.0214392955446953,78.55415783862236,0.0497708470280647,-36.76686105956788,98.0,56.0
209,2024-09-08 10:39:07,psychologist_interview.txt,-999,0,0.0507208066598474,0.002415458937198,0.0261500725978538,0.0400466858845506,0.0188810284074656,-28.20960795374773,0.0041836976028233,0.0,0.0047909399839845,49.00226325370636,0.017954888617755,-57.80902880556296,79.0,89.0
209,2024-09-08 10:39:07,public_relations_specialist_interview.txt,-999,0,0.0749984370674025,0.0113960113960113,0.0028735632183908,0.0538876934719521,0.0256902193432022,6.153027810327046,0.0197384707415256,0.0,0.004977157493014,-83.62653023081955,0.050609823528041,-43.22690947350289,17.0,64.0
209,2024-09-08 10:39:07,quality_control_engineer_interview.txt,-999,0,0.0442535005595821,0.0,0.0132078290751531,0.0707746374070316,0.0069378325017299,-37.36345370259146,0.0,0.0,0.0159500015841685,-24.74221945267413,0.0364743133413402,-25.435760233813227,91.0,40.0
209,2024-09-08 10:39:07,restaurant_manager_interview.txt,-999,0,0.0598364598364598,0.0037037037037037,0.0074074074074074,0.0424769058623897,0.0138875926258032,-15.307283278680444,0.0064150029909958,0.0,0.0128300059819916,-57.79283348389039,0.0043504564912869,-55.24868357807652,50.0,86.0
209,2024-09-08 10:39:07,retail_manager_interview.txt,-999,0,0.0758071108654853,0.0,0.0075596122183459,0.0207524511111663,0.0432659891979006,7.297627291783115,0.0,0.0,0.0001813744648619,-56.92557542091257,0.0359442997061293,-78.13636640072222,16.0,97.0
209,2024-09-08 10:39:07,robotics_engineer_interview.txt,-999,0,0.051847618529253,0.0,0.0128342245989304,0.0740966363403292,0.0081822189381443,-26.61471482814148,0.0,0.0,0.015058960257036,-26.87100560845181,0.0446363190310999,-21.9358860692752,76.0,34.0
209,2024-09-08 10:39:07,safety_engineer_interview.txt,-999,0,0.0733248904755256,0.0353818897376066,0.0136332209834932,0.0536626179032506,0.0116070793891186,3.784284609055732,0.0068416037276799,0.0,0.0129881041895934,-22.31835019283561,0.0179059943930516,-43.46403663211555,19.0,65.0
209,2024-09-08 10:39:07,sales_manager_interview.txt,-999,0,0.0542087542087542,0.0,0.0075757575757575,0.1058443047134455,0.0160454579898233,-23.27275583205214,0.0,0.0,0.0131215970270369,-56.83357969943335,0.0129077049842715,11.511699723022131,69.0,5.0
209,2024-09-08 10:39:07,seo_specialist_interview.txt,-999,0,0.0505356116645576,0.0,0.0030864197530864,0.0813374958646141,0.017786128989338,-28.47173354268058,0.0,0.0,0.0053458358258298,-82.41368061828766,0.0640496886430233,-14.307317340946923,81.0,23.0
209,2024-09-08 10:39:07,shop_assistant_interview.txt,-999,0,0.0489036708548903,0.0,0.0092592592592592,0.0794152865978313,0.0075805131521386,-30.781587786679367,0.0,0.0,0.0160375074774896,-47.241041854862985,0.0401423217191564,-16.33245060761253,86.0,24.0
209,2024-09-08 10:39:07,social_media_manager_interview.txt,-999,0,0.0296239503468419,0.0,0.0209090909090909,0.0848462323556859,0.0067165528586563,-58.07016588633869,0.0,0.0,0.0200618877188308,19.139320029563933,0.0735823879732686,-10.610706823650888,100.0,18.0
209,2024-09-08 10:39:07,software_quality_assurance_tester_interview.txt,-999,0,0.0627642535693474,0.0056598796076456,0.0115595846223948,0.0438768814903346,0.0181416985019682,-11.163274660596784,0.0049147827406753,0.0,0.0136025410689936,-34.133862743045,0.0023085626447115,-53.77374676153655,41.0,80.0
209,2024-09-08 10:39:07,speech_therapist_interview.txt,-999,0,0.0566419602666937,0.0,0.0063492063492063,0.0669799041283666,0.0087029981677694,-19.828788191705456,0.0,0.0,0.0109971479845643,-63.822428700477474,0.0210258350421744,-29.43368113324256,64.0,44.0
209,2024-09-08 10:39:07,structural_engineer_interview.txt,-999,0,0.0602028435574918,0.0,0.0109548637950015,0.0743825561569507,0.0181649865500866,-14.788702587552052,0.0,0.0,0.0044636901068712,-37.57954235181449,0.0477571339916643,-21.63465677949648,49.0,33.0
209,2024-09-08 10:39:07,supply_chain_manager_interview.txt,-999,0,0.05067002529167,0.0024509803921568,0.0032362459546925,0.0509030104831107,0.0073255610704311,-28.281484064759724,0.0042452225675707,0.0,0.0056053424193167,-81.5599757939327,0.0520217889794126,-46.37140623335371,80.0,71.0
209,2024-09-08 10:39:07,system_administrator_interview.txt,-999,0,0.0629987853478823,0.0,0.0130332506834509,0.059678546880821,0.0263361972264076,-10.831317630787623,0.0,0.0,0.0113197117684075,-25.73696145124717,0.0572030717304857,-37.125986913540174,40.0,57.0
209,2024-09-08 10:39:07,transportation_engineer_interview.txt,-999,0,0.0479969096581271,0.0026881720430107,0.0127870533967698,0.0877644376661939,0.022415511051796,-32.065020486094426,0.0046560505579808,0.0,0.0045281626931149,-27.139785584340416,0.045840955633769,-7.536247265373319,87.0,13.0
209,2024-09-08 10:39:07,travel_agent_interview.txt,-999,0,0.0497028200548739,0.0,0.0186578693637728,0.0852174211265346,0.032474334301964,-29.650469451850384,0.0,0.0,0.0069876896278449,6.311932874798359,0.0389138725049479,-10.21964288433452,84.0,17.0
209,2024-09-08 10:39:07,veterinarian_interview.txt,-999,0,0.0435324160933917,0.0047619047619047,0.0086251824056702,0.0686500346355311,0.0095851012275583,-38.38407896341272,0.0082478609884232,0.0,0.008175181788188,-50.8539911462279,0.0287567468344603,-27.674124092196408,94.0,41.0
209,2024-09-08 10:39:07,warehouse_manager_interview.txt,-999,0,0.0671234125691957,0.0,0.0040160642570281,0.0650412265723094,0.0171348523519315,-4.993307063476649,0.0,0.0,0.006956027339634,-77.11659646716949,0.0177789052236073,-31.47616447777486,32.0,50.0
209,2024-09-08 10:39:07,water_resources_engineer_interview.txt,-999,0,0.0713094122969675,0.0062893081761006,0.0,0.0440006396611022,0.0450911559835901,0.9315703458595976,0.0108934013054646,0.0,0.0,-100.0,0.0503493136199581,-53.64336200428139,21.0,79.0
210,2024-09-08 10:45:49,restaurant_manager_interview.txt,1,0,0.0714285714285714,0.0,0.0,0.0466530557892966,,,,,,,,,,
210,2024-09-08 10:45:49,restaurant_manager_interview.txt,2,0,0.0636363636363636,0.0,0.0,0.0428067433298522,,,,,,,,,,
210,2024-09-08 10:45:49,restaurant_manager_interview.txt,3,0,0.0444444444444444,0.0111111111111111,0.0222222222222222,0.0379709184680204,,,,,,,,,,
210,2024-09-08 10:45:49,geneticist_interview.txt,1,0,0.0384615384615384,0.0288461538461538,0.0,0.0937095795782794,,,,,,,,,,
210,2024-09-08 10:45:49,geneticist_interview.txt,2,0,0.0526315789473684,0.0,0.0150375939849624,0.0882216505718651,,,,,,,,,,
210,2024-09-08 10:45:49,geneticist_interview.txt,3,0,0.0923076923076923,0.0,0.0153846153846153,0.1101429133385219,,,,,,,,,,
210,2024-09-08 10:45:49,speech_therapist_interview.txt,1,0,0.0510204081632653,0.0,0.0,0.0432621003107774,,,,,,,,,,
210,2024-09-08 10:45:49,speech_therapist_interview.txt,2,0,0.0522388059701492,0.0,0.0,0.0833315864428225,,,,,,,,,,
210,2024-09-08 10:45:49,speech_therapist_interview.txt,3,0,0.0666666666666666,0.0,0.019047619047619,0.0743460256315,,,,,,,,,,
210,2024-09-08 10:45:49,customer_service_representative_interview.txt,1,0,0.0545454545454545,0.0,0.009090909090909,0.0311974890850877,,,,,,,,,,
210,2024-09-08 10:45:49,customer_service_representative_interview.txt,2,0,0.0761904761904762,0.0,0.0,0.122813044651559,,,,,,,,,,
210,2024-09-08 10:45:49,customer_service_representative_interview.txt,3,0,0.043859649122807,0.0,0.0087719298245614,0.0473521337727738,,,,,,,,,,
210,2024-09-08 10:45:49,construction_manager_interview.txt,1,0,0.055045871559633,0.0,0.0091743119266055,0.0948117237060615,,,,,,,,,,
210,2024-09-08 10:45:49,construction_manager_interview.txt,2,0,0.0866141732283464,0.0,0.0236220472440944,0.1356095260762036,,,,,,,,,,
210,2024-09-08 10:45:49,construction_manager_interview.txt,3,0,0.112,0.0,0.024,0.0,,,,,,,,,,
210,2024-09-08 10:45:49,doctor_interview.txt,1,0,0.0545454545454545,0.0,0.0181818181818181,0.0673965703749538,,,,,,,,,,
210,2024-09-08 10:45:49,doctor_interview.txt,2,0,0.0705882352941176,0.0,0.0,0.0293397273927395,,,,,,,,,,
210,2024-09-08 10:45:49,doctor_interview.txt,3,0,0.0555555555555555,0.0,0.0111111111111111,0.0601346177173533,,,,,,,,,,
210,2024-09-08 10:45:49,human_resources_manager_interview.txt,1,0,0.0693069306930693,0.0,0.0198019801980198,0.1425669620819004,,,,,,,,,,
210,2024-09-08 10:45:49,human_resources_manager_interview.txt,2,0,0.0471698113207547,0.0,0.0188679245283018,0.0103852698901538,,,,,,,,,,
210,2024-09-08 10:45:49,human_resources_manager_interview.txt,3,0,0.075268817204301,0.0,0.032258064516129,0.0208324124809482,,,,,,,,,,
210,2024-09-08 10:45:49,water_resources_engineer_interview.txt,1,0,0.1226415094339622,0.0188679245283018,0.0,0.0,,,,,,,,,,
210,2024-09-08 10:45:49,water_resources_engineer_interview.txt,2,0,0.0476190476190476,0.0,0.0,0.0989100944553876,,,,,,,,,,
210,2024-09-08 10:45:49,water_resources_engineer_interview.txt,3,0,0.0531914893617021,0.0,0.0,0.0330918245279189,,,,,,,,,,
210,2024-09-08 10:45:49,project_manager_interview.txt,1,0,0.0515463917525773,0.0,0.0515463917525773,0.0555355117717458,,,,,,,,,,
210,2024-09-08 10:45:49,project_manager_interview.txt,2,0,0.0336134453781512,0.0,0.0336134453781512,0.1118805059888638,,,,,,,,,,
210,2024-09-08 10:45:49,project_manager_interview.txt,3,0,0.0353982300884955,0.0,0.0088495575221238,0.0126422445371434,,,,,,,,,,
210,2024-09-08 10:45:49,biologist_interview.txt,1,0,0.1,0.03,0.0,0.0628254664475309,,,,,,,,,,
210,2024-09-08 10:45:49,biologist_interview.txt,2,0,0.0666666666666666,0.0,0.019047619047619,0.084133944618843,,,,,,,,,,
210,2024-09-08 10:45:49,biologist_interview.txt,3,0,0.037593984962406,0.0,0.0,0.0,,,,,,,,,,
210,2024-09-08 10:45:49,occupational_therapist_interview.txt,1,0,0.0227272727272727,0.0,0.0227272727272727,0.0619600680328602,,,,,,,,,,
210,2024-09-08 10:45:49,occupational_therapist_interview.txt,2,0,0.0495049504950495,0.0,0.0297029702970297,0.0881724737587123,,,,,,,,,,
210,2024-09-08 10:45:49,occupational_therapist_interview.txt,3,0,0.0442477876106194,0.0,0.0,0.0344279946053444,,,,,,,,,,
210,2024-09-08 10:45:49,network_administrator_interview.txt,1,0,0.0543478260869565,0.0,0.0108695652173913,0.0181441553921881,,,,,,,,,,
210,2024-09-08 10:45:49,network_administrator_interview.txt,2,0,0.087719298245614,0.0350877192982456,0.0087719298245614,0.1009251180073442,,,,,,,,,,
210,2024-09-08 10:45:49,network_administrator_interview.txt,3,0,0.0412371134020618,0.0,0.0515463917525773,0.0842968160660713,,,,,,,,,,
210,2024-09-08 10:45:49,neuroscientist_interview.txt,1,0,0.0442477876106194,0.0,0.0176991150442477,0.0414359038364657,,,,,,,,,,
210,2024-09-08 10:45:49,neuroscientist_interview.txt,2,0,0.0614035087719298,0.0,0.0175438596491228,0.0,,,,,,,,,,
210,2024-09-08 10:45:49,neuroscientist_interview.txt,3,0,0.048,0.008,0.008,0.0860332125137391,,,,,,,,,,
210,2024-09-08 10:45:49,retail_manager_interview.txt,1,0,0.0661764705882353,0.0,0.0073529411764705,0.0,,,,,,,,,,
210,2024-09-08 10:45:49,retail_manager_interview.txt,2,0,0.123076923076923,0.0,0.0076923076923076,0.0,,,,,,,,,,
210,2024-09-08 10:45:49,retail_manager_interview.txt,3,0,0.0381679389312977,0.0,0.0076335877862595,0.0622573533334991,,,,,,,,,,
210,2024-09-08 10:45:49,agricultural_engineer_interview.txt,1,0,0.04,0.0,0.01,0.01754081509232,,,,,,,,,,
210,2024-09-08 10:45:49,agricultural_engineer_interview.txt,2,0,0.0434782608695652,0.0,0.0,0.016643353237249,,,,,,,,,,
210,2024-09-08 10:45:49,agricultural_engineer_interview.txt,3,0,0.0534351145038167,0.0,0.0229007633587786,0.0,,,,,,,,,,
210,2024-09-08 10:45:49,electrical_engineer_interview.txt,1,0,0.0813953488372093,0.0,0.0,0.0515248660596885,,,,,,,,,,
210,2024-09-08 10:45:49,electrical_engineer_interview.txt,2,0,0.0833333333333333,0.0,0.0104166666666666,0.0375765713355705,,,,,,,,,,
210,2024-09-08 10:45:49,electrical_engineer_interview.txt,3,0,0.1,0.02,0.0,0.030841143854229,,,,,,,,,,
210,2024-09-08 10:45:49,quality_control_engineer_interview.txt,1,0,0.0618556701030927,0.0,0.0309278350515463,0.0571315807160011,,,,,,,,,,
210,2024-09-08 10:45:49,quality_control_engineer_interview.txt,2,0,0.0471698113207547,0.0,0.0,0.0430885464951094,,,,,,,,,,
210,2024-09-08 10:45:49,quality_control_engineer_interview.txt,3,0,0.0782608695652174,0.0,0.008695652173913,0.1121037850099844,,,,,,,,,,
210,2024-09-08 10:45:49,machine_learning_engineer_interview.txt,1,0,0.053030303030303,0.0,0.0151515151515151,0.0691364256495546,,,,,,,,,,
210,2024-09-08 10:45:49,machine_learning_engineer_interview.txt,2,0,0.0610687022900763,0.0,0.0,0.0801136224824336,,,,,,,,,,
210,2024-09-08 10:45:49,machine_learning_engineer_interview.txt,3,0,0.046875,0.0,0.0,0.0,,,,,,,,,,
210,2024-09-08 10:45:49,psychologist_interview.txt,1,0,0.0384615384615384,0.0,0.0288461538461538,0.0323961959726534,,,,,,,,,,
210,2024-09-08 10:45:49,psychologist_interview.txt,2,0,0.072463768115942,0.0072463768115942,0.0289855072463768,0.0605596667072056,,,,,,,,,,
210,2024-09-08 10:45:49,psychologist_interview.txt,3,0,0.0412371134020618,0.0,0.0206185567010309,0.0271841949737927,,,,,,,,,,
210,2024-09-08 10:45:49,geologist_interview.txt,1,0,0.0725806451612903,0.0,0.0080645161290322,0.0759044861163816,,,,,,,,,,
210,2024-09-08 10:45:49,geologist_interview.txt,2,0,0.0869565217391304,0.0,0.017391304347826,0.1118851607455407,,,,,,,,,,
210,2024-09-08 10:45:49,geologist_interview.txt,3,0,0.1095890410958904,0.0,0.0,0.0,,,,,,,,,,
210,2024-09-08 10:45:49,chemical_engineer_interview.txt,1,0,0.0703125,0.0,0.015625,0.0,,,,,,,,,,
210,2024-09-08 10:45:49,chemical_engineer_interview.txt,2,0,0.0736842105263157,0.0,0.0210526315789473,0.0747112850356365,,,,,,,,,,
210,2024-09-08 10:45:49,chemical_engineer_interview.txt,3,0,0.0714285714285714,0.0,0.010204081632653,0.1377422912155963,,,,,,,,,,
210,2024-09-08 10:45:49,no_persona_interview.txt,1,0,0.0467289719626168,0.0,0.0373831775700934,0.0635731657580273,,,,,,,,,,
210,2024-09-08 10:45:49,no_persona_interview.txt,2,0,0.0888888888888888,0.0,0.0,0.1099189066092266,,,,,,,,,,
210,2024-09-08 10:45:49,no_persona_interview.txt,3,0,0.0763358778625954,0.0,0.015267175572519,0.111260931065605,,,,,,,,,,
210,2024-09-08 10:45:49,financial_analyst_interview.txt,1,0,0.0619469026548672,0.0088495575221238,0.0,0.0598254669070187,,,,,,,,,,
210,2024-09-08 10:45:49,financial_analyst_interview.txt,2,0,0.0606060606060606,0.0,0.0202020202020202,0.1530445380640685,,,,,,,,,,
210,2024-09-08 10:45:49,financial_analyst_interview.txt,3,0,0.0802919708029197,0.0,0.0145985401459854,0.1305219999659435,,,,,,,,,,
210,2024-09-08 10:45:49,civil_engineer_interview.txt,1,0,0.0601503759398496,0.0,0.0150375939849624,0.0831598154358535,,,,,,,,,,
210,2024-09-08 10:45:49,civil_engineer_interview.txt,2,0,0.0825688073394495,0.0,0.0091743119266055,0.0551022249278976,,,,,,,,,,
210,2024-09-08 10:45:49,civil_engineer_interview.txt,3,0,0.0818181818181818,0.0,0.009090909090909,0.0519288906523061,,,,,,,,,,
210,2024-09-08 10:45:49,meteorologist_interview.txt,1,0,0.0495867768595041,0.0,0.0165289256198347,0.0,,,,,,,,,,
210,2024-09-08 10:45:49,meteorologist_interview.txt,2,0,0.0746268656716417,0.0,0.0149253731343283,0.0,,,,,,,,,,
210,2024-09-08 10:45:49,meteorologist_interview.txt,3,0,0.0787401574803149,0.0,0.0157480314960629,0.1221578217011647,,,,,,,,,,
210,2024-09-08 10:45:49,shop_assistant_interview.txt,1,0,0.040650406504065,0.0,0.0,0.1223705927244681,,,,,,,,,,
210,2024-09-08 10:45:49,shop_assistant_interview.txt,2,0,0.0555555555555555,0.0,0.0277777777777777,0.0428532956412062,,,,,,,,,,
210,2024-09-08 10:45:49,shop_assistant_interview.txt,3,0,0.0505050505050505,0.0,0.0,0.0730219714278197,,,,,,,,,,
210,2024-09-08 10:45:49,social_media_manager_interview.txt,1,0,0.036144578313253,0.0,0.0,0.1233699304830566,,,,,,,,,,
210,2024-09-08 10:45:49,social_media_manager_interview.txt,2,0,0.03,0.0,0.04,0.0,,,,,,,,,,
210,2024-09-08 10:45:49,social_media_manager_interview.txt,3,0,0.0227272727272727,0.0,0.0227272727272727,0.1311687665840011,,,,,,,,,,
210,2024-09-08 10:45:49,marine_engineer_interview.txt,1,0,0.0761904761904762,0.0,0.0285714285714285,0.0835429425346109,,,,,,,,,,
210,2024-09-08 10:45:49,marine_engineer_interview.txt,2,0,0.0603448275862069,0.0,0.0,0.1072437583550084,,,,,,,,,,
210,2024-09-08 10:45:49,marine_engineer_interview.txt,3,0,0.0625,0.0078125,0.015625,0.0,,,,,,,,,,
210,2024-09-08 10:45:49,warehouse_manager_interview.txt,1,0,0.072289156626506,0.0,0.0120481927710843,0.081493124342657,,,,,,,,,,
210,2024-09-08 10:45:49,warehouse_manager_interview.txt,2,0,0.081081081081081,0.0,0.0,0.0461808634688753,,,,,,,,,,
210,2024-09-08 10:45:49,warehouse_manager_interview.txt,3,0,0.048,0.0,0.0,0.067449691905396,,,,,,,,,,
210,2024-09-08 10:45:49,business_intelligence_analyst_interview.txt,1,0,0.0666666666666666,0.0,0.019047619047619,0.0519120125435854,,,,,,,,,,
210,2024-09-08 10:45:49,business_intelligence_analyst_interview.txt,2,0,0.0784313725490196,0.0,0.0196078431372549,0.1619933830165744,,,,,,,,,,
210,2024-09-08 10:45:49,business_intelligence_analyst_interview.txt,3,0,0.0612244897959183,0.0,0.0,0.0872579957499813,,,,,,,,,,
210,2024-09-08 10:45:49,full_stack_developer_interview.txt,1,0,0.0393700787401574,0.0,0.0078740157480314,0.0425483283606354,,,,,,,,,,
210,2024-09-08 10:45:49,full_stack_developer_interview.txt,2,0,0.1703703703703703,0.037037037037037,0.0148148148148148,0.1023900784935733,,,,,,,,,,
210,2024-09-08 10:45:49,full_stack_developer_interview.txt,3,0,0.0314960629921259,0.0,0.0078740157480314,0.0,,,,,,,,,,
210,2024-09-08 10:45:49,focus_group_interview.txt,1,0,0.0588235294117647,0.0,0.0,0.0,,,,,,,,,,
210,2024-09-08 10:45:49,focus_group_interview.txt,2,0,0.0588235294117647,0.0,0.0,0.0,,,,,,,,,,
210,2024-09-08 10:45:49,focus_group_interview.txt,3,0,0.0588235294117647,0.0,0.0,0.0,,,,,,,,,,
210,2024-09-08 10:45:49,travel_agent_interview.txt,1,0,0.0531914893617021,0.0,0.0106382978723404,0.1283619363588929,,,,,,,,,,
210,2024-09-08 10:45:49,travel_agent_interview.txt,2,0,0.0802919708029197,0.0,0.0218978102189781,0.0745172643816199,,,,,,,,,,
210,2024-09-08 10:45:49,travel_agent_interview.txt,3,0,0.015625,0.0,0.0234375,0.0527730626390911,,,,,,,,,,
210,2024-09-08 10:45:49,robotics_engineer_interview.txt,1,0,0.0686274509803921,0.0,0.0294117647058823,0.0571924000726199,,,,,,,,,,
210,2024-09-08 10:45:49,robotics_engineer_interview.txt,2,0,0.0454545454545454,0.0,0.009090909090909,0.0403813965559999,,,,,,,,,,
210,2024-09-08 10:45:49,robotics_engineer_interview.txt,3,0,0.0610687022900763,0.0,0.0,0.1247161123923678,,,,,,,,,,
210,2024-09-08 10:45:49,biomedical_engineer_interview.txt,1,0,0.1,0.0,0.0,0.1025907901717319,,,,,,,,,,
210,2024-09-08 10:45:49,biomedical_engineer_interview.txt,2,0,0.0594059405940594,0.0,0.0099009900990099,0.0426668739812379,,,,,,,,,,
210,2024-09-08 10:45:49,biomedical_engineer_interview.txt,3,0,0.0975609756097561,0.0,0.0,0.0915016217502627,,,,,,,,,,
210,2024-09-08 10:45:49,marketing_manager_interview.txt,1,0,0.0459770114942528,0.0,0.0,0.0775670553173294,,,,,,,,,,
210,2024-09-08 10:45:49,marketing_manager_interview.txt,2,0,0.0655737704918032,0.0,0.0081967213114754,0.0418311722270583,,,,,,,,,,
210,2024-09-08 10:45:49,marketing_manager_interview.txt,3,0,0.0608695652173913,0.0,0.008695652173913,0.0106077077753049,,,,,,,,,,
210,2024-09-08 10:45:49,professor_of_classics_interview.txt,1,0,0.0909090909090909,0.0,0.0101010101010101,0.1139617522607703,,,,,,,,,,
210,2024-09-08 10:45:49,professor_of_classics_interview.txt,2,0,0.0504201680672268,0.0,0.0,0.0452051914403515,,,,,,,,,,
210,2024-09-08 10:45:49,professor_of_classics_interview.txt,3,0,0.042016806722689,0.0,0.0084033613445378,0.0592791343979399,,,,,,,,,,
210,2024-09-08 10:45:49,environmental_engineer_interview.txt,1,0,0.0816326530612244,0.0,0.0,0.1026424642988634,,,,,,,,,,
210,2024-09-08 10:45:49,environmental_engineer_interview.txt,2,0,0.0818181818181818,0.0,0.0272727272727272,0.1246022964543093,,,,,,,,,,
210,2024-09-08 10:45:49,environmental_engineer_interview.txt,3,0,0.0916666666666666,0.0,0.0166666666666666,0.0,,,,,,,,,,
210,2024-09-08 10:45:49,physical_therapist_interview.txt,1,0,0.1079136690647482,0.0071942446043165,0.0,0.0976563572315262,,,,,,,,,,
210,2024-09-08 10:45:49,physical_therapist_interview.txt,2,0,0.0648148148148148,0.0,0.0092592592592592,0.0464390040542306,,,,,,,,,,
210,2024-09-08 10:45:49,physical_therapist_interview.txt,3,0,0.0602409638554216,0.0,0.0120481927710843,0.0820079849892669,,,,,,,,,,
210,2024-09-08 10:45:49,astronomer_interview.txt,1,0,0.0392156862745098,0.0,0.0,0.0357008884926808,,,,,,,,,,
210,2024-09-08 10:45:49,astronomer_interview.txt,2,0,0.0634920634920634,0.0158730158730158,0.0079365079365079,0.0,,,,,,,,,,
210,2024-09-08 10:45:49,astronomer_interview.txt,3,0,0.0784313725490196,0.0,0.0098039215686274,0.0315139499500514,,,,,,,,,,
210,2024-09-08 10:45:49,ai_professor_interview.txt,1,0,0.0606060606060606,0.0,0.0101010101010101,0.0211330472249737,,,,,,,,,,
210,2024-09-08 10:45:49,ai_professor_interview.txt,2,0,0.0789473684210526,0.0,0.0175438596491228,0.0811136402882951,,,,,,,,,,
210,2024-09-08 10:45:49,ai_professor_interview.txt,3,0,0.0581395348837209,0.0,0.0116279069767441,0.0,,,,,,,,,,
210,2024-09-08 10:45:49,game_developer_interview.txt,1,0,0.0439560439560439,0.0,0.0219780219780219,0.0605193719036507,,,,,,,,,,
210,2024-09-08 10:45:49,game_developer_interview.txt,2,0,0.0606060606060606,0.0,0.0202020202020202,0.0593816587862705,,,,,,,,,,
210,2024-09-08 10:45:49,game_developer_interview.txt,3,0,0.0519480519480519,0.0,0.0129870129870129,0.0775393919155081,,,,,,,,,,
210,2024-09-08 10:45:49,fire_protection_engineer_interview.txt,1,0,0.1007751937984496,0.0465116279069767,0.0077519379844961,0.0,,,,,,,,,,
210,2024-09-08 10:45:49,fire_protection_engineer_interview.txt,2,0,0.0625,0.0178571428571428,0.0089285714285714,0.0407611697271842,,,,,,,,,,
210,2024-09-08 10:45:49,fire_protection_engineer_interview.txt,3,0,0.0620155038759689,0.0077519379844961,0.0155038759689922,0.0576589288513933,,,,,,,,,,
210,2024-09-08 10:45:49,safety_engineer_interview.txt,1,0,0.0948275862068965,0.043103448275862,0.0258620689655172,0.0454675110134519,,,,,,,,,,
210,2024-09-08 10:45:49,safety_engineer_interview.txt,2,0,0.0769230769230769,0.0329670329670329,0.0,0.0741995996381659,,,,,,,,,,
210,2024-09-08 10:45:49,safety_engineer_interview.txt,3,0,0.0902255639097744,0.0300751879699248,0.0150375939849624,0.0413207430581339,,,,,,,,,,
210,2024-09-08 10:45:49,environmental_scientist_interview.txt,1,0,0.0673076923076923,0.0,0.0096153846153846,0.0534300314907251,,,,,,,,,,
210,2024-09-08 10:45:49,environmental_scientist_interview.txt,2,0,0.0495049504950495,0.0,0.0396039603960396,0.0877567755185532,,,,,,,,,,
210,2024-09-08 10:45:49,environmental_scientist_interview.txt,3,0,0.0449438202247191,0.0,0.0,0.1066267081851516,,,,,,,,,,
210,2024-09-08 10:45:49,operations_manager_interview.txt,1,0,0.0990990990990991,0.0,0.036036036036036,0.0,,,,,,,,,,
210,2024-09-08 10:45:49,operations_manager_interview.txt,2,0,0.0714285714285714,0.0,0.0,0.047230742864624,,,,,,,,,,
210,2024-09-08 10:45:49,operations_manager_interview.txt,3,0,0.0677966101694915,0.0,0.0169491525423728,0.0929592690651228,,,,,,,,,,
210,2024-09-08 10:45:49,backend_developer_interview.txt,1,0,0.0578512396694214,0.0,0.0,0.1284026295844632,,,,,,,,,,
210,2024-09-08 10:45:49,backend_developer_interview.txt,2,0,0.0576923076923076,0.0,0.0096153846153846,0.0870056695430988,,,,,,,,,,
210,2024-09-08 10:45:49,backend_developer_interview.txt,3,0,0.042016806722689,0.0,0.0084033613445378,0.0437544042466496,,,,,,,,,,
210,2024-09-08 10:45:49,digital_marketing_specialist_interview.txt,1,0,0.0666666666666666,0.0,0.0111111111111111,0.1233454514559801,,,,,,,,,,
210,2024-09-08 10:45:49,digital_marketing_specialist_interview.txt,2,0,0.0353982300884955,0.0,0.0088495575221238,0.0,,,,,,,,,,
210,2024-09-08 10:45:49,digital_marketing_specialist_interview.txt,3,0,0.0679611650485436,0.0,0.0097087378640776,0.1264080048769068,,,,,,,,,,
210,2024-09-08 10:45:49,mechanical_engineer_interview.txt,1,0,0.0727272727272727,0.0,0.0,0.0662024475332696,,,,,,,,,,
210,2024-09-08 10:45:49,mechanical_engineer_interview.txt,2,0,0.0784313725490196,0.0,0.0,0.0445948178221984,,,,,,,,,,
210,2024-09-08 10:45:49,mechanical_engineer_interview.txt,3,0,0.0614035087719298,0.0,0.0087719298245614,0.0411470391941935,,,,,,,,,,
210,2024-09-08 10:45:49,software_quality_assurance_tester_interview.txt,1,0,0.045045045045045,0.0,0.0,0.0413513341749755,,,,,,,,,,
210,2024-09-08 10:45:49,software_quality_assurance_tester_interview.txt,2,0,0.0619469026548672,0.0088495575221238,0.0265486725663716,0.0458783496403244,,,,,,,,,,
210,2024-09-08 10:45:49,software_quality_assurance_tester_interview.txt,3,0,0.08130081300813,0.008130081300813,0.008130081300813,0.0444009606557039,,,,,,,,,,
210,2024-09-08 10:45:49,cybersecurity_specialist_interview.txt,1,0,0.0769230769230769,0.023076923076923,0.0,0.0,,,,,,,,,,
210,2024-09-08 10:45:49,cybersecurity_specialist_interview.txt,2,0,0.056,0.008,0.024,0.0433073475931765,,,,,,,,,,
210,2024-09-08 10:45:49,cybersecurity_specialist_interview.txt,3,0,0.099009900990099,0.0297029702970297,0.0,0.110208443279443,,,,,,,,,,
210,2024-09-08 10:45:49,product_manager_interview.txt,1,0,0.0608695652173913,0.0,0.008695652173913,0.0737688480628956,,,,,,,,,,
210,2024-09-08 10:45:49,product_manager_interview.txt,2,0,0.0353982300884955,0.0,0.0265486725663716,0.0829660006858995,,,,,,,,,,
210,2024-09-08 10:45:49,product_manager_interview.txt,3,0,0.110091743119266,0.0,0.0,0.0,,,,,,,,,,
210,2024-09-08 10:45:49,microbiologist_interview.txt,1,0,0.0823529411764705,0.0,0.0,0.1101574773451147,,,,,,,,,,
210,2024-09-08 10:45:49,microbiologist_interview.txt,2,0,0.087719298245614,0.0,0.0,0.0780188264815857,,,,,,,,,,
210,2024-09-08 10:45:49,microbiologist_interview.txt,3,0,0.044776119402985,0.0,0.0074626865671641,0.0568260682794716,,,,,,,,,,
210,2024-09-08 10:45:49,it_manager_interview.txt,1,0,0.0310077519379844,0.0,0.0077519379844961,0.0830915813122366,,,,,,,,,,
210,2024-09-08 10:45:49,it_manager_interview.txt,2,0,0.0575539568345323,0.0,0.0,0.1798682693699755,,,,,,,,,,
210,2024-09-08 10:45:49,it_manager_interview.txt,3,0,0.053030303030303,0.0,0.0075757575757575,0.0382738723689206,,,,,,,,,,
210,2024-09-08 10:45:49,industrial_engineer_interview.txt,1,0,0.0671641791044776,0.0,0.0373134328358208,0.1047357166686011,,,,,,,,,,
210,2024-09-08 10:45:49,industrial_engineer_interview.txt,2,0,0.072,0.0,0.016,0.0643330291584199,,,,,,,,,,
210,2024-09-08 10:45:49,industrial_engineer_interview.txt,3,0,0.0967741935483871,0.0,0.0161290322580645,0.0,,,,,,,,,,
210,2024-09-08 10:45:49,barista_interview.txt,1,0,0.0875,0.0,0.0,0.0681953019972214,,,,,,,,,,
210,2024-09-08 10:45:49,barista_interview.txt,2,0,0.0504201680672268,0.0,0.0168067226890756,0.1017040566415273,,,,,,,,,,
210,2024-09-08 10:45:49,barista_interview.txt,3,0,0.0692307692307692,0.0,0.0076923076923076,0.0932079290911632,,,,,,,,,,
210,2024-09-08 10:45:49,petroleum_engineer_interview.txt,1,0,0.1308411214953271,0.0,0.0,0.0843069329113059,,,,,,,,,,
210,2024-09-08 10:45:49,petroleum_engineer_interview.txt,2,0,0.0471698113207547,0.0,0.0094339622641509,0.0564175341466152,,,,,,,,,,
210,2024-09-08 10:45:49,petroleum_engineer_interview.txt,3,0,0.079646017699115,0.0088495575221238,0.0,0.0720336357130974,,,,,,,,,,
210,2024-09-08 10:45:49,business_analyst_interview.txt,1,0,0.0542635658914728,0.0,0.0077519379844961,0.0,,,,,,,,,,
210,2024-09-08 10:45:49,business_analyst_interview.txt,2,0,0.0462962962962962,0.0,0.0092592592592592,0.0806541259927466,,,,,,,,,,
210,2024-09-08 10:45:49,business_analyst_interview.txt,3,0,0.0659340659340659,0.0,0.0109890109890109,0.0,,,,,,,,,,
210,2024-09-08 10:45:49,data_engineer_interview.txt,1,0,0.1240310077519379,0.0,0.0077519379844961,0.15220760143159,,,,,,,,,,
210,2024-09-08 10:45:49,data_engineer_interview.txt,2,0,0.0818181818181818,0.0,0.009090909090909,0.0452239103227598,,,,,,,,,,
210,2024-09-08 10:45:49,data_engineer_interview.txt,3,0,0.1538461538461538,0.0076923076923076,0.0,0.0,,,,,,,,,,
210,2024-09-08 10:45:49,aerospace_engineer_interview.txt,1,0,0.0588235294117647,0.0,0.0117647058823529,0.0598364515055597,,,,,,,,,,
210,2024-09-08 10:45:49,aerospace_engineer_interview.txt,2,0,0.0444444444444444,0.0,0.0111111111111111,0.0372874438364637,,,,,,,,,,
210,2024-09-08 10:45:49,aerospace_engineer_interview.txt,3,0,0.0612244897959183,0.0,0.0306122448979591,0.047097992667724,,,,,,,,,,
210,2024-09-08 10:45:49,bartender_interview.txt,1,0,0.0636363636363636,0.0,0.009090909090909,0.0802144581933062,,,,,,,,,,
210,2024-09-08 10:45:49,bartender_interview.txt,2,0,0.072072072072072,0.0,0.0,0.0542195723652842,,,,,,,,,,
210,2024-09-08 10:45:49,bartender_interview.txt,3,0,0.0588235294117647,0.0,0.0,0.0973387164224358,,,,,,,,,,
210,2024-09-08 10:45:49,natural_language_processing_engineer_interview.txt,1,0,0.05,0.0,0.025,0.0164392722606681,,,,,,,,,,
210,2024-09-08 10:45:49,natural_language_processing_engineer_interview.txt,2,0,0.0381679389312977,0.0,0.0229007633587786,0.0706681390294403,,,,,,,,,,
210,2024-09-08 10:45:49,natural_language_processing_engineer_interview.txt,3,0,0.1185185185185185,0.0074074074074074,0.0,0.0796851750714229,,,,,,,,,,
210,2024-09-08 10:45:49,cto_of_a_fintec_interview.txt,1,0,0.0714285714285714,0.0,0.0158730158730158,0.0542815808204184,,,,,,,,,,
210,2024-09-08 10:45:49,cto_of_a_fintec_interview.txt,2,0,0.056,0.008,0.008,0.0907334966492485,,,,,,,,,,
210,2024-09-08 10:45:49,cto_of_a_fintec_interview.txt,3,0,0.073170731707317,0.0,0.0,0.0552888252461915,,,,,,,,,,
210,2024-09-08 10:45:49,database_administrator_interview.txt,1,0,0.0660377358490566,0.0,0.0,0.0548225848771237,,,,,,,,,,
210,2024-09-08 10:45:49,database_administrator_interview.txt,2,0,0.0254237288135593,0.0,0.0,0.024114343310107,,,,,,,,,,
210,2024-09-08 10:45:49,database_administrator_interview.txt,3,0,0.0863309352517985,0.0287769784172661,0.0287769784172661,0.104152812248344,,,,,,,,,,
210,2024-09-08 10:45:49,nuclear_engineer_interview.txt,1,0,0.0892857142857142,0.0,0.0089285714285714,0.0449991497095448,,,,,,,,,,
210,2024-09-08 10:45:49,nuclear_engineer_interview.txt,2,0,0.0421052631578947,0.0,0.0,0.0757479536132003,,,,,,,,,,
210,2024-09-08 10:45:49,nuclear_engineer_interview.txt,3,0,0.0566037735849056,0.0,0.0283018867924528,0.1100773347441114,,,,,,,,,,
210,2024-09-08 10:45:49,pharmacist_interview.txt,1,0,0.0654205607476635,0.0,0.0093457943925233,0.0,,,,,,,,,,
210,2024-09-08 10:45:49,pharmacist_interview.txt,2,0,0.0441176470588235,0.0,0.0,0.0690132425340739,,,,,,,,,,
210,2024-09-08 10:45:49,pharmacist_interview.txt,3,0,0.0842105263157894,0.0421052631578947,0.0,0.0934611119352368,,,,,,,,,,
210,2024-09-08 10:45:49,chef_interview.txt,1,0,0.0588235294117647,0.0,0.0,0.0332256967857307,,,,,,,,,,
210,2024-09-08 10:45:49,chef_interview.txt,2,0,0.0642857142857142,0.0,0.0142857142857142,0.0765835105514407,,,,,,,,,,
210,2024-09-08 10:45:49,chef_interview.txt,3,0,0.0543478260869565,0.0,0.0,0.0449413215361284,,,,,,,,,,
210,2024-09-08 10:45:49,hotel_manager_interview.txt,1,0,0.040650406504065,0.0,0.008130081300813,0.1413053520565927,,,,,,,,,,
210,2024-09-08 10:45:49,hotel_manager_interview.txt,2,0,0.0948275862068965,0.0,0.0,0.1099607806113364,,,,,,,,,,
210,2024-09-08 10:45:49,hotel_manager_interview.txt,3,0,0.0873015873015873,0.0079365079365079,0.0,0.0983426079695328,,,,,,,,,,
210,2024-09-08 10:45:49,mobile_app_developer_interview.txt,1,0,0.0526315789473684,0.0,0.0,0.1013216232627603,,,,,,,,,,
210,2024-09-08 10:45:49,mobile_app_developer_interview.txt,2,0,0.024390243902439,0.0,0.016260162601626,0.0251933432248417,,,,,,,,,,
210,2024-09-08 10:45:49,mobile_app_developer_interview.txt,3,0,0.0465116279069767,0.0,0.0387596899224806,0.0713877057334111,,,,,,,,,,
210,2024-09-08 10:45:49,graphic_designer_interview.txt,1,0,0.0701754385964912,0.0,0.0087719298245614,0.0907194463199692,,,,,,,,,,
210,2024-09-08 10:45:49,graphic_designer_interview.txt,2,0,0.0338983050847457,0.0,0.0169491525423728,0.1235217831475955,,,,,,,,,,
210,2024-09-08 10:45:49,graphic_designer_interview.txt,3,0,0.0827067669172932,0.0,0.0,0.1745280411231842,,,,,,,,,,
210,2024-09-08 10:45:49,geotechnical_engineer_interview.txt,1,0,0.0512820512820512,0.0,0.0256410256410256,0.0319974506476605,,,,,,,,,,
210,2024-09-08 10:45:49,geotechnical_engineer_interview.txt,2,0,0.0806451612903225,0.0,0.0161290322580645,0.0214325208060958,,,,,,,,,,
210,2024-09-08 10:45:49,geotechnical_engineer_interview.txt,3,0,0.058252427184466,0.0,0.0097087378640776,0.0773230010696247,,,,,,,,,,
210,2024-09-08 10:45:49,gardener_interview.txt,1,0,0.048076923076923,0.0,0.0,0.0456965816968714,,,,,,,,,,
210,2024-09-08 10:45:49,gardener_interview.txt,2,0,0.0598290598290598,0.0,0.0085470085470085,0.1140851410160635,,,,,,,,,,
210,2024-09-08 10:45:49,gardener_interview.txt,3,0,0.0606060606060606,0.0,0.0075757575757575,0.0,,,,,,,,,,
210,2024-09-08 10:45:49,ai_software_developer_interview.txt,1,0,0.09,0.0,0.0,0.0111499229117319,,,,,,,,,,
210,2024-09-08 10:45:49,ai_software_developer_interview.txt,2,0,0.0542635658914728,0.0,0.0077519379844961,0.1105557259653508,,,,,,,,,,
210,2024-09-08 10:45:49,ai_software_developer_interview.txt,3,0,0.089430894308943,0.0,0.008130081300813,0.0,,,,,,,,,,
210,2024-09-08 10:45:49,supply_chain_manager_interview.txt,1,0,0.0485436893203883,0.0,0.0097087378640776,0.110396931184179,,,,,,,,,,
210,2024-09-08 10:45:49,supply_chain_manager_interview.txt,2,0,0.0446428571428571,0.0,0.0,0.0139712343151882,,,,,,,,,,
210,2024-09-08 10:45:49,supply_chain_manager_interview.txt,3,0,0.0588235294117647,0.0073529411764705,0.0,0.028340865949965,,,,,,,,,,
210,2024-09-08 10:45:49,cloud_architect_interview.txt,1,0,0.0285714285714285,0.0,0.0380952380952381,0.0391645933980824,,,,,,,,,,
210,2024-09-08 10:45:49,cloud_architect_interview.txt,2,0,0.0708661417322834,0.0,0.0157480314960629,0.0392796140007774,,,,,,,,,,
210,2024-09-08 10:45:49,cloud_architect_interview.txt,3,0,0.0546875,0.0,0.0078125,0.0877736868278276,,,,,,,,,,
210,2024-09-08 10:45:49,mining_engineer_interview.txt,1,0,0.043103448275862,0.0,0.0,0.0623291883426047,,,,,,,,,,
210,2024-09-08 10:45:49,mining_engineer_interview.txt,2,0,0.0526315789473684,0.0,0.0,0.0706375811030402,,,,,,,,,,
210,2024-09-08 10:45:49,mining_engineer_interview.txt,3,0,0.0444444444444444,0.0,0.0222222222222222,0.0358635620371859,,,,,,,,,,
210,2024-09-08 10:45:49,devops_engineer_interview.txt,1,0,0.0977443609022556,0.0601503759398496,0.0,0.07311065388755,,,,,,,,,,
210,2024-09-08 10:45:49,devops_engineer_interview.txt,2,0,0.0526315789473684,0.0,0.0263157894736842,0.148397515332583,,,,,,,,,,
210,2024-09-08 10:45:49,devops_engineer_interview.txt,3,0,0.0842105263157894,0.0,0.0105263157894736,0.0,,,,,,,,,,
210,2024-09-08 10:45:49,system_administrator_interview.txt,1,0,0.0408163265306122,0.0,0.0204081632653061,0.0332782663987651,,,,,,,,,,
210,2024-09-08 10:45:49,system_administrator_interview.txt,2,0,0.0560747663551401,0.0,0.0186915887850467,0.0204433907247207,,,,,,,,,,
210,2024-09-08 10:45:49,system_administrator_interview.txt,3,0,0.0921052631578947,0.0,0.0,0.1253139835189771,,,,,,,,,,
210,2024-09-08 10:45:49,content_writer_interview.txt,1,0,0.0769230769230769,0.0,0.0109890109890109,0.055124321075318,,,,,,,,,,
210,2024-09-08 10:45:49,content_writer_interview.txt,2,0,0.0454545454545454,0.0,0.0113636363636363,0.1019393483798434,,,,,,,,,,
210,2024-09-08 10:45:49,content_writer_interview.txt,3,0,0.0518518518518518,0.0,0.0222222222222222,0.0877565421919958,,,,,,,,,,
210,2024-09-08 10:45:49,transportation_engineer_interview.txt,1,0,0.0656934306569343,0.0,0.0145985401459854,0.1117562157628961,,,,,,,,,,
210,2024-09-08 10:45:49,transportation_engineer_interview.txt,2,0,0.0241935483870967,0.0080645161290322,0.0161290322580645,0.0349067186143281,,,,,,,,,,
210,2024-09-08 10:45:49,transportation_engineer_interview.txt,3,0,0.0763358778625954,0.0,0.0076335877862595,0.1166303786213575,,,,,,,,,,
210,2024-09-08 10:45:49,lorry_driver_interview.txt,1,0,0.0454545454545454,0.0,0.0,0.0916819840397446,,,,,,,,,,
210,2024-09-08 10:45:49,lorry_driver_interview.txt,2,0,0.0458015267175572,0.0,0.0076335877862595,0.0567176989464362,,,,,,,,,,
210,2024-09-08 10:45:49,lorry_driver_interview.txt,3,0,0.0413223140495867,0.0,0.0,0.1123148981401632,,,,,,,,,,
210,2024-09-08 10:45:49,dentist_interview.txt,1,0,0.0592592592592592,0.0,0.0074074074074074,0.0704318199356172,,,,,,,,,,
210,2024-09-08 10:45:49,dentist_interview.txt,2,0,0.0526315789473684,0.0,0.0087719298245614,0.0940702620980976,,,,,,,,,,
210,2024-09-08 10:45:49,dentist_interview.txt,3,0,0.0555555555555555,0.0,0.0,0.1371066698362683,,,,,,,,,,
210,2024-09-08 10:45:49,physicist_interview.txt,1,0,0.0608695652173913,0.0,0.008695652173913,0.1139810973689073,,,,,,,,,,
210,2024-09-08 10:45:49,physicist_interview.txt,2,0,0.0508474576271186,0.0,0.0423728813559322,0.1136156482515152,,,,,,,,,,
210,2024-09-08 10:45:49,physicist_interview.txt,3,0,0.0503597122302158,0.0,0.0071942446043165,0.062641834791487,,,,,,,,,,
210,2024-09-08 10:45:49,architect_interview.txt,1,0,0.0459770114942528,0.0,0.0229885057471264,0.0,,,,,,,,,,
210,2024-09-08 10:45:49,architect_interview.txt,2,0,0.0687022900763358,0.0,0.0229007633587786,0.0876209078759001,,,,,,,,,,
210,2024-09-08 10:45:49,architect_interview.txt,3,0,0.0606060606060606,0.0378787878787878,0.0227272727272727,0.0480218505844039,,,,,,,,,,
210,2024-09-08 10:45:49,materials_engineer_interview.txt,1,0,0.0454545454545454,0.0,0.0181818181818181,0.0329382443745014,,,,,,,,,,
210,2024-09-08 10:45:49,materials_engineer_interview.txt,2,0,0.057471264367816,0.0,0.0114942528735632,0.0418562922438496,,,,,,,,,,
210,2024-09-08 10:45:49,materials_engineer_interview.txt,3,0,0.0508474576271186,0.0,0.0,0.0236745237289426,,,,,,,,,,
210,2024-09-08 10:45:49,computer_vision_engineer_interview.txt,1,0,0.0825688073394495,0.0,0.018348623853211,0.0651242189442417,,,,,,,,,,
210,2024-09-08 10:45:49,computer_vision_engineer_interview.txt,2,0,0.08,0.0,0.0,0.0806504300442508,,,,,,,,,,
210,2024-09-08 10:45:49,computer_vision_engineer_interview.txt,3,0,0.0564516129032258,0.0,0.0,0.0739659279494996,,,,,,,,,,
210,2024-09-08 10:45:49,data_scientist_interview.txt,1,0,0.0847457627118644,0.0,0.0084745762711864,0.0,,,,,,,,,,
210,2024-09-08 10:45:49,data_scientist_interview.txt,2,0,0.089430894308943,0.016260162601626,0.0,0.0524078414472835,,,,,,,,,,
210,2024-09-08 10:45:49,data_scientist_interview.txt,3,0,0.104,0.0,0.008,0.0,,,,,,,,,,
210,2024-09-08 10:45:49,structural_engineer_interview.txt,1,0,0.0827067669172932,0.0,0.0075187969924812,0.1294579871455792,,,,,,,,,,
210,2024-09-08 10:45:49,structural_engineer_interview.txt,2,0,0.056,0.0,0.016,0.0444434820554314,,,,,,,,,,
210,2024-09-08 10:45:49,structural_engineer_interview.txt,3,0,0.0747663551401869,0.0,0.0093457943925233,0.0492461992698414,,,,,,,,,,
210,2024-09-08 10:45:49,ai_ethicist_interview.txt,1,0,0.0671641791044776,0.0597014925373134,0.0,0.0,,,,,,,,,,
210,2024-09-08 10:45:49,ai_ethicist_interview.txt,2,0,0.0869565217391304,0.0608695652173913,0.0260869565217391,0.0463364020063631,,,,,,,,,,
210,2024-09-08 10:45:49,ai_ethicist_interview.txt,3,0,0.0962962962962963,0.0518518518518518,0.0,0.0627334709480612,,,,,,,,,,
210,2024-09-08 10:45:49,sales_manager_interview.txt,1,0,0.0454545454545454,0.0,0.0227272727272727,0.0927529785536527,,,,,,,,,,
210,2024-09-08 10:45:49,sales_manager_interview.txt,2,0,0.0727272727272727,0.0,0.0,0.1185601973267088,,,,,,,,,,
210,2024-09-08 10:45:49,sales_manager_interview.txt,3,0,0.0444444444444444,0.0,0.0,0.106219738259975,,,,,,,,,,
210,2024-09-08 10:45:49,frontend_developer_interview.txt,1,0,0.0338983050847457,0.0,0.0,0.0463880667322203,,,,,,,,,,
210,2024-09-08 10:45:49,frontend_developer_interview.txt,2,0,0.048076923076923,0.0,0.0192307692307692,0.0316033064174671,,,,,,,,,,
210,2024-09-08 10:45:49,frontend_developer_interview.txt,3,0,0.0677966101694915,0.0,0.0084745762711864,0.1521935579294296,,,,,,,,,,
210,2024-09-08 10:45:49,public_relations_specialist_interview.txt,1,0,0.0707070707070707,0.0,0.0,0.0612498751422564,,,,,,,,,,
210,2024-09-08 10:45:49,public_relations_specialist_interview.txt,2,0,0.1025641025641025,0.0341880341880341,0.0,0.0,,,,,,,,,,
210,2024-09-08 10:45:49,public_relations_specialist_interview.txt,3,0,0.0517241379310344,0.0,0.0086206896551724,0.1004132052736,,,,,,,,,,
210,2024-09-08 10:45:49,logistics_coordinator_interview.txt,1,0,0.0603448275862069,0.0,0.0344827586206896,0.0536258473420191,,,,,,,,,,
210,2024-09-08 10:45:49,logistics_coordinator_interview.txt,2,0,0.043010752688172,0.0,0.0,0.0355816989033996,,,,,,,,,,
210,2024-09-08 10:45:49,logistics_coordinator_interview.txt,3,0,0.054054054054054,0.0,0.0,0.041870378325629,,,,,,,,,,
210,2024-09-08 10:45:49,nurse_interview.txt,1,0,0.0652173913043478,0.0,0.0217391304347826,0.0792010942258981,,,,,,,,,,
210,2024-09-08 10:45:49,nurse_interview.txt,2,0,0.0514705882352941,0.0,0.0147058823529411,0.1370661560765469,,,,,,,,,,
210,2024-09-08 10:45:49,nurse_interview.txt,3,0,0.054054054054054,0.0,0.036036036036036,0.1152664333805689,,,,,,,,,,
210,2024-09-08 10:45:49,chemist_interview.txt,1,0,0.0727272727272727,0.0,0.0181818181818181,0.0527446151325422,,,,,,,,,,
210,2024-09-08 10:45:49,chemist_interview.txt,2,0,0.1075268817204301,0.0,0.0,0.1152384730306447,,,,,,,,,,
210,2024-09-08 10:45:49,chemist_interview.txt,3,0,0.0697674418604651,0.0,0.0077519379844961,0.0643850449549886,,,,,,,,,,
210,2024-09-08 10:45:49,manufacturing_engineer_interview.txt,1,0,0.0687022900763358,0.015267175572519,0.0229007633587786,0.0482168090314157,,,,,,,,,,
210,2024-09-08 10:45:49,manufacturing_engineer_interview.txt,2,0,0.0446428571428571,0.0,0.0089285714285714,0.0834938300109287,,,,,,,,,,
210,2024-09-08 10:45:49,manufacturing_engineer_interview.txt,3,0,0.0602409638554216,0.0,0.0,0.0635358168333495,,,,,,,,,,
210,2024-09-08 10:45:49,veterinarian_interview.txt,1,0,0.048076923076923,0.0,0.0096153846153846,0.0969298964109895,,,,,,,,,,
210,2024-09-08 10:45:49,veterinarian_interview.txt,2,0,0.05,0.0142857142857142,0.0,0.0695811870523281,,,,,,,,,,
210,2024-09-08 10:45:49,veterinarian_interview.txt,3,0,0.032520325203252,0.0,0.016260162601626,0.0394390204432756,,,,,,,,,,
210,2024-09-08 10:45:49,event_planner_interview.txt,1,0,0.0373134328358208,0.0,0.0,0.099059528098622,,,,,,,,,,
210,2024-09-08 10:45:49,event_planner_interview.txt,2,0,0.078125,0.0,0.0078125,0.0271201838699979,,,,,,,,,,
210,2024-09-08 10:45:49,event_planner_interview.txt,3,0,0.048076923076923,0.0,0.0,0.1572289573335409,,,,,,,,,,
210,2024-09-08 10:45:49,seo_specialist_interview.txt,1,0,0.0306122448979591,0.0,0.0,0.0418630458366323,,,,,,,,,,
210,2024-09-08 10:45:49,seo_specialist_interview.txt,2,0,0.0561797752808988,0.0,0.0,0.0469111864526693,,,,,,,,,,
210,2024-09-08 10:45:49,seo_specialist_interview.txt,3,0,0.0648148148148148,0.0,0.0092592592592592,0.1552382553045406,,,,,,,,,,
210,2024-09-08 10:45:49,procurement_specialist_interview.txt,1,0,0.1349206349206349,0.0079365079365079,0.0,0.0,,,,,,,,,,
210,2024-09-08 10:45:49,procurement_specialist_interview.txt,2,0,0.0467289719626168,0.0,0.0,0.0290324715415137,,,,,,,,,,
210,2024-09-08 10:45:49,procurement_specialist_interview.txt,3,0,0.0614035087719298,0.0,0.0087719298245614,0.0990984254553111,,,,,,,,,,
210,2024-09-08 10:45:49,aerospace_engineer_interview.txt,-999,0,0.0548308212173758,0.0,0.0178293539638077,0.0480739626699158,0.0090746222810393,-22.39228019751654,0.0,0.0,0.011075130789614,1.5910790693874617,0.0113061410215475,-49.35193438837489,74.0,76.0
210,2024-09-08 10:45:49,agricultural_engineer_interview.txt,-999,0,0.0456377917911273,0.0,0.0109669211195928,0.011394722776523,0.0069730377729906,-35.404123463912626,0.0,0.0,0.0114809600183229,-37.51084010840108,0.0098783166486343,-87.99515091413978,94.0,99.0
210,2024-09-08 10:45:49,ai_ethicist_interview.txt,-999,0,0.0834723323799681,0.0574743032021855,0.008695652173913,0.0363566243181414,0.014875306539273,18.14700635108176,0.0049040868504378,0.0,0.0150613113701641,-50.45245669848003,0.0325356583816519,-61.69667338376586,10.0,91.0
210,2024-09-08 10:45:49,ai_professor_interview.txt,-999,0,0.0658976546369447,0.0,0.0130909255756256,0.0340822291710896,0.0113684743774216,-6.728248763048711,0.0,0.0,0.0039311982797189,-25.408331791241707,0.0420786958568103,-64.09285019626586,42.0,92.0
210,2024-09-08 10:45:49,ai_software_developer_interview.txt,-999,0,0.0778981534001386,0.0,0.0052940064284363,0.0405685496256942,0.0204701310535737,10.257295586392232,0.0,0.0,0.0045886409905508,-69.8349235335802,0.0608665247425301,-57.25922205916984,17.0,88.0
210,2024-09-08 10:45:49,architect_interview.txt,-999,0,0.0584284540588831,0.0126262626262626,0.0228721806110592,0.0452142528201013,0.0115180748983522,-17.300179161695667,0.0218693283783949,0.0,0.0001329413508501,30.324941311064123,0.0438778740158845,-52.36476636767525,61.0,78.0
210,2024-09-08 10:45:49,astronomer_interview.txt,-999,0,0.0603797074385309,0.0052910052910052,0.0059134765017117,0.0224049461475774,0.019792235413115,-14.538368884388149,0.0091642899871369,0.0,0.0052056422918386,-66.30520320142512,0.0195158607931298,-76.39538911533178,55.0,96.0
210,2024-09-08 10:45:49,backend_developer_interview.txt,-999,0,0.0525201180281394,0.0,0.0060062486533074,0.0863875677914038,0.0090964815246191,-25.6628568855078,0.0,0.0,0.0052367468209077,-65.77659049861344,0.0423274975700418,-8.986841139563666,80.0,16.0
210,2024-09-08 10:45:49,barista_interview.txt,-999,0,0.0690503124326653,0.0,0.0081663434604611,0.087702429243304,0.0185405746278981,-2.265966830895792,0.0,0.0,0.0084133830483931,-53.46844053443765,0.0174195882811321,-7.601575906837013,32.0,14.0
210,2024-09-08 10:45:49,bartender_interview.txt,-999,0,0.0648439883734001,0.0,0.003030303030303,0.0772575823270087,0.0067063208083585,-8.219611364063041,0.0,0.0,0.0052486388108147,-82.73343187977335,0.0217111142556495,-18.605688373125343,43.0,27.0
210,2024-09-08 10:45:49,biologist_interview.txt,-999,0,0.0680868838763575,0.01,0.0063492063492063,0.0489864703554579,0.0312272387653812,-3.629606692338399,0.0173205080756887,0.0,0.0109971479845643,-63.822428700477474,0.0437409249891785,-48.3905668088853,36.0,74.0
210,2024-09-08 10:45:49,biomedical_engineer_interview.txt,-999,0,0.0856556387346051,0.0,0.0033003300330033,0.0789197619677442,0.0227655924444408,21.237265151727968,0.0,0.0,0.0057163392989071,-81.19482679975314,0.0318817554345985,-16.854507924775135,7.0,25.0
210,2024-09-08 10:45:49,business_analyst_interview.txt,-999,0,0.0554979760406117,0.0,0.0093334027442554,0.0268847086642488,0.0098769086964874,-21.44798712590089,0.0,0.0,0.0016198096651814,-46.81857468852488,0.0465656813531662,-71.67575933513768,72.0,95.0
210,2024-09-08 10:45:49,business_intelligence_analyst_interview.txt,-999,0,0.0687741763372015,0.0,0.0128851540616246,0.1003877971033804,0.0087949076901518,-2.6568107440144217,0.0,0.0,0.0111623859076589,-26.580811186263105,0.0562029429299538,5.763025386719647,35.0,8.0
210,2024-09-08 10:45:49,chef_interview.txt,-999,0,0.0591523565948118,0.0,0.0047619047619047,0.0515835096244333,0.0049770976432038,-16.27556519594934,0.0,0.0,0.0082478609884232,-72.86682152535812,0.0224290882691609,-45.654470011661154,59.0,69.0
210,2024-09-08 10:45:49,chemical_engineer_interview.txt,-999,0,0.0718084273182957,0.0,0.0156272377372001,0.0708178587504109,0.0017176512571054,1.63787780382998,0.0,0.0,0.0054242753193317,-10.95650757628681,0.0689536349550145,-25.390224619236847,27.0,39.0
210,2024-09-08 10:45:49,chemist_interview.txt,-999,0,0.0833405321027226,0.0,0.0086445853887714,0.0774560443727252,0.0209982089846374,17.960455816924977,0.0,0.0,0.0091237186848588,-50.74343357950845,0.0332341516828835,-18.396599748959304,11.0,26.0
210,2024-09-08 10:45:49,civil_engineer_interview.txt,-999,0,0.0748457883658269,0.0,0.011100938334159,0.0633969770053524,0.012732133342275,5.936968349661214,0.0,0.0,0.0034094988331135,-36.74721437808669,0.017188509235205,-33.20845479303192,23.0,52.0
210,2024-09-08 10:45:49,cloud_architect_interview.txt,-999,0,0.0513750234345706,0.0,0.0205519231971003,0.0554059647422291,0.0213410418229086,-27.283627437396945,0.0,0.0,0.0157025185318364,17.10419002185195,0.0280313285841514,-41.62734291725233,83.0,62.0
210,2024-09-08 10:45:49,computer_vision_engineer_interview.txt,-999,0,0.0730068067475584,0.0,0.0061162079510703,0.0732468589793307,0.01439463529251,3.33406788266484,0.0,0.0,0.0105935829209105,-65.1500459958728,0.0077880423033267,-22.831164451684472,26.0,36.0
210,2024-09-08 10:45:49,construction_manager_interview.txt,-999,0,0.0845533482626598,0.0,0.0189321197235666,0.076807083260755,0.0285329359907958,19.67707969055212,0.0,0.0,0.0084526221862361,7.874602506192673,0.0695745010677526,-19.0803092489258,9.0,29.0
210,2024-09-08 10:45:49,content_writer_interview.txt,-999,0,0.0580764914098247,0.0,0.0148582898582898,0.0816067372157191,0.0166320991283872,-17.798348221407025,0.0,0.0,0.0063801027372806,-15.337947583882524,0.0240057653765828,-14.02365955908776,64.0,22.0
210,2024-09-08 10:45:49,cto_of_a_fintec_interview.txt,-999,0,0.0668664343786295,0.0026666666666666,0.0079576719576719,0.0667679675719528,0.0094508374067066,-5.35703481670042,0.004618802153517,0.0,0.007936592592141,-54.65744397126511,0.0207608663908648,-29.656965755907265,40.0,45.0
210,2024-09-08 10:45:49,customer_service_representative_interview.txt,-999,0,0.0581985266195792,0.0,0.0059542796384901,0.0671208891698068,0.0164720762626921,-17.6256191950239,0.0,0.0,0.005159023304182,-66.07270825499324,0.0489025078385463,-29.28514709875597,63.0,43.0
210,2024-09-08 10:45:49,cybersecurity_specialist_interview.txt,-999,0,0.0773109926377253,0.0202599644579842,0.008,0.0511719302908732,0.0215075743575556,9.426226364435236,0.0111223276261782,0.0,0.013856406460551,-54.41626016260162,0.0555235444498658,-46.08808721175909,19.0,70.0
210,2024-09-08 10:45:49,data_engineer_interview.txt,-999,0,0.1198984478054245,0.0025641025641025,0.0056142823584684,0.0658105039181166,0.0361913764231097,69.70464668304683,0.0044411559168432,0.0,0.0049079869301384,-68.01000169973511,0.0781642140642681,-30.665696454751668,1.0,48.0
210,2024-09-08 10:45:49,data_scientist_interview.txt,-999,0,0.0927255523402691,0.005420054200542,0.0054915254237288,0.0174692804824278,0.0100410403865582,31.244043491977635,0.0093878092551158,0.0,0.0047617165254651,-68.70946672178586,0.0302576813672363,-81.5953332131787,2.0,98.0
210,2024-09-08 10:45:49,database_administrator_interview.txt,-999,0,0.0592641333048048,0.0095923261390887,0.0095923261390887,0.0610299134785249,0.0310134360817725,-16.1173560829545,0.0166143962356726,0.0,0.0166143962356726,-45.34323760503791,0.0403786741209838,-35.70226188018239,58.0,55.0
210,2024-09-08 10:45:49,dentist_interview.txt,-999,0,0.0558154645873944,0.0,0.0053931124106562,0.1005362506233277,0.0033214757424644,-20.998612820863087,0.0,0.0,0.0047201405129731,-69.27022086985002,0.033804447311336,5.919427796693483,71.0,6.0
210,2024-09-08 10:45:49,devops_engineer_interview.txt,-999,0,0.0781954887218045,0.0200501253132832,0.0122807017543859,0.073836056406711,0.0231500816817152,10.67814495211195,0.0347278357407293,0.0,0.0132453235706504,-30.024960775923542,0.0742014170742861,-22.210418661181293,16.0,35.0
210,2024-09-08 10:45:49,digital_marketing_specialist_interview.txt,-999,0,0.0566753539345686,0.0,0.0098898021657708,0.0832511521109623,0.018437893884227,-19.78152268733997,0.0,0.0,0.001141597288879,-43.64822887902008,0.0721138721343955,-12.291195063101242,68.0,19.0
210,2024-09-08 10:45:49,doctor_interview.txt,-999,0,0.0602297484650425,0.0,0.0097643097643097,0.0522903051616822,0.0089849186448038,-14.750621295312598,0.0,0.0,0.0091654259857348,-44.36328050149187,0.0202047210831162,-44.90982936303435,56.0,67.0
210,2024-09-08 10:45:49,electrical_engineer_interview.txt,-999,0,0.0882428940568475,0.0066666666666666,0.0034722222222222,0.039980860416496,0.0102279568387673,24.89927461370624,0.0115470053837925,0.0,0.0060140653040586,-80.21539069557362,0.0105493860274732,-57.87837887449393,4.0,90.0
210,2024-09-08 10:45:49,environmental_engineer_interview.txt,-999,0,0.0850391671820243,0.0,0.0146464646464646,0.0757482535843909,0.0057403325072782,20.364709343577218,0.0,0.0,0.0137481389786022,-16.54492075223783,0.0665124574639047,-20.19583357730795,8.0,31.0
210,2024-09-08 10:45:49,environmental_scientist_interview.txt,-999,0,0.0539188210091536,0.0,0.0164064483371414,0.08260450506481,0.0118172493974848,-23.683128210514862,0.0,0.0,0.0206568954496431,-6.516590918003615,0.0269700022423844,-12.97246659143272,78.0,20.0
210,2024-09-08 10:45:49,event_planner_interview.txt,-999,0,0.0545051186375813,0.0,0.0026041666666666,0.0944695564340536,0.021151531321009,-22.85328067116309,0.0,0.0,0.0045105489780439,-85.16154302168022,0.0651757172032501,-0.4721053384833027,75.0,12.0
210,2024-09-08 10:45:49,financial_analyst_interview.txt,-999,0,0.0676149780212825,0.0029498525073746,0.0116001867826685,0.1144640016456769,0.0109990487697447,-4.297543749648227,0.0051092944176073,0.0,0.0104294293817635,-33.902512954201285,0.0486399351293362,20.59293520954837,38.0,3.0
210,2024-09-08 10:45:49,fire_protection_engineer_interview.txt,-999,0,0.0750968992248062,0.0240402362495385,0.0107281284606865,0.0328066995261925,0.0222393748401715,6.292391462982081,0.0201060034230084,0.0,0.0041775518863019,-38.87147291323412,0.029641073128454,-65.43667761461074,21.0,94.0
210,2024-09-08 10:45:49,focus_group_interview.txt,-999,0,0.0588235294117647,0.0,0.0,0.0,0.0,-16.74098824303796,0.0,0.0,0.0,-100.0,0.0,-100.0,60.0,100.0
210,2024-09-08 10:45:49,frontend_developer_interview.txt,-999,0,0.0499239461103867,0.0,0.0092351151673185,0.0767283103597056,0.0170244645281205,-29.337486925303224,0.0,0.0,0.0096379165726401,-47.37861410556739,0.0657715742358427,-19.163300016467915,89.0,30.0
210,2024-09-08 10:45:49,full_stack_developer_interview.txt,-999,0,0.0804121707008846,0.0123456790123456,0.0101876154369592,0.0483128022847362,0.0780055017087343,13.815643718392453,0.0213833433033194,0.0,0.0040072722095984,-41.95129854477313,0.0514378645862778,-49.10030619277265,13.0,75.0
210,2024-09-08 10:45:49,game_developer_interview.txt,-999,0,0.0521700521700521,0.0,0.0183890183890183,0.0658134742018097,0.0083272280313069,-26.15834122120914,0.0,0.0,0.0047618055766234,4.7800287637686125,0.0101708631617814,-30.662567128292565,82.0,47.0
210,2024-09-08 10:45:49,gardener_interview.txt,-999,0,0.0561706811706811,0.0,0.0053742553742553,0.0532605742376449,0.0070201583039181,-20.49583813223272,0.0,0.0,0.0046795082789833,-69.37766765002537,0.057417465439807,-43.88760758036767,70.0,66.0
210,2024-09-08 10:45:49,geneticist_interview.txt,-999,0,0.0611336032388664,0.0096153846153846,0.0101407364565259,0.0973580478295555,0.0279117427581266,-13.471302356226062,0.0166543346881622,0.0,0.008783849262908,-42.21841345076261,0.0114069685173857,2.571049283957322,52.0,9.0
210,2024-09-08 10:45:49,geologist_interview.txt,-999,0,0.0897087359987703,0.0,0.0084852734922861,0.0625965489539741,0.0186570725171784,26.97403198880508,0.0,0.0,0.0087032835354668,-51.651187584807126,0.0571174070875316,-34.05174147488816,3.0,53.0
210,2024-09-08 10:45:49,geotechnical_engineer_interview.txt,-999,0,0.0633932132522799,0.0,0.0171595985877226,0.0435843241744603,0.0153417345298937,-10.273043112785928,0.0,0.0,0.0080159839490695,-2.225165282882997,0.0296922241439828,-54.08196895306461,46.0,82.0
210,2024-09-08 10:45:49,graphic_designer_interview.txt,-999,0,0.06226017019951,0.0,0.0085736941223114,0.129589756863583,0.0253486704180317,-11.87675587526506,0.0,0.0,0.0084763150024872,-51.14736971039053,0.0422325155476891,36.5285935192658,51.0,1.0
210,2024-09-08 10:45:49,hotel_manager_interview.txt,-999,0,0.0742598600041829,0.0026455026455026,0.002710027100271,0.1165362468791539,0.029348878825487,5.107643471696633,0.0045821449935684,0.0,0.0046939046275579,-84.55835371361843,0.0222233416108369,22.77613806447352,25.0,2.0
210,2024-09-08 10:45:49,human_resources_manager_interview.txt,-999,0,0.0639151864060417,0.0,0.0236426564141502,0.0579282148176675,0.0148051245436644,-9.534240640706187,0.0,0.0,0.007475764681373,34.71508738095281,0.0734851947736557,-38.97003987388016,45.0,58.0
210,2024-09-08 10:45:49,industrial_engineer_interview.txt,-999,0,0.0786461242176215,0.0,0.0231474883646284,0.056356248609007,0.0158844724236964,11.3159758748657,0.0,0.0,0.01226823742033,31.8936359378038,0.0528215330852058,-40.62617644456724,15.0,59.0
210,2024-09-08 10:45:49,it_manager_interview.txt,-999,0,0.0471973372676066,0.0,0.0051092318534179,0.1004112410170443,0.0142018613496248,-33.1967378061636,0.0,0.0,0.0044256013696548,-70.88776305310621,0.072368648424168,5.787724596260446,92.0,7.0
210,2024-09-08 10:45:49,logistics_coordinator_interview.txt,-999,0,0.0524698781094776,0.0,0.0114942528735632,0.0436926415236826,0.008774950040325,-25.733966627142763,0.0,0.0,0.019908629972056,-34.50612092327819,0.0091590559333901,-53.96785179055914,81.0,81.0
210,2024-09-08 10:45:49,lorry_driver_interview.txt,-999,0,0.0441927954072298,0.0,0.0025445292620865,0.086904860375448,0.0024919563434483,-37.44937596947936,0.0,0.0,0.0044072539632795,-85.50135501355014,0.0281047651195438,-8.44185031122339,95.0,15.0
210,2024-09-08 10:45:49,machine_learning_engineer_interview.txt,-999,0,0.0536580017734597,0.0,0.005050505050505,0.0497500160439961,0.0071176400905742,-24.05229259130316,0.0,0.0,0.0087477313513579,-71.2223864662889,0.0434329688699764,-47.5861373426463,79.0,73.0
210,2024-09-08 10:45:49,manufacturing_engineer_interview.txt,-999,0,0.0578620370248715,0.005089058524173,0.01060977826245,0.0650821519585646,0.012204857554227,-18.101887644095555,0.0088145079265591,0.0,0.0115425769617275,-39.54582849399921,0.0176892740534159,-31.43304775651628,65.0,49.0
210,2024-09-08 10:45:49,marine_engineer_interview.txt,-999,0,0.0663451012588943,0.0026041666666666,0.0147321428571428,0.0635955669632064,0.0085941694008704,-6.094931382570891,0.0045105489780439,0.0,0.0143066253205018,-16.05672909407666,0.0563358613200052,-32.99923140771915,41.0,51.0
210,2024-09-08 10:45:49,marketing_manager_interview.txt,-999,0,0.0574734490678158,0.0,0.0056307911617961,0.0433353117732308,0.010230270987519,-18.65189628194257,0.0,0.0,0.0048827850487395,-67.91593507524526,0.0335050053371757,-54.34431463324448,66.0,83.0
210,2024-09-08 10:45:49,materials_engineer_interview.txt,-999,0,0.0512577558164933,0.0,0.0098920236851271,0.0328230201157645,0.0060188571849888,-27.449608399264463,0.0,0.0,0.0091961938799908,-43.63557073397275,0.0090914319034334,-65.41948314497358,84.0,93.0
210,2024-09-08 10:45:49,mechanical_engineer_interview.txt,-999,0,0.0708540513494073,0.0,0.0029239766081871,0.0506481015165538,0.0086671076461903,0.2870510035879476,0.0,0.0,0.005064476045523,-83.3392763752199,0.0135803186403236,-46.639964208318496,30.0,72.0
210,2024-09-08 10:45:49,meteorologist_interview.txt,-999,0,0.0676512666704869,0.0,0.0157341100834086,0.0407192739003882,0.0157789142996009,-4.246180679445359,0.0,0.0,0.000801866882806,-10.34755242311398,0.0705278512427857,-57.10042730770777,37.0,87.0
210,2024-09-08 10:45:49,microbiologist_interview.txt,-999,0,0.0716161196083565,0.0,0.0024875621890547,0.081667457368724,0.023398475491293,1.3656848558227068,0.0,0.0,0.00430858409843,-85.82595154309752,0.0268522658028084,-13.95968816745406,28.0,21.0
210,2024-09-08 10:45:49,mining_engineer_interview.txt,-999,0,0.0467264905558916,0.0,0.0074074074074074,0.0562767771609436,0.0051577242427647,-33.86317574857249,0.0,0.0,0.0128300059819916,-57.79283348389039,0.0181598970628145,-40.70990316257054,93.0,60.0
210,2024-09-08 10:45:49,mobile_app_developer_interview.txt,-999,0,0.041177816918928,0.0,0.0183399508413688,0.0659675574070043,0.0148569985536164,-41.71678616935595,0.0,0.0,0.019463363791065,4.500443472954331,0.0383524739918186,-30.50023359361124,97.0,46.0
210,2024-09-08 10:45:49,natural_language_processing_engineer_interview.txt,-999,0,0.0688954858166054,0.0024691358024691,0.0159669211195928,0.0555975287871771,0.043380104289694,-2.485108918691836,0.0042766686606638,0.0,0.0138675385756967,-9.02100271002709,0.0342104300673422,-41.42552164481066,33.0,61.0
210,2024-09-08 10:45:49,network_administrator_interview.txt,-999,0,0.0611014125782108,0.0116959064327485,0.0237292955981766,0.0677886964885345,0.0239657375189806,-13.516865120323883,0.0202579041820921,0.0,0.024113132260403,35.208754634001025,0.0437899583450664,-28.581582278708154,54.0,42.0
210,2024-09-08 10:45:49,neuroscientist_interview.txt,-999,0,0.0512170987941831,0.0026666666666666,0.0144143248977901,0.0424897054500683,0.0090189791900086,-27.50715447873958,0.004618802153517,0.0,0.0055555106858179,-17.867645490924716,0.0430262860033163,-55.23519864110567,85.0,85.0
210,2024-09-08 10:45:49,no_persona_interview.txt,-999,0,0.0706512462380337,0.0,0.0175501177142041,0.094917667810953,0.0216471921120907,0.0,0.0,0.0,0.018795860180529,0.0,0.027153427299694,0.0,31.0,11.0
210,2024-09-08 10:45:49,nuclear_engineer_interview.txt,-999,0,0.0626649170095049,0.0,0.0124101527403414,0.0769414793556188,0.0241671644357858,-11.303875945261863,0.0,0.0,0.0144685954856044,-29.287353267737515,0.0325555052122015,-18.938716963776685,49.0,28.0
210,2024-09-08 10:45:49,nurse_interview.txt,-999,0,0.0569140111978986,0.0,0.0241603496079199,0.110511227894338,0.00730603618957,-19.443726433150843,0.0,0.0,0.0108692497785903,37.66488636350152,0.0292241395109772,16.428511617502693,67.0,4.0
210,2024-09-08 10:45:49,occupational_therapist_interview.txt,-999,0,0.0388266702776472,0.0,0.0174767476747674,0.0615201787989723,0.0141881073971164,-45.044606648784544,0.0,0.0,0.0155319870303768,-0.4180600986927913,0.0268749397537979,-35.185745480491875,99.0,54.0
210,2024-09-08 10:45:49,operations_manager_interview.txt,-999,0,0.079441426899054,0.0,0.0176617295261363,0.0467300039765822,0.01712062624118,12.441649835029068,0.0,0.0,0.018028582799709,0.6359604747368337,0.0464816574667467,-50.76785486380242,14.0,77.0
210,2024-09-08 10:45:49,petroleum_engineer_interview.txt,-999,0,0.0858856501717322,0.0029498525073746,0.0031446540880503,0.0709193675903395,0.0421831932957591,21.56282407584401,0.0051092944176073,0.0,0.0054467006527323,-82.08186327146291,0.0139780483598758,-25.283280525192325,6.0,38.0
210,2024-09-08 10:45:49,pharmacist_interview.txt,-999,0,0.0645829113740921,0.0140350877192982,0.0031152647975077,0.0541581181564369,0.0200595609157627,-8.58914058429555,0.0243094850185105,0.0,0.0053957969083142,-82.24932249322492,0.0484690715946676,-42.942004997106174,44.0,63.0
210,2024-09-08 10:45:49,physical_therapist_interview.txt,-999,0,0.0776564825783282,0.0023980815347721,0.0071024840101145,0.0753677820916746,0.0263030992224335,9.915233931886933,0.0041535990589181,0.0,0.0063070196502622,-59.53027708545715,0.0262464004677375,-20.59667727847652,18.0,32.0
210,2024-09-08 10:45:49,physicist_interview.txt,-999,0,0.0540255783582419,0.0,0.0194209260447205,0.0967461934706365,0.0059320815056105,-23.532023517005825,0.0,0.0,0.019891147418598,10.659805027987248,0.0295358062180704,1.926433404711787,77.0,10.0
210,2024-09-08 10:45:49,procurement_specialist_interview.txt,-999,0,0.0810177052183938,0.0026455026455026,0.0029239766081871,0.0427102989989416,0.0472544165185173,14.672719212105775,0.0045821449935684,0.0,0.005064476045523,-83.3392763752199,0.0509454286947989,-55.00279349045167,12.0,84.0
210,2024-09-08 10:45:49,product_manager_interview.txt,-999,0,0.0687865128083843,0.0,0.0117481082467615,0.0522449495829317,0.0379708936764512,-2.6393496632272644,0.0,0.0,0.0135349961143919,-33.05966126225324,0.0454785440816327,-44.957613489842906,34.0,68.0
210,2024-09-08 10:45:49,professor_of_classics_interview.txt,-999,0,0.0611153552330022,0.0,0.0061681238151826,0.0728153593663539,0.0261419994381492,-13.49713064211734,0.0,0.0,0.0054087721688619,-64.85423109048168,0.0363220071548864,-23.285768555354807,53.0,37.0
210,2024-09-08 10:45:49,project_manager_interview.txt,-999,0,0.040186022406408,0.0,0.0313364648842841,0.0600194207659177,0.0098787579116307,-43.12057529598863,0.0,0.0,0.0214392955446953,78.55415783862236,0.0497708470280647,-36.76686105956788,98.0,56.0
210,2024-09-08 10:45:49,psychologist_interview.txt,-999,0,0.0507208066598474,0.002415458937198,0.0261500725978538,0.0400466858845506,0.0188810284074656,-28.20960795374773,0.0041836976028233,0.0,0.0047909399839845,49.00226325370636,0.017954888617755,-57.80902880556296,86.0,89.0
210,2024-09-08 10:45:49,public_relations_specialist_interview.txt,-999,0,0.0749984370674025,0.0113960113960113,0.0028735632183908,0.0538876934719521,0.0256902193432022,6.153027810327046,0.0197384707415256,0.0,0.004977157493014,-83.62653023081955,0.050609823528041,-43.22690947350289,22.0,64.0
210,2024-09-08 10:45:49,quality_control_engineer_interview.txt,-999,0,0.0624287836630216,0.0,0.0132078290751531,0.0707746374070316,0.0155534504228024,-11.638099839469902,0.0,0.0,0.0159500015841685,-24.74221945267413,0.0364743133413402,-25.435760233813227,50.0,40.0
210,2024-09-08 10:45:49,restaurant_manager_interview.txt,-999,0,0.0598364598364598,0.0037037037037037,0.0074074074074074,0.0424769058623897,0.0138875926258032,-15.307283278680444,0.0064150029909958,0.0,0.0128300059819916,-57.79283348389039,0.0043504564912869,-55.24868357807652,57.0,86.0
210,2024-09-08 10:45:49,retail_manager_interview.txt,-999,0,0.0758071108654853,0.0,0.0075596122183459,0.0207524511111663,0.0432659891979006,7.297627291783115,0.0,0.0,0.0001813744648619,-56.92557542091257,0.0359442997061293,-78.13636640072222,20.0,97.0
210,2024-09-08 10:45:49,robotics_engineer_interview.txt,-999,0,0.0583835662416713,0.0,0.0128342245989304,0.0740966363403292,0.0118175020341139,-17.363713521812357,0.0,0.0,0.015058960257036,-26.87100560845181,0.0446363190310999,-21.9358860692752,62.0,34.0
210,2024-09-08 10:45:49,safety_engineer_interview.txt,-999,0,0.0873254090132493,0.0353818897376066,0.0136332209834932,0.0536626179032506,0.0092979049786215,23.60066334716593,0.0068416037276799,0.0,0.0129881041895934,-22.31835019283561,0.0179059943930516,-43.46403663211555,5.0,65.0
210,2024-09-08 10:45:49,sales_manager_interview.txt,-999,0,0.0542087542087542,0.0,0.0075757575757575,0.1058443047134455,0.0160454579898233,-23.27275583205214,0.0,0.0,0.0131215970270369,-56.83357969943335,0.0129077049842715,11.511699723022131,76.0,5.0
210,2024-09-08 10:45:49,seo_specialist_interview.txt,-999,0,0.0505356116645576,0.0,0.0030864197530864,0.0813374958646141,0.017786128989338,-28.47173354268058,0.0,0.0,0.0053458358258298,-82.41368061828766,0.0640496886430233,-14.307317340946923,88.0,23.0
210,2024-09-08 10:45:49,shop_assistant_interview.txt,-999,0,0.0489036708548903,0.0,0.0092592592592592,0.0794152865978313,0.0075805131521386,-30.781587786679367,0.0,0.0,0.0160375074774896,-47.241041854862985,0.0401423217191564,-16.33245060761253,91.0,24.0
210,2024-09-08 10:45:49,social_media_manager_interview.txt,-999,0,0.0296239503468419,0.0,0.0209090909090909,0.0848462323556859,0.0067165528586563,-58.07016588633869,0.0,0.0,0.0200618877188308,19.139320029563933,0.0735823879732686,-10.610706823650888,100.0,18.0
210,2024-09-08 10:45:49,software_quality_assurance_tester_interview.txt,-999,0,0.0627642535693474,0.0056598796076456,0.0115595846223948,0.0438768814903346,0.0181416985019682,-11.163274660596784,0.0049147827406753,0.0,0.0136025410689936,-34.133862743045,0.0023085626447115,-53.77374676153655,48.0,80.0
210,2024-09-08 10:45:49,speech_therapist_interview.txt,-999,0,0.0566419602666937,0.0,0.0063492063492063,0.0669799041283666,0.0087029981677694,-19.828788191705456,0.0,0.0,0.0109971479845643,-63.822428700477474,0.0210258350421744,-29.43368113324256,69.0,44.0
210,2024-09-08 10:45:49,structural_engineer_interview.txt,-999,0,0.0711577073524933,0.0,0.0109548637950015,0.0743825561569507,0.0137142117504206,0.7168466820151025,0.0,0.0,0.0044636901068712,-37.57954235181449,0.0477571339916643,-21.63465677949648,29.0,33.0
210,2024-09-08 10:45:49,supply_chain_manager_interview.txt,-999,0,0.05067002529167,0.0024509803921568,0.0032362459546925,0.0509030104831107,0.0073255610704311,-28.281484064759724,0.0042452225675707,0.0,0.0056053424193167,-81.5599757939327,0.0520217889794126,-46.37140623335371,87.0,71.0
210,2024-09-08 10:45:49,system_administrator_interview.txt,-999,0,0.0629987853478823,0.0,0.0130332506834509,0.059678546880821,0.0263361972264076,-10.831317630787623,0.0,0.0,0.0113197117684075,-25.73696145124717,0.0572030717304857,-37.125986913540174,47.0,57.0
210,2024-09-08 10:45:49,transportation_engineer_interview.txt,-999,0,0.0554076189688755,0.0026881720430107,0.0127870533967698,0.0877644376661939,0.0275509359613157,-21.57587881436706,0.0046560505579808,0.0,0.0045281626931149,-27.139785584340416,0.045840955633769,-7.536247265373319,73.0,13.0
210,2024-09-08 10:45:49,travel_agent_interview.txt,-999,0,0.0497028200548739,0.0,0.0186578693637728,0.0852174211265346,0.032474334301964,-29.650469451850384,0.0,0.0,0.0069876896278449,6.311932874798359,0.0389138725049479,-10.21964288433452,90.0,17.0
210,2024-09-08 10:45:49,veterinarian_interview.txt,-999,0,0.0435324160933917,0.0047619047619047,0.0086251824056702,0.0686500346355311,0.0095851012275583,-38.38407896341272,0.0082478609884232,0.0,0.008175181788188,-50.8539911462279,0.0287567468344603,-27.674124092196408,96.0,41.0
210,2024-09-08 10:45:49,warehouse_manager_interview.txt,-999,0,0.0671234125691957,0.0,0.0040160642570281,0.0650412265723094,0.0171348523519315,-4.993307063476649,0.0,0.0,0.006956027339634,-77.11659646716949,0.0177789052236073,-31.47616447777486,39.0,50.0
210,2024-09-08 10:45:49,water_resources_engineer_interview.txt,-999,0,0.0744840154715706,0.0062893081761006,0.0,0.0440006396611022,0.0417985788669561,5.424913837505187,0.0108934013054646,0.0,0.0,-100.0,0.0503493136199581,-53.64336200428139,24.0,79.0
211,2024-09-08 11:22:55,restaurant_manager_interview.txt,1,0,0.0714285714285714,0.0,0.0,0.0466530557892966,,,,,,,,,,
211,2024-09-08 11:22:55,restaurant_manager_interview.txt,2,0,0.0636363636363636,0.0,0.0,0.0428067433298522,,,,,,,,,,
211,2024-09-08 11:22:55,restaurant_manager_interview.txt,3,0,0.0444444444444444,0.0111111111111111,0.0222222222222222,0.0379709184680204,,,,,,,,,,
211,2024-09-08 11:22:55,geneticist_interview.txt,1,0,0.0384615384615384,0.0288461538461538,0.0,0.0937095795782794,,,,,,,,,,
211,2024-09-08 11:22:55,geneticist_interview.txt,2,0,0.0526315789473684,0.0,0.0150375939849624,0.0882216505718651,,,,,,,,,,
211,2024-09-08 11:22:55,geneticist_interview.txt,3,0,0.0923076923076923,0.0,0.0153846153846153,0.1101429133385219,,,,,,,,,,
211,2024-09-08 11:22:55,speech_therapist_interview.txt,1,0,0.0510204081632653,0.0,0.0,0.0432621003107774,,,,,,,,,,
211,2024-09-08 11:22:55,speech_therapist_interview.txt,2,0,0.0522388059701492,0.0,0.0,0.0833315864428225,,,,,,,,,,
211,2024-09-08 11:22:55,speech_therapist_interview.txt,3,0,0.0666666666666666,0.0,0.019047619047619,0.0743460256315,,,,,,,,,,
211,2024-09-08 11:22:55,customer_service_representative_interview.txt,1,0,0.0545454545454545,0.0,0.009090909090909,0.0311974890850877,,,,,,,,,,
211,2024-09-08 11:22:55,customer_service_representative_interview.txt,2,0,0.0761904761904762,0.0,0.0,0.122813044651559,,,,,,,,,,
211,2024-09-08 11:22:55,customer_service_representative_interview.txt,3,0,0.043859649122807,0.0,0.0087719298245614,0.0473521337727738,,,,,,,,,,
211,2024-09-08 11:22:55,construction_manager_interview.txt,1,0,0.055045871559633,0.0,0.0091743119266055,0.0948117237060615,,,,,,,,,,
211,2024-09-08 11:22:55,construction_manager_interview.txt,2,0,0.0866141732283464,0.0,0.0236220472440944,0.1356095260762036,,,,,,,,,,
211,2024-09-08 11:22:55,construction_manager_interview.txt,3,0,0.112,0.0,0.024,0.0,,,,,,,,,,
211,2024-09-08 11:22:55,doctor_interview.txt,1,0,0.0545454545454545,0.0,0.0181818181818181,0.0673965703749538,,,,,,,,,,
211,2024-09-08 11:22:55,doctor_interview.txt,2,0,0.0705882352941176,0.0,0.0,0.0293397273927395,,,,,,,,,,
211,2024-09-08 11:22:55,doctor_interview.txt,3,0,0.0555555555555555,0.0,0.0111111111111111,0.0601346177173533,,,,,,,,,,
211,2024-09-08 11:22:55,human_resources_manager_interview.txt,1,0,0.0693069306930693,0.0,0.0198019801980198,0.1425669620819004,,,,,,,,,,
211,2024-09-08 11:22:55,human_resources_manager_interview.txt,2,0,0.0471698113207547,0.0,0.0188679245283018,0.0103852698901538,,,,,,,,,,
211,2024-09-08 11:22:55,human_resources_manager_interview.txt,3,0,0.075268817204301,0.0,0.032258064516129,0.0208324124809482,,,,,,,,,,
211,2024-09-08 11:22:55,water_resources_engineer_interview.txt,1,0,0.1226415094339622,0.0188679245283018,0.0,0.0,,,,,,,,,,
211,2024-09-08 11:22:55,water_resources_engineer_interview.txt,2,0,0.0476190476190476,0.0,0.0,0.0989100944553876,,,,,,,,,,
211,2024-09-08 11:22:55,water_resources_engineer_interview.txt,3,0,0.0531914893617021,0.0,0.0,0.0330918245279189,,,,,,,,,,
211,2024-09-08 11:22:55,project_manager_interview.txt,1,0,0.0515463917525773,0.0,0.0515463917525773,0.0555355117717458,,,,,,,,,,
211,2024-09-08 11:22:55,project_manager_interview.txt,2,0,0.0336134453781512,0.0,0.0336134453781512,0.1118805059888638,,,,,,,,,,
211,2024-09-08 11:22:55,project_manager_interview.txt,3,0,0.0353982300884955,0.0,0.0088495575221238,0.0126422445371434,,,,,,,,,,
211,2024-09-08 11:22:55,biologist_interview.txt,1,0,0.1,0.03,0.0,0.0628254664475309,,,,,,,,,,
211,2024-09-08 11:22:55,biologist_interview.txt,2,0,0.0666666666666666,0.0,0.019047619047619,0.084133944618843,,,,,,,,,,
211,2024-09-08 11:22:55,biologist_interview.txt,3,0,0.037593984962406,0.0,0.0,0.0,,,,,,,,,,
211,2024-09-08 11:22:55,occupational_therapist_interview.txt,1,0,0.0227272727272727,0.0,0.0227272727272727,0.0619600680328602,,,,,,,,,,
211,2024-09-08 11:22:55,occupational_therapist_interview.txt,2,0,0.0495049504950495,0.0,0.0297029702970297,0.0881724737587123,,,,,,,,,,
211,2024-09-08 11:22:55,occupational_therapist_interview.txt,3,0,0.0442477876106194,0.0,0.0,0.0344279946053444,,,,,,,,,,
211,2024-09-08 11:22:55,network_administrator_interview.txt,1,0,0.0543478260869565,0.0,0.0108695652173913,0.0181441553921881,,,,,,,,,,
211,2024-09-08 11:22:55,network_administrator_interview.txt,2,0,0.087719298245614,0.0350877192982456,0.0087719298245614,0.1009251180073442,,,,,,,,,,
211,2024-09-08 11:22:55,network_administrator_interview.txt,3,0,0.0412371134020618,0.0,0.0515463917525773,0.0842968160660713,,,,,,,,,,
211,2024-09-08 11:22:55,neuroscientist_interview.txt,1,0,0.0442477876106194,0.0,0.0176991150442477,0.0414359038364657,,,,,,,,,,
211,2024-09-08 11:22:55,neuroscientist_interview.txt,2,0,0.0614035087719298,0.0,0.0175438596491228,0.0,,,,,,,,,,
211,2024-09-08 11:22:55,neuroscientist_interview.txt,3,0,0.048,0.008,0.008,0.0860332125137391,,,,,,,,,,
211,2024-09-08 11:22:55,retail_manager_interview.txt,1,0,0.0661764705882353,0.0,0.0073529411764705,0.0,,,,,,,,,,
211,2024-09-08 11:22:55,retail_manager_interview.txt,2,0,0.123076923076923,0.0,0.0076923076923076,0.0,,,,,,,,,,
211,2024-09-08 11:22:55,retail_manager_interview.txt,3,0,0.0381679389312977,0.0,0.0076335877862595,0.0622573533334991,,,,,,,,,,
211,2024-09-08 11:22:55,agricultural_engineer_interview.txt,1,0,0.04,0.0,0.01,0.01754081509232,,,,,,,,,,
211,2024-09-08 11:22:55,agricultural_engineer_interview.txt,2,0,0.0434782608695652,0.0,0.0,0.016643353237249,,,,,,,,,,
211,2024-09-08 11:22:55,agricultural_engineer_interview.txt,3,0,0.0534351145038167,0.0,0.0229007633587786,0.0,,,,,,,,,,
211,2024-09-08 11:22:55,electrical_engineer_interview.txt,1,0,0.0813953488372093,0.0,0.0,0.0515248660596885,,,,,,,,,,
211,2024-09-08 11:22:55,electrical_engineer_interview.txt,2,0,0.0833333333333333,0.0,0.0104166666666666,0.0375765713355705,,,,,,,,,,
211,2024-09-08 11:22:55,electrical_engineer_interview.txt,3,0,0.1,0.02,0.0,0.030841143854229,,,,,,,,,,
211,2024-09-08 11:22:55,quality_control_engineer_interview.txt,1,0,0.0618556701030927,0.0,0.0309278350515463,0.0571315807160011,,,,,,,,,,
211,2024-09-08 11:22:55,quality_control_engineer_interview.txt,2,0,0.0471698113207547,0.0,0.0,0.0430885464951094,,,,,,,,,,
211,2024-09-08 11:22:55,quality_control_engineer_interview.txt,3,0,0.0782608695652174,0.0,0.008695652173913,0.1121037850099844,,,,,,,,,,
211,2024-09-08 11:22:55,machine_learning_engineer_interview.txt,1,0,0.053030303030303,0.0,0.0151515151515151,0.0691364256495546,,,,,,,,,,
211,2024-09-08 11:22:55,machine_learning_engineer_interview.txt,2,0,0.0610687022900763,0.0,0.0,0.0801136224824336,,,,,,,,,,
211,2024-09-08 11:22:55,machine_learning_engineer_interview.txt,3,0,0.025531914893617,0.0,0.0,0.0029570013202989,,,,,,,,,,
211,2024-09-08 11:22:55,psychologist_interview.txt,1,0,0.0384615384615384,0.0,0.0288461538461538,0.0323961959726534,,,,,,,,,,
211,2024-09-08 11:22:55,psychologist_interview.txt,2,0,0.072463768115942,0.0072463768115942,0.0289855072463768,0.0605596667072056,,,,,,,,,,
211,2024-09-08 11:22:55,psychologist_interview.txt,3,0,0.0412371134020618,0.0,0.0206185567010309,0.0271841949737927,,,,,,,,,,
211,2024-09-08 11:22:55,geologist_interview.txt,1,0,0.0725806451612903,0.0,0.0080645161290322,0.0759044861163816,,,,,,,,,,
211,2024-09-08 11:22:55,geologist_interview.txt,2,0,0.0869565217391304,0.0,0.017391304347826,0.1118851607455407,,,,,,,,,,
211,2024-09-08 11:22:55,geologist_interview.txt,3,0,0.1095890410958904,0.0,0.0,0.0,,,,,,,,,,
211,2024-09-08 11:22:55,chemical_engineer_interview.txt,1,0,0.0703125,0.0,0.015625,0.0,,,,,,,,,,
211,2024-09-08 11:22:55,chemical_engineer_interview.txt,2,0,0.0736842105263157,0.0,0.0210526315789473,0.0747112850356365,,,,,,,,,,
211,2024-09-08 11:22:55,chemical_engineer_interview.txt,3,0,0.0714285714285714,0.0,0.010204081632653,0.1377422912155963,,,,,,,,,,
211,2024-09-08 11:22:55,no_persona_interview.txt,1,0,0.0467289719626168,0.0,0.0373831775700934,0.0635731657580273,,,,,,,,,,
211,2024-09-08 11:22:55,no_persona_interview.txt,2,0,0.0888888888888888,0.0,0.0,0.1099189066092266,,,,,,,,,,
211,2024-09-08 11:22:55,no_persona_interview.txt,3,0,0.0763358778625954,0.0,0.015267175572519,0.111260931065605,,,,,,,,,,
211,2024-09-08 11:22:55,financial_analyst_interview.txt,1,0,0.0619469026548672,0.0088495575221238,0.0,0.0598254669070187,,,,,,,,,,
211,2024-09-08 11:22:55,financial_analyst_interview.txt,2,0,0.0606060606060606,0.0,0.0202020202020202,0.1530445380640685,,,,,,,,,,
211,2024-09-08 11:22:55,financial_analyst_interview.txt,3,0,0.0802919708029197,0.0,0.0145985401459854,0.1305219999659435,,,,,,,,,,
211,2024-09-08 11:22:55,civil_engineer_interview.txt,1,0,0.0601503759398496,0.0,0.0150375939849624,0.0831598154358535,,,,,,,,,,
211,2024-09-08 11:22:55,civil_engineer_interview.txt,2,0,0.0825688073394495,0.0,0.0091743119266055,0.0551022249278976,,,,,,,,,,
211,2024-09-08 11:22:55,civil_engineer_interview.txt,3,0,0.0818181818181818,0.0,0.009090909090909,0.0519288906523061,,,,,,,,,,
211,2024-09-08 11:22:55,meteorologist_interview.txt,1,0,0.0495867768595041,0.0,0.0165289256198347,0.0,,,,,,,,,,
211,2024-09-08 11:22:55,meteorologist_interview.txt,2,0,0.0746268656716417,0.0,0.0149253731343283,0.0,,,,,,,,,,
211,2024-09-08 11:22:55,meteorologist_interview.txt,3,0,0.0787401574803149,0.0,0.0157480314960629,0.1221578217011647,,,,,,,,,,
211,2024-09-08 11:22:55,shop_assistant_interview.txt,1,0,0.040650406504065,0.0,0.0,0.1223705927244681,,,,,,,,,,
211,2024-09-08 11:22:55,shop_assistant_interview.txt,2,0,0.0555555555555555,0.0,0.0277777777777777,0.0428532956412062,,,,,,,,,,
211,2024-09-08 11:22:55,shop_assistant_interview.txt,3,0,0.0505050505050505,0.0,0.0,0.0730219714278197,,,,,,,,,,
211,2024-09-08 11:22:55,social_media_manager_interview.txt,1,0,0.036144578313253,0.0,0.0,0.1233699304830566,,,,,,,,,,
211,2024-09-08 11:22:55,social_media_manager_interview.txt,2,0,0.03,0.0,0.04,0.0,,,,,,,,,,
211,2024-09-08 11:22:55,social_media_manager_interview.txt,3,0,0.0227272727272727,0.0,0.0227272727272727,0.1311687665840011,,,,,,,,,,
211,2024-09-08 11:22:55,marine_engineer_interview.txt,1,0,0.0761904761904762,0.0,0.0285714285714285,0.0835429425346109,,,,,,,,,,
211,2024-09-08 11:22:55,marine_engineer_interview.txt,2,0,0.0603448275862069,0.0,0.0,0.1072437583550084,,,,,,,,,,
211,2024-09-08 11:22:55,marine_engineer_interview.txt,3,0,0.0625,0.0078125,0.015625,0.0,,,,,,,,,,
211,2024-09-08 11:22:55,warehouse_manager_interview.txt,1,0,0.072289156626506,0.0,0.0120481927710843,0.081493124342657,,,,,,,,,,
211,2024-09-08 11:22:55,warehouse_manager_interview.txt,2,0,0.081081081081081,0.0,0.0,0.0461808634688753,,,,,,,,,,
211,2024-09-08 11:22:55,warehouse_manager_interview.txt,3,0,0.048,0.0,0.0,0.067449691905396,,,,,,,,,,
211,2024-09-08 11:22:55,business_intelligence_analyst_interview.txt,1,0,0.0666666666666666,0.0,0.019047619047619,0.0519120125435854,,,,,,,,,,
211,2024-09-08 11:22:55,business_intelligence_analyst_interview.txt,2,0,0.0784313725490196,0.0,0.0196078431372549,0.1619933830165744,,,,,,,,,,
211,2024-09-08 11:22:55,business_intelligence_analyst_interview.txt,3,0,0.0612244897959183,0.0,0.0,0.0872579957499813,,,,,,,,,,
211,2024-09-08 11:22:55,full_stack_developer_interview.txt,1,0,0.0393700787401574,0.0,0.0078740157480314,0.0425483283606354,,,,,,,,,,
211,2024-09-08 11:22:55,full_stack_developer_interview.txt,2,0,0.1703703703703703,0.037037037037037,0.0148148148148148,0.1023900784935733,,,,,,,,,,
211,2024-09-08 11:22:55,full_stack_developer_interview.txt,3,0,0.0314960629921259,0.0,0.0078740157480314,0.0,,,,,,,,,,
211,2024-09-08 11:22:55,focus_group_interview.txt,1,0,0.0588235294117647,0.0,0.0,0.0,,,,,,,,,,
211,2024-09-08 11:22:55,focus_group_interview.txt,2,0,0.0588235294117647,0.0,0.0,0.0,,,,,,,,,,
211,2024-09-08 11:22:55,focus_group_interview.txt,3,0,0.0588235294117647,0.0,0.0,0.0,,,,,,,,,,
211,2024-09-08 11:22:55,travel_agent_interview.txt,1,0,0.0531914893617021,0.0,0.0106382978723404,0.1283619363588929,,,,,,,,,,
211,2024-09-08 11:22:55,travel_agent_interview.txt,2,0,0.0802919708029197,0.0,0.0218978102189781,0.0745172643816199,,,,,,,,,,
211,2024-09-08 11:22:55,travel_agent_interview.txt,3,0,0.015625,0.0,0.0234375,0.0527730626390911,,,,,,,,,,
211,2024-09-08 11:22:55,robotics_engineer_interview.txt,1,0,0.0686274509803921,0.0,0.0294117647058823,0.0571924000726199,,,,,,,,,,
211,2024-09-08 11:22:55,robotics_engineer_interview.txt,2,0,0.0454545454545454,0.0,0.009090909090909,0.0403813965559999,,,,,,,,,,
211,2024-09-08 11:22:55,robotics_engineer_interview.txt,3,0,0.0610687022900763,0.0,0.0,0.1247161123923678,,,,,,,,,,
211,2024-09-08 11:22:55,biomedical_engineer_interview.txt,1,0,0.1,0.0,0.0,0.1025907901717319,,,,,,,,,,
211,2024-09-08 11:22:55,biomedical_engineer_interview.txt,2,0,0.0594059405940594,0.0,0.0099009900990099,0.0426668739812379,,,,,,,,,,
211,2024-09-08 11:22:55,biomedical_engineer_interview.txt,3,0,0.0975609756097561,0.0,0.0,0.0915016217502627,,,,,,,,,,
211,2024-09-08 11:22:55,marketing_manager_interview.txt,1,0,0.0459770114942528,0.0,0.0,0.0775670553173294,,,,,,,,,,
211,2024-09-08 11:22:55,marketing_manager_interview.txt,2,0,0.0655737704918032,0.0,0.0081967213114754,0.0418311722270583,,,,,,,,,,
211,2024-09-08 11:22:55,marketing_manager_interview.txt,3,0,0.0608695652173913,0.0,0.008695652173913,0.0106077077753049,,,,,,,,,,
211,2024-09-08 11:22:55,professor_of_classics_interview.txt,1,0,0.0909090909090909,0.0,0.0101010101010101,0.1139617522607703,,,,,,,,,,
211,2024-09-08 11:22:55,professor_of_classics_interview.txt,2,0,0.0504201680672268,0.0,0.0,0.0452051914403515,,,,,,,,,,
211,2024-09-08 11:22:55,professor_of_classics_interview.txt,3,0,0.042016806722689,0.0,0.0084033613445378,0.0592791343979399,,,,,,,,,,
211,2024-09-08 11:22:55,environmental_engineer_interview.txt,1,0,0.0816326530612244,0.0,0.0,0.1026424642988634,,,,,,,,,,
211,2024-09-08 11:22:55,environmental_engineer_interview.txt,2,0,0.0818181818181818,0.0,0.0272727272727272,0.1246022964543093,,,,,,,,,,
211,2024-09-08 11:22:55,environmental_engineer_interview.txt,3,0,0.0916666666666666,0.0,0.0166666666666666,0.0,,,,,,,,,,
211,2024-09-08 11:22:55,physical_therapist_interview.txt,1,0,0.1079136690647482,0.0071942446043165,0.0,0.0976563572315262,,,,,,,,,,
211,2024-09-08 11:22:55,physical_therapist_interview.txt,2,0,0.0648148148148148,0.0,0.0092592592592592,0.0464390040542306,,,,,,,,,,
211,2024-09-08 11:22:55,physical_therapist_interview.txt,3,0,0.0602409638554216,0.0,0.0120481927710843,0.0820079849892669,,,,,,,,,,
211,2024-09-08 11:22:55,astronomer_interview.txt,1,0,0.0392156862745098,0.0,0.0,0.0357008884926808,,,,,,,,,,
211,2024-09-08 11:22:55,astronomer_interview.txt,2,0,0.0634920634920634,0.0158730158730158,0.0079365079365079,0.0,,,,,,,,,,
211,2024-09-08 11:22:55,astronomer_interview.txt,3,0,0.0784313725490196,0.0,0.0098039215686274,0.0315139499500514,,,,,,,,,,
211,2024-09-08 11:22:55,ai_professor_interview.txt,1,0,0.0606060606060606,0.0,0.0101010101010101,0.0211330472249737,,,,,,,,,,
211,2024-09-08 11:22:55,ai_professor_interview.txt,2,0,0.0789473684210526,0.0,0.0175438596491228,0.0811136402882951,,,,,,,,,,
211,2024-09-08 11:22:55,ai_professor_interview.txt,3,0,0.0581395348837209,0.0,0.0116279069767441,0.0,,,,,,,,,,
211,2024-09-08 11:22:55,game_developer_interview.txt,1,0,0.0439560439560439,0.0,0.0219780219780219,0.0605193719036507,,,,,,,,,,
211,2024-09-08 11:22:55,game_developer_interview.txt,2,0,0.0606060606060606,0.0,0.0202020202020202,0.0593816587862705,,,,,,,,,,
211,2024-09-08 11:22:55,game_developer_interview.txt,3,0,0.0519480519480519,0.0,0.0129870129870129,0.0775393919155081,,,,,,,,,,
211,2024-09-08 11:22:55,fire_protection_engineer_interview.txt,1,0,0.1007751937984496,0.0465116279069767,0.0077519379844961,0.0,,,,,,,,,,
211,2024-09-08 11:22:55,fire_protection_engineer_interview.txt,2,0,0.0625,0.0178571428571428,0.0089285714285714,0.0407611697271842,,,,,,,,,,
211,2024-09-08 11:22:55,fire_protection_engineer_interview.txt,3,0,0.0620155038759689,0.0077519379844961,0.0155038759689922,0.0576589288513933,,,,,,,,,,
211,2024-09-08 11:22:55,safety_engineer_interview.txt,1,0,0.0948275862068965,0.043103448275862,0.0258620689655172,0.0454675110134519,,,,,,,,,,
211,2024-09-08 11:22:55,safety_engineer_interview.txt,2,0,0.0769230769230769,0.0329670329670329,0.0,0.0741995996381659,,,,,,,,,,
211,2024-09-08 11:22:55,safety_engineer_interview.txt,3,0,0.0902255639097744,0.0300751879699248,0.0150375939849624,0.0413207430581339,,,,,,,,,,
211,2024-09-08 11:22:55,environmental_scientist_interview.txt,1,0,0.0673076923076923,0.0,0.0096153846153846,0.0534300314907251,,,,,,,,,,
211,2024-09-08 11:22:55,environmental_scientist_interview.txt,2,0,0.0495049504950495,0.0,0.0396039603960396,0.0877567755185532,,,,,,,,,,
211,2024-09-08 11:22:55,environmental_scientist_interview.txt,3,0,0.0449438202247191,0.0,0.0,0.1066267081851516,,,,,,,,,,
211,2024-09-08 11:22:55,operations_manager_interview.txt,1,0,0.0990990990990991,0.0,0.036036036036036,0.0,,,,,,,,,,
211,2024-09-08 11:22:55,operations_manager_interview.txt,2,0,0.0714285714285714,0.0,0.0,0.047230742864624,,,,,,,,,,
211,2024-09-08 11:22:55,operations_manager_interview.txt,3,0,0.0677966101694915,0.0,0.0169491525423728,0.0929592690651228,,,,,,,,,,
211,2024-09-08 11:22:55,backend_developer_interview.txt,1,0,0.0578512396694214,0.0,0.0,0.1284026295844632,,,,,,,,,,
211,2024-09-08 11:22:55,backend_developer_interview.txt,2,0,0.0576923076923076,0.0,0.0096153846153846,0.0870056695430988,,,,,,,,,,
211,2024-09-08 11:22:55,backend_developer_interview.txt,3,0,0.042016806722689,0.0,0.0084033613445378,0.0437544042466496,,,,,,,,,,
211,2024-09-08 11:22:55,digital_marketing_specialist_interview.txt,1,0,0.0666666666666666,0.0,0.0111111111111111,0.1233454514559801,,,,,,,,,,
211,2024-09-08 11:22:55,digital_marketing_specialist_interview.txt,2,0,0.0353982300884955,0.0,0.0088495575221238,0.0,,,,,,,,,,
211,2024-09-08 11:22:55,digital_marketing_specialist_interview.txt,3,0,0.0679611650485436,0.0,0.0097087378640776,0.1264080048769068,,,,,,,,,,
211,2024-09-08 11:22:55,mechanical_engineer_interview.txt,1,0,0.0727272727272727,0.0,0.0,0.0662024475332696,,,,,,,,,,
211,2024-09-08 11:22:55,mechanical_engineer_interview.txt,2,0,0.0784313725490196,0.0,0.0,0.0445948178221984,,,,,,,,,,
211,2024-09-08 11:22:55,mechanical_engineer_interview.txt,3,0,0.0614035087719298,0.0,0.0087719298245614,0.0411470391941935,,,,,,,,,,
211,2024-09-08 11:22:55,software_quality_assurance_tester_interview.txt,1,0,0.045045045045045,0.0,0.0,0.0413513341749755,,,,,,,,,,
211,2024-09-08 11:22:55,software_quality_assurance_tester_interview.txt,2,0,0.0619469026548672,0.0088495575221238,0.0265486725663716,0.0458783496403244,,,,,,,,,,
211,2024-09-08 11:22:55,software_quality_assurance_tester_interview.txt,3,0,0.08130081300813,0.008130081300813,0.008130081300813,0.0444009606557039,,,,,,,,,,
211,2024-09-08 11:22:55,cybersecurity_specialist_interview.txt,1,0,0.0769230769230769,0.023076923076923,0.0,0.0,,,,,,,,,,
211,2024-09-08 11:22:55,cybersecurity_specialist_interview.txt,2,0,0.056,0.008,0.024,0.0433073475931765,,,,,,,,,,
211,2024-09-08 11:22:55,cybersecurity_specialist_interview.txt,3,0,0.099009900990099,0.0297029702970297,0.0,0.110208443279443,,,,,,,,,,
211,2024-09-08 11:22:55,product_manager_interview.txt,1,0,0.0608695652173913,0.0,0.008695652173913,0.0737688480628956,,,,,,,,,,
211,2024-09-08 11:22:55,product_manager_interview.txt,2,0,0.0353982300884955,0.0,0.0265486725663716,0.0829660006858995,,,,,,,,,,
211,2024-09-08 11:22:55,product_manager_interview.txt,3,0,0.110091743119266,0.0,0.0,0.0,,,,,,,,,,
211,2024-09-08 11:22:55,microbiologist_interview.txt,1,0,0.0823529411764705,0.0,0.0,0.1101574773451147,,,,,,,,,,
211,2024-09-08 11:22:55,microbiologist_interview.txt,2,0,0.087719298245614,0.0,0.0,0.0780188264815857,,,,,,,,,,
211,2024-09-08 11:22:55,microbiologist_interview.txt,3,0,0.044776119402985,0.0,0.0074626865671641,0.0568260682794716,,,,,,,,,,
211,2024-09-08 11:22:55,it_manager_interview.txt,1,0,0.0310077519379844,0.0,0.0077519379844961,0.0830915813122366,,,,,,,,,,
211,2024-09-08 11:22:55,it_manager_interview.txt,2,0,0.0575539568345323,0.0,0.0,0.1798682693699755,,,,,,,,,,
211,2024-09-08 11:22:55,it_manager_interview.txt,3,0,0.053030303030303,0.0,0.0075757575757575,0.0382738723689206,,,,,,,,,,
211,2024-09-08 11:22:55,industrial_engineer_interview.txt,1,0,0.0671641791044776,0.0,0.0373134328358208,0.1047357166686011,,,,,,,,,,
211,2024-09-08 11:22:55,industrial_engineer_interview.txt,2,0,0.072,0.0,0.016,0.0643330291584199,,,,,,,,,,
211,2024-09-08 11:22:55,industrial_engineer_interview.txt,3,0,0.0967741935483871,0.0,0.0161290322580645,0.0,,,,,,,,,,
211,2024-09-08 11:22:55,barista_interview.txt,1,0,0.0875,0.0,0.0,0.0681953019972214,,,,,,,,,,
211,2024-09-08 11:22:55,barista_interview.txt,2,0,0.0504201680672268,0.0,0.0168067226890756,0.1017040566415273,,,,,,,,,,
211,2024-09-08 11:22:55,barista_interview.txt,3,0,0.0692307692307692,0.0,0.0076923076923076,0.0932079290911632,,,,,,,,,,
211,2024-09-08 11:22:55,petroleum_engineer_interview.txt,1,0,0.1308411214953271,0.0,0.0,0.0843069329113059,,,,,,,,,,
211,2024-09-08 11:22:55,petroleum_engineer_interview.txt,2,0,0.0471698113207547,0.0,0.0094339622641509,0.0564175341466152,,,,,,,,,,
211,2024-09-08 11:22:55,petroleum_engineer_interview.txt,3,0,0.079646017699115,0.0088495575221238,0.0,0.0720336357130974,,,,,,,,,,
211,2024-09-08 11:22:55,business_analyst_interview.txt,1,0,0.0542635658914728,0.0,0.0077519379844961,0.0,,,,,,,,,,
211,2024-09-08 11:22:55,business_analyst_interview.txt,2,0,0.0462962962962962,0.0,0.0092592592592592,0.0806541259927466,,,,,,,,,,
211,2024-09-08 11:22:55,business_analyst_interview.txt,3,0,0.0659340659340659,0.0,0.0109890109890109,0.0,,,,,,,,,,
211,2024-09-08 11:22:55,data_engineer_interview.txt,1,0,0.1240310077519379,0.0,0.0077519379844961,0.15220760143159,,,,,,,,,,
211,2024-09-08 11:22:55,data_engineer_interview.txt,2,0,0.0818181818181818,0.0,0.009090909090909,0.0452239103227598,,,,,,,,,,
211,2024-09-08 11:22:55,data_engineer_interview.txt,3,0,0.1538461538461538,0.0076923076923076,0.0,0.0,,,,,,,,,,
211,2024-09-08 11:22:55,aerospace_engineer_interview.txt,1,0,0.0588235294117647,0.0,0.0117647058823529,0.0598364515055597,,,,,,,,,,
211,2024-09-08 11:22:55,aerospace_engineer_interview.txt,2,0,0.0444444444444444,0.0,0.0111111111111111,0.0372874438364637,,,,,,,,,,
211,2024-09-08 11:22:55,aerospace_engineer_interview.txt,3,0,0.0612244897959183,0.0,0.0306122448979591,0.047097992667724,,,,,,,,,,
211,2024-09-08 11:22:55,bartender_interview.txt,1,0,0.0636363636363636,0.0,0.009090909090909,0.0802144581933062,,,,,,,,,,
211,2024-09-08 11:22:55,bartender_interview.txt,2,0,0.072072072072072,0.0,0.0,0.0542195723652842,,,,,,,,,,
211,2024-09-08 11:22:55,bartender_interview.txt,3,0,0.0588235294117647,0.0,0.0,0.0973387164224358,,,,,,,,,,
211,2024-09-08 11:22:55,natural_language_processing_engineer_interview.txt,1,0,0.05,0.0,0.025,0.0164392722606681,,,,,,,,,,
211,2024-09-08 11:22:55,natural_language_processing_engineer_interview.txt,2,0,0.0381679389312977,0.0,0.0229007633587786,0.0706681390294403,,,,,,,,,,
211,2024-09-08 11:22:55,natural_language_processing_engineer_interview.txt,3,0,0.1185185185185185,0.0074074074074074,0.0,0.0796851750714229,,,,,,,,,,
211,2024-09-08 11:22:55,cto_of_a_fintec_interview.txt,1,0,0.0714285714285714,0.0,0.0158730158730158,0.0542815808204184,,,,,,,,,,
211,2024-09-08 11:22:55,cto_of_a_fintec_interview.txt,2,0,0.056,0.008,0.008,0.0907334966492485,,,,,,,,,,
211,2024-09-08 11:22:55,cto_of_a_fintec_interview.txt,3,0,0.073170731707317,0.0,0.0,0.0552888252461915,,,,,,,,,,
211,2024-09-08 11:22:55,database_administrator_interview.txt,1,0,0.0660377358490566,0.0,0.0,0.0548225848771237,,,,,,,,,,
211,2024-09-08 11:22:55,database_administrator_interview.txt,2,0,0.0254237288135593,0.0,0.0,0.024114343310107,,,,,,,,,,
211,2024-09-08 11:22:55,database_administrator_interview.txt,3,0,0.0863309352517985,0.0287769784172661,0.0287769784172661,0.104152812248344,,,,,,,,,,
211,2024-09-08 11:22:55,nuclear_engineer_interview.txt,1,0,0.0892857142857142,0.0,0.0089285714285714,0.0449991497095448,,,,,,,,,,
211,2024-09-08 11:22:55,nuclear_engineer_interview.txt,2,0,0.0421052631578947,0.0,0.0,0.0757479536132003,,,,,,,,,,
211,2024-09-08 11:22:55,nuclear_engineer_interview.txt,3,0,0.0566037735849056,0.0,0.0283018867924528,0.1100773347441114,,,,,,,,,,
211,2024-09-08 11:22:55,pharmacist_interview.txt,1,0,0.0654205607476635,0.0,0.0093457943925233,0.0,,,,,,,,,,
211,2024-09-08 11:22:55,pharmacist_interview.txt,2,0,0.0441176470588235,0.0,0.0,0.0690132425340739,,,,,,,,,,
211,2024-09-08 11:22:55,pharmacist_interview.txt,3,0,0.0842105263157894,0.0421052631578947,0.0,0.0934611119352368,,,,,,,,,,
211,2024-09-08 11:22:55,chef_interview.txt,1,0,0.0588235294117647,0.0,0.0,0.0332256967857307,,,,,,,,,,
211,2024-09-08 11:22:55,chef_interview.txt,2,0,0.0642857142857142,0.0,0.0142857142857142,0.0765835105514407,,,,,,,,,,
211,2024-09-08 11:22:55,chef_interview.txt,3,0,0.0543478260869565,0.0,0.0,0.0449413215361284,,,,,,,,,,
211,2024-09-08 11:22:55,hotel_manager_interview.txt,1,0,0.040650406504065,0.0,0.008130081300813,0.1413053520565927,,,,,,,,,,
211,2024-09-08 11:22:55,hotel_manager_interview.txt,2,0,0.0948275862068965,0.0,0.0,0.1099607806113364,,,,,,,,,,
211,2024-09-08 11:22:55,hotel_manager_interview.txt,3,0,0.0873015873015873,0.0079365079365079,0.0,0.0983426079695328,,,,,,,,,,
211,2024-09-08 11:22:55,mobile_app_developer_interview.txt,1,0,0.0526315789473684,0.0,0.0,0.1013216232627603,,,,,,,,,,
211,2024-09-08 11:22:55,mobile_app_developer_interview.txt,2,0,0.024390243902439,0.0,0.016260162601626,0.0251933432248417,,,,,,,,,,
211,2024-09-08 11:22:55,mobile_app_developer_interview.txt,3,0,0.0465116279069767,0.0,0.0387596899224806,0.0713877057334111,,,,,,,,,,
211,2024-09-08 11:22:55,graphic_designer_interview.txt,1,0,0.0701754385964912,0.0,0.0087719298245614,0.0907194463199692,,,,,,,,,,
211,2024-09-08 11:22:55,graphic_designer_interview.txt,2,0,0.0338983050847457,0.0,0.0169491525423728,0.1235217831475955,,,,,,,,,,
211,2024-09-08 11:22:55,graphic_designer_interview.txt,3,0,0.0827067669172932,0.0,0.0,0.1745280411231842,,,,,,,,,,
211,2024-09-08 11:22:55,geotechnical_engineer_interview.txt,1,0,0.0512820512820512,0.0,0.0256410256410256,0.0319974506476605,,,,,,,,,,
211,2024-09-08 11:22:55,geotechnical_engineer_interview.txt,2,0,0.0806451612903225,0.0,0.0161290322580645,0.0214325208060958,,,,,,,,,,
211,2024-09-08 11:22:55,geotechnical_engineer_interview.txt,3,0,0.058252427184466,0.0,0.0097087378640776,0.0773230010696247,,,,,,,,,,
211,2024-09-08 11:22:55,gardener_interview.txt,1,0,0.048076923076923,0.0,0.0,0.0456965816968714,,,,,,,,,,
211,2024-09-08 11:22:55,gardener_interview.txt,2,0,0.0598290598290598,0.0,0.0085470085470085,0.1140851410160635,,,,,,,,,,
211,2024-09-08 11:22:55,gardener_interview.txt,3,0,0.0606060606060606,0.0,0.0075757575757575,0.0,,,,,,,,,,
211,2024-09-08 11:22:55,ai_software_developer_interview.txt,1,0,0.09,0.0,0.0,0.0111499229117319,,,,,,,,,,
211,2024-09-08 11:22:55,ai_software_developer_interview.txt,2,0,0.0542635658914728,0.0,0.0077519379844961,0.1105557259653508,,,,,,,,,,
211,2024-09-08 11:22:55,ai_software_developer_interview.txt,3,0,0.089430894308943,0.0,0.008130081300813,0.0,,,,,,,,,,
211,2024-09-08 11:22:55,supply_chain_manager_interview.txt,1,0,0.0485436893203883,0.0,0.0097087378640776,0.110396931184179,,,,,,,,,,
211,2024-09-08 11:22:55,supply_chain_manager_interview.txt,2,0,0.0446428571428571,0.0,0.0,0.0139712343151882,,,,,,,,,,
211,2024-09-08 11:22:55,supply_chain_manager_interview.txt,3,0,0.0588235294117647,0.0073529411764705,0.0,0.028340865949965,,,,,,,,,,
211,2024-09-08 11:22:55,cloud_architect_interview.txt,1,0,0.0285714285714285,0.0,0.0380952380952381,0.0391645933980824,,,,,,,,,,
211,2024-09-08 11:22:55,cloud_architect_interview.txt,2,0,0.0708661417322834,0.0,0.0157480314960629,0.0392796140007774,,,,,,,,,,
211,2024-09-08 11:22:55,cloud_architect_interview.txt,3,0,0.0546875,0.0,0.0078125,0.0877736868278276,,,,,,,,,,
211,2024-09-08 11:22:55,mining_engineer_interview.txt,1,0,0.043103448275862,0.0,0.0,0.0623291883426047,,,,,,,,,,
211,2024-09-08 11:22:55,mining_engineer_interview.txt,2,0,0.0526315789473684,0.0,0.0,0.0706375811030402,,,,,,,,,,
211,2024-09-08 11:22:55,mining_engineer_interview.txt,3,0,0.0444444444444444,0.0,0.0222222222222222,0.0358635620371859,,,,,,,,,,
211,2024-09-08 11:22:55,devops_engineer_interview.txt,1,0,0.0977443609022556,0.0601503759398496,0.0,0.07311065388755,,,,,,,,,,
211,2024-09-08 11:22:55,devops_engineer_interview.txt,2,0,0.0526315789473684,0.0,0.0263157894736842,0.148397515332583,,,,,,,,,,
211,2024-09-08 11:22:55,devops_engineer_interview.txt,3,0,0.0842105263157894,0.0,0.0105263157894736,0.0,,,,,,,,,,
211,2024-09-08 11:22:55,system_administrator_interview.txt,1,0,0.0408163265306122,0.0,0.0204081632653061,0.0332782663987651,,,,,,,,,,
211,2024-09-08 11:22:55,system_administrator_interview.txt,2,0,0.0560747663551401,0.0,0.0186915887850467,0.0204433907247207,,,,,,,,,,
211,2024-09-08 11:22:55,system_administrator_interview.txt,3,0,0.0921052631578947,0.0,0.0,0.1253139835189771,,,,,,,,,,
211,2024-09-08 11:22:55,content_writer_interview.txt,1,0,0.0769230769230769,0.0,0.0109890109890109,0.055124321075318,,,,,,,,,,
211,2024-09-08 11:22:55,content_writer_interview.txt,2,0,0.0454545454545454,0.0,0.0113636363636363,0.1019393483798434,,,,,,,,,,
211,2024-09-08 11:22:55,content_writer_interview.txt,3,0,0.0518518518518518,0.0,0.0222222222222222,0.0877565421919958,,,,,,,,,,
211,2024-09-08 11:22:55,transportation_engineer_interview.txt,1,0,0.0656934306569343,0.0,0.0145985401459854,0.1117562157628961,,,,,,,,,,
211,2024-09-08 11:22:55,transportation_engineer_interview.txt,2,0,0.0241935483870967,0.0080645161290322,0.0161290322580645,0.0349067186143281,,,,,,,,,,
211,2024-09-08 11:22:55,transportation_engineer_interview.txt,3,0,0.0763358778625954,0.0,0.0076335877862595,0.1166303786213575,,,,,,,,,,
211,2024-09-08 11:22:55,lorry_driver_interview.txt,1,0,0.0454545454545454,0.0,0.0,0.0916819840397446,,,,,,,,,,
211,2024-09-08 11:22:55,lorry_driver_interview.txt,2,0,0.0458015267175572,0.0,0.0076335877862595,0.0567176989464362,,,,,,,,,,
211,2024-09-08 11:22:55,lorry_driver_interview.txt,3,0,0.0413223140495867,0.0,0.0,0.1123148981401632,,,,,,,,,,
211,2024-09-08 11:22:55,dentist_interview.txt,1,0,0.0592592592592592,0.0,0.0074074074074074,0.0704318199356172,,,,,,,,,,
211,2024-09-08 11:22:55,dentist_interview.txt,2,0,0.0526315789473684,0.0,0.0087719298245614,0.0940702620980976,,,,,,,,,,
211,2024-09-08 11:22:55,dentist_interview.txt,3,0,0.0555555555555555,0.0,0.0,0.1371066698362683,,,,,,,,,,
211,2024-09-08 11:22:55,physicist_interview.txt,1,0,0.0608695652173913,0.0,0.008695652173913,0.1139810973689073,,,,,,,,,,
211,2024-09-08 11:22:55,physicist_interview.txt,2,0,0.0508474576271186,0.0,0.0423728813559322,0.1136156482515152,,,,,,,,,,
211,2024-09-08 11:22:55,physicist_interview.txt,3,0,0.0503597122302158,0.0,0.0071942446043165,0.062641834791487,,,,,,,,,,
211,2024-09-08 11:22:55,architect_interview.txt,1,0,0.0459770114942528,0.0,0.0229885057471264,0.0,,,,,,,,,,
211,2024-09-08 11:22:55,architect_interview.txt,2,0,0.0687022900763358,0.0,0.0229007633587786,0.0876209078759001,,,,,,,,,,
211,2024-09-08 11:22:55,architect_interview.txt,3,0,0.0606060606060606,0.0378787878787878,0.0227272727272727,0.0480218505844039,,,,,,,,,,
211,2024-09-08 11:22:55,materials_engineer_interview.txt,1,0,0.0454545454545454,0.0,0.0181818181818181,0.0329382443745014,,,,,,,,,,
211,2024-09-08 11:22:55,materials_engineer_interview.txt,2,0,0.057471264367816,0.0,0.0114942528735632,0.0418562922438496,,,,,,,,,,
211,2024-09-08 11:22:55,materials_engineer_interview.txt,3,0,0.0508474576271186,0.0,0.0,0.0236745237289426,,,,,,,,,,
211,2024-09-08 11:22:55,computer_vision_engineer_interview.txt,1,0,0.0825688073394495,0.0,0.018348623853211,0.0651242189442417,,,,,,,,,,
211,2024-09-08 11:22:55,computer_vision_engineer_interview.txt,2,0,0.08,0.0,0.0,0.0806504300442508,,,,,,,,,,
211,2024-09-08 11:22:55,computer_vision_engineer_interview.txt,3,0,0.0564516129032258,0.0,0.0,0.0739659279494996,,,,,,,,,,
211,2024-09-08 11:22:55,data_scientist_interview.txt,1,0,0.0847457627118644,0.0,0.0084745762711864,0.0,,,,,,,,,,
211,2024-09-08 11:22:55,data_scientist_interview.txt,2,0,0.089430894308943,0.016260162601626,0.0,0.0524078414472835,,,,,,,,,,
211,2024-09-08 11:22:55,data_scientist_interview.txt,3,0,0.104,0.0,0.008,0.0,,,,,,,,,,
211,2024-09-08 11:22:55,structural_engineer_interview.txt,1,0,0.0827067669172932,0.0,0.0075187969924812,0.1294579871455792,,,,,,,,,,
211,2024-09-08 11:22:55,structural_engineer_interview.txt,2,0,0.056,0.0,0.016,0.0444434820554314,,,,,,,,,,
211,2024-09-08 11:22:55,structural_engineer_interview.txt,3,0,0.0747663551401869,0.0,0.0093457943925233,0.0492461992698414,,,,,,,,,,
211,2024-09-08 11:22:55,ai_ethicist_interview.txt,1,0,0.0671641791044776,0.0597014925373134,0.0,0.0,,,,,,,,,,
211,2024-09-08 11:22:55,ai_ethicist_interview.txt,2,0,0.0869565217391304,0.0608695652173913,0.0260869565217391,0.0463364020063631,,,,,,,,,,
211,2024-09-08 11:22:55,ai_ethicist_interview.txt,3,0,0.0962962962962963,0.0518518518518518,0.0,0.0627334709480612,,,,,,,,,,
211,2024-09-08 11:22:55,sales_manager_interview.txt,1,0,0.0454545454545454,0.0,0.0227272727272727,0.0927529785536527,,,,,,,,,,
211,2024-09-08 11:22:55,sales_manager_interview.txt,2,0,0.0727272727272727,0.0,0.0,0.1185601973267088,,,,,,,,,,
211,2024-09-08 11:22:55,sales_manager_interview.txt,3,0,0.0444444444444444,0.0,0.0,0.106219738259975,,,,,,,,,,
211,2024-09-08 11:22:55,frontend_developer_interview.txt,1,0,0.0338983050847457,0.0,0.0,0.0463880667322203,,,,,,,,,,
211,2024-09-08 11:22:55,frontend_developer_interview.txt,2,0,0.048076923076923,0.0,0.0192307692307692,0.0316033064174671,,,,,,,,,,
211,2024-09-08 11:22:55,frontend_developer_interview.txt,3,0,0.0677966101694915,0.0,0.0084745762711864,0.1521935579294296,,,,,,,,,,
211,2024-09-08 11:22:55,public_relations_specialist_interview.txt,1,0,0.0707070707070707,0.0,0.0,0.0612498751422564,,,,,,,,,,
211,2024-09-08 11:22:55,public_relations_specialist_interview.txt,2,0,0.1025641025641025,0.0341880341880341,0.0,0.0,,,,,,,,,,
211,2024-09-08 11:22:55,public_relations_specialist_interview.txt,3,0,0.0517241379310344,0.0,0.0086206896551724,0.1004132052736,,,,,,,,,,
211,2024-09-08 11:22:55,logistics_coordinator_interview.txt,1,0,0.0603448275862069,0.0,0.0344827586206896,0.0536258473420191,,,,,,,,,,
211,2024-09-08 11:22:55,logistics_coordinator_interview.txt,2,0,0.043010752688172,0.0,0.0,0.0355816989033996,,,,,,,,,,
211,2024-09-08 11:22:55,logistics_coordinator_interview.txt,3,0,0.054054054054054,0.0,0.0,0.041870378325629,,,,,,,,,,
211,2024-09-08 11:22:55,nurse_interview.txt,1,0,0.0652173913043478,0.0,0.0217391304347826,0.0792010942258981,,,,,,,,,,
211,2024-09-08 11:22:55,nurse_interview.txt,2,0,0.0514705882352941,0.0,0.0147058823529411,0.1370661560765469,,,,,,,,,,
211,2024-09-08 11:22:55,nurse_interview.txt,3,0,0.054054054054054,0.0,0.036036036036036,0.1152664333805689,,,,,,,,,,
211,2024-09-08 11:22:55,chemist_interview.txt,1,0,0.0727272727272727,0.0,0.0181818181818181,0.0527446151325422,,,,,,,,,,
211,2024-09-08 11:22:55,chemist_interview.txt,2,0,0.1075268817204301,0.0,0.0,0.1152384730306447,,,,,,,,,,
211,2024-09-08 11:22:55,chemist_interview.txt,3,0,0.0697674418604651,0.0,0.0077519379844961,0.0643850449549886,,,,,,,,,,
211,2024-09-08 11:22:55,manufacturing_engineer_interview.txt,1,0,0.0687022900763358,0.015267175572519,0.0229007633587786,0.0482168090314157,,,,,,,,,,
211,2024-09-08 11:22:55,manufacturing_engineer_interview.txt,2,0,0.0446428571428571,0.0,0.0089285714285714,0.0834938300109287,,,,,,,,,,
211,2024-09-08 11:22:55,manufacturing_engineer_interview.txt,3,0,0.0602409638554216,0.0,0.0,0.0635358168333495,,,,,,,,,,
211,2024-09-08 11:22:55,veterinarian_interview.txt,1,0,0.048076923076923,0.0,0.0096153846153846,0.0969298964109895,,,,,,,,,,
211,2024-09-08 11:22:55,veterinarian_interview.txt,2,0,0.05,0.0142857142857142,0.0,0.0695811870523281,,,,,,,,,,
211,2024-09-08 11:22:55,veterinarian_interview.txt,3,0,0.032520325203252,0.0,0.016260162601626,0.0394390204432756,,,,,,,,,,
211,2024-09-08 11:22:55,event_planner_interview.txt,1,0,0.0373134328358208,0.0,0.0,0.099059528098622,,,,,,,,,,
211,2024-09-08 11:22:55,event_planner_interview.txt,2,0,0.078125,0.0,0.0078125,0.0271201838699979,,,,,,,,,,
211,2024-09-08 11:22:55,event_planner_interview.txt,3,0,0.048076923076923,0.0,0.0,0.1572289573335409,,,,,,,,,,
211,2024-09-08 11:22:55,seo_specialist_interview.txt,1,0,0.0306122448979591,0.0,0.0,0.0418630458366323,,,,,,,,,,
211,2024-09-08 11:22:55,seo_specialist_interview.txt,2,0,0.0561797752808988,0.0,0.0,0.0469111864526693,,,,,,,,,,
211,2024-09-08 11:22:55,seo_specialist_interview.txt,3,0,0.0648148148148148,0.0,0.0092592592592592,0.1552382553045406,,,,,,,,,,
211,2024-09-08 11:22:55,procurement_specialist_interview.txt,1,0,0.1349206349206349,0.0079365079365079,0.0,0.0,,,,,,,,,,
211,2024-09-08 11:22:55,procurement_specialist_interview.txt,2,0,0.0467289719626168,0.0,0.0,0.0290324715415137,,,,,,,,,,
211,2024-09-08 11:22:55,procurement_specialist_interview.txt,3,0,0.0614035087719298,0.0,0.0087719298245614,0.0990984254553111,,,,,,,,,,
211,2024-09-08 11:22:55,aerospace_engineer_interview.txt,-999,0,0.0548308212173758,0.0,0.0178293539638077,0.0480739626699158,0.0090746222810393,-22.39228019751654,0.0,0.0,0.011075130789614,1.5910790693874617,0.0113061410215475,-49.35193438837489,74.0,76.0
211,2024-09-08 11:22:55,agricultural_engineer_interview.txt,-999,0,0.0456377917911273,0.0,0.0109669211195928,0.011394722776523,0.0069730377729906,-35.404123463912626,0.0,0.0,0.0114809600183229,-37.51084010840108,0.0098783166486343,-87.99515091413978,94.0,99.0
211,2024-09-08 11:22:55,ai_ethicist_interview.txt,-999,0,0.0834723323799681,0.0574743032021855,0.008695652173913,0.0363566243181414,0.014875306539273,18.14700635108176,0.0049040868504378,0.0,0.0150613113701641,-50.45245669848003,0.0325356583816519,-61.69667338376586,10.0,91.0
211,2024-09-08 11:22:55,ai_professor_interview.txt,-999,0,0.0658976546369447,0.0,0.0130909255756256,0.0340822291710896,0.0113684743774216,-6.728248763048711,0.0,0.0,0.0039311982797189,-25.408331791241707,0.0420786958568103,-64.09285019626586,42.0,92.0
211,2024-09-08 11:22:55,ai_software_developer_interview.txt,-999,0,0.0778981534001386,0.0,0.0052940064284363,0.0405685496256942,0.0204701310535737,10.257295586392232,0.0,0.0,0.0045886409905508,-69.8349235335802,0.0608665247425301,-57.25922205916984,17.0,88.0
211,2024-09-08 11:22:55,architect_interview.txt,-999,0,0.0584284540588831,0.0126262626262626,0.0228721806110592,0.0452142528201013,0.0115180748983522,-17.300179161695667,0.0218693283783949,0.0,0.0001329413508501,30.324941311064123,0.0438778740158845,-52.36476636767525,61.0,78.0
211,2024-09-08 11:22:55,astronomer_interview.txt,-999,0,0.0603797074385309,0.0052910052910052,0.0059134765017117,0.0224049461475774,0.019792235413115,-14.538368884388149,0.0091642899871369,0.0,0.0052056422918386,-66.30520320142512,0.0195158607931298,-76.39538911533178,55.0,96.0
211,2024-09-08 11:22:55,backend_developer_interview.txt,-999,0,0.0525201180281394,0.0,0.0060062486533074,0.0863875677914038,0.0090964815246191,-25.6628568855078,0.0,0.0,0.0052367468209077,-65.77659049861344,0.0423274975700418,-8.986841139563666,79.0,16.0
211,2024-09-08 11:22:55,barista_interview.txt,-999,0,0.0690503124326653,0.0,0.0081663434604611,0.087702429243304,0.0185405746278981,-2.265966830895792,0.0,0.0,0.0084133830483931,-53.46844053443765,0.0174195882811321,-7.601575906837013,32.0,14.0
211,2024-09-08 11:22:55,bartender_interview.txt,-999,0,0.0648439883734001,0.0,0.003030303030303,0.0772575823270087,0.0067063208083585,-8.219611364063041,0.0,0.0,0.0052486388108147,-82.73343187977335,0.0217111142556495,-18.605688373125343,43.0,27.0
211,2024-09-08 11:22:55,biologist_interview.txt,-999,0,0.0680868838763575,0.01,0.0063492063492063,0.0489864703554579,0.0312272387653812,-3.629606692338399,0.0173205080756887,0.0,0.0109971479845643,-63.822428700477474,0.0437409249891785,-48.3905668088853,36.0,74.0
211,2024-09-08 11:22:55,biomedical_engineer_interview.txt,-999,0,0.0856556387346051,0.0,0.0033003300330033,0.0789197619677442,0.0227655924444408,21.237265151727968,0.0,0.0,0.0057163392989071,-81.19482679975314,0.0318817554345985,-16.854507924775135,7.0,25.0
211,2024-09-08 11:22:55,business_analyst_interview.txt,-999,0,0.0554979760406117,0.0,0.0093334027442554,0.0268847086642488,0.0098769086964874,-21.44798712590089,0.0,0.0,0.0016198096651814,-46.81857468852488,0.0465656813531662,-71.67575933513768,72.0,95.0
211,2024-09-08 11:22:55,business_intelligence_analyst_interview.txt,-999,0,0.0687741763372015,0.0,0.0128851540616246,0.1003877971033804,0.0087949076901518,-2.6568107440144217,0.0,0.0,0.0111623859076589,-26.580811186263105,0.0562029429299538,5.763025386719647,35.0,8.0
211,2024-09-08 11:22:55,chef_interview.txt,-999,0,0.0591523565948118,0.0,0.0047619047619047,0.0515835096244333,0.0049770976432038,-16.27556519594934,0.0,0.0,0.0082478609884232,-72.86682152535812,0.0224290882691609,-45.654470011661154,59.0,69.0
211,2024-09-08 11:22:55,chemical_engineer_interview.txt,-999,0,0.0718084273182957,0.0,0.0156272377372001,0.0708178587504109,0.0017176512571054,1.63787780382998,0.0,0.0,0.0054242753193317,-10.95650757628681,0.0689536349550145,-25.390224619236847,27.0,39.0
211,2024-09-08 11:22:55,chemist_interview.txt,-999,0,0.0833405321027226,0.0,0.0086445853887714,0.0774560443727252,0.0209982089846374,17.960455816924977,0.0,0.0,0.0091237186848588,-50.74343357950845,0.0332341516828835,-18.396599748959304,11.0,26.0
211,2024-09-08 11:22:55,civil_engineer_interview.txt,-999,0,0.0748457883658269,0.0,0.011100938334159,0.0633969770053524,0.012732133342275,5.936968349661214,0.0,0.0,0.0034094988331135,-36.74721437808669,0.017188509235205,-33.20845479303192,23.0,52.0
211,2024-09-08 11:22:55,cloud_architect_interview.txt,-999,0,0.0513750234345706,0.0,0.0205519231971003,0.0554059647422291,0.0213410418229086,-27.283627437396945,0.0,0.0,0.0157025185318364,17.10419002185195,0.0280313285841514,-41.62734291725233,82.0,62.0
211,2024-09-08 11:22:55,computer_vision_engineer_interview.txt,-999,0,0.0730068067475584,0.0,0.0061162079510703,0.0732468589793307,0.01439463529251,3.33406788266484,0.0,0.0,0.0105935829209105,-65.1500459958728,0.0077880423033267,-22.831164451684472,26.0,36.0
211,2024-09-08 11:22:55,construction_manager_interview.txt,-999,0,0.0845533482626598,0.0,0.0189321197235666,0.076807083260755,0.0285329359907958,19.67707969055212,0.0,0.0,0.0084526221862361,7.874602506192673,0.0695745010677526,-19.0803092489258,9.0,29.0
211,2024-09-08 11:22:55,content_writer_interview.txt,-999,0,0.0580764914098247,0.0,0.0148582898582898,0.0816067372157191,0.0166320991283872,-17.798348221407025,0.0,0.0,0.0063801027372806,-15.337947583882524,0.0240057653765828,-14.02365955908776,64.0,22.0
211,2024-09-08 11:22:55,cto_of_a_fintec_interview.txt,-999,0,0.0668664343786295,0.0026666666666666,0.0079576719576719,0.0667679675719528,0.0094508374067066,-5.35703481670042,0.004618802153517,0.0,0.007936592592141,-54.65744397126511,0.0207608663908648,-29.656965755907265,40.0,45.0
211,2024-09-08 11:22:55,customer_service_representative_interview.txt,-999,0,0.0581985266195792,0.0,0.0059542796384901,0.0671208891698068,0.0164720762626921,-17.6256191950239,0.0,0.0,0.005159023304182,-66.07270825499324,0.0489025078385463,-29.28514709875597,63.0,43.0
211,2024-09-08 11:22:55,cybersecurity_specialist_interview.txt,-999,0,0.0773109926377253,0.0202599644579842,0.008,0.0511719302908732,0.0215075743575556,9.426226364435236,0.0111223276261782,0.0,0.013856406460551,-54.41626016260162,0.0555235444498658,-46.08808721175909,19.0,70.0
211,2024-09-08 11:22:55,data_engineer_interview.txt,-999,0,0.1198984478054245,0.0025641025641025,0.0056142823584684,0.0658105039181166,0.0361913764231097,69.70464668304683,0.0044411559168432,0.0,0.0049079869301384,-68.01000169973511,0.0781642140642681,-30.665696454751668,1.0,48.0
211,2024-09-08 11:22:55,data_scientist_interview.txt,-999,0,0.0927255523402691,0.005420054200542,0.0054915254237288,0.0174692804824278,0.0100410403865582,31.244043491977635,0.0093878092551158,0.0,0.0047617165254651,-68.70946672178586,0.0302576813672363,-81.5953332131787,2.0,98.0
211,2024-09-08 11:22:55,database_administrator_interview.txt,-999,0,0.0592641333048048,0.0095923261390887,0.0095923261390887,0.0610299134785249,0.0310134360817725,-16.1173560829545,0.0166143962356726,0.0,0.0166143962356726,-45.34323760503791,0.0403786741209838,-35.70226188018239,58.0,55.0
211,2024-09-08 11:22:55,dentist_interview.txt,-999,0,0.0558154645873944,0.0,0.0053931124106562,0.1005362506233277,0.0033214757424644,-20.998612820863087,0.0,0.0,0.0047201405129731,-69.27022086985002,0.033804447311336,5.919427796693483,71.0,6.0
211,2024-09-08 11:22:55,devops_engineer_interview.txt,-999,0,0.0781954887218045,0.0200501253132832,0.0122807017543859,0.073836056406711,0.0231500816817152,10.67814495211195,0.0347278357407293,0.0,0.0132453235706504,-30.024960775923542,0.0742014170742861,-22.210418661181293,16.0,35.0
211,2024-09-08 11:22:55,digital_marketing_specialist_interview.txt,-999,0,0.0566753539345686,0.0,0.0098898021657708,0.0832511521109623,0.018437893884227,-19.78152268733997,0.0,0.0,0.001141597288879,-43.64822887902008,0.0721138721343955,-12.291195063101242,68.0,19.0
211,2024-09-08 11:22:55,doctor_interview.txt,-999,0,0.0602297484650425,0.0,0.0097643097643097,0.0522903051616822,0.0089849186448038,-14.750621295312598,0.0,0.0,0.0091654259857348,-44.36328050149187,0.0202047210831162,-44.90982936303435,56.0,67.0
211,2024-09-08 11:22:55,electrical_engineer_interview.txt,-999,0,0.0882428940568475,0.0066666666666666,0.0034722222222222,0.039980860416496,0.0102279568387673,24.89927461370624,0.0115470053837925,0.0,0.0060140653040586,-80.21539069557362,0.0105493860274732,-57.87837887449393,4.0,90.0
211,2024-09-08 11:22:55,environmental_engineer_interview.txt,-999,0,0.0850391671820243,0.0,0.0146464646464646,0.0757482535843909,0.0057403325072782,20.364709343577218,0.0,0.0,0.0137481389786022,-16.54492075223783,0.0665124574639047,-20.19583357730795,8.0,31.0
211,2024-09-08 11:22:55,environmental_scientist_interview.txt,-999,0,0.0539188210091536,0.0,0.0164064483371414,0.08260450506481,0.0118172493974848,-23.683128210514862,0.0,0.0,0.0206568954496431,-6.516590918003615,0.0269700022423844,-12.97246659143272,78.0,20.0
211,2024-09-08 11:22:55,event_planner_interview.txt,-999,0,0.0545051186375813,0.0,0.0026041666666666,0.0944695564340536,0.021151531321009,-22.85328067116309,0.0,0.0,0.0045105489780439,-85.16154302168022,0.0651757172032501,-0.4721053384833027,75.0,12.0
211,2024-09-08 11:22:55,financial_analyst_interview.txt,-999,0,0.0676149780212825,0.0029498525073746,0.0116001867826685,0.1144640016456769,0.0109990487697447,-4.297543749648227,0.0051092944176073,0.0,0.0104294293817635,-33.902512954201285,0.0486399351293362,20.59293520954837,38.0,3.0
211,2024-09-08 11:22:55,fire_protection_engineer_interview.txt,-999,0,0.0750968992248062,0.0240402362495385,0.0107281284606865,0.0328066995261925,0.0222393748401715,6.292391462982081,0.0201060034230084,0.0,0.0041775518863019,-38.87147291323412,0.029641073128454,-65.43667761461074,21.0,94.0
211,2024-09-08 11:22:55,focus_group_interview.txt,-999,0,0.0588235294117647,0.0,0.0,0.0,0.0,-16.74098824303796,0.0,0.0,0.0,-100.0,0.0,-100.0,60.0,100.0
211,2024-09-08 11:22:55,frontend_developer_interview.txt,-999,0,0.0499239461103867,0.0,0.0092351151673185,0.0767283103597056,0.0170244645281205,-29.337486925303224,0.0,0.0,0.0096379165726401,-47.37861410556739,0.0657715742358427,-19.163300016467915,88.0,30.0
211,2024-09-08 11:22:55,full_stack_developer_interview.txt,-999,0,0.0804121707008846,0.0123456790123456,0.0101876154369592,0.0483128022847362,0.0780055017087343,13.815643718392453,0.0213833433033194,0.0,0.0040072722095984,-41.95129854477313,0.0514378645862778,-49.10030619277265,13.0,75.0
211,2024-09-08 11:22:55,game_developer_interview.txt,-999,0,0.0521700521700521,0.0,0.0183890183890183,0.0658134742018097,0.0083272280313069,-26.15834122120914,0.0,0.0,0.0047618055766234,4.7800287637686125,0.0101708631617814,-30.662567128292565,81.0,47.0
211,2024-09-08 11:22:55,gardener_interview.txt,-999,0,0.0561706811706811,0.0,0.0053742553742553,0.0532605742376449,0.0070201583039181,-20.49583813223272,0.0,0.0,0.0046795082789833,-69.37766765002537,0.057417465439807,-43.88760758036767,70.0,66.0
211,2024-09-08 11:22:55,geneticist_interview.txt,-999,0,0.0611336032388664,0.0096153846153846,0.0101407364565259,0.0973580478295555,0.0279117427581266,-13.471302356226062,0.0166543346881622,0.0,0.008783849262908,-42.21841345076261,0.0114069685173857,2.571049283957322,52.0,9.0
211,2024-09-08 11:22:55,geologist_interview.txt,-999,0,0.0897087359987703,0.0,0.0084852734922861,0.0625965489539741,0.0186570725171784,26.97403198880508,0.0,0.0,0.0087032835354668,-51.651187584807126,0.0571174070875316,-34.05174147488816,3.0,53.0
211,2024-09-08 11:22:55,geotechnical_engineer_interview.txt,-999,0,0.0633932132522799,0.0,0.0171595985877226,0.0435843241744603,0.0153417345298937,-10.273043112785928,0.0,0.0,0.0080159839490695,-2.225165282882997,0.0296922241439828,-54.08196895306461,46.0,82.0
211,2024-09-08 11:22:55,graphic_designer_interview.txt,-999,0,0.06226017019951,0.0,0.0085736941223114,0.129589756863583,0.0253486704180317,-11.87675587526506,0.0,0.0,0.0084763150024872,-51.14736971039053,0.0422325155476891,36.5285935192658,51.0,1.0
211,2024-09-08 11:22:55,hotel_manager_interview.txt,-999,0,0.0742598600041829,0.0026455026455026,0.002710027100271,0.1165362468791539,0.029348878825487,5.107643471696633,0.0045821449935684,0.0,0.0046939046275579,-84.55835371361843,0.0222233416108369,22.77613806447352,25.0,2.0
211,2024-09-08 11:22:55,human_resources_manager_interview.txt,-999,0,0.0639151864060417,0.0,0.0236426564141502,0.0579282148176675,0.0148051245436644,-9.534240640706187,0.0,0.0,0.007475764681373,34.71508738095281,0.0734851947736557,-38.97003987388016,45.0,58.0
211,2024-09-08 11:22:55,industrial_engineer_interview.txt,-999,0,0.0786461242176215,0.0,0.0231474883646284,0.056356248609007,0.0158844724236964,11.3159758748657,0.0,0.0,0.01226823742033,31.8936359378038,0.0528215330852058,-40.62617644456724,15.0,59.0
211,2024-09-08 11:22:55,it_manager_interview.txt,-999,0,0.0471973372676066,0.0,0.0051092318534179,0.1004112410170443,0.0142018613496248,-33.1967378061636,0.0,0.0,0.0044256013696548,-70.88776305310621,0.072368648424168,5.787724596260446,91.0,7.0
211,2024-09-08 11:22:55,logistics_coordinator_interview.txt,-999,0,0.0524698781094776,0.0,0.0114942528735632,0.0436926415236826,0.008774950040325,-25.733966627142763,0.0,0.0,0.019908629972056,-34.50612092327819,0.0091590559333901,-53.96785179055914,80.0,81.0
211,2024-09-08 11:22:55,lorry_driver_interview.txt,-999,0,0.0441927954072298,0.0,0.0025445292620865,0.086904860375448,0.0024919563434483,-37.44937596947936,0.0,0.0,0.0044072539632795,-85.50135501355014,0.0281047651195438,-8.44185031122339,95.0,15.0
211,2024-09-08 11:22:55,machine_learning_engineer_interview.txt,-999,0,0.0465436400713321,0.0,0.005050505050505,0.0507356831507624,0.0186352733243371,-34.12198290951551,0.0,0.0,0.0087477313513579,-71.2223864662889,0.0417399873103651,-46.54769304718651,93.0,72.0
211,2024-09-08 11:22:55,manufacturing_engineer_interview.txt,-999,0,0.0578620370248715,0.005089058524173,0.01060977826245,0.0650821519585646,0.012204857554227,-18.101887644095555,0.0088145079265591,0.0,0.0115425769617275,-39.54582849399921,0.0176892740534159,-31.43304775651628,65.0,49.0
211,2024-09-08 11:22:55,marine_engineer_interview.txt,-999,0,0.0663451012588943,0.0026041666666666,0.0147321428571428,0.0635955669632064,0.0085941694008704,-6.094931382570891,0.0045105489780439,0.0,0.0143066253205018,-16.05672909407666,0.0563358613200052,-32.99923140771915,41.0,51.0
211,2024-09-08 11:22:55,marketing_manager_interview.txt,-999,0,0.0574734490678158,0.0,0.0056307911617961,0.0433353117732308,0.010230270987519,-18.65189628194257,0.0,0.0,0.0048827850487395,-67.91593507524526,0.0335050053371757,-54.34431463324448,66.0,83.0
211,2024-09-08 11:22:55,materials_engineer_interview.txt,-999,0,0.0512577558164933,0.0,0.0098920236851271,0.0328230201157645,0.0060188571849888,-27.449608399264463,0.0,0.0,0.0091961938799908,-43.63557073397275,0.0090914319034334,-65.41948314497358,83.0,93.0
211,2024-09-08 11:22:55,mechanical_engineer_interview.txt,-999,0,0.0708540513494073,0.0,0.0029239766081871,0.0506481015165538,0.0086671076461903,0.2870510035879476,0.0,0.0,0.005064476045523,-83.3392763752199,0.0135803186403236,-46.639964208318496,30.0,73.0
211,2024-09-08 11:22:55,meteorologist_interview.txt,-999,0,0.0676512666704869,0.0,0.0157341100834086,0.0407192739003882,0.0157789142996009,-4.246180679445359,0.0,0.0,0.000801866882806,-10.34755242311398,0.0705278512427857,-57.10042730770777,37.0,87.0
211,2024-09-08 11:22:55,microbiologist_interview.txt,-999,0,0.0716161196083565,0.0,0.0024875621890547,0.081667457368724,0.023398475491293,1.3656848558227068,0.0,0.0,0.00430858409843,-85.82595154309752,0.0268522658028084,-13.95968816745406,28.0,21.0
211,2024-09-08 11:22:55,mining_engineer_interview.txt,-999,0,0.0467264905558916,0.0,0.0074074074074074,0.0562767771609436,0.0051577242427647,-33.86317574857249,0.0,0.0,0.0128300059819916,-57.79283348389039,0.0181598970628145,-40.70990316257054,92.0,60.0
211,2024-09-08 11:22:55,mobile_app_developer_interview.txt,-999,0,0.041177816918928,0.0,0.0183399508413688,0.0659675574070043,0.0148569985536164,-41.71678616935595,0.0,0.0,0.019463363791065,4.500443472954331,0.0383524739918186,-30.50023359361124,97.0,46.0
211,2024-09-08 11:22:55,natural_language_processing_engineer_interview.txt,-999,0,0.0688954858166054,0.0024691358024691,0.0159669211195928,0.0555975287871771,0.043380104289694,-2.485108918691836,0.0042766686606638,0.0,0.0138675385756967,-9.02100271002709,0.0342104300673422,-41.42552164481066,33.0,61.0
211,2024-09-08 11:22:55,network_administrator_interview.txt,-999,0,0.0611014125782108,0.0116959064327485,0.0237292955981766,0.0677886964885345,0.0239657375189806,-13.516865120323883,0.0202579041820921,0.0,0.024113132260403,35.208754634001025,0.0437899583450664,-28.581582278708154,54.0,42.0
211,2024-09-08 11:22:55,neuroscientist_interview.txt,-999,0,0.0512170987941831,0.0026666666666666,0.0144143248977901,0.0424897054500683,0.0090189791900086,-27.50715447873958,0.004618802153517,0.0,0.0055555106858179,-17.867645490924716,0.0430262860033163,-55.23519864110567,84.0,85.0
211,2024-09-08 11:22:55,no_persona_interview.txt,-999,0,0.0706512462380337,0.0,0.0175501177142041,0.094917667810953,0.0216471921120907,0.0,0.0,0.0,0.018795860180529,0.0,0.027153427299694,0.0,31.0,11.0
211,2024-09-08 11:22:55,nuclear_engineer_interview.txt,-999,0,0.0626649170095049,0.0,0.0124101527403414,0.0769414793556188,0.0241671644357858,-11.303875945261863,0.0,0.0,0.0144685954856044,-29.287353267737515,0.0325555052122015,-18.938716963776685,49.0,28.0
211,2024-09-08 11:22:55,nurse_interview.txt,-999,0,0.0569140111978986,0.0,0.0241603496079199,0.110511227894338,0.00730603618957,-19.443726433150843,0.0,0.0,0.0108692497785903,37.66488636350152,0.0292241395109772,16.428511617502693,67.0,4.0
211,2024-09-08 11:22:55,occupational_therapist_interview.txt,-999,0,0.0388266702776472,0.0,0.0174767476747674,0.0615201787989723,0.0141881073971164,-45.044606648784544,0.0,0.0,0.0155319870303768,-0.4180600986927913,0.0268749397537979,-35.185745480491875,99.0,54.0
211,2024-09-08 11:22:55,operations_manager_interview.txt,-999,0,0.079441426899054,0.0,0.0176617295261363,0.0467300039765822,0.01712062624118,12.441649835029068,0.0,0.0,0.018028582799709,0.6359604747368337,0.0464816574667467,-50.76785486380242,14.0,77.0
211,2024-09-08 11:22:55,petroleum_engineer_interview.txt,-999,0,0.0858856501717322,0.0029498525073746,0.0031446540880503,0.0709193675903395,0.0421831932957591,21.56282407584401,0.0051092944176073,0.0,0.0054467006527323,-82.08186327146291,0.0139780483598758,-25.283280525192325,6.0,38.0
211,2024-09-08 11:22:55,pharmacist_interview.txt,-999,0,0.0645829113740921,0.0140350877192982,0.0031152647975077,0.0541581181564369,0.0200595609157627,-8.58914058429555,0.0243094850185105,0.0,0.0053957969083142,-82.24932249322492,0.0484690715946676,-42.942004997106174,44.0,63.0
211,2024-09-08 11:22:55,physical_therapist_interview.txt,-999,0,0.0776564825783282,0.0023980815347721,0.0071024840101145,0.0753677820916746,0.0263030992224335,9.915233931886933,0.0041535990589181,0.0,0.0063070196502622,-59.53027708545715,0.0262464004677375,-20.59667727847652,18.0,32.0
211,2024-09-08 11:22:55,physicist_interview.txt,-999,0,0.0540255783582419,0.0,0.0194209260447205,0.0967461934706365,0.0059320815056105,-23.532023517005825,0.0,0.0,0.019891147418598,10.659805027987248,0.0295358062180704,1.926433404711787,77.0,10.0
211,2024-09-08 11:22:55,procurement_specialist_interview.txt,-999,0,0.0810177052183938,0.0026455026455026,0.0029239766081871,0.0427102989989416,0.0472544165185173,14.672719212105775,0.0045821449935684,0.0,0.005064476045523,-83.3392763752199,0.0509454286947989,-55.00279349045167,12.0,84.0
211,2024-09-08 11:22:55,product_manager_interview.txt,-999,0,0.0687865128083843,0.0,0.0117481082467615,0.0522449495829317,0.0379708936764512,-2.6393496632272644,0.0,0.0,0.0135349961143919,-33.05966126225324,0.0454785440816327,-44.957613489842906,34.0,68.0
211,2024-09-08 11:22:55,professor_of_classics_interview.txt,-999,0,0.0611153552330022,0.0,0.0061681238151826,0.0728153593663539,0.0261419994381492,-13.49713064211734,0.0,0.0,0.0054087721688619,-64.85423109048168,0.0363220071548864,-23.285768555354807,53.0,37.0
211,2024-09-08 11:22:55,project_manager_interview.txt,-999,0,0.040186022406408,0.0,0.0313364648842841,0.0600194207659177,0.0098787579116307,-43.12057529598863,0.0,0.0,0.0214392955446953,78.55415783862236,0.0497708470280647,-36.76686105956788,98.0,56.0
211,2024-09-08 11:22:55,psychologist_interview.txt,-999,0,0.0507208066598474,0.002415458937198,0.0261500725978538,0.0400466858845506,0.0188810284074656,-28.20960795374773,0.0041836976028233,0.0,0.0047909399839845,49.00226325370636,0.017954888617755,-57.80902880556296,85.0,89.0
211,2024-09-08 11:22:55,public_relations_specialist_interview.txt,-999,0,0.0749984370674025,0.0113960113960113,0.0028735632183908,0.0538876934719521,0.0256902193432022,6.153027810327046,0.0197384707415256,0.0,0.004977157493014,-83.62653023081955,0.050609823528041,-43.22690947350289,22.0,64.0
211,2024-09-08 11:22:55,quality_control_engineer_interview.txt,-999,0,0.0624287836630216,0.0,0.0132078290751531,0.0707746374070316,0.0155534504228024,-11.638099839469902,0.0,0.0,0.0159500015841685,-24.74221945267413,0.0364743133413402,-25.435760233813227,50.0,40.0
211,2024-09-08 11:22:55,restaurant_manager_interview.txt,-999,0,0.0598364598364598,0.0037037037037037,0.0074074074074074,0.0424769058623897,0.0138875926258032,-15.307283278680444,0.0064150029909958,0.0,0.0128300059819916,-57.79283348389039,0.0043504564912869,-55.24868357807652,57.0,86.0
211,2024-09-08 11:22:55,retail_manager_interview.txt,-999,0,0.0758071108654853,0.0,0.0075596122183459,0.0207524511111663,0.0432659891979006,7.297627291783115,0.0,0.0,0.0001813744648619,-56.92557542091257,0.0359442997061293,-78.13636640072222,20.0,97.0
211,2024-09-08 11:22:55,robotics_engineer_interview.txt,-999,0,0.0583835662416713,0.0,0.0128342245989304,0.0740966363403292,0.0118175020341139,-17.363713521812357,0.0,0.0,0.015058960257036,-26.87100560845181,0.0446363190310999,-21.9358860692752,62.0,34.0
211,2024-09-08 11:22:55,safety_engineer_interview.txt,-999,0,0.0873254090132493,0.0353818897376066,0.0136332209834932,0.0536626179032506,0.0092979049786215,23.60066334716593,0.0068416037276799,0.0,0.0129881041895934,-22.31835019283561,0.0179059943930516,-43.46403663211555,5.0,65.0
211,2024-09-08 11:22:55,sales_manager_interview.txt,-999,0,0.0542087542087542,0.0,0.0075757575757575,0.1058443047134455,0.0160454579898233,-23.27275583205214,0.0,0.0,0.0131215970270369,-56.83357969943335,0.0129077049842715,11.511699723022131,76.0,5.0
211,2024-09-08 11:22:55,seo_specialist_interview.txt,-999,0,0.0505356116645576,0.0,0.0030864197530864,0.0813374958646141,0.017786128989338,-28.47173354268058,0.0,0.0,0.0053458358258298,-82.41368061828766,0.0640496886430233,-14.307317340946923,87.0,23.0
211,2024-09-08 11:22:55,shop_assistant_interview.txt,-999,0,0.0489036708548903,0.0,0.0092592592592592,0.0794152865978313,0.0075805131521386,-30.781587786679367,0.0,0.0,0.0160375074774896,-47.241041854862985,0.0401423217191564,-16.33245060761253,90.0,24.0
211,2024-09-08 11:22:55,social_media_manager_interview.txt,-999,0,0.0296239503468419,0.0,0.0209090909090909,0.0848462323556859,0.0067165528586563,-58.07016588633869,0.0,0.0,0.0200618877188308,19.139320029563933,0.0735823879732686,-10.610706823650888,100.0,18.0
211,2024-09-08 11:22:55,software_quality_assurance_tester_interview.txt,-999,0,0.0627642535693474,0.0056598796076456,0.0115595846223948,0.0438768814903346,0.0181416985019682,-11.163274660596784,0.0049147827406753,0.0,0.0136025410689936,-34.133862743045,0.0023085626447115,-53.77374676153655,48.0,80.0
211,2024-09-08 11:22:55,speech_therapist_interview.txt,-999,0,0.0566419602666937,0.0,0.0063492063492063,0.0669799041283666,0.0087029981677694,-19.828788191705456,0.0,0.0,0.0109971479845643,-63.822428700477474,0.0210258350421744,-29.43368113324256,69.0,44.0
211,2024-09-08 11:22:55,structural_engineer_interview.txt,-999,0,0.0711577073524933,0.0,0.0109548637950015,0.0743825561569507,0.0137142117504206,0.7168466820151025,0.0,0.0,0.0044636901068712,-37.57954235181449,0.0477571339916643,-21.63465677949648,29.0,33.0
211,2024-09-08 11:22:55,supply_chain_manager_interview.txt,-999,0,0.05067002529167,0.0024509803921568,0.0032362459546925,0.0509030104831107,0.0073255610704311,-28.281484064759724,0.0042452225675707,0.0,0.0056053424193167,-81.5599757939327,0.0520217889794126,-46.37140623335371,86.0,71.0
211,2024-09-08 11:22:55,system_administrator_interview.txt,-999,0,0.0629987853478823,0.0,0.0130332506834509,0.059678546880821,0.0263361972264076,-10.831317630787623,0.0,0.0,0.0113197117684075,-25.73696145124717,0.0572030717304857,-37.125986913540174,47.0,57.0
211,2024-09-08 11:22:55,transportation_engineer_interview.txt,-999,0,0.0554076189688755,0.0026881720430107,0.0127870533967698,0.0877644376661939,0.0275509359613157,-21.57587881436706,0.0046560505579808,0.0,0.0045281626931149,-27.139785584340416,0.045840955633769,-7.536247265373319,73.0,13.0
211,2024-09-08 11:22:55,travel_agent_interview.txt,-999,0,0.0497028200548739,0.0,0.0186578693637728,0.0852174211265346,0.032474334301964,-29.650469451850384,0.0,0.0,0.0069876896278449,6.311932874798359,0.0389138725049479,-10.21964288433452,89.0,17.0
211,2024-09-08 11:22:55,veterinarian_interview.txt,-999,0,0.0435324160933917,0.0047619047619047,0.0086251824056702,0.0686500346355311,0.0095851012275583,-38.38407896341272,0.0082478609884232,0.0,0.008175181788188,-50.8539911462279,0.0287567468344603,-27.674124092196408,96.0,41.0
211,2024-09-08 11:22:55,warehouse_manager_interview.txt,-999,0,0.0671234125691957,0.0,0.0040160642570281,0.0650412265723094,0.0171348523519315,-4.993307063476649,0.0,0.0,0.006956027339634,-77.11659646716949,0.0177789052236073,-31.47616447777486,39.0,50.0
211,2024-09-08 11:22:55,water_resources_engineer_interview.txt,-999,0,0.0744840154715706,0.0062893081761006,0.0,0.0440006396611022,0.0417985788669561,5.424913837505187,0.0108934013054646,0.0,0.0,-100.0,0.0503493136199581,-53.64336200428139,24.0,79.0
212,2024-09-08 11:24:53,restaurant_manager_interview.txt,1,0,0.0714285714285714,0.0,0.0,0.0466530557892966,,,,,,,,,,
212,2024-09-08 11:24:53,restaurant_manager_interview.txt,2,0,0.0636363636363636,0.0,0.0,0.0428067433298522,,,,,,,,,,
212,2024-09-08 11:24:53,restaurant_manager_interview.txt,3,0,0.0444444444444444,0.0111111111111111,0.0222222222222222,0.0379709184680204,,,,,,,,,,
212,2024-09-08 11:24:53,geneticist_interview.txt,1,0,0.0384615384615384,0.0288461538461538,0.0,0.0937095795782794,,,,,,,,,,
212,2024-09-08 11:24:53,geneticist_interview.txt,2,0,0.0526315789473684,0.0,0.0150375939849624,0.0882216505718651,,,,,,,,,,
212,2024-09-08 11:24:53,geneticist_interview.txt,3,0,0.0923076923076923,0.0,0.0153846153846153,0.1101429133385219,,,,,,,,,,
212,2024-09-08 11:24:53,speech_therapist_interview.txt,1,0,0.0510204081632653,0.0,0.0,0.0432621003107774,,,,,,,,,,
212,2024-09-08 11:24:53,speech_therapist_interview.txt,2,0,0.0522388059701492,0.0,0.0,0.0833315864428225,,,,,,,,,,
212,2024-09-08 11:24:53,speech_therapist_interview.txt,3,0,0.0666666666666666,0.0,0.019047619047619,0.0743460256315,,,,,,,,,,
212,2024-09-08 11:24:53,customer_service_representative_interview.txt,1,0,0.0545454545454545,0.0,0.009090909090909,0.0311974890850877,,,,,,,,,,
212,2024-09-08 11:24:53,customer_service_representative_interview.txt,2,0,0.0761904761904762,0.0,0.0,0.122813044651559,,,,,,,,,,
212,2024-09-08 11:24:53,customer_service_representative_interview.txt,3,0,0.043859649122807,0.0,0.0087719298245614,0.0473521337727738,,,,,,,,,,
212,2024-09-08 11:24:53,construction_manager_interview.txt,1,0,0.055045871559633,0.0,0.0091743119266055,0.0948117237060615,,,,,,,,,,
212,2024-09-08 11:24:53,construction_manager_interview.txt,2,0,0.0866141732283464,0.0,0.0236220472440944,0.1356095260762036,,,,,,,,,,
212,2024-09-08 11:24:53,construction_manager_interview.txt,3,0,0.112,0.0,0.024,0.0,,,,,,,,,,
212,2024-09-08 11:24:53,doctor_interview.txt,1,0,0.0545454545454545,0.0,0.0181818181818181,0.0673965703749538,,,,,,,,,,
212,2024-09-08 11:24:53,doctor_interview.txt,2,0,0.0705882352941176,0.0,0.0,0.0293397273927395,,,,,,,,,,
212,2024-09-08 11:24:53,doctor_interview.txt,3,0,0.0555555555555555,0.0,0.0111111111111111,0.0601346177173533,,,,,,,,,,
212,2024-09-08 11:24:53,human_resources_manager_interview.txt,1,0,0.0693069306930693,0.0,0.0198019801980198,0.1425669620819004,,,,,,,,,,
212,2024-09-08 11:24:53,human_resources_manager_interview.txt,2,0,0.0471698113207547,0.0,0.0188679245283018,0.0103852698901538,,,,,,,,,,
212,2024-09-08 11:24:53,human_resources_manager_interview.txt,3,0,0.075268817204301,0.0,0.032258064516129,0.0208324124809482,,,,,,,,,,
212,2024-09-08 11:24:53,water_resources_engineer_interview.txt,1,0,0.1226415094339622,0.0188679245283018,0.0,0.0,,,,,,,,,,
212,2024-09-08 11:24:53,water_resources_engineer_interview.txt,2,0,0.0476190476190476,0.0,0.0,0.0989100944553876,,,,,,,,,,
212,2024-09-08 11:24:53,water_resources_engineer_interview.txt,3,0,0.0531914893617021,0.0,0.0,0.0330918245279189,,,,,,,,,,
212,2024-09-08 11:24:53,project_manager_interview.txt,1,0,0.0515463917525773,0.0,0.0515463917525773,0.0555355117717458,,,,,,,,,,
212,2024-09-08 11:24:53,project_manager_interview.txt,2,0,0.0336134453781512,0.0,0.0336134453781512,0.1118805059888638,,,,,,,,,,
212,2024-09-08 11:24:53,project_manager_interview.txt,3,0,0.0353982300884955,0.0,0.0088495575221238,0.0126422445371434,,,,,,,,,,
212,2024-09-08 11:24:53,biologist_interview.txt,1,0,0.1,0.03,0.0,0.0628254664475309,,,,,,,,,,
212,2024-09-08 11:24:53,biologist_interview.txt,2,0,0.0666666666666666,0.0,0.019047619047619,0.084133944618843,,,,,,,,,,
212,2024-09-08 11:24:53,biologist_interview.txt,3,0,0.037593984962406,0.0,0.0,0.0,,,,,,,,,,
212,2024-09-08 11:24:53,occupational_therapist_interview.txt,1,0,0.0227272727272727,0.0,0.0227272727272727,0.0619600680328602,,,,,,,,,,
212,2024-09-08 11:24:53,occupational_therapist_interview.txt,2,0,0.0495049504950495,0.0,0.0297029702970297,0.0881724737587123,,,,,,,,,,
212,2024-09-08 11:24:53,occupational_therapist_interview.txt,3,0,0.0442477876106194,0.0,0.0,0.0344279946053444,,,,,,,,,,
212,2024-09-08 11:24:53,network_administrator_interview.txt,1,0,0.0543478260869565,0.0,0.0108695652173913,0.0181441553921881,,,,,,,,,,
212,2024-09-08 11:24:53,network_administrator_interview.txt,2,0,0.087719298245614,0.0350877192982456,0.0087719298245614,0.1009251180073442,,,,,,,,,,
212,2024-09-08 11:24:53,network_administrator_interview.txt,3,0,0.0412371134020618,0.0,0.0515463917525773,0.0842968160660713,,,,,,,,,,
212,2024-09-08 11:24:53,neuroscientist_interview.txt,1,0,0.0442477876106194,0.0,0.0176991150442477,0.0414359038364657,,,,,,,,,,
212,2024-09-08 11:24:53,neuroscientist_interview.txt,2,0,0.0614035087719298,0.0,0.0175438596491228,0.0,,,,,,,,,,
212,2024-09-08 11:24:53,neuroscientist_interview.txt,3,0,0.048,0.008,0.008,0.0860332125137391,,,,,,,,,,
212,2024-09-08 11:24:53,retail_manager_interview.txt,1,0,0.0661764705882353,0.0,0.0073529411764705,0.0,,,,,,,,,,
212,2024-09-08 11:24:53,retail_manager_interview.txt,2,0,0.123076923076923,0.0,0.0076923076923076,0.0,,,,,,,,,,
212,2024-09-08 11:24:53,retail_manager_interview.txt,3,0,0.0381679389312977,0.0,0.0076335877862595,0.0622573533334991,,,,,,,,,,
212,2024-09-08 11:24:53,agricultural_engineer_interview.txt,1,0,0.04,0.0,0.01,0.01754081509232,,,,,,,,,,
212,2024-09-08 11:24:53,agricultural_engineer_interview.txt,2,0,0.0434782608695652,0.0,0.0,0.016643353237249,,,,,,,,,,
212,2024-09-08 11:24:53,agricultural_engineer_interview.txt,3,0,0.0534351145038167,0.0,0.0229007633587786,0.0,,,,,,,,,,
212,2024-09-08 11:24:53,electrical_engineer_interview.txt,1,0,0.0813953488372093,0.0,0.0,0.0515248660596885,,,,,,,,,,
212,2024-09-08 11:24:53,electrical_engineer_interview.txt,2,0,0.0833333333333333,0.0,0.0104166666666666,0.0375765713355705,,,,,,,,,,
212,2024-09-08 11:24:53,electrical_engineer_interview.txt,3,0,0.1,0.02,0.0,0.030841143854229,,,,,,,,,,
212,2024-09-08 11:24:53,quality_control_engineer_interview.txt,1,0,0.0618556701030927,0.0,0.0309278350515463,0.0571315807160011,,,,,,,,,,
212,2024-09-08 11:24:53,quality_control_engineer_interview.txt,2,0,0.0471698113207547,0.0,0.0,0.0430885464951094,,,,,,,,,,
212,2024-09-08 11:24:53,quality_control_engineer_interview.txt,3,0,0.0782608695652174,0.0,0.008695652173913,0.1121037850099844,,,,,,,,,,
212,2024-09-08 11:24:53,machine_learning_engineer_interview.txt,1,0,0.053030303030303,0.0,0.0151515151515151,0.0691364256495546,,,,,,,,,,
212,2024-09-08 11:24:53,machine_learning_engineer_interview.txt,2,0,0.0610687022900763,0.0,0.0,0.0801136224824336,,,,,,,,,,
212,2024-09-08 11:24:53,machine_learning_engineer_interview.txt,3,0,0.025531914893617,0.0,0.0,0.002918510680651,,,,,,,,,,
212,2024-09-08 11:24:53,psychologist_interview.txt,1,0,0.0384615384615384,0.0,0.0288461538461538,0.0323961959726534,,,,,,,,,,
212,2024-09-08 11:24:53,psychologist_interview.txt,2,0,0.072463768115942,0.0072463768115942,0.0289855072463768,0.0605596667072056,,,,,,,,,,
212,2024-09-08 11:24:53,psychologist_interview.txt,3,0,0.0412371134020618,0.0,0.0206185567010309,0.0271841949737927,,,,,,,,,,
212,2024-09-08 11:24:53,geologist_interview.txt,1,0,0.0725806451612903,0.0,0.0080645161290322,0.0759044861163816,,,,,,,,,,
212,2024-09-08 11:24:53,geologist_interview.txt,2,0,0.0869565217391304,0.0,0.017391304347826,0.1118851607455407,,,,,,,,,,
212,2024-09-08 11:24:53,geologist_interview.txt,3,0,0.1095890410958904,0.0,0.0,0.0,,,,,,,,,,
212,2024-09-08 11:24:53,chemical_engineer_interview.txt,1,0,0.0703125,0.0,0.015625,0.0,,,,,,,,,,
212,2024-09-08 11:24:53,chemical_engineer_interview.txt,2,0,0.0736842105263157,0.0,0.0210526315789473,0.0747112850356365,,,,,,,,,,
212,2024-09-08 11:24:53,chemical_engineer_interview.txt,3,0,0.0714285714285714,0.0,0.010204081632653,0.1377422912155963,,,,,,,,,,
212,2024-09-08 11:24:53,no_persona_interview.txt,1,0,0.0467289719626168,0.0,0.0373831775700934,0.0635731657580273,,,,,,,,,,
212,2024-09-08 11:24:53,no_persona_interview.txt,2,0,0.0888888888888888,0.0,0.0,0.1099189066092266,,,,,,,,,,
212,2024-09-08 11:24:53,no_persona_interview.txt,3,0,0.0763358778625954,0.0,0.015267175572519,0.111260931065605,,,,,,,,,,
212,2024-09-08 11:24:53,financial_analyst_interview.txt,1,0,0.0619469026548672,0.0088495575221238,0.0,0.0598254669070187,,,,,,,,,,
212,2024-09-08 11:24:53,financial_analyst_interview.txt,2,0,0.0606060606060606,0.0,0.0202020202020202,0.1530445380640685,,,,,,,,,,
212,2024-09-08 11:24:53,financial_analyst_interview.txt,3,0,0.0802919708029197,0.0,0.0145985401459854,0.1305219999659435,,,,,,,,,,
212,2024-09-08 11:24:53,civil_engineer_interview.txt,1,0,0.0601503759398496,0.0,0.0150375939849624,0.0831598154358535,,,,,,,,,,
212,2024-09-08 11:24:53,civil_engineer_interview.txt,2,0,0.0825688073394495,0.0,0.0091743119266055,0.0551022249278976,,,,,,,,,,
212,2024-09-08 11:24:53,civil_engineer_interview.txt,3,0,0.0818181818181818,0.0,0.009090909090909,0.0519288906523061,,,,,,,,,,
212,2024-09-08 11:24:53,meteorologist_interview.txt,1,0,0.0495867768595041,0.0,0.0165289256198347,0.0,,,,,,,,,,
212,2024-09-08 11:24:53,meteorologist_interview.txt,2,0,0.0746268656716417,0.0,0.0149253731343283,0.0,,,,,,,,,,
212,2024-09-08 11:24:53,meteorologist_interview.txt,3,0,0.0787401574803149,0.0,0.0157480314960629,0.1221578217011647,,,,,,,,,,
212,2024-09-08 11:24:53,shop_assistant_interview.txt,1,0,0.040650406504065,0.0,0.0,0.1223705927244681,,,,,,,,,,
212,2024-09-08 11:24:53,shop_assistant_interview.txt,2,0,0.0555555555555555,0.0,0.0277777777777777,0.0428532956412062,,,,,,,,,,
212,2024-09-08 11:24:53,shop_assistant_interview.txt,3,0,0.0505050505050505,0.0,0.0,0.0730219714278197,,,,,,,,,,
212,2024-09-08 11:24:53,social_media_manager_interview.txt,1,0,0.036144578313253,0.0,0.0,0.1233699304830566,,,,,,,,,,
212,2024-09-08 11:24:53,social_media_manager_interview.txt,2,0,0.03,0.0,0.04,0.0,,,,,,,,,,
212,2024-09-08 11:24:53,social_media_manager_interview.txt,3,0,0.0227272727272727,0.0,0.0227272727272727,0.1311687665840011,,,,,,,,,,
212,2024-09-08 11:24:53,marine_engineer_interview.txt,1,0,0.0761904761904762,0.0,0.0285714285714285,0.0835429425346109,,,,,,,,,,
212,2024-09-08 11:24:53,marine_engineer_interview.txt,2,0,0.0603448275862069,0.0,0.0,0.1072437583550084,,,,,,,,,,
212,2024-09-08 11:24:53,marine_engineer_interview.txt,3,0,0.0625,0.0078125,0.015625,0.0,,,,,,,,,,
212,2024-09-08 11:24:53,warehouse_manager_interview.txt,1,0,0.072289156626506,0.0,0.0120481927710843,0.081493124342657,,,,,,,,,,
212,2024-09-08 11:24:53,warehouse_manager_interview.txt,2,0,0.081081081081081,0.0,0.0,0.0461808634688753,,,,,,,,,,
212,2024-09-08 11:24:53,warehouse_manager_interview.txt,3,0,0.048,0.0,0.0,0.067449691905396,,,,,,,,,,
212,2024-09-08 11:24:53,business_intelligence_analyst_interview.txt,1,0,0.0666666666666666,0.0,0.019047619047619,0.0519120125435854,,,,,,,,,,
212,2024-09-08 11:24:53,business_intelligence_analyst_interview.txt,2,0,0.0784313725490196,0.0,0.0196078431372549,0.1619933830165744,,,,,,,,,,
212,2024-09-08 11:24:53,business_intelligence_analyst_interview.txt,3,0,0.0612244897959183,0.0,0.0,0.0872579957499813,,,,,,,,,,
212,2024-09-08 11:24:53,full_stack_developer_interview.txt,1,0,0.0393700787401574,0.0,0.0078740157480314,0.0425483283606354,,,,,,,,,,
212,2024-09-08 11:24:53,full_stack_developer_interview.txt,2,0,0.1703703703703703,0.037037037037037,0.0148148148148148,0.1023900784935733,,,,,,,,,,
212,2024-09-08 11:24:53,full_stack_developer_interview.txt,3,0,0.0314960629921259,0.0,0.0078740157480314,0.0,,,,,,,,,,
212,2024-09-08 11:24:53,focus_group_interview.txt,1,0,0.0588235294117647,0.0,0.0,0.0,,,,,,,,,,
212,2024-09-08 11:24:53,focus_group_interview.txt,2,0,0.0588235294117647,0.0,0.0,0.0,,,,,,,,,,
212,2024-09-08 11:24:53,focus_group_interview.txt,3,0,0.0588235294117647,0.0,0.0,0.0,,,,,,,,,,
212,2024-09-08 11:24:53,travel_agent_interview.txt,1,0,0.0531914893617021,0.0,0.0106382978723404,0.1283619363588929,,,,,,,,,,
212,2024-09-08 11:24:53,travel_agent_interview.txt,2,0,0.0802919708029197,0.0,0.0218978102189781,0.0745172643816199,,,,,,,,,,
212,2024-09-08 11:24:53,travel_agent_interview.txt,3,0,0.015625,0.0,0.0234375,0.0527730626390911,,,,,,,,,,
212,2024-09-08 11:24:53,robotics_engineer_interview.txt,1,0,0.0686274509803921,0.0,0.0294117647058823,0.0571924000726199,,,,,,,,,,
212,2024-09-08 11:24:53,robotics_engineer_interview.txt,2,0,0.0454545454545454,0.0,0.009090909090909,0.0403813965559999,,,,,,,,,,
212,2024-09-08 11:24:53,robotics_engineer_interview.txt,3,0,0.0610687022900763,0.0,0.0,0.1247161123923678,,,,,,,,,,
212,2024-09-08 11:24:53,biomedical_engineer_interview.txt,1,0,0.1,0.0,0.0,0.1025907901717319,,,,,,,,,,
212,2024-09-08 11:24:53,biomedical_engineer_interview.txt,2,0,0.0594059405940594,0.0,0.0099009900990099,0.0426668739812379,,,,,,,,,,
212,2024-09-08 11:24:53,biomedical_engineer_interview.txt,3,0,0.0975609756097561,0.0,0.0,0.0915016217502627,,,,,,,,,,
212,2024-09-08 11:24:53,marketing_manager_interview.txt,1,0,0.0459770114942528,0.0,0.0,0.0775670553173294,,,,,,,,,,
212,2024-09-08 11:24:53,marketing_manager_interview.txt,2,0,0.0655737704918032,0.0,0.0081967213114754,0.0418311722270583,,,,,,,,,,
212,2024-09-08 11:24:53,marketing_manager_interview.txt,3,0,0.0608695652173913,0.0,0.008695652173913,0.0106077077753049,,,,,,,,,,
212,2024-09-08 11:24:53,professor_of_classics_interview.txt,1,0,0.0909090909090909,0.0,0.0101010101010101,0.1139617522607703,,,,,,,,,,
212,2024-09-08 11:24:53,professor_of_classics_interview.txt,2,0,0.0504201680672268,0.0,0.0,0.0452051914403515,,,,,,,,,,
212,2024-09-08 11:24:53,professor_of_classics_interview.txt,3,0,0.042016806722689,0.0,0.0084033613445378,0.0592791343979399,,,,,,,,,,
212,2024-09-08 11:24:53,environmental_engineer_interview.txt,1,0,0.0816326530612244,0.0,0.0,0.1026424642988634,,,,,,,,,,
212,2024-09-08 11:24:53,environmental_engineer_interview.txt,2,0,0.0818181818181818,0.0,0.0272727272727272,0.1246022964543093,,,,,,,,,,
212,2024-09-08 11:24:53,environmental_engineer_interview.txt,3,0,0.0916666666666666,0.0,0.0166666666666666,0.0,,,,,,,,,,
212,2024-09-08 11:24:53,physical_therapist_interview.txt,1,0,0.1079136690647482,0.0071942446043165,0.0,0.0976563572315262,,,,,,,,,,
212,2024-09-08 11:24:53,physical_therapist_interview.txt,2,0,0.0648148148148148,0.0,0.0092592592592592,0.0464390040542306,,,,,,,,,,
212,2024-09-08 11:24:53,physical_therapist_interview.txt,3,0,0.0602409638554216,0.0,0.0120481927710843,0.0820079849892669,,,,,,,,,,
212,2024-09-08 11:24:53,astronomer_interview.txt,1,0,0.0392156862745098,0.0,0.0,0.0357008884926808,,,,,,,,,,
212,2024-09-08 11:24:53,astronomer_interview.txt,2,0,0.0634920634920634,0.0158730158730158,0.0079365079365079,0.0,,,,,,,,,,
212,2024-09-08 11:24:53,astronomer_interview.txt,3,0,0.0784313725490196,0.0,0.0098039215686274,0.0315139499500514,,,,,,,,,,
212,2024-09-08 11:24:53,ai_professor_interview.txt,1,0,0.0606060606060606,0.0,0.0101010101010101,0.0211330472249737,,,,,,,,,,
212,2024-09-08 11:24:53,ai_professor_interview.txt,2,0,0.0789473684210526,0.0,0.0175438596491228,0.0811136402882951,,,,,,,,,,
212,2024-09-08 11:24:53,ai_professor_interview.txt,3,0,0.0581395348837209,0.0,0.0116279069767441,0.0,,,,,,,,,,
212,2024-09-08 11:24:53,game_developer_interview.txt,1,0,0.0439560439560439,0.0,0.0219780219780219,0.0605193719036507,,,,,,,,,,
212,2024-09-08 11:24:53,game_developer_interview.txt,2,0,0.0606060606060606,0.0,0.0202020202020202,0.0593816587862705,,,,,,,,,,
212,2024-09-08 11:24:53,game_developer_interview.txt,3,0,0.0519480519480519,0.0,0.0129870129870129,0.0775393919155081,,,,,,,,,,
212,2024-09-08 11:24:53,fire_protection_engineer_interview.txt,1,0,0.1007751937984496,0.0465116279069767,0.0077519379844961,0.0,,,,,,,,,,
212,2024-09-08 11:24:53,fire_protection_engineer_interview.txt,2,0,0.0625,0.0178571428571428,0.0089285714285714,0.0407611697271842,,,,,,,,,,
212,2024-09-08 11:24:53,fire_protection_engineer_interview.txt,3,0,0.0620155038759689,0.0077519379844961,0.0155038759689922,0.0576589288513933,,,,,,,,,,
212,2024-09-08 11:24:53,safety_engineer_interview.txt,1,0,0.0948275862068965,0.043103448275862,0.0258620689655172,0.0454675110134519,,,,,,,,,,
212,2024-09-08 11:24:53,safety_engineer_interview.txt,2,0,0.0769230769230769,0.0329670329670329,0.0,0.0741995996381659,,,,,,,,,,
212,2024-09-08 11:24:53,safety_engineer_interview.txt,3,0,0.0902255639097744,0.0300751879699248,0.0150375939849624,0.0413207430581339,,,,,,,,,,
212,2024-09-08 11:24:53,environmental_scientist_interview.txt,1,0,0.0673076923076923,0.0,0.0096153846153846,0.0534300314907251,,,,,,,,,,
212,2024-09-08 11:24:53,environmental_scientist_interview.txt,2,0,0.0495049504950495,0.0,0.0396039603960396,0.0877567755185532,,,,,,,,,,
212,2024-09-08 11:24:53,environmental_scientist_interview.txt,3,0,0.0449438202247191,0.0,0.0,0.1066267081851516,,,,,,,,,,
212,2024-09-08 11:24:53,operations_manager_interview.txt,1,0,0.0990990990990991,0.0,0.036036036036036,0.0,,,,,,,,,,
212,2024-09-08 11:24:53,operations_manager_interview.txt,2,0,0.0714285714285714,0.0,0.0,0.047230742864624,,,,,,,,,,
212,2024-09-08 11:24:53,operations_manager_interview.txt,3,0,0.0677966101694915,0.0,0.0169491525423728,0.0929592690651228,,,,,,,,,,
212,2024-09-08 11:24:53,backend_developer_interview.txt,1,0,0.0578512396694214,0.0,0.0,0.1284026295844632,,,,,,,,,,
212,2024-09-08 11:24:53,backend_developer_interview.txt,2,0,0.0576923076923076,0.0,0.0096153846153846,0.0870056695430988,,,,,,,,,,
212,2024-09-08 11:24:53,backend_developer_interview.txt,3,0,0.042016806722689,0.0,0.0084033613445378,0.0437544042466496,,,,,,,,,,
212,2024-09-08 11:24:53,digital_marketing_specialist_interview.txt,1,0,0.0666666666666666,0.0,0.0111111111111111,0.1233454514559801,,,,,,,,,,
212,2024-09-08 11:24:53,digital_marketing_specialist_interview.txt,2,0,0.0353982300884955,0.0,0.0088495575221238,0.0,,,,,,,,,,
212,2024-09-08 11:24:53,digital_marketing_specialist_interview.txt,3,0,0.0679611650485436,0.0,0.0097087378640776,0.1264080048769068,,,,,,,,,,
212,2024-09-08 11:24:53,mechanical_engineer_interview.txt,1,0,0.0727272727272727,0.0,0.0,0.0662024475332696,,,,,,,,,,
212,2024-09-08 11:24:53,mechanical_engineer_interview.txt,2,0,0.0784313725490196,0.0,0.0,0.0445948178221984,,,,,,,,,,
212,2024-09-08 11:24:53,mechanical_engineer_interview.txt,3,0,0.0614035087719298,0.0,0.0087719298245614,0.0411470391941935,,,,,,,,,,
212,2024-09-08 11:24:53,software_quality_assurance_tester_interview.txt,1,0,0.045045045045045,0.0,0.0,0.0413513341749755,,,,,,,,,,
212,2024-09-08 11:24:53,software_quality_assurance_tester_interview.txt,2,0,0.0619469026548672,0.0088495575221238,0.0265486725663716,0.0458783496403244,,,,,,,,,,
212,2024-09-08 11:24:53,software_quality_assurance_tester_interview.txt,3,0,0.08130081300813,0.008130081300813,0.008130081300813,0.0444009606557039,,,,,,,,,,
212,2024-09-08 11:24:53,cybersecurity_specialist_interview.txt,1,0,0.0769230769230769,0.023076923076923,0.0,0.0,,,,,,,,,,
212,2024-09-08 11:24:53,cybersecurity_specialist_interview.txt,2,0,0.056,0.008,0.024,0.0433073475931765,,,,,,,,,,
212,2024-09-08 11:24:53,cybersecurity_specialist_interview.txt,3,0,0.099009900990099,0.0297029702970297,0.0,0.110208443279443,,,,,,,,,,
212,2024-09-08 11:24:53,product_manager_interview.txt,1,0,0.0608695652173913,0.0,0.008695652173913,0.0737688480628956,,,,,,,,,,
212,2024-09-08 11:24:53,product_manager_interview.txt,2,0,0.0353982300884955,0.0,0.0265486725663716,0.0829660006858995,,,,,,,,,,
212,2024-09-08 11:24:53,product_manager_interview.txt,3,0,0.110091743119266,0.0,0.0,0.0,,,,,,,,,,
212,2024-09-08 11:24:53,microbiologist_interview.txt,1,0,0.0823529411764705,0.0,0.0,0.1101574773451147,,,,,,,,,,
212,2024-09-08 11:24:53,microbiologist_interview.txt,2,0,0.087719298245614,0.0,0.0,0.0780188264815857,,,,,,,,,,
212,2024-09-08 11:24:53,microbiologist_interview.txt,3,0,0.044776119402985,0.0,0.0074626865671641,0.0568260682794716,,,,,,,,,,
212,2024-09-08 11:24:53,it_manager_interview.txt,1,0,0.0310077519379844,0.0,0.0077519379844961,0.0830915813122366,,,,,,,,,,
212,2024-09-08 11:24:53,it_manager_interview.txt,2,0,0.0575539568345323,0.0,0.0,0.1798682693699755,,,,,,,,,,
212,2024-09-08 11:24:53,it_manager_interview.txt,3,0,0.053030303030303,0.0,0.0075757575757575,0.0382738723689206,,,,,,,,,,
212,2024-09-08 11:24:53,industrial_engineer_interview.txt,1,0,0.0671641791044776,0.0,0.0373134328358208,0.1047357166686011,,,,,,,,,,
212,2024-09-08 11:24:53,industrial_engineer_interview.txt,2,0,0.072,0.0,0.016,0.0643330291584199,,,,,,,,,,
212,2024-09-08 11:24:53,industrial_engineer_interview.txt,3,0,0.0967741935483871,0.0,0.0161290322580645,0.0,,,,,,,,,,
212,2024-09-08 11:24:53,barista_interview.txt,1,0,0.0875,0.0,0.0,0.0681953019972214,,,,,,,,,,
212,2024-09-08 11:24:53,barista_interview.txt,2,0,0.0504201680672268,0.0,0.0168067226890756,0.1017040566415273,,,,,,,,,,
212,2024-09-08 11:24:53,barista_interview.txt,3,0,0.0692307692307692,0.0,0.0076923076923076,0.0932079290911632,,,,,,,,,,
212,2024-09-08 11:24:53,petroleum_engineer_interview.txt,1,0,0.1308411214953271,0.0,0.0,0.0843069329113059,,,,,,,,,,
212,2024-09-08 11:24:53,petroleum_engineer_interview.txt,2,0,0.0471698113207547,0.0,0.0094339622641509,0.0564175341466152,,,,,,,,,,
212,2024-09-08 11:24:53,petroleum_engineer_interview.txt,3,0,0.079646017699115,0.0088495575221238,0.0,0.0720336357130974,,,,,,,,,,
212,2024-09-08 11:24:53,business_analyst_interview.txt,1,0,0.0542635658914728,0.0,0.0077519379844961,0.0,,,,,,,,,,
212,2024-09-08 11:24:53,business_analyst_interview.txt,2,0,0.0462962962962962,0.0,0.0092592592592592,0.0806541259927466,,,,,,,,,,
212,2024-09-08 11:24:53,business_analyst_interview.txt,3,0,0.0659340659340659,0.0,0.0109890109890109,0.0,,,,,,,,,,
212,2024-09-08 11:24:53,data_engineer_interview.txt,1,0,0.1240310077519379,0.0,0.0077519379844961,0.15220760143159,,,,,,,,,,
212,2024-09-08 11:24:53,data_engineer_interview.txt,2,0,0.0818181818181818,0.0,0.009090909090909,0.0452239103227598,,,,,,,,,,
212,2024-09-08 11:24:53,data_engineer_interview.txt,3,0,0.1538461538461538,0.0076923076923076,0.0,0.0,,,,,,,,,,
212,2024-09-08 11:24:53,aerospace_engineer_interview.txt,1,0,0.0588235294117647,0.0,0.0117647058823529,0.0598364515055597,,,,,,,,,,
212,2024-09-08 11:24:53,aerospace_engineer_interview.txt,2,0,0.0444444444444444,0.0,0.0111111111111111,0.0372874438364637,,,,,,,,,,
212,2024-09-08 11:24:53,aerospace_engineer_interview.txt,3,0,0.0612244897959183,0.0,0.0306122448979591,0.047097992667724,,,,,,,,,,
212,2024-09-08 11:24:53,bartender_interview.txt,1,0,0.0636363636363636,0.0,0.009090909090909,0.0802144581933062,,,,,,,,,,
212,2024-09-08 11:24:53,bartender_interview.txt,2,0,0.072072072072072,0.0,0.0,0.0542195723652842,,,,,,,,,,
212,2024-09-08 11:24:53,bartender_interview.txt,3,0,0.0588235294117647,0.0,0.0,0.0973387164224358,,,,,,,,,,
212,2024-09-08 11:24:53,natural_language_processing_engineer_interview.txt,1,0,0.05,0.0,0.025,0.0164392722606681,,,,,,,,,,
212,2024-09-08 11:24:53,natural_language_processing_engineer_interview.txt,2,0,0.0381679389312977,0.0,0.0229007633587786,0.0706681390294403,,,,,,,,,,
212,2024-09-08 11:24:53,natural_language_processing_engineer_interview.txt,3,0,0.1185185185185185,0.0074074074074074,0.0,0.0796851750714229,,,,,,,,,,
212,2024-09-08 11:24:53,cto_of_a_fintec_interview.txt,1,0,0.0714285714285714,0.0,0.0158730158730158,0.0542815808204184,,,,,,,,,,
212,2024-09-08 11:24:53,cto_of_a_fintec_interview.txt,2,0,0.056,0.008,0.008,0.0907334966492485,,,,,,,,,,
212,2024-09-08 11:24:53,cto_of_a_fintec_interview.txt,3,0,0.073170731707317,0.0,0.0,0.0552888252461915,,,,,,,,,,
212,2024-09-08 11:24:53,database_administrator_interview.txt,1,0,0.0660377358490566,0.0,0.0,0.0548225848771237,,,,,,,,,,
212,2024-09-08 11:24:53,database_administrator_interview.txt,2,0,0.0254237288135593,0.0,0.0,0.024114343310107,,,,,,,,,,
212,2024-09-08 11:24:53,database_administrator_interview.txt,3,0,0.0863309352517985,0.0287769784172661,0.0287769784172661,0.104152812248344,,,,,,,,,,
212,2024-09-08 11:24:53,nuclear_engineer_interview.txt,1,0,0.0892857142857142,0.0,0.0089285714285714,0.0449991497095448,,,,,,,,,,
212,2024-09-08 11:24:53,nuclear_engineer_interview.txt,2,0,0.0421052631578947,0.0,0.0,0.0757479536132003,,,,,,,,,,
212,2024-09-08 11:24:53,nuclear_engineer_interview.txt,3,0,0.0566037735849056,0.0,0.0283018867924528,0.1100773347441114,,,,,,,,,,
212,2024-09-08 11:24:53,pharmacist_interview.txt,1,0,0.0654205607476635,0.0,0.0093457943925233,0.0,,,,,,,,,,
212,2024-09-08 11:24:53,pharmacist_interview.txt,2,0,0.0441176470588235,0.0,0.0,0.0690132425340739,,,,,,,,,,
212,2024-09-08 11:24:53,pharmacist_interview.txt,3,0,0.0842105263157894,0.0421052631578947,0.0,0.0934611119352368,,,,,,,,,,
212,2024-09-08 11:24:53,chef_interview.txt,1,0,0.0588235294117647,0.0,0.0,0.0332256967857307,,,,,,,,,,
212,2024-09-08 11:24:53,chef_interview.txt,2,0,0.0642857142857142,0.0,0.0142857142857142,0.0765835105514407,,,,,,,,,,
212,2024-09-08 11:24:53,chef_interview.txt,3,0,0.0543478260869565,0.0,0.0,0.0449413215361284,,,,,,,,,,
212,2024-09-08 11:24:53,hotel_manager_interview.txt,1,0,0.040650406504065,0.0,0.008130081300813,0.1413053520565927,,,,,,,,,,
212,2024-09-08 11:24:53,hotel_manager_interview.txt,2,0,0.0948275862068965,0.0,0.0,0.1099607806113364,,,,,,,,,,
212,2024-09-08 11:24:53,hotel_manager_interview.txt,3,0,0.0873015873015873,0.0079365079365079,0.0,0.0983426079695328,,,,,,,,,,
212,2024-09-08 11:24:53,mobile_app_developer_interview.txt,1,0,0.0526315789473684,0.0,0.0,0.1013216232627603,,,,,,,,,,
212,2024-09-08 11:24:53,mobile_app_developer_interview.txt,2,0,0.024390243902439,0.0,0.016260162601626,0.0251933432248417,,,,,,,,,,
212,2024-09-08 11:24:53,mobile_app_developer_interview.txt,3,0,0.0465116279069767,0.0,0.0387596899224806,0.0713877057334111,,,,,,,,,,
212,2024-09-08 11:24:53,graphic_designer_interview.txt,1,0,0.0701754385964912,0.0,0.0087719298245614,0.0907194463199692,,,,,,,,,,
212,2024-09-08 11:24:53,graphic_designer_interview.txt,2,0,0.0338983050847457,0.0,0.0169491525423728,0.1235217831475955,,,,,,,,,,
212,2024-09-08 11:24:53,graphic_designer_interview.txt,3,0,0.0827067669172932,0.0,0.0,0.1745280411231842,,,,,,,,,,
212,2024-09-08 11:24:53,geotechnical_engineer_interview.txt,1,0,0.0512820512820512,0.0,0.0256410256410256,0.0319974506476605,,,,,,,,,,
212,2024-09-08 11:24:53,geotechnical_engineer_interview.txt,2,0,0.0806451612903225,0.0,0.0161290322580645,0.0214325208060958,,,,,,,,,,
212,2024-09-08 11:24:53,geotechnical_engineer_interview.txt,3,0,0.058252427184466,0.0,0.0097087378640776,0.0773230010696247,,,,,,,,,,
212,2024-09-08 11:24:53,gardener_interview.txt,1,0,0.048076923076923,0.0,0.0,0.0456965816968714,,,,,,,,,,
212,2024-09-08 11:24:53,gardener_interview.txt,2,0,0.0598290598290598,0.0,0.0085470085470085,0.1140851410160635,,,,,,,,,,
212,2024-09-08 11:24:53,gardener_interview.txt,3,0,0.0606060606060606,0.0,0.0075757575757575,0.0,,,,,,,,,,
212,2024-09-08 11:24:53,ai_software_developer_interview.txt,1,0,0.09,0.0,0.0,0.0111499229117319,,,,,,,,,,
212,2024-09-08 11:24:53,ai_software_developer_interview.txt,2,0,0.0542635658914728,0.0,0.0077519379844961,0.1105557259653508,,,,,,,,,,
212,2024-09-08 11:24:53,ai_software_developer_interview.txt,3,0,0.089430894308943,0.0,0.008130081300813,0.0,,,,,,,,,,
212,2024-09-08 11:24:53,supply_chain_manager_interview.txt,1,0,0.0485436893203883,0.0,0.0097087378640776,0.110396931184179,,,,,,,,,,
212,2024-09-08 11:24:53,supply_chain_manager_interview.txt,2,0,0.0446428571428571,0.0,0.0,0.0139712343151882,,,,,,,,,,
212,2024-09-08 11:24:53,supply_chain_manager_interview.txt,3,0,0.0588235294117647,0.0073529411764705,0.0,0.028340865949965,,,,,,,,,,
212,2024-09-08 11:24:53,cloud_architect_interview.txt,1,0,0.0285714285714285,0.0,0.0380952380952381,0.0391645933980824,,,,,,,,,,
212,2024-09-08 11:24:53,cloud_architect_interview.txt,2,0,0.0708661417322834,0.0,0.0157480314960629,0.0392796140007774,,,,,,,,,,
212,2024-09-08 11:24:53,cloud_architect_interview.txt,3,0,0.0546875,0.0,0.0078125,0.0877736868278276,,,,,,,,,,
212,2024-09-08 11:24:53,mining_engineer_interview.txt,1,0,0.043103448275862,0.0,0.0,0.0623291883426047,,,,,,,,,,
212,2024-09-08 11:24:53,mining_engineer_interview.txt,2,0,0.0526315789473684,0.0,0.0,0.0706375811030402,,,,,,,,,,
212,2024-09-08 11:24:53,mining_engineer_interview.txt,3,0,0.0444444444444444,0.0,0.0222222222222222,0.0358635620371859,,,,,,,,,,
212,2024-09-08 11:24:53,devops_engineer_interview.txt,1,0,0.0977443609022556,0.0601503759398496,0.0,0.07311065388755,,,,,,,,,,
212,2024-09-08 11:24:53,devops_engineer_interview.txt,2,0,0.0526315789473684,0.0,0.0263157894736842,0.148397515332583,,,,,,,,,,
212,2024-09-08 11:24:53,devops_engineer_interview.txt,3,0,0.0842105263157894,0.0,0.0105263157894736,0.0,,,,,,,,,,
212,2024-09-08 11:24:53,system_administrator_interview.txt,1,0,0.0408163265306122,0.0,0.0204081632653061,0.0332782663987651,,,,,,,,,,
212,2024-09-08 11:24:53,system_administrator_interview.txt,2,0,0.0560747663551401,0.0,0.0186915887850467,0.0204433907247207,,,,,,,,,,
212,2024-09-08 11:24:53,system_administrator_interview.txt,3,0,0.0921052631578947,0.0,0.0,0.1253139835189771,,,,,,,,,,
212,2024-09-08 11:24:53,content_writer_interview.txt,1,0,0.0769230769230769,0.0,0.0109890109890109,0.055124321075318,,,,,,,,,,
212,2024-09-08 11:24:53,content_writer_interview.txt,2,0,0.0454545454545454,0.0,0.0113636363636363,0.1019393483798434,,,,,,,,,,
212,2024-09-08 11:24:53,content_writer_interview.txt,3,0,0.0518518518518518,0.0,0.0222222222222222,0.0877565421919958,,,,,,,,,,
212,2024-09-08 11:24:53,transportation_engineer_interview.txt,1,0,0.0656934306569343,0.0,0.0145985401459854,0.1117562157628961,,,,,,,,,,
212,2024-09-08 11:24:53,transportation_engineer_interview.txt,2,0,0.0241935483870967,0.0080645161290322,0.0161290322580645,0.0349067186143281,,,,,,,,,,
212,2024-09-08 11:24:53,transportation_engineer_interview.txt,3,0,0.0763358778625954,0.0,0.0076335877862595,0.1166303786213575,,,,,,,,,,
212,2024-09-08 11:24:53,lorry_driver_interview.txt,1,0,0.0454545454545454,0.0,0.0,0.0916819840397446,,,,,,,,,,
212,2024-09-08 11:24:53,lorry_driver_interview.txt,2,0,0.0458015267175572,0.0,0.0076335877862595,0.0567176989464362,,,,,,,,,,
212,2024-09-08 11:24:53,lorry_driver_interview.txt,3,0,0.0413223140495867,0.0,0.0,0.1123148981401632,,,,,,,,,,
212,2024-09-08 11:24:53,dentist_interview.txt,1,0,0.0592592592592592,0.0,0.0074074074074074,0.0704318199356172,,,,,,,,,,
212,2024-09-08 11:24:53,dentist_interview.txt,2,0,0.0526315789473684,0.0,0.0087719298245614,0.0940702620980976,,,,,,,,,,
212,2024-09-08 11:24:53,dentist_interview.txt,3,0,0.0555555555555555,0.0,0.0,0.1371066698362683,,,,,,,,,,
212,2024-09-08 11:24:53,physicist_interview.txt,1,0,0.0608695652173913,0.0,0.008695652173913,0.1139810973689073,,,,,,,,,,
212,2024-09-08 11:24:53,physicist_interview.txt,2,0,0.0508474576271186,0.0,0.0423728813559322,0.1136156482515152,,,,,,,,,,
212,2024-09-08 11:24:53,physicist_interview.txt,3,0,0.0503597122302158,0.0,0.0071942446043165,0.062641834791487,,,,,,,,,,
212,2024-09-08 11:24:53,architect_interview.txt,1,0,0.0459770114942528,0.0,0.0229885057471264,0.0,,,,,,,,,,
212,2024-09-08 11:24:53,architect_interview.txt,2,0,0.0687022900763358,0.0,0.0229007633587786,0.0876209078759001,,,,,,,,,,
212,2024-09-08 11:24:53,architect_interview.txt,3,0,0.0606060606060606,0.0378787878787878,0.0227272727272727,0.0480218505844039,,,,,,,,,,
212,2024-09-08 11:24:53,materials_engineer_interview.txt,1,0,0.0454545454545454,0.0,0.0181818181818181,0.0329382443745014,,,,,,,,,,
212,2024-09-08 11:24:53,materials_engineer_interview.txt,2,0,0.057471264367816,0.0,0.0114942528735632,0.0418562922438496,,,,,,,,,,
212,2024-09-08 11:24:53,materials_engineer_interview.txt,3,0,0.0508474576271186,0.0,0.0,0.0236745237289426,,,,,,,,,,
212,2024-09-08 11:24:53,computer_vision_engineer_interview.txt,1,0,0.0825688073394495,0.0,0.018348623853211,0.0651242189442417,,,,,,,,,,
212,2024-09-08 11:24:53,computer_vision_engineer_interview.txt,2,0,0.08,0.0,0.0,0.0806504300442508,,,,,,,,,,
212,2024-09-08 11:24:53,computer_vision_engineer_interview.txt,3,0,0.0564516129032258,0.0,0.0,0.0739659279494996,,,,,,,,,,
212,2024-09-08 11:24:53,data_scientist_interview.txt,1,0,0.0847457627118644,0.0,0.0084745762711864,0.0,,,,,,,,,,
212,2024-09-08 11:24:53,data_scientist_interview.txt,2,0,0.089430894308943,0.016260162601626,0.0,0.0524078414472835,,,,,,,,,,
212,2024-09-08 11:24:53,data_scientist_interview.txt,3,0,0.104,0.0,0.008,0.0,,,,,,,,,,
212,2024-09-08 11:24:53,structural_engineer_interview.txt,1,0,0.0827067669172932,0.0,0.0075187969924812,0.1294579871455792,,,,,,,,,,
212,2024-09-08 11:24:53,structural_engineer_interview.txt,2,0,0.056,0.0,0.016,0.0444434820554314,,,,,,,,,,
212,2024-09-08 11:24:53,structural_engineer_interview.txt,3,0,0.0747663551401869,0.0,0.0093457943925233,0.0492461992698414,,,,,,,,,,
212,2024-09-08 11:24:53,ai_ethicist_interview.txt,1,0,0.0671641791044776,0.0597014925373134,0.0,0.0,,,,,,,,,,
212,2024-09-08 11:24:53,ai_ethicist_interview.txt,2,0,0.0869565217391304,0.0608695652173913,0.0260869565217391,0.0463364020063631,,,,,,,,,,
212,2024-09-08 11:24:53,ai_ethicist_interview.txt,3,0,0.0962962962962963,0.0518518518518518,0.0,0.0627334709480612,,,,,,,,,,
212,2024-09-08 11:24:53,sales_manager_interview.txt,1,0,0.0454545454545454,0.0,0.0227272727272727,0.0927529785536527,,,,,,,,,,
212,2024-09-08 11:24:53,sales_manager_interview.txt,2,0,0.0727272727272727,0.0,0.0,0.1185601973267088,,,,,,,,,,
212,2024-09-08 11:24:53,sales_manager_interview.txt,3,0,0.0444444444444444,0.0,0.0,0.106219738259975,,,,,,,,,,
212,2024-09-08 11:24:53,frontend_developer_interview.txt,1,0,0.0338983050847457,0.0,0.0,0.0463880667322203,,,,,,,,,,
212,2024-09-08 11:24:53,frontend_developer_interview.txt,2,0,0.048076923076923,0.0,0.0192307692307692,0.0316033064174671,,,,,,,,,,
212,2024-09-08 11:24:53,frontend_developer_interview.txt,3,0,0.0677966101694915,0.0,0.0084745762711864,0.1521935579294296,,,,,,,,,,
212,2024-09-08 11:24:53,public_relations_specialist_interview.txt,1,0,0.0707070707070707,0.0,0.0,0.0612498751422564,,,,,,,,,,
212,2024-09-08 11:24:53,public_relations_specialist_interview.txt,2,0,0.1025641025641025,0.0341880341880341,0.0,0.0,,,,,,,,,,
212,2024-09-08 11:24:53,public_relations_specialist_interview.txt,3,0,0.0517241379310344,0.0,0.0086206896551724,0.1004132052736,,,,,,,,,,
212,2024-09-08 11:24:53,logistics_coordinator_interview.txt,1,0,0.0603448275862069,0.0,0.0344827586206896,0.0536258473420191,,,,,,,,,,
212,2024-09-08 11:24:53,logistics_coordinator_interview.txt,2,0,0.043010752688172,0.0,0.0,0.0355816989033996,,,,,,,,,,
212,2024-09-08 11:24:53,logistics_coordinator_interview.txt,3,0,0.054054054054054,0.0,0.0,0.041870378325629,,,,,,,,,,
212,2024-09-08 11:24:53,nurse_interview.txt,1,0,0.0652173913043478,0.0,0.0217391304347826,0.0792010942258981,,,,,,,,,,
212,2024-09-08 11:24:53,nurse_interview.txt,2,0,0.0514705882352941,0.0,0.0147058823529411,0.1370661560765469,,,,,,,,,,
212,2024-09-08 11:24:53,nurse_interview.txt,3,0,0.054054054054054,0.0,0.036036036036036,0.1152664333805689,,,,,,,,,,
212,2024-09-08 11:24:53,chemist_interview.txt,1,0,0.0727272727272727,0.0,0.0181818181818181,0.0527446151325422,,,,,,,,,,
212,2024-09-08 11:24:53,chemist_interview.txt,2,0,0.1075268817204301,0.0,0.0,0.1152384730306447,,,,,,,,,,
212,2024-09-08 11:24:53,chemist_interview.txt,3,0,0.0697674418604651,0.0,0.0077519379844961,0.0643850449549886,,,,,,,,,,
212,2024-09-08 11:24:53,manufacturing_engineer_interview.txt,1,0,0.0687022900763358,0.015267175572519,0.0229007633587786,0.0482168090314157,,,,,,,,,,
212,2024-09-08 11:24:53,manufacturing_engineer_interview.txt,2,0,0.0446428571428571,0.0,0.0089285714285714,0.0834938300109287,,,,,,,,,,
212,2024-09-08 11:24:53,manufacturing_engineer_interview.txt,3,0,0.0602409638554216,0.0,0.0,0.0635358168333495,,,,,,,,,,
212,2024-09-08 11:24:53,veterinarian_interview.txt,1,0,0.048076923076923,0.0,0.0096153846153846,0.0969298964109895,,,,,,,,,,
212,2024-09-08 11:24:53,veterinarian_interview.txt,2,0,0.05,0.0142857142857142,0.0,0.0695811870523281,,,,,,,,,,
212,2024-09-08 11:24:53,veterinarian_interview.txt,3,0,0.032520325203252,0.0,0.016260162601626,0.0394390204432756,,,,,,,,,,
212,2024-09-08 11:24:53,event_planner_interview.txt,1,0,0.0373134328358208,0.0,0.0,0.099059528098622,,,,,,,,,,
212,2024-09-08 11:24:53,event_planner_interview.txt,2,0,0.078125,0.0,0.0078125,0.0271201838699979,,,,,,,,,,
212,2024-09-08 11:24:53,event_planner_interview.txt,3,0,0.048076923076923,0.0,0.0,0.1572289573335409,,,,,,,,,,
212,2024-09-08 11:24:53,seo_specialist_interview.txt,1,0,0.0306122448979591,0.0,0.0,0.0418630458366323,,,,,,,,,,
212,2024-09-08 11:24:53,seo_specialist_interview.txt,2,0,0.0561797752808988,0.0,0.0,0.0469111864526693,,,,,,,,,,
212,2024-09-08 11:24:53,seo_specialist_interview.txt,3,0,0.0648148148148148,0.0,0.0092592592592592,0.1552382553045406,,,,,,,,,,
212,2024-09-08 11:24:53,procurement_specialist_interview.txt,1,0,0.1349206349206349,0.0079365079365079,0.0,0.0,,,,,,,,,,
212,2024-09-08 11:24:53,procurement_specialist_interview.txt,2,0,0.0467289719626168,0.0,0.0,0.0290324715415137,,,,,,,,,,
212,2024-09-08 11:24:53,procurement_specialist_interview.txt,3,0,0.0614035087719298,0.0,0.0087719298245614,0.0990984254553111,,,,,,,,,,
212,2024-09-08 11:24:53,aerospace_engineer_interview.txt,-999,0,0.0548308212173758,0.0,0.0178293539638077,0.0480739626699158,0.0090746222810393,-22.39228019751654,0.0,0.0,0.011075130789614,1.5910790693874617,0.0113061410215475,-49.35193438837489,74.0,76.0
212,2024-09-08 11:24:53,agricultural_engineer_interview.txt,-999,0,0.0456377917911273,0.0,0.0109669211195928,0.011394722776523,0.0069730377729906,-35.404123463912626,0.0,0.0,0.0114809600183229,-37.51084010840108,0.0098783166486343,-87.99515091413978,94.0,99.0
212,2024-09-08 11:24:53,ai_ethicist_interview.txt,-999,0,0.0834723323799681,0.0574743032021855,0.008695652173913,0.0363566243181414,0.014875306539273,18.14700635108176,0.0049040868504378,0.0,0.0150613113701641,-50.45245669848003,0.0325356583816519,-61.69667338376586,10.0,91.0
212,2024-09-08 11:24:53,ai_professor_interview.txt,-999,0,0.0658976546369447,0.0,0.0130909255756256,0.0340822291710896,0.0113684743774216,-6.728248763048711,0.0,0.0,0.0039311982797189,-25.408331791241707,0.0420786958568103,-64.09285019626586,42.0,92.0
212,2024-09-08 11:24:53,ai_software_developer_interview.txt,-999,0,0.0778981534001386,0.0,0.0052940064284363,0.0405685496256942,0.0204701310535737,10.257295586392232,0.0,0.0,0.0045886409905508,-69.8349235335802,0.0608665247425301,-57.25922205916984,17.0,88.0
212,2024-09-08 11:24:53,architect_interview.txt,-999,0,0.0584284540588831,0.0126262626262626,0.0228721806110592,0.0452142528201013,0.0115180748983522,-17.300179161695667,0.0218693283783949,0.0,0.0001329413508501,30.324941311064123,0.0438778740158845,-52.36476636767525,61.0,78.0
212,2024-09-08 11:24:53,astronomer_interview.txt,-999,0,0.0603797074385309,0.0052910052910052,0.0059134765017117,0.0224049461475774,0.019792235413115,-14.538368884388149,0.0091642899871369,0.0,0.0052056422918386,-66.30520320142512,0.0195158607931298,-76.39538911533178,55.0,96.0
212,2024-09-08 11:24:53,backend_developer_interview.txt,-999,0,0.0525201180281394,0.0,0.0060062486533074,0.0863875677914038,0.0090964815246191,-25.6628568855078,0.0,0.0,0.0052367468209077,-65.77659049861344,0.0423274975700418,-8.986841139563666,79.0,16.0
212,2024-09-08 11:24:53,barista_interview.txt,-999,0,0.0690503124326653,0.0,0.0081663434604611,0.087702429243304,0.0185405746278981,-2.265966830895792,0.0,0.0,0.0084133830483931,-53.46844053443765,0.0174195882811321,-7.601575906837013,32.0,14.0
212,2024-09-08 11:24:53,bartender_interview.txt,-999,0,0.0648439883734001,0.0,0.003030303030303,0.0772575823270087,0.0067063208083585,-8.219611364063041,0.0,0.0,0.0052486388108147,-82.73343187977335,0.0217111142556495,-18.605688373125343,43.0,27.0
212,2024-09-08 11:24:53,biologist_interview.txt,-999,0,0.0680868838763575,0.01,0.0063492063492063,0.0489864703554579,0.0312272387653812,-3.629606692338399,0.0173205080756887,0.0,0.0109971479845643,-63.822428700477474,0.0437409249891785,-48.3905668088853,36.0,74.0
212,2024-09-08 11:24:53,biomedical_engineer_interview.txt,-999,0,0.0856556387346051,0.0,0.0033003300330033,0.0789197619677442,0.0227655924444408,21.237265151727968,0.0,0.0,0.0057163392989071,-81.19482679975314,0.0318817554345985,-16.854507924775135,7.0,25.0
212,2024-09-08 11:24:53,business_analyst_interview.txt,-999,0,0.0554979760406117,0.0,0.0093334027442554,0.0268847086642488,0.0098769086964874,-21.44798712590089,0.0,0.0,0.0016198096651814,-46.81857468852488,0.0465656813531662,-71.67575933513768,72.0,95.0
212,2024-09-08 11:24:53,business_intelligence_analyst_interview.txt,-999,0,0.0687741763372015,0.0,0.0128851540616246,0.1003877971033804,0.0087949076901518,-2.6568107440144217,0.0,0.0,0.0111623859076589,-26.580811186263105,0.0562029429299538,5.763025386719647,35.0,8.0
212,2024-09-08 11:24:53,chef_interview.txt,-999,0,0.0591523565948118,0.0,0.0047619047619047,0.0515835096244333,0.0049770976432038,-16.27556519594934,0.0,0.0,0.0082478609884232,-72.86682152535812,0.0224290882691609,-45.654470011661154,59.0,69.0
212,2024-09-08 11:24:53,chemical_engineer_interview.txt,-999,0,0.0718084273182957,0.0,0.0156272377372001,0.0708178587504109,0.0017176512571054,1.63787780382998,0.0,0.0,0.0054242753193317,-10.95650757628681,0.0689536349550145,-25.390224619236847,27.0,39.0
212,2024-09-08 11:24:53,chemist_interview.txt,-999,0,0.0833405321027226,0.0,0.0086445853887714,0.0774560443727252,0.0209982089846374,17.960455816924977,0.0,0.0,0.0091237186848588,-50.74343357950845,0.0332341516828835,-18.396599748959304,11.0,26.0
212,2024-09-08 11:24:53,civil_engineer_interview.txt,-999,0,0.0748457883658269,0.0,0.011100938334159,0.0633969770053524,0.012732133342275,5.936968349661214,0.0,0.0,0.0034094988331135,-36.74721437808669,0.017188509235205,-33.20845479303192,23.0,52.0
212,2024-09-08 11:24:53,cloud_architect_interview.txt,-999,0,0.0513750234345706,0.0,0.0205519231971003,0.0554059647422291,0.0213410418229086,-27.283627437396945,0.0,0.0,0.0157025185318364,17.10419002185195,0.0280313285841514,-41.62734291725233,82.0,62.0
212,2024-09-08 11:24:53,computer_vision_engineer_interview.txt,-999,0,0.0730068067475584,0.0,0.0061162079510703,0.0732468589793307,0.01439463529251,3.33406788266484,0.0,0.0,0.0105935829209105,-65.1500459958728,0.0077880423033267,-22.831164451684472,26.0,36.0
212,2024-09-08 11:24:53,construction_manager_interview.txt,-999,0,0.0845533482626598,0.0,0.0189321197235666,0.076807083260755,0.0285329359907958,19.67707969055212,0.0,0.0,0.0084526221862361,7.874602506192673,0.0695745010677526,-19.0803092489258,9.0,29.0
212,2024-09-08 11:24:53,content_writer_interview.txt,-999,0,0.0580764914098247,0.0,0.0148582898582898,0.0816067372157191,0.0166320991283872,-17.798348221407025,0.0,0.0,0.0063801027372806,-15.337947583882524,0.0240057653765828,-14.02365955908776,64.0,22.0
212,2024-09-08 11:24:53,cto_of_a_fintec_interview.txt,-999,0,0.0668664343786295,0.0026666666666666,0.0079576719576719,0.0667679675719528,0.0094508374067066,-5.35703481670042,0.004618802153517,0.0,0.007936592592141,-54.65744397126511,0.0207608663908648,-29.656965755907265,40.0,45.0
212,2024-09-08 11:24:53,customer_service_representative_interview.txt,-999,0,0.0581985266195792,0.0,0.0059542796384901,0.0671208891698068,0.0164720762626921,-17.6256191950239,0.0,0.0,0.005159023304182,-66.07270825499324,0.0489025078385463,-29.28514709875597,63.0,43.0
212,2024-09-08 11:24:53,cybersecurity_specialist_interview.txt,-999,0,0.0773109926377253,0.0202599644579842,0.008,0.0511719302908732,0.0215075743575556,9.426226364435236,0.0111223276261782,0.0,0.013856406460551,-54.41626016260162,0.0555235444498658,-46.08808721175909,19.0,70.0
212,2024-09-08 11:24:53,data_engineer_interview.txt,-999,0,0.1198984478054245,0.0025641025641025,0.0056142823584684,0.0658105039181166,0.0361913764231097,69.70464668304683,0.0044411559168432,0.0,0.0049079869301384,-68.01000169973511,0.0781642140642681,-30.665696454751668,1.0,48.0
212,2024-09-08 11:24:53,data_scientist_interview.txt,-999,0,0.0927255523402691,0.005420054200542,0.0054915254237288,0.0174692804824278,0.0100410403865582,31.244043491977635,0.0093878092551158,0.0,0.0047617165254651,-68.70946672178586,0.0302576813672363,-81.5953332131787,2.0,98.0
212,2024-09-08 11:24:53,database_administrator_interview.txt,-999,0,0.0592641333048048,0.0095923261390887,0.0095923261390887,0.0610299134785249,0.0310134360817725,-16.1173560829545,0.0166143962356726,0.0,0.0166143962356726,-45.34323760503791,0.0403786741209838,-35.70226188018239,58.0,55.0
212,2024-09-08 11:24:53,dentist_interview.txt,-999,0,0.0558154645873944,0.0,0.0053931124106562,0.1005362506233277,0.0033214757424644,-20.998612820863087,0.0,0.0,0.0047201405129731,-69.27022086985002,0.033804447311336,5.919427796693483,71.0,6.0
212,2024-09-08 11:24:53,devops_engineer_interview.txt,-999,0,0.0781954887218045,0.0200501253132832,0.0122807017543859,0.073836056406711,0.0231500816817152,10.67814495211195,0.0347278357407293,0.0,0.0132453235706504,-30.024960775923542,0.0742014170742861,-22.210418661181293,16.0,35.0
212,2024-09-08 11:24:53,digital_marketing_specialist_interview.txt,-999,0,0.0566753539345686,0.0,0.0098898021657708,0.0832511521109623,0.018437893884227,-19.78152268733997,0.0,0.0,0.001141597288879,-43.64822887902008,0.0721138721343955,-12.291195063101242,68.0,19.0
212,2024-09-08 11:24:53,doctor_interview.txt,-999,0,0.0602297484650425,0.0,0.0097643097643097,0.0522903051616822,0.0089849186448038,-14.750621295312598,0.0,0.0,0.0091654259857348,-44.36328050149187,0.0202047210831162,-44.90982936303435,56.0,67.0
212,2024-09-08 11:24:53,electrical_engineer_interview.txt,-999,0,0.0882428940568475,0.0066666666666666,0.0034722222222222,0.039980860416496,0.0102279568387673,24.89927461370624,0.0115470053837925,0.0,0.0060140653040586,-80.21539069557362,0.0105493860274732,-57.87837887449393,4.0,90.0
212,2024-09-08 11:24:53,environmental_engineer_interview.txt,-999,0,0.0850391671820243,0.0,0.0146464646464646,0.0757482535843909,0.0057403325072782,20.364709343577218,0.0,0.0,0.0137481389786022,-16.54492075223783,0.0665124574639047,-20.19583357730795,8.0,31.0
212,2024-09-08 11:24:53,environmental_scientist_interview.txt,-999,0,0.0539188210091536,0.0,0.0164064483371414,0.08260450506481,0.0118172493974848,-23.683128210514862,0.0,0.0,0.0206568954496431,-6.516590918003615,0.0269700022423844,-12.97246659143272,78.0,20.0
212,2024-09-08 11:24:53,event_planner_interview.txt,-999,0,0.0545051186375813,0.0,0.0026041666666666,0.0944695564340536,0.021151531321009,-22.85328067116309,0.0,0.0,0.0045105489780439,-85.16154302168022,0.0651757172032501,-0.4721053384833027,75.0,12.0
212,2024-09-08 11:24:53,financial_analyst_interview.txt,-999,0,0.0676149780212825,0.0029498525073746,0.0116001867826685,0.1144640016456769,0.0109990487697447,-4.297543749648227,0.0051092944176073,0.0,0.0104294293817635,-33.902512954201285,0.0486399351293362,20.59293520954837,38.0,3.0
212,2024-09-08 11:24:53,fire_protection_engineer_interview.txt,-999,0,0.0750968992248062,0.0240402362495385,0.0107281284606865,0.0328066995261925,0.0222393748401715,6.292391462982081,0.0201060034230084,0.0,0.0041775518863019,-38.87147291323412,0.029641073128454,-65.43667761461074,21.0,94.0
212,2024-09-08 11:24:53,focus_group_interview.txt,-999,0,0.0588235294117647,0.0,0.0,0.0,0.0,-16.74098824303796,0.0,0.0,0.0,-100.0,0.0,-100.0,60.0,100.0
212,2024-09-08 11:24:53,frontend_developer_interview.txt,-999,0,0.0499239461103867,0.0,0.0092351151673185,0.0767283103597056,0.0170244645281205,-29.337486925303224,0.0,0.0,0.0096379165726401,-47.37861410556739,0.0657715742358427,-19.163300016467915,88.0,30.0
212,2024-09-08 11:24:53,full_stack_developer_interview.txt,-999,0,0.0804121707008846,0.0123456790123456,0.0101876154369592,0.0483128022847362,0.0780055017087343,13.815643718392453,0.0213833433033194,0.0,0.0040072722095984,-41.95129854477313,0.0514378645862778,-49.10030619277265,13.0,75.0
212,2024-09-08 11:24:53,game_developer_interview.txt,-999,0,0.0521700521700521,0.0,0.0183890183890183,0.0658134742018097,0.0083272280313069,-26.15834122120914,0.0,0.0,0.0047618055766234,4.7800287637686125,0.0101708631617814,-30.662567128292565,81.0,47.0
212,2024-09-08 11:24:53,gardener_interview.txt,-999,0,0.0561706811706811,0.0,0.0053742553742553,0.0532605742376449,0.0070201583039181,-20.49583813223272,0.0,0.0,0.0046795082789833,-69.37766765002537,0.057417465439807,-43.88760758036767,70.0,66.0
212,2024-09-08 11:24:53,geneticist_interview.txt,-999,0,0.0611336032388664,0.0096153846153846,0.0101407364565259,0.0973580478295555,0.0279117427581266,-13.471302356226062,0.0166543346881622,0.0,0.008783849262908,-42.21841345076261,0.0114069685173857,2.571049283957322,52.0,9.0
212,2024-09-08 11:24:53,geologist_interview.txt,-999,0,0.0897087359987703,0.0,0.0084852734922861,0.0625965489539741,0.0186570725171784,26.97403198880508,0.0,0.0,0.0087032835354668,-51.651187584807126,0.0571174070875316,-34.05174147488816,3.0,53.0
212,2024-09-08 11:24:53,geotechnical_engineer_interview.txt,-999,0,0.0633932132522799,0.0,0.0171595985877226,0.0435843241744603,0.0153417345298937,-10.273043112785928,0.0,0.0,0.0080159839490695,-2.225165282882997,0.0296922241439828,-54.08196895306461,46.0,82.0
212,2024-09-08 11:24:53,graphic_designer_interview.txt,-999,0,0.06226017019951,0.0,0.0085736941223114,0.129589756863583,0.0253486704180317,-11.87675587526506,0.0,0.0,0.0084763150024872,-51.14736971039053,0.0422325155476891,36.5285935192658,51.0,1.0
212,2024-09-08 11:24:53,hotel_manager_interview.txt,-999,0,0.0742598600041829,0.0026455026455026,0.002710027100271,0.1165362468791539,0.029348878825487,5.107643471696633,0.0045821449935684,0.0,0.0046939046275579,-84.55835371361843,0.0222233416108369,22.77613806447352,25.0,2.0
212,2024-09-08 11:24:53,human_resources_manager_interview.txt,-999,0,0.0639151864060417,0.0,0.0236426564141502,0.0579282148176675,0.0148051245436644,-9.534240640706187,0.0,0.0,0.007475764681373,34.71508738095281,0.0734851947736557,-38.97003987388016,45.0,58.0
212,2024-09-08 11:24:53,industrial_engineer_interview.txt,-999,0,0.0786461242176215,0.0,0.0231474883646284,0.056356248609007,0.0158844724236964,11.3159758748657,0.0,0.0,0.01226823742033,31.8936359378038,0.0528215330852058,-40.62617644456724,15.0,59.0
212,2024-09-08 11:24:53,it_manager_interview.txt,-999,0,0.0471973372676066,0.0,0.0051092318534179,0.1004112410170443,0.0142018613496248,-33.1967378061636,0.0,0.0,0.0044256013696548,-70.88776305310621,0.072368648424168,5.787724596260446,91.0,7.0
212,2024-09-08 11:24:53,logistics_coordinator_interview.txt,-999,0,0.0524698781094776,0.0,0.0114942528735632,0.0436926415236826,0.008774950040325,-25.733966627142763,0.0,0.0,0.019908629972056,-34.50612092327819,0.0091590559333901,-53.96785179055914,80.0,81.0
212,2024-09-08 11:24:53,lorry_driver_interview.txt,-999,0,0.0441927954072298,0.0,0.0025445292620865,0.086904860375448,0.0024919563434483,-37.44937596947936,0.0,0.0,0.0044072539632795,-85.50135501355014,0.0281047651195438,-8.44185031122339,95.0,15.0
212,2024-09-08 11:24:53,machine_learning_engineer_interview.txt,-999,0,0.0465436400713321,0.0,0.005050505050505,0.0507228529375464,0.0186352733243371,-34.12198290951551,0.0,0.0,0.0087477313513579,-71.2223864662889,0.0417620170314813,-46.56121024952814,93.0,72.0
212,2024-09-08 11:24:53,manufacturing_engineer_interview.txt,-999,0,0.0578620370248715,0.005089058524173,0.01060977826245,0.0650821519585646,0.012204857554227,-18.101887644095555,0.0088145079265591,0.0,0.0115425769617275,-39.54582849399921,0.0176892740534159,-31.43304775651628,65.0,49.0
212,2024-09-08 11:24:53,marine_engineer_interview.txt,-999,0,0.0663451012588943,0.0026041666666666,0.0147321428571428,0.0635955669632064,0.0085941694008704,-6.094931382570891,0.0045105489780439,0.0,0.0143066253205018,-16.05672909407666,0.0563358613200052,-32.99923140771915,41.0,51.0
212,2024-09-08 11:24:53,marketing_manager_interview.txt,-999,0,0.0574734490678158,0.0,0.0056307911617961,0.0433353117732308,0.010230270987519,-18.65189628194257,0.0,0.0,0.0048827850487395,-67.91593507524526,0.0335050053371757,-54.34431463324448,66.0,83.0
212,2024-09-08 11:24:53,materials_engineer_interview.txt,-999,0,0.0512577558164933,0.0,0.0098920236851271,0.0328230201157645,0.0060188571849888,-27.449608399264463,0.0,0.0,0.0091961938799908,-43.63557073397275,0.0090914319034334,-65.41948314497358,83.0,93.0
212,2024-09-08 11:24:53,mechanical_engineer_interview.txt,-999,0,0.0708540513494073,0.0,0.0029239766081871,0.0506481015165538,0.0086671076461903,0.2870510035879476,0.0,0.0,0.005064476045523,-83.3392763752199,0.0135803186403236,-46.639964208318496,30.0,73.0
212,2024-09-08 11:24:53,meteorologist_interview.txt,-999,0,0.0676512666704869,0.0,0.0157341100834086,0.0407192739003882,0.0157789142996009,-4.246180679445359,0.0,0.0,0.000801866882806,-10.34755242311398,0.0705278512427857,-57.10042730770777,37.0,87.0
212,2024-09-08 11:24:53,microbiologist_interview.txt,-999,0,0.0716161196083565,0.0,0.0024875621890547,0.081667457368724,0.023398475491293,1.3656848558227068,0.0,0.0,0.00430858409843,-85.82595154309752,0.0268522658028084,-13.95968816745406,28.0,21.0
212,2024-09-08 11:24:53,mining_engineer_interview.txt,-999,0,0.0467264905558916,0.0,0.0074074074074074,0.0562767771609436,0.0051577242427647,-33.86317574857249,0.0,0.0,0.0128300059819916,-57.79283348389039,0.0181598970628145,-40.70990316257054,92.0,60.0
212,2024-09-08 11:24:53,mobile_app_developer_interview.txt,-999,0,0.041177816918928,0.0,0.0183399508413688,0.0659675574070043,0.0148569985536164,-41.71678616935595,0.0,0.0,0.019463363791065,4.500443472954331,0.0383524739918186,-30.50023359361124,97.0,46.0
212,2024-09-08 11:24:53,natural_language_processing_engineer_interview.txt,-999,0,0.0688954858166054,0.0024691358024691,0.0159669211195928,0.0555975287871771,0.043380104289694,-2.485108918691836,0.0042766686606638,0.0,0.0138675385756967,-9.02100271002709,0.0342104300673422,-41.42552164481066,33.0,61.0
212,2024-09-08 11:24:53,network_administrator_interview.txt,-999,0,0.0611014125782108,0.0116959064327485,0.0237292955981766,0.0677886964885345,0.0239657375189806,-13.516865120323883,0.0202579041820921,0.0,0.024113132260403,35.208754634001025,0.0437899583450664,-28.581582278708154,54.0,42.0
212,2024-09-08 11:24:53,neuroscientist_interview.txt,-999,0,0.0512170987941831,0.0026666666666666,0.0144143248977901,0.0424897054500683,0.0090189791900086,-27.50715447873958,0.004618802153517,0.0,0.0055555106858179,-17.867645490924716,0.0430262860033163,-55.23519864110567,84.0,85.0
212,2024-09-08 11:24:53,no_persona_interview.txt,-999,0,0.0706512462380337,0.0,0.0175501177142041,0.094917667810953,0.0216471921120907,0.0,0.0,0.0,0.018795860180529,0.0,0.027153427299694,0.0,31.0,11.0
212,2024-09-08 11:24:53,nuclear_engineer_interview.txt,-999,0,0.0626649170095049,0.0,0.0124101527403414,0.0769414793556188,0.0241671644357858,-11.303875945261863,0.0,0.0,0.0144685954856044,-29.287353267737515,0.0325555052122015,-18.938716963776685,49.0,28.0
212,2024-09-08 11:24:53,nurse_interview.txt,-999,0,0.0569140111978986,0.0,0.0241603496079199,0.110511227894338,0.00730603618957,-19.443726433150843,0.0,0.0,0.0108692497785903,37.66488636350152,0.0292241395109772,16.428511617502693,67.0,4.0
212,2024-09-08 11:24:53,occupational_therapist_interview.txt,-999,0,0.0388266702776472,0.0,0.0174767476747674,0.0615201787989723,0.0141881073971164,-45.044606648784544,0.0,0.0,0.0155319870303768,-0.4180600986927913,0.0268749397537979,-35.185745480491875,99.0,54.0
212,2024-09-08 11:24:53,operations_manager_interview.txt,-999,0,0.079441426899054,0.0,0.0176617295261363,0.0467300039765822,0.01712062624118,12.441649835029068,0.0,0.0,0.018028582799709,0.6359604747368337,0.0464816574667467,-50.76785486380242,14.0,77.0
212,2024-09-08 11:24:53,petroleum_engineer_interview.txt,-999,0,0.0858856501717322,0.0029498525073746,0.0031446540880503,0.0709193675903395,0.0421831932957591,21.56282407584401,0.0051092944176073,0.0,0.0054467006527323,-82.08186327146291,0.0139780483598758,-25.283280525192325,6.0,38.0
212,2024-09-08 11:24:53,pharmacist_interview.txt,-999,0,0.0645829113740921,0.0140350877192982,0.0031152647975077,0.0541581181564369,0.0200595609157627,-8.58914058429555,0.0243094850185105,0.0,0.0053957969083142,-82.24932249322492,0.0484690715946676,-42.942004997106174,44.0,63.0
212,2024-09-08 11:24:53,physical_therapist_interview.txt,-999,0,0.0776564825783282,0.0023980815347721,0.0071024840101145,0.0753677820916746,0.0263030992224335,9.915233931886933,0.0041535990589181,0.0,0.0063070196502622,-59.53027708545715,0.0262464004677375,-20.59667727847652,18.0,32.0
212,2024-09-08 11:24:53,physicist_interview.txt,-999,0,0.0540255783582419,0.0,0.0194209260447205,0.0967461934706365,0.0059320815056105,-23.532023517005825,0.0,0.0,0.019891147418598,10.659805027987248,0.0295358062180704,1.926433404711787,77.0,10.0
212,2024-09-08 11:24:53,procurement_specialist_interview.txt,-999,0,0.0810177052183938,0.0026455026455026,0.0029239766081871,0.0427102989989416,0.0472544165185173,14.672719212105775,0.0045821449935684,0.0,0.005064476045523,-83.3392763752199,0.0509454286947989,-55.00279349045167,12.0,84.0
212,2024-09-08 11:24:53,product_manager_interview.txt,-999,0,0.0687865128083843,0.0,0.0117481082467615,0.0522449495829317,0.0379708936764512,-2.6393496632272644,0.0,0.0,0.0135349961143919,-33.05966126225324,0.0454785440816327,-44.957613489842906,34.0,68.0
212,2024-09-08 11:24:53,professor_of_classics_interview.txt,-999,0,0.0611153552330022,0.0,0.0061681238151826,0.0728153593663539,0.0261419994381492,-13.49713064211734,0.0,0.0,0.0054087721688619,-64.85423109048168,0.0363220071548864,-23.285768555354807,53.0,37.0
212,2024-09-08 11:24:53,project_manager_interview.txt,-999,0,0.040186022406408,0.0,0.0313364648842841,0.0600194207659177,0.0098787579116307,-43.12057529598863,0.0,0.0,0.0214392955446953,78.55415783862236,0.0497708470280647,-36.76686105956788,98.0,56.0
212,2024-09-08 11:24:53,psychologist_interview.txt,-999,0,0.0507208066598474,0.002415458937198,0.0261500725978538,0.0400466858845506,0.0188810284074656,-28.20960795374773,0.0041836976028233,0.0,0.0047909399839845,49.00226325370636,0.017954888617755,-57.80902880556296,85.0,89.0
212,2024-09-08 11:24:53,public_relations_specialist_interview.txt,-999,0,0.0749984370674025,0.0113960113960113,0.0028735632183908,0.0538876934719521,0.0256902193432022,6.153027810327046,0.0197384707415256,0.0,0.004977157493014,-83.62653023081955,0.050609823528041,-43.22690947350289,22.0,64.0
212,2024-09-08 11:24:53,quality_control_engineer_interview.txt,-999,0,0.0624287836630216,0.0,0.0132078290751531,0.0707746374070316,0.0155534504228024,-11.638099839469902,0.0,0.0,0.0159500015841685,-24.74221945267413,0.0364743133413402,-25.435760233813227,50.0,40.0
212,2024-09-08 11:24:53,restaurant_manager_interview.txt,-999,0,0.0598364598364598,0.0037037037037037,0.0074074074074074,0.0424769058623897,0.0138875926258032,-15.307283278680444,0.0064150029909958,0.0,0.0128300059819916,-57.79283348389039,0.0043504564912869,-55.24868357807652,57.0,86.0
212,2024-09-08 11:24:53,retail_manager_interview.txt,-999,0,0.0758071108654853,0.0,0.0075596122183459,0.0207524511111663,0.0432659891979006,7.297627291783115,0.0,0.0,0.0001813744648619,-56.92557542091257,0.0359442997061293,-78.13636640072222,20.0,97.0
212,2024-09-08 11:24:53,robotics_engineer_interview.txt,-999,0,0.0583835662416713,0.0,0.0128342245989304,0.0740966363403292,0.0118175020341139,-17.363713521812357,0.0,0.0,0.015058960257036,-26.87100560845181,0.0446363190310999,-21.9358860692752,62.0,34.0
212,2024-09-08 11:24:53,safety_engineer_interview.txt,-999,0,0.0873254090132493,0.0353818897376066,0.0136332209834932,0.0536626179032506,0.0092979049786215,23.60066334716593,0.0068416037276799,0.0,0.0129881041895934,-22.31835019283561,0.0179059943930516,-43.46403663211555,5.0,65.0
212,2024-09-08 11:24:53,sales_manager_interview.txt,-999,0,0.0542087542087542,0.0,0.0075757575757575,0.1058443047134455,0.0160454579898233,-23.27275583205214,0.0,0.0,0.0131215970270369,-56.83357969943335,0.0129077049842715,11.511699723022131,76.0,5.0
212,2024-09-08 11:24:53,seo_specialist_interview.txt,-999,0,0.0505356116645576,0.0,0.0030864197530864,0.0813374958646141,0.017786128989338,-28.47173354268058,0.0,0.0,0.0053458358258298,-82.41368061828766,0.0640496886430233,-14.307317340946923,87.0,23.0
212,2024-09-08 11:24:53,shop_assistant_interview.txt,-999,0,0.0489036708548903,0.0,0.0092592592592592,0.0794152865978313,0.0075805131521386,-30.781587786679367,0.0,0.0,0.0160375074774896,-47.241041854862985,0.0401423217191564,-16.33245060761253,90.0,24.0
212,2024-09-08 11:24:53,social_media_manager_interview.txt,-999,0,0.0296239503468419,0.0,0.0209090909090909,0.0848462323556859,0.0067165528586563,-58.07016588633869,0.0,0.0,0.0200618877188308,19.139320029563933,0.0735823879732686,-10.610706823650888,100.0,18.0
212,2024-09-08 11:24:53,software_quality_assurance_tester_interview.txt,-999,0,0.0627642535693474,0.0056598796076456,0.0115595846223948,0.0438768814903346,0.0181416985019682,-11.163274660596784,0.0049147827406753,0.0,0.0136025410689936,-34.133862743045,0.0023085626447115,-53.77374676153655,48.0,80.0
212,2024-09-08 11:24:53,speech_therapist_interview.txt,-999,0,0.0566419602666937,0.0,0.0063492063492063,0.0669799041283666,0.0087029981677694,-19.828788191705456,0.0,0.0,0.0109971479845643,-63.822428700477474,0.0210258350421744,-29.43368113324256,69.0,44.0
212,2024-09-08 11:24:53,structural_engineer_interview.txt,-999,0,0.0711577073524933,0.0,0.0109548637950015,0.0743825561569507,0.0137142117504206,0.7168466820151025,0.0,0.0,0.0044636901068712,-37.57954235181449,0.0477571339916643,-21.63465677949648,29.0,33.0
212,2024-09-08 11:24:53,supply_chain_manager_interview.txt,-999,0,0.05067002529167,0.0024509803921568,0.0032362459546925,0.0509030104831107,0.0073255610704311,-28.281484064759724,0.0042452225675707,0.0,0.0056053424193167,-81.5599757939327,0.0520217889794126,-46.37140623335371,86.0,71.0
212,2024-09-08 11:24:53,system_administrator_interview.txt,-999,0,0.0629987853478823,0.0,0.0130332506834509,0.059678546880821,0.0263361972264076,-10.831317630787623,0.0,0.0,0.0113197117684075,-25.73696145124717,0.0572030717304857,-37.125986913540174,47.0,57.0
212,2024-09-08 11:24:53,transportation_engineer_interview.txt,-999,0,0.0554076189688755,0.0026881720430107,0.0127870533967698,0.0877644376661939,0.0275509359613157,-21.57587881436706,0.0046560505579808,0.0,0.0045281626931149,-27.139785584340416,0.045840955633769,-7.536247265373319,73.0,13.0
212,2024-09-08 11:24:53,travel_agent_interview.txt,-999,0,0.0497028200548739,0.0,0.0186578693637728,0.0852174211265346,0.032474334301964,-29.650469451850384,0.0,0.0,0.0069876896278449,6.311932874798359,0.0389138725049479,-10.21964288433452,89.0,17.0
212,2024-09-08 11:24:53,veterinarian_interview.txt,-999,0,0.0435324160933917,0.0047619047619047,0.0086251824056702,0.0686500346355311,0.0095851012275583,-38.38407896341272,0.0082478609884232,0.0,0.008175181788188,-50.8539911462279,0.0287567468344603,-27.674124092196408,96.0,41.0
212,2024-09-08 11:24:53,warehouse_manager_interview.txt,-999,0,0.0671234125691957,0.0,0.0040160642570281,0.0650412265723094,0.0171348523519315,-4.993307063476649,0.0,0.0,0.006956027339634,-77.11659646716949,0.0177789052236073,-31.47616447777486,39.0,50.0
212,2024-09-08 11:24:53,water_resources_engineer_interview.txt,-999,0,0.0744840154715706,0.0062893081761006,0.0,0.0440006396611022,0.0417985788669561,5.424913837505187,0.0108934013054646,0.0,0.0,-100.0,0.0503493136199581,-53.64336200428139,24.0,79.0
213,2024-09-08 11:26:29,restaurant_manager_interview.txt,1,0,0.0714285714285714,0.0,0.0,0.0466530557892966,,,,,,,,,,
213,2024-09-08 11:26:29,restaurant_manager_interview.txt,2,0,0.0636363636363636,0.0,0.0,0.0428067433298522,,,,,,,,,,
213,2024-09-08 11:26:29,restaurant_manager_interview.txt,3,0,0.0444444444444444,0.0111111111111111,0.0222222222222222,0.0379709184680204,,,,,,,,,,
213,2024-09-08 11:26:29,geneticist_interview.txt,1,0,0.0384615384615384,0.0288461538461538,0.0,0.0937095795782794,,,,,,,,,,
213,2024-09-08 11:26:29,geneticist_interview.txt,2,0,0.0526315789473684,0.0,0.0150375939849624,0.0882216505718651,,,,,,,,,,
213,2024-09-08 11:26:29,geneticist_interview.txt,3,0,0.0923076923076923,0.0,0.0153846153846153,0.1101429133385219,,,,,,,,,,
213,2024-09-08 11:26:29,speech_therapist_interview.txt,1,0,0.0510204081632653,0.0,0.0,0.0432621003107774,,,,,,,,,,
213,2024-09-08 11:26:29,speech_therapist_interview.txt,2,0,0.0522388059701492,0.0,0.0,0.0833315864428225,,,,,,,,,,
213,2024-09-08 11:26:29,speech_therapist_interview.txt,3,0,0.0666666666666666,0.0,0.019047619047619,0.0743460256315,,,,,,,,,,
213,2024-09-08 11:26:29,customer_service_representative_interview.txt,1,0,0.0545454545454545,0.0,0.009090909090909,0.0311974890850877,,,,,,,,,,
213,2024-09-08 11:26:29,customer_service_representative_interview.txt,2,0,0.0761904761904762,0.0,0.0,0.122813044651559,,,,,,,,,,
213,2024-09-08 11:26:29,customer_service_representative_interview.txt,3,0,0.043859649122807,0.0,0.0087719298245614,0.0473521337727738,,,,,,,,,,
213,2024-09-08 11:26:29,construction_manager_interview.txt,1,0,0.055045871559633,0.0,0.0091743119266055,0.0948117237060615,,,,,,,,,,
213,2024-09-08 11:26:29,construction_manager_interview.txt,2,0,0.0866141732283464,0.0,0.0236220472440944,0.1356095260762036,,,,,,,,,,
213,2024-09-08 11:26:29,construction_manager_interview.txt,3,0,0.112,0.0,0.024,0.0,,,,,,,,,,
213,2024-09-08 11:26:29,doctor_interview.txt,1,0,0.0545454545454545,0.0,0.0181818181818181,0.0673965703749538,,,,,,,,,,
213,2024-09-08 11:26:29,doctor_interview.txt,2,0,0.0705882352941176,0.0,0.0,0.0293397273927395,,,,,,,,,,
213,2024-09-08 11:26:29,doctor_interview.txt,3,0,0.0555555555555555,0.0,0.0111111111111111,0.0601346177173533,,,,,,,,,,
213,2024-09-08 11:26:29,human_resources_manager_interview.txt,1,0,0.0693069306930693,0.0,0.0198019801980198,0.1425669620819004,,,,,,,,,,
213,2024-09-08 11:26:29,human_resources_manager_interview.txt,2,0,0.0471698113207547,0.0,0.0188679245283018,0.0103852698901538,,,,,,,,,,
213,2024-09-08 11:26:29,human_resources_manager_interview.txt,3,0,0.075268817204301,0.0,0.032258064516129,0.0208324124809482,,,,,,,,,,
213,2024-09-08 11:26:29,water_resources_engineer_interview.txt,1,0,0.1226415094339622,0.0188679245283018,0.0,0.0,,,,,,,,,,
213,2024-09-08 11:26:29,water_resources_engineer_interview.txt,2,0,0.0476190476190476,0.0,0.0,0.0989100944553876,,,,,,,,,,
213,2024-09-08 11:26:29,water_resources_engineer_interview.txt,3,0,0.0531914893617021,0.0,0.0,0.0330918245279189,,,,,,,,,,
213,2024-09-08 11:26:29,project_manager_interview.txt,1,0,0.0515463917525773,0.0,0.0515463917525773,0.0555355117717458,,,,,,,,,,
213,2024-09-08 11:26:29,project_manager_interview.txt,2,0,0.0336134453781512,0.0,0.0336134453781512,0.1118805059888638,,,,,,,,,,
213,2024-09-08 11:26:29,project_manager_interview.txt,3,0,0.0353982300884955,0.0,0.0088495575221238,0.0126422445371434,,,,,,,,,,
213,2024-09-08 11:26:29,biologist_interview.txt,1,0,0.1,0.03,0.0,0.0628254664475309,,,,,,,,,,
213,2024-09-08 11:26:29,biologist_interview.txt,2,0,0.0666666666666666,0.0,0.019047619047619,0.084133944618843,,,,,,,,,,
213,2024-09-08 11:26:29,biologist_interview.txt,3,0,0.037593984962406,0.0,0.0,0.0,,,,,,,,,,
213,2024-09-08 11:26:29,occupational_therapist_interview.txt,1,0,0.0227272727272727,0.0,0.0227272727272727,0.0619600680328602,,,,,,,,,,
213,2024-09-08 11:26:29,occupational_therapist_interview.txt,2,0,0.0495049504950495,0.0,0.0297029702970297,0.0881724737587123,,,,,,,,,,
213,2024-09-08 11:26:29,occupational_therapist_interview.txt,3,0,0.0442477876106194,0.0,0.0,0.0344279946053444,,,,,,,,,,
213,2024-09-08 11:26:29,network_administrator_interview.txt,1,0,0.0543478260869565,0.0,0.0108695652173913,0.0181441553921881,,,,,,,,,,
213,2024-09-08 11:26:29,network_administrator_interview.txt,2,0,0.087719298245614,0.0350877192982456,0.0087719298245614,0.1009251180073442,,,,,,,,,,
213,2024-09-08 11:26:29,network_administrator_interview.txt,3,0,0.0412371134020618,0.0,0.0515463917525773,0.0842968160660713,,,,,,,,,,
213,2024-09-08 11:26:29,neuroscientist_interview.txt,1,0,0.0442477876106194,0.0,0.0176991150442477,0.0414359038364657,,,,,,,,,,
213,2024-09-08 11:26:29,neuroscientist_interview.txt,2,0,0.0614035087719298,0.0,0.0175438596491228,0.0,,,,,,,,,,
213,2024-09-08 11:26:29,neuroscientist_interview.txt,3,0,0.048,0.008,0.008,0.0860332125137391,,,,,,,,,,
213,2024-09-08 11:26:29,retail_manager_interview.txt,1,0,0.0661764705882353,0.0,0.0073529411764705,0.0,,,,,,,,,,
213,2024-09-08 11:26:29,retail_manager_interview.txt,2,0,0.123076923076923,0.0,0.0076923076923076,0.0,,,,,,,,,,
213,2024-09-08 11:26:29,retail_manager_interview.txt,3,0,0.0381679389312977,0.0,0.0076335877862595,0.0622573533334991,,,,,,,,,,
213,2024-09-08 11:26:29,agricultural_engineer_interview.txt,1,0,0.04,0.0,0.01,0.01754081509232,,,,,,,,,,
213,2024-09-08 11:26:29,agricultural_engineer_interview.txt,2,0,0.0434782608695652,0.0,0.0,0.016643353237249,,,,,,,,,,
213,2024-09-08 11:26:29,agricultural_engineer_interview.txt,3,0,0.0534351145038167,0.0,0.0229007633587786,0.0,,,,,,,,,,
213,2024-09-08 11:26:29,electrical_engineer_interview.txt,1,0,0.0813953488372093,0.0,0.0,0.0515248660596885,,,,,,,,,,
213,2024-09-08 11:26:29,electrical_engineer_interview.txt,2,0,0.0833333333333333,0.0,0.0104166666666666,0.0375765713355705,,,,,,,,,,
213,2024-09-08 11:26:29,electrical_engineer_interview.txt,3,0,0.1,0.02,0.0,0.030841143854229,,,,,,,,,,
213,2024-09-08 11:26:29,quality_control_engineer_interview.txt,1,0,0.0618556701030927,0.0,0.0309278350515463,0.0571315807160011,,,,,,,,,,
213,2024-09-08 11:26:29,quality_control_engineer_interview.txt,2,0,0.0471698113207547,0.0,0.0,0.0430885464951094,,,,,,,,,,
213,2024-09-08 11:26:29,quality_control_engineer_interview.txt,3,0,0.0782608695652174,0.0,0.008695652173913,0.1121037850099844,,,,,,,,,,
213,2024-09-08 11:26:29,machine_learning_engineer_interview.txt,1,0,0.053030303030303,0.0,0.0151515151515151,0.0691364256495546,,,,,,,,,,
213,2024-09-08 11:26:29,machine_learning_engineer_interview.txt,2,0,0.0610687022900763,0.0,0.0,0.0801136224824336,,,,,,,,,,
213,2024-09-08 11:26:29,machine_learning_engineer_interview.txt,3,0,0.046875,0.0,0.0,0.0,,,,,,,,,,
213,2024-09-08 11:26:29,psychologist_interview.txt,1,0,0.0384615384615384,0.0,0.0288461538461538,0.0323961959726534,,,,,,,,,,
213,2024-09-08 11:26:29,psychologist_interview.txt,2,0,0.072463768115942,0.0072463768115942,0.0289855072463768,0.0605596667072056,,,,,,,,,,
213,2024-09-08 11:26:29,psychologist_interview.txt,3,0,0.0412371134020618,0.0,0.0206185567010309,0.0271841949737927,,,,,,,,,,
213,2024-09-08 11:26:29,geologist_interview.txt,1,0,0.0725806451612903,0.0,0.0080645161290322,0.0759044861163816,,,,,,,,,,
213,2024-09-08 11:26:29,geologist_interview.txt,2,0,0.0869565217391304,0.0,0.017391304347826,0.1118851607455407,,,,,,,,,,
213,2024-09-08 11:26:29,geologist_interview.txt,3,0,0.1095890410958904,0.0,0.0,0.0,,,,,,,,,,
213,2024-09-08 11:26:29,chemical_engineer_interview.txt,1,0,0.0703125,0.0,0.015625,0.0,,,,,,,,,,
213,2024-09-08 11:26:29,chemical_engineer_interview.txt,2,0,0.0736842105263157,0.0,0.0210526315789473,0.0747112850356365,,,,,,,,,,
213,2024-09-08 11:26:29,chemical_engineer_interview.txt,3,0,0.0714285714285714,0.0,0.010204081632653,0.1377422912155963,,,,,,,,,,
213,2024-09-08 11:26:29,no_persona_interview.txt,1,0,0.0467289719626168,0.0,0.0373831775700934,0.0635731657580273,,,,,,,,,,
213,2024-09-08 11:26:29,no_persona_interview.txt,2,0,0.0888888888888888,0.0,0.0,0.1099189066092266,,,,,,,,,,
213,2024-09-08 11:26:29,no_persona_interview.txt,3,0,0.0763358778625954,0.0,0.015267175572519,0.111260931065605,,,,,,,,,,
213,2024-09-08 11:26:29,financial_analyst_interview.txt,1,0,0.0619469026548672,0.0088495575221238,0.0,0.0598254669070187,,,,,,,,,,
213,2024-09-08 11:26:29,financial_analyst_interview.txt,2,0,0.0606060606060606,0.0,0.0202020202020202,0.1530445380640685,,,,,,,,,,
213,2024-09-08 11:26:29,financial_analyst_interview.txt,3,0,0.0802919708029197,0.0,0.0145985401459854,0.1305219999659435,,,,,,,,,,
213,2024-09-08 11:26:29,civil_engineer_interview.txt,1,0,0.0601503759398496,0.0,0.0150375939849624,0.0831598154358535,,,,,,,,,,
213,2024-09-08 11:26:29,civil_engineer_interview.txt,2,0,0.0825688073394495,0.0,0.0091743119266055,0.0551022249278976,,,,,,,,,,
213,2024-09-08 11:26:29,civil_engineer_interview.txt,3,0,0.0818181818181818,0.0,0.009090909090909,0.0519288906523061,,,,,,,,,,
213,2024-09-08 11:26:29,meteorologist_interview.txt,1,0,0.0495867768595041,0.0,0.0165289256198347,0.0,,,,,,,,,,
213,2024-09-08 11:26:29,meteorologist_interview.txt,2,0,0.0746268656716417,0.0,0.0149253731343283,0.0,,,,,,,,,,
213,2024-09-08 11:26:29,meteorologist_interview.txt,3,0,0.0787401574803149,0.0,0.0157480314960629,0.1221578217011647,,,,,,,,,,
213,2024-09-08 11:26:29,shop_assistant_interview.txt,1,0,0.040650406504065,0.0,0.0,0.1223705927244681,,,,,,,,,,
213,2024-09-08 11:26:29,shop_assistant_interview.txt,2,0,0.0555555555555555,0.0,0.0277777777777777,0.0428532956412062,,,,,,,,,,
213,2024-09-08 11:26:29,shop_assistant_interview.txt,3,0,0.0505050505050505,0.0,0.0,0.0730219714278197,,,,,,,,,,
213,2024-09-08 11:26:29,social_media_manager_interview.txt,1,0,0.036144578313253,0.0,0.0,0.1233699304830566,,,,,,,,,,
213,2024-09-08 11:26:29,social_media_manager_interview.txt,2,0,0.03,0.0,0.04,0.0,,,,,,,,,,
213,2024-09-08 11:26:29,social_media_manager_interview.txt,3,0,0.0227272727272727,0.0,0.0227272727272727,0.1311687665840011,,,,,,,,,,
213,2024-09-08 11:26:29,marine_engineer_interview.txt,1,0,0.0761904761904762,0.0,0.0285714285714285,0.0835429425346109,,,,,,,,,,
213,2024-09-08 11:26:29,marine_engineer_interview.txt,2,0,0.0603448275862069,0.0,0.0,0.1072437583550084,,,,,,,,,,
213,2024-09-08 11:26:29,marine_engineer_interview.txt,3,0,0.0625,0.0078125,0.015625,0.0,,,,,,,,,,
213,2024-09-08 11:26:29,warehouse_manager_interview.txt,1,0,0.072289156626506,0.0,0.0120481927710843,0.081493124342657,,,,,,,,,,
213,2024-09-08 11:26:29,warehouse_manager_interview.txt,2,0,0.081081081081081,0.0,0.0,0.0461808634688753,,,,,,,,,,
213,2024-09-08 11:26:29,warehouse_manager_interview.txt,3,0,0.048,0.0,0.0,0.067449691905396,,,,,,,,,,
213,2024-09-08 11:26:29,business_intelligence_analyst_interview.txt,1,0,0.0666666666666666,0.0,0.019047619047619,0.0519120125435854,,,,,,,,,,
213,2024-09-08 11:26:29,business_intelligence_analyst_interview.txt,2,0,0.0784313725490196,0.0,0.0196078431372549,0.1619933830165744,,,,,,,,,,
213,2024-09-08 11:26:29,business_intelligence_analyst_interview.txt,3,0,0.0612244897959183,0.0,0.0,0.0872579957499813,,,,,,,,,,
213,2024-09-08 11:26:29,full_stack_developer_interview.txt,1,0,0.0393700787401574,0.0,0.0078740157480314,0.0425483283606354,,,,,,,,,,
213,2024-09-08 11:26:29,full_stack_developer_interview.txt,2,0,0.1703703703703703,0.037037037037037,0.0148148148148148,0.1023900784935733,,,,,,,,,,
213,2024-09-08 11:26:29,full_stack_developer_interview.txt,3,0,0.0314960629921259,0.0,0.0078740157480314,0.0,,,,,,,,,,
213,2024-09-08 11:26:29,focus_group_interview.txt,1,0,0.0588235294117647,0.0,0.0,0.0,,,,,,,,,,
213,2024-09-08 11:26:29,focus_group_interview.txt,2,0,0.0588235294117647,0.0,0.0,0.0,,,,,,,,,,
213,2024-09-08 11:26:29,focus_group_interview.txt,3,0,0.0588235294117647,0.0,0.0,0.0,,,,,,,,,,
213,2024-09-08 11:26:29,travel_agent_interview.txt,1,0,0.0531914893617021,0.0,0.0106382978723404,0.1283619363588929,,,,,,,,,,
213,2024-09-08 11:26:29,travel_agent_interview.txt,2,0,0.0802919708029197,0.0,0.0218978102189781,0.0745172643816199,,,,,,,,,,
213,2024-09-08 11:26:29,travel_agent_interview.txt,3,0,0.015625,0.0,0.0234375,0.0527730626390911,,,,,,,,,,
213,2024-09-08 11:26:29,robotics_engineer_interview.txt,1,0,0.0686274509803921,0.0,0.0294117647058823,0.0571924000726199,,,,,,,,,,
213,2024-09-08 11:26:29,robotics_engineer_interview.txt,2,0,0.0454545454545454,0.0,0.009090909090909,0.0403813965559999,,,,,,,,,,
213,2024-09-08 11:26:29,robotics_engineer_interview.txt,3,0,0.0610687022900763,0.0,0.0,0.1247161123923678,,,,,,,,,,
213,2024-09-08 11:26:29,biomedical_engineer_interview.txt,1,0,0.1,0.0,0.0,0.1025907901717319,,,,,,,,,,
213,2024-09-08 11:26:29,biomedical_engineer_interview.txt,2,0,0.0594059405940594,0.0,0.0099009900990099,0.0426668739812379,,,,,,,,,,
213,2024-09-08 11:26:29,biomedical_engineer_interview.txt,3,0,0.0975609756097561,0.0,0.0,0.0915016217502627,,,,,,,,,,
213,2024-09-08 11:26:29,marketing_manager_interview.txt,1,0,0.0459770114942528,0.0,0.0,0.0775670553173294,,,,,,,,,,
213,2024-09-08 11:26:29,marketing_manager_interview.txt,2,0,0.0655737704918032,0.0,0.0081967213114754,0.0418311722270583,,,,,,,,,,
213,2024-09-08 11:26:29,marketing_manager_interview.txt,3,0,0.0608695652173913,0.0,0.008695652173913,0.0106077077753049,,,,,,,,,,
213,2024-09-08 11:26:29,professor_of_classics_interview.txt,1,0,0.0909090909090909,0.0,0.0101010101010101,0.1139617522607703,,,,,,,,,,
213,2024-09-08 11:26:29,professor_of_classics_interview.txt,2,0,0.0504201680672268,0.0,0.0,0.0452051914403515,,,,,,,,,,
213,2024-09-08 11:26:29,professor_of_classics_interview.txt,3,0,0.042016806722689,0.0,0.0084033613445378,0.0592791343979399,,,,,,,,,,
213,2024-09-08 11:26:29,environmental_engineer_interview.txt,1,0,0.0816326530612244,0.0,0.0,0.1026424642988634,,,,,,,,,,
213,2024-09-08 11:26:29,environmental_engineer_interview.txt,2,0,0.0818181818181818,0.0,0.0272727272727272,0.1246022964543093,,,,,,,,,,
213,2024-09-08 11:26:29,environmental_engineer_interview.txt,3,0,0.0916666666666666,0.0,0.0166666666666666,0.0,,,,,,,,,,
213,2024-09-08 11:26:29,physical_therapist_interview.txt,1,0,0.1079136690647482,0.0071942446043165,0.0,0.0976563572315262,,,,,,,,,,
213,2024-09-08 11:26:29,physical_therapist_interview.txt,2,0,0.0648148148148148,0.0,0.0092592592592592,0.0464390040542306,,,,,,,,,,
213,2024-09-08 11:26:29,physical_therapist_interview.txt,3,0,0.0602409638554216,0.0,0.0120481927710843,0.0820079849892669,,,,,,,,,,
213,2024-09-08 11:26:29,astronomer_interview.txt,1,0,0.0392156862745098,0.0,0.0,0.0357008884926808,,,,,,,,,,
213,2024-09-08 11:26:29,astronomer_interview.txt,2,0,0.0634920634920634,0.0158730158730158,0.0079365079365079,0.0,,,,,,,,,,
213,2024-09-08 11:26:29,astronomer_interview.txt,3,0,0.0784313725490196,0.0,0.0098039215686274,0.0315139499500514,,,,,,,,,,
213,2024-09-08 11:26:29,ai_professor_interview.txt,1,0,0.0606060606060606,0.0,0.0101010101010101,0.0211330472249737,,,,,,,,,,
213,2024-09-08 11:26:29,ai_professor_interview.txt,2,0,0.0789473684210526,0.0,0.0175438596491228,0.0811136402882951,,,,,,,,,,
213,2024-09-08 11:26:29,ai_professor_interview.txt,3,0,0.0581395348837209,0.0,0.0116279069767441,0.0,,,,,,,,,,
213,2024-09-08 11:26:29,game_developer_interview.txt,1,0,0.0439560439560439,0.0,0.0219780219780219,0.0605193719036507,,,,,,,,,,
213,2024-09-08 11:26:29,game_developer_interview.txt,2,0,0.0606060606060606,0.0,0.0202020202020202,0.0593816587862705,,,,,,,,,,
213,2024-09-08 11:26:29,game_developer_interview.txt,3,0,0.0519480519480519,0.0,0.0129870129870129,0.0775393919155081,,,,,,,,,,
213,2024-09-08 11:26:29,fire_protection_engineer_interview.txt,1,0,0.1007751937984496,0.0465116279069767,0.0077519379844961,0.0,,,,,,,,,,
213,2024-09-08 11:26:29,fire_protection_engineer_interview.txt,2,0,0.0625,0.0178571428571428,0.0089285714285714,0.0407611697271842,,,,,,,,,,
213,2024-09-08 11:26:29,fire_protection_engineer_interview.txt,3,0,0.0620155038759689,0.0077519379844961,0.0155038759689922,0.0576589288513933,,,,,,,,,,
213,2024-09-08 11:26:29,safety_engineer_interview.txt,1,0,0.0948275862068965,0.043103448275862,0.0258620689655172,0.0454675110134519,,,,,,,,,,
213,2024-09-08 11:26:29,safety_engineer_interview.txt,2,0,0.0769230769230769,0.0329670329670329,0.0,0.0741995996381659,,,,,,,,,,
213,2024-09-08 11:26:29,safety_engineer_interview.txt,3,0,0.0902255639097744,0.0300751879699248,0.0150375939849624,0.0413207430581339,,,,,,,,,,
213,2024-09-08 11:26:29,environmental_scientist_interview.txt,1,0,0.0673076923076923,0.0,0.0096153846153846,0.0534300314907251,,,,,,,,,,
213,2024-09-08 11:26:29,environmental_scientist_interview.txt,2,0,0.0495049504950495,0.0,0.0396039603960396,0.0877567755185532,,,,,,,,,,
213,2024-09-08 11:26:29,environmental_scientist_interview.txt,3,0,0.0449438202247191,0.0,0.0,0.1066267081851516,,,,,,,,,,
213,2024-09-08 11:26:29,operations_manager_interview.txt,1,0,0.0990990990990991,0.0,0.036036036036036,0.0,,,,,,,,,,
213,2024-09-08 11:26:29,operations_manager_interview.txt,2,0,0.0714285714285714,0.0,0.0,0.047230742864624,,,,,,,,,,
213,2024-09-08 11:26:29,operations_manager_interview.txt,3,0,0.0677966101694915,0.0,0.0169491525423728,0.0929592690651228,,,,,,,,,,
213,2024-09-08 11:26:29,backend_developer_interview.txt,1,0,0.0578512396694214,0.0,0.0,0.1284026295844632,,,,,,,,,,
213,2024-09-08 11:26:29,backend_developer_interview.txt,2,0,0.0576923076923076,0.0,0.0096153846153846,0.0870056695430988,,,,,,,,,,
213,2024-09-08 11:26:29,backend_developer_interview.txt,3,0,0.042016806722689,0.0,0.0084033613445378,0.0437544042466496,,,,,,,,,,
213,2024-09-08 11:26:29,digital_marketing_specialist_interview.txt,1,0,0.0666666666666666,0.0,0.0111111111111111,0.1233454514559801,,,,,,,,,,
213,2024-09-08 11:26:29,digital_marketing_specialist_interview.txt,2,0,0.0353982300884955,0.0,0.0088495575221238,0.0,,,,,,,,,,
213,2024-09-08 11:26:29,digital_marketing_specialist_interview.txt,3,0,0.0679611650485436,0.0,0.0097087378640776,0.1264080048769068,,,,,,,,,,
213,2024-09-08 11:26:29,mechanical_engineer_interview.txt,1,0,0.0727272727272727,0.0,0.0,0.0662024475332696,,,,,,,,,,
213,2024-09-08 11:26:29,mechanical_engineer_interview.txt,2,0,0.0784313725490196,0.0,0.0,0.0445948178221984,,,,,,,,,,
213,2024-09-08 11:26:29,mechanical_engineer_interview.txt,3,0,0.0614035087719298,0.0,0.0087719298245614,0.0411470391941935,,,,,,,,,,
213,2024-09-08 11:26:29,software_quality_assurance_tester_interview.txt,1,0,0.045045045045045,0.0,0.0,0.0413513341749755,,,,,,,,,,
213,2024-09-08 11:26:29,software_quality_assurance_tester_interview.txt,2,0,0.0619469026548672,0.0088495575221238,0.0265486725663716,0.0458783496403244,,,,,,,,,,
213,2024-09-08 11:26:29,software_quality_assurance_tester_interview.txt,3,0,0.08130081300813,0.008130081300813,0.008130081300813,0.0444009606557039,,,,,,,,,,
213,2024-09-08 11:26:29,cybersecurity_specialist_interview.txt,1,0,0.0769230769230769,0.023076923076923,0.0,0.0,,,,,,,,,,
213,2024-09-08 11:26:29,cybersecurity_specialist_interview.txt,2,0,0.056,0.008,0.024,0.0433073475931765,,,,,,,,,,
213,2024-09-08 11:26:29,cybersecurity_specialist_interview.txt,3,0,0.099009900990099,0.0297029702970297,0.0,0.110208443279443,,,,,,,,,,
213,2024-09-08 11:26:29,product_manager_interview.txt,1,0,0.0608695652173913,0.0,0.008695652173913,0.0737688480628956,,,,,,,,,,
213,2024-09-08 11:26:29,product_manager_interview.txt,2,0,0.0353982300884955,0.0,0.0265486725663716,0.0829660006858995,,,,,,,,,,
213,2024-09-08 11:26:29,product_manager_interview.txt,3,0,0.110091743119266,0.0,0.0,0.0,,,,,,,,,,
213,2024-09-08 11:26:29,microbiologist_interview.txt,1,0,0.0823529411764705,0.0,0.0,0.1101574773451147,,,,,,,,,,
213,2024-09-08 11:26:29,microbiologist_interview.txt,2,0,0.087719298245614,0.0,0.0,0.0780188264815857,,,,,,,,,,
213,2024-09-08 11:26:29,microbiologist_interview.txt,3,0,0.044776119402985,0.0,0.0074626865671641,0.0568260682794716,,,,,,,,,,
213,2024-09-08 11:26:29,it_manager_interview.txt,1,0,0.0310077519379844,0.0,0.0077519379844961,0.0830915813122366,,,,,,,,,,
213,2024-09-08 11:26:29,it_manager_interview.txt,2,0,0.0575539568345323,0.0,0.0,0.1798682693699755,,,,,,,,,,
213,2024-09-08 11:26:29,it_manager_interview.txt,3,0,0.053030303030303,0.0,0.0075757575757575,0.0382738723689206,,,,,,,,,,
213,2024-09-08 11:26:29,industrial_engineer_interview.txt,1,0,0.0671641791044776,0.0,0.0373134328358208,0.1047357166686011,,,,,,,,,,
213,2024-09-08 11:26:29,industrial_engineer_interview.txt,2,0,0.072,0.0,0.016,0.0643330291584199,,,,,,,,,,
213,2024-09-08 11:26:29,industrial_engineer_interview.txt,3,0,0.0967741935483871,0.0,0.0161290322580645,0.0,,,,,,,,,,
213,2024-09-08 11:26:29,barista_interview.txt,1,0,0.0875,0.0,0.0,0.0681953019972214,,,,,,,,,,
213,2024-09-08 11:26:29,barista_interview.txt,2,0,0.0504201680672268,0.0,0.0168067226890756,0.1017040566415273,,,,,,,,,,
213,2024-09-08 11:26:29,barista_interview.txt,3,0,0.0692307692307692,0.0,0.0076923076923076,0.0932079290911632,,,,,,,,,,
213,2024-09-08 11:26:29,petroleum_engineer_interview.txt,1,0,0.1308411214953271,0.0,0.0,0.0843069329113059,,,,,,,,,,
213,2024-09-08 11:26:29,petroleum_engineer_interview.txt,2,0,0.0471698113207547,0.0,0.0094339622641509,0.0564175341466152,,,,,,,,,,
213,2024-09-08 11:26:29,petroleum_engineer_interview.txt,3,0,0.079646017699115,0.0088495575221238,0.0,0.0720336357130974,,,,,,,,,,
213,2024-09-08 11:26:29,business_analyst_interview.txt,1,0,0.0542635658914728,0.0,0.0077519379844961,0.0,,,,,,,,,,
213,2024-09-08 11:26:29,business_analyst_interview.txt,2,0,0.0462962962962962,0.0,0.0092592592592592,0.0806541259927466,,,,,,,,,,
213,2024-09-08 11:26:29,business_analyst_interview.txt,3,0,0.0659340659340659,0.0,0.0109890109890109,0.0,,,,,,,,,,
213,2024-09-08 11:26:29,data_engineer_interview.txt,1,0,0.1240310077519379,0.0,0.0077519379844961,0.15220760143159,,,,,,,,,,
213,2024-09-08 11:26:29,data_engineer_interview.txt,2,0,0.0818181818181818,0.0,0.009090909090909,0.0452239103227598,,,,,,,,,,
213,2024-09-08 11:26:29,data_engineer_interview.txt,3,0,0.1538461538461538,0.0076923076923076,0.0,0.0,,,,,,,,,,
213,2024-09-08 11:26:29,aerospace_engineer_interview.txt,1,0,0.0588235294117647,0.0,0.0117647058823529,0.0598364515055597,,,,,,,,,,
213,2024-09-08 11:26:29,aerospace_engineer_interview.txt,2,0,0.0444444444444444,0.0,0.0111111111111111,0.0372874438364637,,,,,,,,,,
213,2024-09-08 11:26:29,aerospace_engineer_interview.txt,3,0,0.0612244897959183,0.0,0.0306122448979591,0.047097992667724,,,,,,,,,,
213,2024-09-08 11:26:29,bartender_interview.txt,1,0,0.0636363636363636,0.0,0.009090909090909,0.0802144581933062,,,,,,,,,,
213,2024-09-08 11:26:29,bartender_interview.txt,2,0,0.072072072072072,0.0,0.0,0.0542195723652842,,,,,,,,,,
213,2024-09-08 11:26:29,bartender_interview.txt,3,0,0.0588235294117647,0.0,0.0,0.0973387164224358,,,,,,,,,,
213,2024-09-08 11:26:29,natural_language_processing_engineer_interview.txt,1,0,0.05,0.0,0.025,0.0164392722606681,,,,,,,,,,
213,2024-09-08 11:26:29,natural_language_processing_engineer_interview.txt,2,0,0.0381679389312977,0.0,0.0229007633587786,0.0706681390294403,,,,,,,,,,
213,2024-09-08 11:26:29,natural_language_processing_engineer_interview.txt,3,0,0.1185185185185185,0.0074074074074074,0.0,0.0796851750714229,,,,,,,,,,
213,2024-09-08 11:26:29,cto_of_a_fintec_interview.txt,1,0,0.0714285714285714,0.0,0.0158730158730158,0.0542815808204184,,,,,,,,,,
213,2024-09-08 11:26:29,cto_of_a_fintec_interview.txt,2,0,0.056,0.008,0.008,0.0907334966492485,,,,,,,,,,
213,2024-09-08 11:26:29,cto_of_a_fintec_interview.txt,3,0,0.073170731707317,0.0,0.0,0.0552888252461915,,,,,,,,,,
213,2024-09-08 11:26:29,database_administrator_interview.txt,1,0,0.0660377358490566,0.0,0.0,0.0548225848771237,,,,,,,,,,
213,2024-09-08 11:26:29,database_administrator_interview.txt,2,0,0.0254237288135593,0.0,0.0,0.024114343310107,,,,,,,,,,
213,2024-09-08 11:26:29,database_administrator_interview.txt,3,0,0.0863309352517985,0.0287769784172661,0.0287769784172661,0.104152812248344,,,,,,,,,,
213,2024-09-08 11:26:29,nuclear_engineer_interview.txt,1,0,0.0892857142857142,0.0,0.0089285714285714,0.0449991497095448,,,,,,,,,,
213,2024-09-08 11:26:29,nuclear_engineer_interview.txt,2,0,0.0421052631578947,0.0,0.0,0.0757479536132003,,,,,,,,,,
213,2024-09-08 11:26:29,nuclear_engineer_interview.txt,3,0,0.0566037735849056,0.0,0.0283018867924528,0.1100773347441114,,,,,,,,,,
213,2024-09-08 11:26:29,pharmacist_interview.txt,1,0,0.0654205607476635,0.0,0.0093457943925233,0.0,,,,,,,,,,
213,2024-09-08 11:26:29,pharmacist_interview.txt,2,0,0.0441176470588235,0.0,0.0,0.0690132425340739,,,,,,,,,,
213,2024-09-08 11:26:29,pharmacist_interview.txt,3,0,0.0842105263157894,0.0421052631578947,0.0,0.0934611119352368,,,,,,,,,,
213,2024-09-08 11:26:29,chef_interview.txt,1,0,0.0588235294117647,0.0,0.0,0.0332256967857307,,,,,,,,,,
213,2024-09-08 11:26:29,chef_interview.txt,2,0,0.0642857142857142,0.0,0.0142857142857142,0.0765835105514407,,,,,,,,,,
213,2024-09-08 11:26:29,chef_interview.txt,3,0,0.0543478260869565,0.0,0.0,0.0449413215361284,,,,,,,,,,
213,2024-09-08 11:26:29,hotel_manager_interview.txt,1,0,0.040650406504065,0.0,0.008130081300813,0.1413053520565927,,,,,,,,,,
213,2024-09-08 11:26:29,hotel_manager_interview.txt,2,0,0.0948275862068965,0.0,0.0,0.1099607806113364,,,,,,,,,,
213,2024-09-08 11:26:29,hotel_manager_interview.txt,3,0,0.0873015873015873,0.0079365079365079,0.0,0.0983426079695328,,,,,,,,,,
213,2024-09-08 11:26:29,mobile_app_developer_interview.txt,1,0,0.0526315789473684,0.0,0.0,0.1013216232627603,,,,,,,,,,
213,2024-09-08 11:26:29,mobile_app_developer_interview.txt,2,0,0.024390243902439,0.0,0.016260162601626,0.0251933432248417,,,,,,,,,,
213,2024-09-08 11:26:29,mobile_app_developer_interview.txt,3,0,0.0465116279069767,0.0,0.0387596899224806,0.0713877057334111,,,,,,,,,,
213,2024-09-08 11:26:29,graphic_designer_interview.txt,1,0,0.0701754385964912,0.0,0.0087719298245614,0.0907194463199692,,,,,,,,,,
213,2024-09-08 11:26:29,graphic_designer_interview.txt,2,0,0.0338983050847457,0.0,0.0169491525423728,0.1235217831475955,,,,,,,,,,
213,2024-09-08 11:26:29,graphic_designer_interview.txt,3,0,0.0827067669172932,0.0,0.0,0.1745280411231842,,,,,,,,,,
213,2024-09-08 11:26:29,geotechnical_engineer_interview.txt,1,0,0.0512820512820512,0.0,0.0256410256410256,0.0319974506476605,,,,,,,,,,
213,2024-09-08 11:26:29,geotechnical_engineer_interview.txt,2,0,0.0806451612903225,0.0,0.0161290322580645,0.0214325208060958,,,,,,,,,,
213,2024-09-08 11:26:29,geotechnical_engineer_interview.txt,3,0,0.058252427184466,0.0,0.0097087378640776,0.0773230010696247,,,,,,,,,,
213,2024-09-08 11:26:29,gardener_interview.txt,1,0,0.048076923076923,0.0,0.0,0.0456965816968714,,,,,,,,,,
213,2024-09-08 11:26:29,gardener_interview.txt,2,0,0.0598290598290598,0.0,0.0085470085470085,0.1140851410160635,,,,,,,,,,
213,2024-09-08 11:26:29,gardener_interview.txt,3,0,0.0606060606060606,0.0,0.0075757575757575,0.0,,,,,,,,,,
213,2024-09-08 11:26:29,ai_software_developer_interview.txt,1,0,0.09,0.0,0.0,0.0111499229117319,,,,,,,,,,
213,2024-09-08 11:26:29,ai_software_developer_interview.txt,2,0,0.0542635658914728,0.0,0.0077519379844961,0.1105557259653508,,,,,,,,,,
213,2024-09-08 11:26:29,ai_software_developer_interview.txt,3,0,0.089430894308943,0.0,0.008130081300813,0.0,,,,,,,,,,
213,2024-09-08 11:26:29,supply_chain_manager_interview.txt,1,0,0.0485436893203883,0.0,0.0097087378640776,0.110396931184179,,,,,,,,,,
213,2024-09-08 11:26:29,supply_chain_manager_interview.txt,2,0,0.0446428571428571,0.0,0.0,0.0139712343151882,,,,,,,,,,
213,2024-09-08 11:26:29,supply_chain_manager_interview.txt,3,0,0.0588235294117647,0.0073529411764705,0.0,0.028340865949965,,,,,,,,,,
213,2024-09-08 11:26:29,cloud_architect_interview.txt,1,0,0.0285714285714285,0.0,0.0380952380952381,0.0391645933980824,,,,,,,,,,
213,2024-09-08 11:26:29,cloud_architect_interview.txt,2,0,0.0708661417322834,0.0,0.0157480314960629,0.0392796140007774,,,,,,,,,,
213,2024-09-08 11:26:29,cloud_architect_interview.txt,3,0,0.0546875,0.0,0.0078125,0.0877736868278276,,,,,,,,,,
213,2024-09-08 11:26:29,mining_engineer_interview.txt,1,0,0.043103448275862,0.0,0.0,0.0623291883426047,,,,,,,,,,
213,2024-09-08 11:26:29,mining_engineer_interview.txt,2,0,0.0526315789473684,0.0,0.0,0.0706375811030402,,,,,,,,,,
213,2024-09-08 11:26:29,mining_engineer_interview.txt,3,0,0.0444444444444444,0.0,0.0222222222222222,0.0358635620371859,,,,,,,,,,
213,2024-09-08 11:26:29,devops_engineer_interview.txt,1,0,0.0977443609022556,0.0601503759398496,0.0,0.07311065388755,,,,,,,,,,
213,2024-09-08 11:26:29,devops_engineer_interview.txt,2,0,0.0526315789473684,0.0,0.0263157894736842,0.148397515332583,,,,,,,,,,
213,2024-09-08 11:26:29,devops_engineer_interview.txt,3,0,0.0842105263157894,0.0,0.0105263157894736,0.0,,,,,,,,,,
213,2024-09-08 11:26:29,system_administrator_interview.txt,1,0,0.0408163265306122,0.0,0.0204081632653061,0.0332782663987651,,,,,,,,,,
213,2024-09-08 11:26:29,system_administrator_interview.txt,2,0,0.0560747663551401,0.0,0.0186915887850467,0.0204433907247207,,,,,,,,,,
213,2024-09-08 11:26:29,system_administrator_interview.txt,3,0,0.0921052631578947,0.0,0.0,0.1253139835189771,,,,,,,,,,
213,2024-09-08 11:26:29,content_writer_interview.txt,1,0,0.0769230769230769,0.0,0.0109890109890109,0.055124321075318,,,,,,,,,,
213,2024-09-08 11:26:29,content_writer_interview.txt,2,0,0.0454545454545454,0.0,0.0113636363636363,0.1019393483798434,,,,,,,,,,
213,2024-09-08 11:26:29,content_writer_interview.txt,3,0,0.0518518518518518,0.0,0.0222222222222222,0.0877565421919958,,,,,,,,,,
213,2024-09-08 11:26:29,transportation_engineer_interview.txt,1,0,0.0656934306569343,0.0,0.0145985401459854,0.1117562157628961,,,,,,,,,,
213,2024-09-08 11:26:29,transportation_engineer_interview.txt,2,0,0.0241935483870967,0.0080645161290322,0.0161290322580645,0.0349067186143281,,,,,,,,,,
213,2024-09-08 11:26:29,transportation_engineer_interview.txt,3,0,0.0763358778625954,0.0,0.0076335877862595,0.1166303786213575,,,,,,,,,,
213,2024-09-08 11:26:29,lorry_driver_interview.txt,1,0,0.0454545454545454,0.0,0.0,0.0916819840397446,,,,,,,,,,
213,2024-09-08 11:26:29,lorry_driver_interview.txt,2,0,0.0458015267175572,0.0,0.0076335877862595,0.0567176989464362,,,,,,,,,,
213,2024-09-08 11:26:29,lorry_driver_interview.txt,3,0,0.0413223140495867,0.0,0.0,0.1123148981401632,,,,,,,,,,
213,2024-09-08 11:26:29,dentist_interview.txt,1,0,0.0592592592592592,0.0,0.0074074074074074,0.0704318199356172,,,,,,,,,,
213,2024-09-08 11:26:29,dentist_interview.txt,2,0,0.0526315789473684,0.0,0.0087719298245614,0.0940702620980976,,,,,,,,,,
213,2024-09-08 11:26:29,dentist_interview.txt,3,0,0.0555555555555555,0.0,0.0,0.1371066698362683,,,,,,,,,,
213,2024-09-08 11:26:29,physicist_interview.txt,1,0,0.0608695652173913,0.0,0.008695652173913,0.1139810973689073,,,,,,,,,,
213,2024-09-08 11:26:29,physicist_interview.txt,2,0,0.0508474576271186,0.0,0.0423728813559322,0.1136156482515152,,,,,,,,,,
213,2024-09-08 11:26:29,physicist_interview.txt,3,0,0.0503597122302158,0.0,0.0071942446043165,0.062641834791487,,,,,,,,,,
213,2024-09-08 11:26:29,architect_interview.txt,1,0,0.0459770114942528,0.0,0.0229885057471264,0.0,,,,,,,,,,
213,2024-09-08 11:26:29,architect_interview.txt,2,0,0.0687022900763358,0.0,0.0229007633587786,0.0876209078759001,,,,,,,,,,
213,2024-09-08 11:26:29,architect_interview.txt,3,0,0.0606060606060606,0.0378787878787878,0.0227272727272727,0.0480218505844039,,,,,,,,,,
213,2024-09-08 11:26:29,materials_engineer_interview.txt,1,0,0.0454545454545454,0.0,0.0181818181818181,0.0329382443745014,,,,,,,,,,
213,2024-09-08 11:26:29,materials_engineer_interview.txt,2,0,0.057471264367816,0.0,0.0114942528735632,0.0418562922438496,,,,,,,,,,
213,2024-09-08 11:26:29,materials_engineer_interview.txt,3,0,0.0508474576271186,0.0,0.0,0.0236745237289426,,,,,,,,,,
213,2024-09-08 11:26:29,computer_vision_engineer_interview.txt,1,0,0.0825688073394495,0.0,0.018348623853211,0.0651242189442417,,,,,,,,,,
213,2024-09-08 11:26:29,computer_vision_engineer_interview.txt,2,0,0.08,0.0,0.0,0.0806504300442508,,,,,,,,,,
213,2024-09-08 11:26:29,computer_vision_engineer_interview.txt,3,0,0.0564516129032258,0.0,0.0,0.0739659279494996,,,,,,,,,,
213,2024-09-08 11:26:29,data_scientist_interview.txt,1,0,0.0847457627118644,0.0,0.0084745762711864,0.0,,,,,,,,,,
213,2024-09-08 11:26:29,data_scientist_interview.txt,2,0,0.089430894308943,0.016260162601626,0.0,0.0524078414472835,,,,,,,,,,
213,2024-09-08 11:26:29,data_scientist_interview.txt,3,0,0.104,0.0,0.008,0.0,,,,,,,,,,
213,2024-09-08 11:26:29,structural_engineer_interview.txt,1,0,0.0827067669172932,0.0,0.0075187969924812,0.1294579871455792,,,,,,,,,,
213,2024-09-08 11:26:29,structural_engineer_interview.txt,2,0,0.056,0.0,0.016,0.0444434820554314,,,,,,,,,,
213,2024-09-08 11:26:29,structural_engineer_interview.txt,3,0,0.0747663551401869,0.0,0.0093457943925233,0.0492461992698414,,,,,,,,,,
213,2024-09-08 11:26:29,ai_ethicist_interview.txt,1,0,0.0671641791044776,0.0597014925373134,0.0,0.0,,,,,,,,,,
213,2024-09-08 11:26:29,ai_ethicist_interview.txt,2,0,0.0869565217391304,0.0608695652173913,0.0260869565217391,0.0463364020063631,,,,,,,,,,
213,2024-09-08 11:26:29,ai_ethicist_interview.txt,3,0,0.0962962962962963,0.0518518518518518,0.0,0.0627334709480612,,,,,,,,,,
213,2024-09-08 11:26:29,sales_manager_interview.txt,1,0,0.0454545454545454,0.0,0.0227272727272727,0.0927529785536527,,,,,,,,,,
213,2024-09-08 11:26:29,sales_manager_interview.txt,2,0,0.0727272727272727,0.0,0.0,0.1185601973267088,,,,,,,,,,
213,2024-09-08 11:26:29,sales_manager_interview.txt,3,0,0.0444444444444444,0.0,0.0,0.106219738259975,,,,,,,,,,
213,2024-09-08 11:26:29,frontend_developer_interview.txt,1,0,0.0338983050847457,0.0,0.0,0.0463880667322203,,,,,,,,,,
213,2024-09-08 11:26:29,frontend_developer_interview.txt,2,0,0.048076923076923,0.0,0.0192307692307692,0.0316033064174671,,,,,,,,,,
213,2024-09-08 11:26:29,frontend_developer_interview.txt,3,0,0.0677966101694915,0.0,0.0084745762711864,0.1521935579294296,,,,,,,,,,
213,2024-09-08 11:26:29,public_relations_specialist_interview.txt,1,0,0.0707070707070707,0.0,0.0,0.0612498751422564,,,,,,,,,,
213,2024-09-08 11:26:29,public_relations_specialist_interview.txt,2,0,0.1025641025641025,0.0341880341880341,0.0,0.0,,,,,,,,,,
213,2024-09-08 11:26:29,public_relations_specialist_interview.txt,3,0,0.0517241379310344,0.0,0.0086206896551724,0.1004132052736,,,,,,,,,,
213,2024-09-08 11:26:29,logistics_coordinator_interview.txt,1,0,0.0603448275862069,0.0,0.0344827586206896,0.0536258473420191,,,,,,,,,,
213,2024-09-08 11:26:29,logistics_coordinator_interview.txt,2,0,0.043010752688172,0.0,0.0,0.0355816989033996,,,,,,,,,,
213,2024-09-08 11:26:29,logistics_coordinator_interview.txt,3,0,0.054054054054054,0.0,0.0,0.041870378325629,,,,,,,,,,
213,2024-09-08 11:26:29,nurse_interview.txt,1,0,0.0652173913043478,0.0,0.0217391304347826,0.0792010942258981,,,,,,,,,,
213,2024-09-08 11:26:29,nurse_interview.txt,2,0,0.0514705882352941,0.0,0.0147058823529411,0.1370661560765469,,,,,,,,,,
213,2024-09-08 11:26:29,nurse_interview.txt,3,0,0.054054054054054,0.0,0.036036036036036,0.1152664333805689,,,,,,,,,,
213,2024-09-08 11:26:29,chemist_interview.txt,1,0,0.0727272727272727,0.0,0.0181818181818181,0.0527446151325422,,,,,,,,,,
213,2024-09-08 11:26:29,chemist_interview.txt,2,0,0.1075268817204301,0.0,0.0,0.1152384730306447,,,,,,,,,,
213,2024-09-08 11:26:29,chemist_interview.txt,3,0,0.0697674418604651,0.0,0.0077519379844961,0.0643850449549886,,,,,,,,,,
213,2024-09-08 11:26:29,manufacturing_engineer_interview.txt,1,0,0.0687022900763358,0.015267175572519,0.0229007633587786,0.0482168090314157,,,,,,,,,,
213,2024-09-08 11:26:29,manufacturing_engineer_interview.txt,2,0,0.0446428571428571,0.0,0.0089285714285714,0.0834938300109287,,,,,,,,,,
213,2024-09-08 11:26:29,manufacturing_engineer_interview.txt,3,0,0.0602409638554216,0.0,0.0,0.0635358168333495,,,,,,,,,,
213,2024-09-08 11:26:29,veterinarian_interview.txt,1,0,0.048076923076923,0.0,0.0096153846153846,0.0969298964109895,,,,,,,,,,
213,2024-09-08 11:26:29,veterinarian_interview.txt,2,0,0.05,0.0142857142857142,0.0,0.0695811870523281,,,,,,,,,,
213,2024-09-08 11:26:29,veterinarian_interview.txt,3,0,0.032520325203252,0.0,0.016260162601626,0.0394390204432756,,,,,,,,,,
213,2024-09-08 11:26:29,event_planner_interview.txt,1,0,0.0373134328358208,0.0,0.0,0.099059528098622,,,,,,,,,,
213,2024-09-08 11:26:29,event_planner_interview.txt,2,0,0.078125,0.0,0.0078125,0.0271201838699979,,,,,,,,,,
213,2024-09-08 11:26:29,event_planner_interview.txt,3,0,0.048076923076923,0.0,0.0,0.1572289573335409,,,,,,,,,,
213,2024-09-08 11:26:29,seo_specialist_interview.txt,1,0,0.0306122448979591,0.0,0.0,0.0418630458366323,,,,,,,,,,
213,2024-09-08 11:26:29,seo_specialist_interview.txt,2,0,0.0561797752808988,0.0,0.0,0.0469111864526693,,,,,,,,,,
213,2024-09-08 11:26:29,seo_specialist_interview.txt,3,0,0.0648148148148148,0.0,0.0092592592592592,0.1552382553045406,,,,,,,,,,
213,2024-09-08 11:26:29,procurement_specialist_interview.txt,1,0,0.1349206349206349,0.0079365079365079,0.0,0.0,,,,,,,,,,
213,2024-09-08 11:26:29,procurement_specialist_interview.txt,2,0,0.0467289719626168,0.0,0.0,0.0290324715415137,,,,,,,,,,
213,2024-09-08 11:26:29,procurement_specialist_interview.txt,3,0,0.0614035087719298,0.0,0.0087719298245614,0.0990984254553111,,,,,,,,,,
213,2024-09-08 11:26:29,aerospace_engineer_interview.txt,-999,0,0.0548308212173758,0.0,0.0178293539638077,0.0480739626699158,0.0090746222810393,-22.39228019751654,0.0,0.0,0.011075130789614,1.5910790693874617,0.0113061410215475,-49.35193438837489,74.0,76.0
213,2024-09-08 11:26:29,agricultural_engineer_interview.txt,-999,0,0.0456377917911273,0.0,0.0109669211195928,0.011394722776523,0.0069730377729906,-35.404123463912626,0.0,0.0,0.0114809600183229,-37.51084010840108,0.0098783166486343,-87.99515091413978,94.0,99.0
213,2024-09-08 11:26:29,ai_ethicist_interview.txt,-999,0,0.0834723323799681,0.0574743032021855,0.008695652173913,0.0363566243181414,0.014875306539273,18.14700635108176,0.0049040868504378,0.0,0.0150613113701641,-50.45245669848003,0.0325356583816519,-61.69667338376586,10.0,91.0
213,2024-09-08 11:26:29,ai_professor_interview.txt,-999,0,0.0658976546369447,0.0,0.0130909255756256,0.0340822291710896,0.0113684743774216,-6.728248763048711,0.0,0.0,0.0039311982797189,-25.408331791241707,0.0420786958568103,-64.09285019626586,42.0,92.0
213,2024-09-08 11:26:29,ai_software_developer_interview.txt,-999,0,0.0778981534001386,0.0,0.0052940064284363,0.0405685496256942,0.0204701310535737,10.257295586392232,0.0,0.0,0.0045886409905508,-69.8349235335802,0.0608665247425301,-57.25922205916984,17.0,88.0
213,2024-09-08 11:26:29,architect_interview.txt,-999,0,0.0584284540588831,0.0126262626262626,0.0228721806110592,0.0452142528201013,0.0115180748983522,-17.300179161695667,0.0218693283783949,0.0,0.0001329413508501,30.324941311064123,0.0438778740158845,-52.36476636767525,61.0,78.0
213,2024-09-08 11:26:29,astronomer_interview.txt,-999,0,0.0603797074385309,0.0052910052910052,0.0059134765017117,0.0224049461475774,0.019792235413115,-14.538368884388149,0.0091642899871369,0.0,0.0052056422918386,-66.30520320142512,0.0195158607931298,-76.39538911533178,55.0,96.0
213,2024-09-08 11:26:29,backend_developer_interview.txt,-999,0,0.0525201180281394,0.0,0.0060062486533074,0.0863875677914038,0.0090964815246191,-25.6628568855078,0.0,0.0,0.0052367468209077,-65.77659049861344,0.0423274975700418,-8.986841139563666,80.0,16.0
213,2024-09-08 11:26:29,barista_interview.txt,-999,0,0.0690503124326653,0.0,0.0081663434604611,0.087702429243304,0.0185405746278981,-2.265966830895792,0.0,0.0,0.0084133830483931,-53.46844053443765,0.0174195882811321,-7.601575906837013,32.0,14.0
213,2024-09-08 11:26:29,bartender_interview.txt,-999,0,0.0648439883734001,0.0,0.003030303030303,0.0772575823270087,0.0067063208083585,-8.219611364063041,0.0,0.0,0.0052486388108147,-82.73343187977335,0.0217111142556495,-18.605688373125343,43.0,27.0
213,2024-09-08 11:26:29,biologist_interview.txt,-999,0,0.0680868838763575,0.01,0.0063492063492063,0.0489864703554579,0.0312272387653812,-3.629606692338399,0.0173205080756887,0.0,0.0109971479845643,-63.822428700477474,0.0437409249891785,-48.3905668088853,36.0,74.0
213,2024-09-08 11:26:29,biomedical_engineer_interview.txt,-999,0,0.0856556387346051,0.0,0.0033003300330033,0.0789197619677442,0.0227655924444408,21.237265151727968,0.0,0.0,0.0057163392989071,-81.19482679975314,0.0318817554345985,-16.854507924775135,7.0,25.0
213,2024-09-08 11:26:29,business_analyst_interview.txt,-999,0,0.0554979760406117,0.0,0.0093334027442554,0.0268847086642488,0.0098769086964874,-21.44798712590089,0.0,0.0,0.0016198096651814,-46.81857468852488,0.0465656813531662,-71.67575933513768,72.0,95.0
213,2024-09-08 11:26:29,business_intelligence_analyst_interview.txt,-999,0,0.0687741763372015,0.0,0.0128851540616246,0.1003877971033804,0.0087949076901518,-2.6568107440144217,0.0,0.0,0.0111623859076589,-26.580811186263105,0.0562029429299538,5.763025386719647,35.0,8.0
213,2024-09-08 11:26:29,chef_interview.txt,-999,0,0.0591523565948118,0.0,0.0047619047619047,0.0515835096244333,0.0049770976432038,-16.27556519594934,0.0,0.0,0.0082478609884232,-72.86682152535812,0.0224290882691609,-45.654470011661154,59.0,69.0
213,2024-09-08 11:26:29,chemical_engineer_interview.txt,-999,0,0.0718084273182957,0.0,0.0156272377372001,0.0708178587504109,0.0017176512571054,1.63787780382998,0.0,0.0,0.0054242753193317,-10.95650757628681,0.0689536349550145,-25.390224619236847,27.0,39.0
213,2024-09-08 11:26:29,chemist_interview.txt,-999,0,0.0833405321027226,0.0,0.0086445853887714,0.0774560443727252,0.0209982089846374,17.960455816924977,0.0,0.0,0.0091237186848588,-50.74343357950845,0.0332341516828835,-18.396599748959304,11.0,26.0
213,2024-09-08 11:26:29,civil_engineer_interview.txt,-999,0,0.0748457883658269,0.0,0.011100938334159,0.0633969770053524,0.012732133342275,5.936968349661214,0.0,0.0,0.0034094988331135,-36.74721437808669,0.017188509235205,-33.20845479303192,23.0,52.0
213,2024-09-08 11:26:29,cloud_architect_interview.txt,-999,0,0.0513750234345706,0.0,0.0205519231971003,0.0554059647422291,0.0213410418229086,-27.283627437396945,0.0,0.0,0.0157025185318364,17.10419002185195,0.0280313285841514,-41.62734291725233,83.0,62.0
213,2024-09-08 11:26:29,computer_vision_engineer_interview.txt,-999,0,0.0730068067475584,0.0,0.0061162079510703,0.0732468589793307,0.01439463529251,3.33406788266484,0.0,0.0,0.0105935829209105,-65.1500459958728,0.0077880423033267,-22.831164451684472,26.0,36.0
213,2024-09-08 11:26:29,construction_manager_interview.txt,-999,0,0.0845533482626598,0.0,0.0189321197235666,0.076807083260755,0.0285329359907958,19.67707969055212,0.0,0.0,0.0084526221862361,7.874602506192673,0.0695745010677526,-19.0803092489258,9.0,29.0
213,2024-09-08 11:26:29,content_writer_interview.txt,-999,0,0.0580764914098247,0.0,0.0148582898582898,0.0816067372157191,0.0166320991283872,-17.798348221407025,0.0,0.0,0.0063801027372806,-15.337947583882524,0.0240057653765828,-14.02365955908776,64.0,22.0
213,2024-09-08 11:26:29,cto_of_a_fintec_interview.txt,-999,0,0.0668664343786295,0.0026666666666666,0.0079576719576719,0.0667679675719528,0.0094508374067066,-5.35703481670042,0.004618802153517,0.0,0.007936592592141,-54.65744397126511,0.0207608663908648,-29.656965755907265,40.0,45.0
213,2024-09-08 11:26:29,customer_service_representative_interview.txt,-999,0,0.0581985266195792,0.0,0.0059542796384901,0.0671208891698068,0.0164720762626921,-17.6256191950239,0.0,0.0,0.005159023304182,-66.07270825499324,0.0489025078385463,-29.28514709875597,63.0,43.0
213,2024-09-08 11:26:29,cybersecurity_specialist_interview.txt,-999,0,0.0773109926377253,0.0202599644579842,0.008,0.0511719302908732,0.0215075743575556,9.426226364435236,0.0111223276261782,0.0,0.013856406460551,-54.41626016260162,0.0555235444498658,-46.08808721175909,19.0,70.0
213,2024-09-08 11:26:29,data_engineer_interview.txt,-999,0,0.1198984478054245,0.0025641025641025,0.0056142823584684,0.0658105039181166,0.0361913764231097,69.70464668304683,0.0044411559168432,0.0,0.0049079869301384,-68.01000169973511,0.0781642140642681,-30.665696454751668,1.0,48.0
213,2024-09-08 11:26:29,data_scientist_interview.txt,-999,0,0.0927255523402691,0.005420054200542,0.0054915254237288,0.0174692804824278,0.0100410403865582,31.244043491977635,0.0093878092551158,0.0,0.0047617165254651,-68.70946672178586,0.0302576813672363,-81.5953332131787,2.0,98.0
213,2024-09-08 11:26:29,database_administrator_interview.txt,-999,0,0.0592641333048048,0.0095923261390887,0.0095923261390887,0.0610299134785249,0.0310134360817725,-16.1173560829545,0.0166143962356726,0.0,0.0166143962356726,-45.34323760503791,0.0403786741209838,-35.70226188018239,58.0,55.0
213,2024-09-08 11:26:29,dentist_interview.txt,-999,0,0.0558154645873944,0.0,0.0053931124106562,0.1005362506233277,0.0033214757424644,-20.998612820863087,0.0,0.0,0.0047201405129731,-69.27022086985002,0.033804447311336,5.919427796693483,71.0,6.0
213,2024-09-08 11:26:29,devops_engineer_interview.txt,-999,0,0.0781954887218045,0.0200501253132832,0.0122807017543859,0.073836056406711,0.0231500816817152,10.67814495211195,0.0347278357407293,0.0,0.0132453235706504,-30.024960775923542,0.0742014170742861,-22.210418661181293,16.0,35.0
213,2024-09-08 11:26:29,digital_marketing_specialist_interview.txt,-999,0,0.0566753539345686,0.0,0.0098898021657708,0.0832511521109623,0.018437893884227,-19.78152268733997,0.0,0.0,0.001141597288879,-43.64822887902008,0.0721138721343955,-12.291195063101242,68.0,19.0
213,2024-09-08 11:26:29,doctor_interview.txt,-999,0,0.0602297484650425,0.0,0.0097643097643097,0.0522903051616822,0.0089849186448038,-14.750621295312598,0.0,0.0,0.0091654259857348,-44.36328050149187,0.0202047210831162,-44.90982936303435,56.0,67.0
213,2024-09-08 11:26:29,electrical_engineer_interview.txt,-999,0,0.0882428940568475,0.0066666666666666,0.0034722222222222,0.039980860416496,0.0102279568387673,24.89927461370624,0.0115470053837925,0.0,0.0060140653040586,-80.21539069557362,0.0105493860274732,-57.87837887449393,4.0,90.0
213,2024-09-08 11:26:29,environmental_engineer_interview.txt,-999,0,0.0850391671820243,0.0,0.0146464646464646,0.0757482535843909,0.0057403325072782,20.364709343577218,0.0,0.0,0.0137481389786022,-16.54492075223783,0.0665124574639047,-20.19583357730795,8.0,31.0
213,2024-09-08 11:26:29,environmental_scientist_interview.txt,-999,0,0.0539188210091536,0.0,0.0164064483371414,0.08260450506481,0.0118172493974848,-23.683128210514862,0.0,0.0,0.0206568954496431,-6.516590918003615,0.0269700022423844,-12.97246659143272,78.0,20.0
213,2024-09-08 11:26:29,event_planner_interview.txt,-999,0,0.0545051186375813,0.0,0.0026041666666666,0.0944695564340536,0.021151531321009,-22.85328067116309,0.0,0.0,0.0045105489780439,-85.16154302168022,0.0651757172032501,-0.4721053384833027,75.0,12.0
213,2024-09-08 11:26:29,financial_analyst_interview.txt,-999,0,0.0676149780212825,0.0029498525073746,0.0116001867826685,0.1144640016456769,0.0109990487697447,-4.297543749648227,0.0051092944176073,0.0,0.0104294293817635,-33.902512954201285,0.0486399351293362,20.59293520954837,38.0,3.0
213,2024-09-08 11:26:29,fire_protection_engineer_interview.txt,-999,0,0.0750968992248062,0.0240402362495385,0.0107281284606865,0.0328066995261925,0.0222393748401715,6.292391462982081,0.0201060034230084,0.0,0.0041775518863019,-38.87147291323412,0.029641073128454,-65.43667761461074,21.0,94.0
213,2024-09-08 11:26:29,focus_group_interview.txt,-999,0,0.0588235294117647,0.0,0.0,0.0,0.0,-16.74098824303796,0.0,0.0,0.0,-100.0,0.0,-100.0,60.0,100.0
213,2024-09-08 11:26:29,frontend_developer_interview.txt,-999,0,0.0499239461103867,0.0,0.0092351151673185,0.0767283103597056,0.0170244645281205,-29.337486925303224,0.0,0.0,0.0096379165726401,-47.37861410556739,0.0657715742358427,-19.163300016467915,89.0,30.0
213,2024-09-08 11:26:29,full_stack_developer_interview.txt,-999,0,0.0804121707008846,0.0123456790123456,0.0101876154369592,0.0483128022847362,0.0780055017087343,13.815643718392453,0.0213833433033194,0.0,0.0040072722095984,-41.95129854477313,0.0514378645862778,-49.10030619277265,13.0,75.0
213,2024-09-08 11:26:29,game_developer_interview.txt,-999,0,0.0521700521700521,0.0,0.0183890183890183,0.0658134742018097,0.0083272280313069,-26.15834122120914,0.0,0.0,0.0047618055766234,4.7800287637686125,0.0101708631617814,-30.662567128292565,82.0,47.0
213,2024-09-08 11:26:29,gardener_interview.txt,-999,0,0.0561706811706811,0.0,0.0053742553742553,0.0532605742376449,0.0070201583039181,-20.49583813223272,0.0,0.0,0.0046795082789833,-69.37766765002537,0.057417465439807,-43.88760758036767,70.0,66.0
213,2024-09-08 11:26:29,geneticist_interview.txt,-999,0,0.0611336032388664,0.0096153846153846,0.0101407364565259,0.0973580478295555,0.0279117427581266,-13.471302356226062,0.0166543346881622,0.0,0.008783849262908,-42.21841345076261,0.0114069685173857,2.571049283957322,52.0,9.0
213,2024-09-08 11:26:29,geologist_interview.txt,-999,0,0.0897087359987703,0.0,0.0084852734922861,0.0625965489539741,0.0186570725171784,26.97403198880508,0.0,0.0,0.0087032835354668,-51.651187584807126,0.0571174070875316,-34.05174147488816,3.0,53.0
213,2024-09-08 11:26:29,geotechnical_engineer_interview.txt,-999,0,0.0633932132522799,0.0,0.0171595985877226,0.0435843241744603,0.0153417345298937,-10.273043112785928,0.0,0.0,0.0080159839490695,-2.225165282882997,0.0296922241439828,-54.08196895306461,46.0,82.0
213,2024-09-08 11:26:29,graphic_designer_interview.txt,-999,0,0.06226017019951,0.0,0.0085736941223114,0.129589756863583,0.0253486704180317,-11.87675587526506,0.0,0.0,0.0084763150024872,-51.14736971039053,0.0422325155476891,36.5285935192658,51.0,1.0
213,2024-09-08 11:26:29,hotel_manager_interview.txt,-999,0,0.0742598600041829,0.0026455026455026,0.002710027100271,0.1165362468791539,0.029348878825487,5.107643471696633,0.0045821449935684,0.0,0.0046939046275579,-84.55835371361843,0.0222233416108369,22.77613806447352,25.0,2.0
213,2024-09-08 11:26:29,human_resources_manager_interview.txt,-999,0,0.0639151864060417,0.0,0.0236426564141502,0.0579282148176675,0.0148051245436644,-9.534240640706187,0.0,0.0,0.007475764681373,34.71508738095281,0.0734851947736557,-38.97003987388016,45.0,58.0
213,2024-09-08 11:26:29,industrial_engineer_interview.txt,-999,0,0.0786461242176215,0.0,0.0231474883646284,0.056356248609007,0.0158844724236964,11.3159758748657,0.0,0.0,0.01226823742033,31.8936359378038,0.0528215330852058,-40.62617644456724,15.0,59.0
213,2024-09-08 11:26:29,it_manager_interview.txt,-999,0,0.0471973372676066,0.0,0.0051092318534179,0.1004112410170443,0.0142018613496248,-33.1967378061636,0.0,0.0,0.0044256013696548,-70.88776305310621,0.072368648424168,5.787724596260446,92.0,7.0
213,2024-09-08 11:26:29,logistics_coordinator_interview.txt,-999,0,0.0524698781094776,0.0,0.0114942528735632,0.0436926415236826,0.008774950040325,-25.733966627142763,0.0,0.0,0.019908629972056,-34.50612092327819,0.0091590559333901,-53.96785179055914,81.0,81.0
213,2024-09-08 11:26:29,lorry_driver_interview.txt,-999,0,0.0441927954072298,0.0,0.0025445292620865,0.086904860375448,0.0024919563434483,-37.44937596947936,0.0,0.0,0.0044072539632795,-85.50135501355014,0.0281047651195438,-8.44185031122339,95.0,15.0
213,2024-09-08 11:26:29,machine_learning_engineer_interview.txt,-999,0,0.0536580017734597,0.0,0.005050505050505,0.0497500160439961,0.0071176400905742,-24.05229259130316,0.0,0.0,0.0087477313513579,-71.2223864662889,0.0434329688699764,-47.5861373426463,79.0,73.0
213,2024-09-08 11:26:29,manufacturing_engineer_interview.txt,-999,0,0.0578620370248715,0.005089058524173,0.01060977826245,0.0650821519585646,0.012204857554227,-18.101887644095555,0.0088145079265591,0.0,0.0115425769617275,-39.54582849399921,0.0176892740534159,-31.43304775651628,65.0,49.0
213,2024-09-08 11:26:29,marine_engineer_interview.txt,-999,0,0.0663451012588943,0.0026041666666666,0.0147321428571428,0.0635955669632064,0.0085941694008704,-6.094931382570891,0.0045105489780439,0.0,0.0143066253205018,-16.05672909407666,0.0563358613200052,-32.99923140771915,41.0,51.0
213,2024-09-08 11:26:29,marketing_manager_interview.txt,-999,0,0.0574734490678158,0.0,0.0056307911617961,0.0433353117732308,0.010230270987519,-18.65189628194257,0.0,0.0,0.0048827850487395,-67.91593507524526,0.0335050053371757,-54.34431463324448,66.0,83.0
213,2024-09-08 11:26:29,materials_engineer_interview.txt,-999,0,0.0512577558164933,0.0,0.0098920236851271,0.0328230201157645,0.0060188571849888,-27.449608399264463,0.0,0.0,0.0091961938799908,-43.63557073397275,0.0090914319034334,-65.41948314497358,84.0,93.0
213,2024-09-08 11:26:29,mechanical_engineer_interview.txt,-999,0,0.0708540513494073,0.0,0.0029239766081871,0.0506481015165538,0.0086671076461903,0.2870510035879476,0.0,0.0,0.005064476045523,-83.3392763752199,0.0135803186403236,-46.639964208318496,30.0,72.0
213,2024-09-08 11:26:29,meteorologist_interview.txt,-999,0,0.0676512666704869,0.0,0.0157341100834086,0.0407192739003882,0.0157789142996009,-4.246180679445359,0.0,0.0,0.000801866882806,-10.34755242311398,0.0705278512427857,-57.10042730770777,37.0,87.0
213,2024-09-08 11:26:29,microbiologist_interview.txt,-999,0,0.0716161196083565,0.0,0.0024875621890547,0.081667457368724,0.023398475491293,1.3656848558227068,0.0,0.0,0.00430858409843,-85.82595154309752,0.0268522658028084,-13.95968816745406,28.0,21.0
213,2024-09-08 11:26:29,mining_engineer_interview.txt,-999,0,0.0467264905558916,0.0,0.0074074074074074,0.0562767771609436,0.0051577242427647,-33.86317574857249,0.0,0.0,0.0128300059819916,-57.79283348389039,0.0181598970628145,-40.70990316257054,93.0,60.0
213,2024-09-08 11:26:29,mobile_app_developer_interview.txt,-999,0,0.041177816918928,0.0,0.0183399508413688,0.0659675574070043,0.0148569985536164,-41.71678616935595,0.0,0.0,0.019463363791065,4.500443472954331,0.0383524739918186,-30.50023359361124,97.0,46.0
213,2024-09-08 11:26:29,natural_language_processing_engineer_interview.txt,-999,0,0.0688954858166054,0.0024691358024691,0.0159669211195928,0.0555975287871771,0.043380104289694,-2.485108918691836,0.0042766686606638,0.0,0.0138675385756967,-9.02100271002709,0.0342104300673422,-41.42552164481066,33.0,61.0
213,2024-09-08 11:26:29,network_administrator_interview.txt,-999,0,0.0611014125782108,0.0116959064327485,0.0237292955981766,0.0677886964885345,0.0239657375189806,-13.516865120323883,0.0202579041820921,0.0,0.024113132260403,35.208754634001025,0.0437899583450664,-28.581582278708154,54.0,42.0
213,2024-09-08 11:26:29,neuroscientist_interview.txt,-999,0,0.0512170987941831,0.0026666666666666,0.0144143248977901,0.0424897054500683,0.0090189791900086,-27.50715447873958,0.004618802153517,0.0,0.0055555106858179,-17.867645490924716,0.0430262860033163,-55.23519864110567,85.0,85.0
213,2024-09-08 11:26:29,no_persona_interview.txt,-999,0,0.0706512462380337,0.0,0.0175501177142041,0.094917667810953,0.0216471921120907,0.0,0.0,0.0,0.018795860180529,0.0,0.027153427299694,0.0,31.0,11.0
213,2024-09-08 11:26:29,nuclear_engineer_interview.txt,-999,0,0.0626649170095049,0.0,0.0124101527403414,0.0769414793556188,0.0241671644357858,-11.303875945261863,0.0,0.0,0.0144685954856044,-29.287353267737515,0.0325555052122015,-18.938716963776685,49.0,28.0
213,2024-09-08 11:26:29,nurse_interview.txt,-999,0,0.0569140111978986,0.0,0.0241603496079199,0.110511227894338,0.00730603618957,-19.443726433150843,0.0,0.0,0.0108692497785903,37.66488636350152,0.0292241395109772,16.428511617502693,67.0,4.0
213,2024-09-08 11:26:29,occupational_therapist_interview.txt,-999,0,0.0388266702776472,0.0,0.0174767476747674,0.0615201787989723,0.0141881073971164,-45.044606648784544,0.0,0.0,0.0155319870303768,-0.4180600986927913,0.0268749397537979,-35.185745480491875,99.0,54.0
213,2024-09-08 11:26:29,operations_manager_interview.txt,-999,0,0.079441426899054,0.0,0.0176617295261363,0.0467300039765822,0.01712062624118,12.441649835029068,0.0,0.0,0.018028582799709,0.6359604747368337,0.0464816574667467,-50.76785486380242,14.0,77.0
213,2024-09-08 11:26:29,petroleum_engineer_interview.txt,-999,0,0.0858856501717322,0.0029498525073746,0.0031446540880503,0.0709193675903395,0.0421831932957591,21.56282407584401,0.0051092944176073,0.0,0.0054467006527323,-82.08186327146291,0.0139780483598758,-25.283280525192325,6.0,38.0
213,2024-09-08 11:26:29,pharmacist_interview.txt,-999,0,0.0645829113740921,0.0140350877192982,0.0031152647975077,0.0541581181564369,0.0200595609157627,-8.58914058429555,0.0243094850185105,0.0,0.0053957969083142,-82.24932249322492,0.0484690715946676,-42.942004997106174,44.0,63.0
213,2024-09-08 11:26:29,physical_therapist_interview.txt,-999,0,0.0776564825783282,0.0023980815347721,0.0071024840101145,0.0753677820916746,0.0263030992224335,9.915233931886933,0.0041535990589181,0.0,0.0063070196502622,-59.53027708545715,0.0262464004677375,-20.59667727847652,18.0,32.0
213,2024-09-08 11:26:29,physicist_interview.txt,-999,0,0.0540255783582419,0.0,0.0194209260447205,0.0967461934706365,0.0059320815056105,-23.532023517005825,0.0,0.0,0.019891147418598,10.659805027987248,0.0295358062180704,1.926433404711787,77.0,10.0
213,2024-09-08 11:26:29,procurement_specialist_interview.txt,-999,0,0.0810177052183938,0.0026455026455026,0.0029239766081871,0.0427102989989416,0.0472544165185173,14.672719212105775,0.0045821449935684,0.0,0.005064476045523,-83.3392763752199,0.0509454286947989,-55.00279349045167,12.0,84.0
213,2024-09-08 11:26:29,product_manager_interview.txt,-999,0,0.0687865128083843,0.0,0.0117481082467615,0.0522449495829317,0.0379708936764512,-2.6393496632272644,0.0,0.0,0.0135349961143919,-33.05966126225324,0.0454785440816327,-44.957613489842906,34.0,68.0
213,2024-09-08 11:26:29,professor_of_classics_interview.txt,-999,0,0.0611153552330022,0.0,0.0061681238151826,0.0728153593663539,0.0261419994381492,-13.49713064211734,0.0,0.0,0.0054087721688619,-64.85423109048168,0.0363220071548864,-23.285768555354807,53.0,37.0
213,2024-09-08 11:26:29,project_manager_interview.txt,-999,0,0.040186022406408,0.0,0.0313364648842841,0.0600194207659177,0.0098787579116307,-43.12057529598863,0.0,0.0,0.0214392955446953,78.55415783862236,0.0497708470280647,-36.76686105956788,98.0,56.0
213,2024-09-08 11:26:29,psychologist_interview.txt,-999,0,0.0507208066598474,0.002415458937198,0.0261500725978538,0.0400466858845506,0.0188810284074656,-28.20960795374773,0.0041836976028233,0.0,0.0047909399839845,49.00226325370636,0.017954888617755,-57.80902880556296,86.0,89.0
213,2024-09-08 11:26:29,public_relations_specialist_interview.txt,-999,0,0.0749984370674025,0.0113960113960113,0.0028735632183908,0.0538876934719521,0.0256902193432022,6.153027810327046,0.0197384707415256,0.0,0.004977157493014,-83.62653023081955,0.050609823528041,-43.22690947350289,22.0,64.0
213,2024-09-08 11:26:29,quality_control_engineer_interview.txt,-999,0,0.0624287836630216,0.0,0.0132078290751531,0.0707746374070316,0.0155534504228024,-11.638099839469902,0.0,0.0,0.0159500015841685,-24.74221945267413,0.0364743133413402,-25.435760233813227,50.0,40.0
213,2024-09-08 11:26:29,restaurant_manager_interview.txt,-999,0,0.0598364598364598,0.0037037037037037,0.0074074074074074,0.0424769058623897,0.0138875926258032,-15.307283278680444,0.0064150029909958,0.0,0.0128300059819916,-57.79283348389039,0.0043504564912869,-55.24868357807652,57.0,86.0
213,2024-09-08 11:26:29,retail_manager_interview.txt,-999,0,0.0758071108654853,0.0,0.0075596122183459,0.0207524511111663,0.0432659891979006,7.297627291783115,0.0,0.0,0.0001813744648619,-56.92557542091257,0.0359442997061293,-78.13636640072222,20.0,97.0
213,2024-09-08 11:26:29,robotics_engineer_interview.txt,-999,0,0.0583835662416713,0.0,0.0128342245989304,0.0740966363403292,0.0118175020341139,-17.363713521812357,0.0,0.0,0.015058960257036,-26.87100560845181,0.0446363190310999,-21.9358860692752,62.0,34.0
213,2024-09-08 11:26:29,safety_engineer_interview.txt,-999,0,0.0873254090132493,0.0353818897376066,0.0136332209834932,0.0536626179032506,0.0092979049786215,23.60066334716593,0.0068416037276799,0.0,0.0129881041895934,-22.31835019283561,0.0179059943930516,-43.46403663211555,5.0,65.0
213,2024-09-08 11:26:29,sales_manager_interview.txt,-999,0,0.0542087542087542,0.0,0.0075757575757575,0.1058443047134455,0.0160454579898233,-23.27275583205214,0.0,0.0,0.0131215970270369,-56.83357969943335,0.0129077049842715,11.511699723022131,76.0,5.0
213,2024-09-08 11:26:29,seo_specialist_interview.txt,-999,0,0.0505356116645576,0.0,0.0030864197530864,0.0813374958646141,0.017786128989338,-28.47173354268058,0.0,0.0,0.0053458358258298,-82.41368061828766,0.0640496886430233,-14.307317340946923,88.0,23.0
213,2024-09-08 11:26:29,shop_assistant_interview.txt,-999,0,0.0489036708548903,0.0,0.0092592592592592,0.0794152865978313,0.0075805131521386,-30.781587786679367,0.0,0.0,0.0160375074774896,-47.241041854862985,0.0401423217191564,-16.33245060761253,91.0,24.0
213,2024-09-08 11:26:29,social_media_manager_interview.txt,-999,0,0.0296239503468419,0.0,0.0209090909090909,0.0848462323556859,0.0067165528586563,-58.07016588633869,0.0,0.0,0.0200618877188308,19.139320029563933,0.0735823879732686,-10.610706823650888,100.0,18.0
213,2024-09-08 11:26:29,software_quality_assurance_tester_interview.txt,-999,0,0.0627642535693474,0.0056598796076456,0.0115595846223948,0.0438768814903346,0.0181416985019682,-11.163274660596784,0.0049147827406753,0.0,0.0136025410689936,-34.133862743045,0.0023085626447115,-53.77374676153655,48.0,80.0
213,2024-09-08 11:26:29,speech_therapist_interview.txt,-999,0,0.0566419602666937,0.0,0.0063492063492063,0.0669799041283666,0.0087029981677694,-19.828788191705456,0.0,0.0,0.0109971479845643,-63.822428700477474,0.0210258350421744,-29.43368113324256,69.0,44.0
213,2024-09-08 11:26:29,structural_engineer_interview.txt,-999,0,0.0711577073524933,0.0,0.0109548637950015,0.0743825561569507,0.0137142117504206,0.7168466820151025,0.0,0.0,0.0044636901068712,-37.57954235181449,0.0477571339916643,-21.63465677949648,29.0,33.0
213,2024-09-08 11:26:29,supply_chain_manager_interview.txt,-999,0,0.05067002529167,0.0024509803921568,0.0032362459546925,0.0509030104831107,0.0073255610704311,-28.281484064759724,0.0042452225675707,0.0,0.0056053424193167,-81.5599757939327,0.0520217889794126,-46.37140623335371,87.0,71.0
213,2024-09-08 11:26:29,system_administrator_interview.txt,-999,0,0.0629987853478823,0.0,0.0130332506834509,0.059678546880821,0.0263361972264076,-10.831317630787623,0.0,0.0,0.0113197117684075,-25.73696145124717,0.0572030717304857,-37.125986913540174,47.0,57.0
213,2024-09-08 11:26:29,transportation_engineer_interview.txt,-999,0,0.0554076189688755,0.0026881720430107,0.0127870533967698,0.0877644376661939,0.0275509359613157,-21.57587881436706,0.0046560505579808,0.0,0.0045281626931149,-27.139785584340416,0.045840955633769,-7.536247265373319,73.0,13.0
213,2024-09-08 11:26:29,travel_agent_interview.txt,-999,0,0.0497028200548739,0.0,0.0186578693637728,0.0852174211265346,0.032474334301964,-29.650469451850384,0.0,0.0,0.0069876896278449,6.311932874798359,0.0389138725049479,-10.21964288433452,90.0,17.0
213,2024-09-08 11:26:29,veterinarian_interview.txt,-999,0,0.0435324160933917,0.0047619047619047,0.0086251824056702,0.0686500346355311,0.0095851012275583,-38.38407896341272,0.0082478609884232,0.0,0.008175181788188,-50.8539911462279,0.0287567468344603,-27.674124092196408,96.0,41.0
213,2024-09-08 11:26:29,warehouse_manager_interview.txt,-999,0,0.0671234125691957,0.0,0.0040160642570281,0.0650412265723094,0.0171348523519315,-4.993307063476649,0.0,0.0,0.006956027339634,-77.11659646716949,0.0177789052236073,-31.47616447777486,39.0,50.0
213,2024-09-08 11:26:29,water_resources_engineer_interview.txt,-999,0,0.0744840154715706,0.0062893081761006,0.0,0.0440006396611022,0.0417985788669561,5.424913837505187,0.0108934013054646,0.0,0.0,-100.0,0.0503493136199581,-53.64336200428139,24.0,79.0
214,2024-09-08 11:30:09,restaurant_manager_interview.txt,1,0,0.0714285714285714,0.0,0.0,0.0466530557892966,,,,,,,,,,
214,2024-09-08 11:30:09,restaurant_manager_interview.txt,2,0,0.0636363636363636,0.0,0.0,0.0428067433298522,,,,,,,,,,
214,2024-09-08 11:30:09,restaurant_manager_interview.txt,3,0,0.0444444444444444,0.0111111111111111,0.0222222222222222,0.0379709184680204,,,,,,,,,,
214,2024-09-08 11:30:09,geneticist_interview.txt,1,0,0.0384615384615384,0.0288461538461538,0.0,0.0937095795782794,,,,,,,,,,
214,2024-09-08 11:30:09,geneticist_interview.txt,2,0,0.0526315789473684,0.0,0.0150375939849624,0.0882216505718651,,,,,,,,,,
214,2024-09-08 11:30:09,geneticist_interview.txt,3,0,0.0923076923076923,0.0,0.0153846153846153,0.1101429133385219,,,,,,,,,,
214,2024-09-08 11:30:09,speech_therapist_interview.txt,1,0,0.0510204081632653,0.0,0.0,0.0432621003107774,,,,,,,,,,
214,2024-09-08 11:30:09,speech_therapist_interview.txt,2,0,0.0522388059701492,0.0,0.0,0.0833315864428225,,,,,,,,,,
214,2024-09-08 11:30:09,speech_therapist_interview.txt,3,0,0.0666666666666666,0.0,0.019047619047619,0.0743460256315,,,,,,,,,,
214,2024-09-08 11:30:09,customer_service_representative_interview.txt,1,0,0.0545454545454545,0.0,0.009090909090909,0.0311974890850877,,,,,,,,,,
214,2024-09-08 11:30:09,customer_service_representative_interview.txt,2,0,0.0761904761904762,0.0,0.0,0.122813044651559,,,,,,,,,,
214,2024-09-08 11:30:09,customer_service_representative_interview.txt,3,0,0.043859649122807,0.0,0.0087719298245614,0.0473521337727738,,,,,,,,,,
214,2024-09-08 11:30:09,construction_manager_interview.txt,1,0,0.055045871559633,0.0,0.0091743119266055,0.0948117237060615,,,,,,,,,,
214,2024-09-08 11:30:09,construction_manager_interview.txt,2,0,0.0866141732283464,0.0,0.0236220472440944,0.1356095260762036,,,,,,,,,,
214,2024-09-08 11:30:09,construction_manager_interview.txt,3,0,0.112,0.0,0.024,0.0,,,,,,,,,,
214,2024-09-08 11:30:09,doctor_interview.txt,1,0,0.0545454545454545,0.0,0.0181818181818181,0.0673965703749538,,,,,,,,,,
214,2024-09-08 11:30:09,doctor_interview.txt,2,0,0.0705882352941176,0.0,0.0,0.0293397273927395,,,,,,,,,,
214,2024-09-08 11:30:09,doctor_interview.txt,3,0,0.0555555555555555,0.0,0.0111111111111111,0.0601346177173533,,,,,,,,,,
214,2024-09-08 11:30:09,human_resources_manager_interview.txt,1,0,0.0693069306930693,0.0,0.0198019801980198,0.1425669620819004,,,,,,,,,,
214,2024-09-08 11:30:09,human_resources_manager_interview.txt,2,0,0.0471698113207547,0.0,0.0188679245283018,0.0103852698901538,,,,,,,,,,
214,2024-09-08 11:30:09,human_resources_manager_interview.txt,3,0,0.075268817204301,0.0,0.032258064516129,0.0208324124809482,,,,,,,,,,
214,2024-09-08 11:30:09,water_resources_engineer_interview.txt,1,0,0.1226415094339622,0.0188679245283018,0.0,0.0,,,,,,,,,,
214,2024-09-08 11:30:09,water_resources_engineer_interview.txt,2,0,0.0476190476190476,0.0,0.0,0.0989100944553876,,,,,,,,,,
214,2024-09-08 11:30:09,water_resources_engineer_interview.txt,3,0,0.0531914893617021,0.0,0.0,0.0330918245279189,,,,,,,,,,
214,2024-09-08 11:30:09,project_manager_interview.txt,1,0,0.0515463917525773,0.0,0.0515463917525773,0.0555355117717458,,,,,,,,,,
214,2024-09-08 11:30:09,project_manager_interview.txt,2,0,0.0336134453781512,0.0,0.0336134453781512,0.1118805059888638,,,,,,,,,,
214,2024-09-08 11:30:09,project_manager_interview.txt,3,0,0.0353982300884955,0.0,0.0088495575221238,0.0126422445371434,,,,,,,,,,
214,2024-09-08 11:30:09,biologist_interview.txt,1,0,0.1,0.03,0.0,0.0628254664475309,,,,,,,,,,
214,2024-09-08 11:30:09,biologist_interview.txt,2,0,0.0666666666666666,0.0,0.019047619047619,0.084133944618843,,,,,,,,,,
214,2024-09-08 11:30:09,biologist_interview.txt,3,0,0.037593984962406,0.0,0.0,0.0,,,,,,,,,,
214,2024-09-08 11:30:09,occupational_therapist_interview.txt,1,0,0.0227272727272727,0.0,0.0227272727272727,0.0619600680328602,,,,,,,,,,
214,2024-09-08 11:30:09,occupational_therapist_interview.txt,2,0,0.0495049504950495,0.0,0.0297029702970297,0.0881724737587123,,,,,,,,,,
214,2024-09-08 11:30:09,occupational_therapist_interview.txt,3,0,0.0442477876106194,0.0,0.0,0.0344279946053444,,,,,,,,,,
214,2024-09-08 11:30:09,network_administrator_interview.txt,1,0,0.0543478260869565,0.0,0.0108695652173913,0.0181441553921881,,,,,,,,,,
214,2024-09-08 11:30:09,network_administrator_interview.txt,2,0,0.087719298245614,0.0350877192982456,0.0087719298245614,0.1009251180073442,,,,,,,,,,
214,2024-09-08 11:30:09,network_administrator_interview.txt,3,0,0.0412371134020618,0.0,0.0515463917525773,0.0842968160660713,,,,,,,,,,
214,2024-09-08 11:30:09,neuroscientist_interview.txt,1,0,0.0442477876106194,0.0,0.0176991150442477,0.0414359038364657,,,,,,,,,,
214,2024-09-08 11:30:09,neuroscientist_interview.txt,2,0,0.0614035087719298,0.0,0.0175438596491228,0.0,,,,,,,,,,
214,2024-09-08 11:30:09,neuroscientist_interview.txt,3,0,0.048,0.008,0.008,0.0860332125137391,,,,,,,,,,
214,2024-09-08 11:30:09,retail_manager_interview.txt,1,0,0.0661764705882353,0.0,0.0073529411764705,0.0,,,,,,,,,,
214,2024-09-08 11:30:09,retail_manager_interview.txt,2,0,0.123076923076923,0.0,0.0076923076923076,0.0,,,,,,,,,,
214,2024-09-08 11:30:09,retail_manager_interview.txt,3,0,0.0381679389312977,0.0,0.0076335877862595,0.0622573533334991,,,,,,,,,,
214,2024-09-08 11:30:09,agricultural_engineer_interview.txt,1,0,0.04,0.0,0.01,0.01754081509232,,,,,,,,,,
214,2024-09-08 11:30:09,agricultural_engineer_interview.txt,2,0,0.0434782608695652,0.0,0.0,0.016643353237249,,,,,,,,,,
214,2024-09-08 11:30:09,agricultural_engineer_interview.txt,3,0,0.0534351145038167,0.0,0.0229007633587786,0.0,,,,,,,,,,
214,2024-09-08 11:30:09,electrical_engineer_interview.txt,1,0,0.0813953488372093,0.0,0.0,0.0515248660596885,,,,,,,,,,
214,2024-09-08 11:30:09,electrical_engineer_interview.txt,2,0,0.0833333333333333,0.0,0.0104166666666666,0.0375765713355705,,,,,,,,,,
214,2024-09-08 11:30:09,electrical_engineer_interview.txt,3,0,0.1,0.02,0.0,0.030841143854229,,,,,,,,,,
214,2024-09-08 11:30:09,quality_control_engineer_interview.txt,1,0,0.0618556701030927,0.0,0.0309278350515463,0.0571315807160011,,,,,,,,,,
214,2024-09-08 11:30:09,quality_control_engineer_interview.txt,2,0,0.0471698113207547,0.0,0.0,0.0430885464951094,,,,,,,,,,
214,2024-09-08 11:30:09,quality_control_engineer_interview.txt,3,0,0.0782608695652174,0.0,0.008695652173913,0.1121037850099844,,,,,,,,,,
214,2024-09-08 11:30:09,machine_learning_engineer_interview.txt,1,0,0.053030303030303,0.0,0.0151515151515151,0.0691364256495546,,,,,,,,,,
214,2024-09-08 11:30:09,machine_learning_engineer_interview.txt,2,0,0.0610687022900763,0.0,0.0,0.0801136224824336,,,,,,,,,,
214,2024-09-08 11:30:09,machine_learning_engineer_interview.txt,3,0,0.046875,0.0,0.0,0.0,,,,,,,,,,
214,2024-09-08 11:30:09,psychologist_interview.txt,1,0,0.0384615384615384,0.0,0.0288461538461538,0.0323961959726534,,,,,,,,,,
214,2024-09-08 11:30:09,psychologist_interview.txt,2,0,0.072463768115942,0.0072463768115942,0.0289855072463768,0.0605596667072056,,,,,,,,,,
214,2024-09-08 11:30:09,psychologist_interview.txt,3,0,0.0412371134020618,0.0,0.0206185567010309,0.0271841949737927,,,,,,,,,,
214,2024-09-08 11:30:09,geologist_interview.txt,1,0,0.0725806451612903,0.0,0.0080645161290322,0.0759044861163816,,,,,,,,,,
214,2024-09-08 11:30:09,geologist_interview.txt,2,0,0.0869565217391304,0.0,0.017391304347826,0.1118851607455407,,,,,,,,,,
214,2024-09-08 11:30:09,geologist_interview.txt,3,0,0.1095890410958904,0.0,0.0,0.0,,,,,,,,,,
214,2024-09-08 11:30:09,chemical_engineer_interview.txt,1,0,0.0703125,0.0,0.015625,0.0,,,,,,,,,,
214,2024-09-08 11:30:09,chemical_engineer_interview.txt,2,0,0.0736842105263157,0.0,0.0210526315789473,0.0747112850356365,,,,,,,,,,
214,2024-09-08 11:30:09,chemical_engineer_interview.txt,3,0,0.0714285714285714,0.0,0.010204081632653,0.1377422912155963,,,,,,,,,,
214,2024-09-08 11:30:09,no_persona_interview.txt,1,0,0.0467289719626168,0.0,0.0373831775700934,0.0635731657580273,,,,,,,,,,
214,2024-09-08 11:30:09,no_persona_interview.txt,2,0,0.0888888888888888,0.0,0.0,0.1099189066092266,,,,,,,,,,
214,2024-09-08 11:30:09,no_persona_interview.txt,3,0,0.0763358778625954,0.0,0.015267175572519,0.111260931065605,,,,,,,,,,
214,2024-09-08 11:30:09,financial_analyst_interview.txt,1,0,0.0619469026548672,0.0088495575221238,0.0,0.0598254669070187,,,,,,,,,,
214,2024-09-08 11:30:09,financial_analyst_interview.txt,2,0,0.0606060606060606,0.0,0.0202020202020202,0.1530445380640685,,,,,,,,,,
214,2024-09-08 11:30:09,financial_analyst_interview.txt,3,0,0.0802919708029197,0.0,0.0145985401459854,0.1305219999659435,,,,,,,,,,
214,2024-09-08 11:30:09,civil_engineer_interview.txt,1,0,0.0601503759398496,0.0,0.0150375939849624,0.0831598154358535,,,,,,,,,,
214,2024-09-08 11:30:09,civil_engineer_interview.txt,2,0,0.0825688073394495,0.0,0.0091743119266055,0.0551022249278976,,,,,,,,,,
214,2024-09-08 11:30:09,civil_engineer_interview.txt,3,0,0.0818181818181818,0.0,0.009090909090909,0.0519288906523061,,,,,,,,,,
214,2024-09-08 11:30:09,meteorologist_interview.txt,1,0,0.0495867768595041,0.0,0.0165289256198347,0.0,,,,,,,,,,
214,2024-09-08 11:30:09,meteorologist_interview.txt,2,0,0.0746268656716417,0.0,0.0149253731343283,0.0,,,,,,,,,,
214,2024-09-08 11:30:09,meteorologist_interview.txt,3,0,0.0787401574803149,0.0,0.0157480314960629,0.1221578217011647,,,,,,,,,,
214,2024-09-08 11:30:09,shop_assistant_interview.txt,1,0,0.040650406504065,0.0,0.0,0.1223705927244681,,,,,,,,,,
214,2024-09-08 11:30:09,shop_assistant_interview.txt,2,0,0.0555555555555555,0.0,0.0277777777777777,0.0428532956412062,,,,,,,,,,
214,2024-09-08 11:30:09,shop_assistant_interview.txt,3,0,0.0505050505050505,0.0,0.0,0.0730219714278197,,,,,,,,,,
214,2024-09-08 11:30:09,social_media_manager_interview.txt,1,0,0.036144578313253,0.0,0.0,0.1233699304830566,,,,,,,,,,
214,2024-09-08 11:30:09,social_media_manager_interview.txt,2,0,0.03,0.0,0.04,0.0,,,,,,,,,,
214,2024-09-08 11:30:09,social_media_manager_interview.txt,3,0,0.0227272727272727,0.0,0.0227272727272727,0.1311687665840011,,,,,,,,,,
214,2024-09-08 11:30:09,marine_engineer_interview.txt,1,0,0.0761904761904762,0.0,0.0285714285714285,0.0835429425346109,,,,,,,,,,
214,2024-09-08 11:30:09,marine_engineer_interview.txt,2,0,0.0603448275862069,0.0,0.0,0.1072437583550084,,,,,,,,,,
214,2024-09-08 11:30:09,marine_engineer_interview.txt,3,0,0.0625,0.0078125,0.015625,0.0,,,,,,,,,,
214,2024-09-08 11:30:09,warehouse_manager_interview.txt,1,0,0.072289156626506,0.0,0.0120481927710843,0.081493124342657,,,,,,,,,,
214,2024-09-08 11:30:09,warehouse_manager_interview.txt,2,0,0.081081081081081,0.0,0.0,0.0461808634688753,,,,,,,,,,
214,2024-09-08 11:30:09,warehouse_manager_interview.txt,3,0,0.048,0.0,0.0,0.067449691905396,,,,,,,,,,
214,2024-09-08 11:30:09,business_intelligence_analyst_interview.txt,1,0,0.0666666666666666,0.0,0.019047619047619,0.0519120125435854,,,,,,,,,,
214,2024-09-08 11:30:09,business_intelligence_analyst_interview.txt,2,0,0.0784313725490196,0.0,0.0196078431372549,0.1619933830165744,,,,,,,,,,
214,2024-09-08 11:30:09,business_intelligence_analyst_interview.txt,3,0,0.0612244897959183,0.0,0.0,0.0872579957499813,,,,,,,,,,
214,2024-09-08 11:30:09,full_stack_developer_interview.txt,1,0,0.0393700787401574,0.0,0.0078740157480314,0.0425483283606354,,,,,,,,,,
214,2024-09-08 11:30:09,full_stack_developer_interview.txt,2,0,0.1703703703703703,0.037037037037037,0.0148148148148148,0.1023900784935733,,,,,,,,,,
214,2024-09-08 11:30:09,full_stack_developer_interview.txt,3,0,0.0314960629921259,0.0,0.0078740157480314,0.0,,,,,,,,,,
214,2024-09-08 11:30:09,focus_group_interview.txt,1,0,0.0588235294117647,0.0,0.0,0.0,,,,,,,,,,
214,2024-09-08 11:30:09,focus_group_interview.txt,2,0,0.0588235294117647,0.0,0.0,0.0,,,,,,,,,,
214,2024-09-08 11:30:09,focus_group_interview.txt,3,0,0.0588235294117647,0.0,0.0,0.0,,,,,,,,,,
214,2024-09-08 11:30:09,travel_agent_interview.txt,1,0,0.0531914893617021,0.0,0.0106382978723404,0.1283619363588929,,,,,,,,,,
214,2024-09-08 11:30:09,travel_agent_interview.txt,2,0,0.0802919708029197,0.0,0.0218978102189781,0.0745172643816199,,,,,,,,,,
214,2024-09-08 11:30:09,travel_agent_interview.txt,3,0,0.015625,0.0,0.0234375,0.0527730626390911,,,,,,,,,,
214,2024-09-08 11:30:09,robotics_engineer_interview.txt,1,0,0.0686274509803921,0.0,0.0294117647058823,0.0571924000726199,,,,,,,,,,
214,2024-09-08 11:30:09,robotics_engineer_interview.txt,2,0,0.0454545454545454,0.0,0.009090909090909,0.0403813965559999,,,,,,,,,,
214,2024-09-08 11:30:09,robotics_engineer_interview.txt,3,0,0.0610687022900763,0.0,0.0,0.1247161123923678,,,,,,,,,,
214,2024-09-08 11:30:09,biomedical_engineer_interview.txt,1,0,0.1,0.0,0.0,0.1025907901717319,,,,,,,,,,
214,2024-09-08 11:30:09,biomedical_engineer_interview.txt,2,0,0.0594059405940594,0.0,0.0099009900990099,0.0426668739812379,,,,,,,,,,
214,2024-09-08 11:30:09,biomedical_engineer_interview.txt,3,0,0.0975609756097561,0.0,0.0,0.0915016217502627,,,,,,,,,,
214,2024-09-08 11:30:09,marketing_manager_interview.txt,1,0,0.0459770114942528,0.0,0.0,0.0775670553173294,,,,,,,,,,
214,2024-09-08 11:30:09,marketing_manager_interview.txt,2,0,0.0655737704918032,0.0,0.0081967213114754,0.0418311722270583,,,,,,,,,,
214,2024-09-08 11:30:09,marketing_manager_interview.txt,3,0,0.0608695652173913,0.0,0.008695652173913,0.0106077077753049,,,,,,,,,,
214,2024-09-08 11:30:09,professor_of_classics_interview.txt,1,0,0.0909090909090909,0.0,0.0101010101010101,0.1139617522607703,,,,,,,,,,
214,2024-09-08 11:30:09,professor_of_classics_interview.txt,2,0,0.0504201680672268,0.0,0.0,0.0452051914403515,,,,,,,,,,
214,2024-09-08 11:30:09,professor_of_classics_interview.txt,3,0,0.042016806722689,0.0,0.0084033613445378,0.0592791343979399,,,,,,,,,,
214,2024-09-08 11:30:09,environmental_engineer_interview.txt,1,0,0.0816326530612244,0.0,0.0,0.1026424642988634,,,,,,,,,,
214,2024-09-08 11:30:09,environmental_engineer_interview.txt,2,0,0.0818181818181818,0.0,0.0272727272727272,0.1246022964543093,,,,,,,,,,
214,2024-09-08 11:30:09,environmental_engineer_interview.txt,3,0,0.0916666666666666,0.0,0.0166666666666666,0.0,,,,,,,,,,
214,2024-09-08 11:30:09,physical_therapist_interview.txt,1,0,0.1079136690647482,0.0071942446043165,0.0,0.0976563572315262,,,,,,,,,,
214,2024-09-08 11:30:09,physical_therapist_interview.txt,2,0,0.0648148148148148,0.0,0.0092592592592592,0.0464390040542306,,,,,,,,,,
214,2024-09-08 11:30:09,physical_therapist_interview.txt,3,0,0.0602409638554216,0.0,0.0120481927710843,0.0820079849892669,,,,,,,,,,
214,2024-09-08 11:30:09,astronomer_interview.txt,1,0,0.0392156862745098,0.0,0.0,0.0357008884926808,,,,,,,,,,
214,2024-09-08 11:30:09,astronomer_interview.txt,2,0,0.0634920634920634,0.0158730158730158,0.0079365079365079,0.0,,,,,,,,,,
214,2024-09-08 11:30:09,astronomer_interview.txt,3,0,0.0784313725490196,0.0,0.0098039215686274,0.0315139499500514,,,,,,,,,,
214,2024-09-08 11:30:09,ai_professor_interview.txt,1,0,0.0606060606060606,0.0,0.0101010101010101,0.0211330472249737,,,,,,,,,,
214,2024-09-08 11:30:09,ai_professor_interview.txt,2,0,0.0789473684210526,0.0,0.0175438596491228,0.0811136402882951,,,,,,,,,,
214,2024-09-08 11:30:09,ai_professor_interview.txt,3,0,0.0581395348837209,0.0,0.0116279069767441,0.0,,,,,,,,,,
214,2024-09-08 11:30:09,game_developer_interview.txt,1,0,0.0439560439560439,0.0,0.0219780219780219,0.0605193719036507,,,,,,,,,,
214,2024-09-08 11:30:09,game_developer_interview.txt,2,0,0.0606060606060606,0.0,0.0202020202020202,0.0593816587862705,,,,,,,,,,
214,2024-09-08 11:30:09,game_developer_interview.txt,3,0,0.0519480519480519,0.0,0.0129870129870129,0.0775393919155081,,,,,,,,,,
214,2024-09-08 11:30:09,fire_protection_engineer_interview.txt,1,0,0.1007751937984496,0.0465116279069767,0.0077519379844961,0.0,,,,,,,,,,
214,2024-09-08 11:30:09,fire_protection_engineer_interview.txt,2,0,0.0625,0.0178571428571428,0.0089285714285714,0.0407611697271842,,,,,,,,,,
214,2024-09-08 11:30:09,fire_protection_engineer_interview.txt,3,0,0.0620155038759689,0.0077519379844961,0.0155038759689922,0.0576589288513933,,,,,,,,,,
214,2024-09-08 11:30:09,safety_engineer_interview.txt,1,0,0.0948275862068965,0.043103448275862,0.0258620689655172,0.0454675110134519,,,,,,,,,,
214,2024-09-08 11:30:09,safety_engineer_interview.txt,2,0,0.0769230769230769,0.0329670329670329,0.0,0.0741995996381659,,,,,,,,,,
214,2024-09-08 11:30:09,safety_engineer_interview.txt,3,0,0.0902255639097744,0.0300751879699248,0.0150375939849624,0.0413207430581339,,,,,,,,,,
214,2024-09-08 11:30:09,environmental_scientist_interview.txt,1,0,0.0673076923076923,0.0,0.0096153846153846,0.0534300314907251,,,,,,,,,,
214,2024-09-08 11:30:09,environmental_scientist_interview.txt,2,0,0.0495049504950495,0.0,0.0396039603960396,0.0877567755185532,,,,,,,,,,
214,2024-09-08 11:30:09,environmental_scientist_interview.txt,3,0,0.0449438202247191,0.0,0.0,0.1066267081851516,,,,,,,,,,
214,2024-09-08 11:30:09,operations_manager_interview.txt,1,0,0.0990990990990991,0.0,0.036036036036036,0.0,,,,,,,,,,
214,2024-09-08 11:30:09,operations_manager_interview.txt,2,0,0.0714285714285714,0.0,0.0,0.047230742864624,,,,,,,,,,
214,2024-09-08 11:30:09,operations_manager_interview.txt,3,0,0.0677966101694915,0.0,0.0169491525423728,0.0929592690651228,,,,,,,,,,
214,2024-09-08 11:30:09,backend_developer_interview.txt,1,0,0.0578512396694214,0.0,0.0,0.1284026295844632,,,,,,,,,,
214,2024-09-08 11:30:09,backend_developer_interview.txt,2,0,0.0576923076923076,0.0,0.0096153846153846,0.0870056695430988,,,,,,,,,,
214,2024-09-08 11:30:09,backend_developer_interview.txt,3,0,0.042016806722689,0.0,0.0084033613445378,0.0437544042466496,,,,,,,,,,
214,2024-09-08 11:30:09,digital_marketing_specialist_interview.txt,1,0,0.0666666666666666,0.0,0.0111111111111111,0.1233454514559801,,,,,,,,,,
214,2024-09-08 11:30:09,digital_marketing_specialist_interview.txt,2,0,0.0353982300884955,0.0,0.0088495575221238,0.0,,,,,,,,,,
214,2024-09-08 11:30:09,digital_marketing_specialist_interview.txt,3,0,0.0679611650485436,0.0,0.0097087378640776,0.1264080048769068,,,,,,,,,,
214,2024-09-08 11:30:09,mechanical_engineer_interview.txt,1,0,0.0727272727272727,0.0,0.0,0.0662024475332696,,,,,,,,,,
214,2024-09-08 11:30:09,mechanical_engineer_interview.txt,2,0,0.0784313725490196,0.0,0.0,0.0445948178221984,,,,,,,,,,
214,2024-09-08 11:30:09,mechanical_engineer_interview.txt,3,0,0.0614035087719298,0.0,0.0087719298245614,0.0411470391941935,,,,,,,,,,
214,2024-09-08 11:30:09,software_quality_assurance_tester_interview.txt,1,0,0.045045045045045,0.0,0.0,0.0413513341749755,,,,,,,,,,
214,2024-09-08 11:30:09,software_quality_assurance_tester_interview.txt,2,0,0.0619469026548672,0.0088495575221238,0.0265486725663716,0.0458783496403244,,,,,,,,,,
214,2024-09-08 11:30:09,software_quality_assurance_tester_interview.txt,3,0,0.08130081300813,0.008130081300813,0.008130081300813,0.0444009606557039,,,,,,,,,,
214,2024-09-08 11:30:09,cybersecurity_specialist_interview.txt,1,0,0.0769230769230769,0.023076923076923,0.0,0.0,,,,,,,,,,
214,2024-09-08 11:30:09,cybersecurity_specialist_interview.txt,2,0,0.056,0.008,0.024,0.0433073475931765,,,,,,,,,,
214,2024-09-08 11:30:09,cybersecurity_specialist_interview.txt,3,0,0.099009900990099,0.0297029702970297,0.0,0.110208443279443,,,,,,,,,,
214,2024-09-08 11:30:09,product_manager_interview.txt,1,0,0.0608695652173913,0.0,0.008695652173913,0.0737688480628956,,,,,,,,,,
214,2024-09-08 11:30:09,product_manager_interview.txt,2,0,0.0353982300884955,0.0,0.0265486725663716,0.0829660006858995,,,,,,,,,,
214,2024-09-08 11:30:09,product_manager_interview.txt,3,0,0.110091743119266,0.0,0.0,0.0,,,,,,,,,,
214,2024-09-08 11:30:09,microbiologist_interview.txt,1,0,0.0823529411764705,0.0,0.0,0.1101574773451147,,,,,,,,,,
214,2024-09-08 11:30:09,microbiologist_interview.txt,2,0,0.087719298245614,0.0,0.0,0.0780188264815857,,,,,,,,,,
214,2024-09-08 11:30:09,microbiologist_interview.txt,3,0,0.044776119402985,0.0,0.0074626865671641,0.0568260682794716,,,,,,,,,,
214,2024-09-08 11:30:09,it_manager_interview.txt,1,0,0.0310077519379844,0.0,0.0077519379844961,0.0830915813122366,,,,,,,,,,
214,2024-09-08 11:30:09,it_manager_interview.txt,2,0,0.0575539568345323,0.0,0.0,0.1798682693699755,,,,,,,,,,
214,2024-09-08 11:30:09,it_manager_interview.txt,3,0,0.053030303030303,0.0,0.0075757575757575,0.0382738723689206,,,,,,,,,,
214,2024-09-08 11:30:09,industrial_engineer_interview.txt,1,0,0.0671641791044776,0.0,0.0373134328358208,0.1047357166686011,,,,,,,,,,
214,2024-09-08 11:30:09,industrial_engineer_interview.txt,2,0,0.072,0.0,0.016,0.0643330291584199,,,,,,,,,,
214,2024-09-08 11:30:09,industrial_engineer_interview.txt,3,0,0.0967741935483871,0.0,0.0161290322580645,0.0,,,,,,,,,,
214,2024-09-08 11:30:09,barista_interview.txt,1,0,0.0875,0.0,0.0,0.0681953019972214,,,,,,,,,,
214,2024-09-08 11:30:09,barista_interview.txt,2,0,0.0504201680672268,0.0,0.0168067226890756,0.1017040566415273,,,,,,,,,,
214,2024-09-08 11:30:09,barista_interview.txt,3,0,0.0692307692307692,0.0,0.0076923076923076,0.0932079290911632,,,,,,,,,,
214,2024-09-08 11:30:09,petroleum_engineer_interview.txt,1,0,0.1308411214953271,0.0,0.0,0.0843069329113059,,,,,,,,,,
214,2024-09-08 11:30:09,petroleum_engineer_interview.txt,2,0,0.0471698113207547,0.0,0.0094339622641509,0.0564175341466152,,,,,,,,,,
214,2024-09-08 11:30:09,petroleum_engineer_interview.txt,3,0,0.079646017699115,0.0088495575221238,0.0,0.0720336357130974,,,,,,,,,,
214,2024-09-08 11:30:09,business_analyst_interview.txt,1,0,0.0542635658914728,0.0,0.0077519379844961,0.0,,,,,,,,,,
214,2024-09-08 11:30:09,business_analyst_interview.txt,2,0,0.0462962962962962,0.0,0.0092592592592592,0.0806541259927466,,,,,,,,,,
214,2024-09-08 11:30:09,business_analyst_interview.txt,3,0,0.0659340659340659,0.0,0.0109890109890109,0.0,,,,,,,,,,
214,2024-09-08 11:30:09,data_engineer_interview.txt,1,0,0.1240310077519379,0.0,0.0077519379844961,0.15220760143159,,,,,,,,,,
214,2024-09-08 11:30:09,data_engineer_interview.txt,2,0,0.0818181818181818,0.0,0.009090909090909,0.0452239103227598,,,,,,,,,,
214,2024-09-08 11:30:09,data_engineer_interview.txt,3,0,0.1538461538461538,0.0076923076923076,0.0,0.0,,,,,,,,,,
214,2024-09-08 11:30:09,aerospace_engineer_interview.txt,1,0,0.0588235294117647,0.0,0.0117647058823529,0.0598364515055597,,,,,,,,,,
214,2024-09-08 11:30:09,aerospace_engineer_interview.txt,2,0,0.0444444444444444,0.0,0.0111111111111111,0.0372874438364637,,,,,,,,,,
214,2024-09-08 11:30:09,aerospace_engineer_interview.txt,3,0,0.0612244897959183,0.0,0.0306122448979591,0.047097992667724,,,,,,,,,,
214,2024-09-08 11:30:09,bartender_interview.txt,1,0,0.0636363636363636,0.0,0.009090909090909,0.0802144581933062,,,,,,,,,,
214,2024-09-08 11:30:09,bartender_interview.txt,2,0,0.072072072072072,0.0,0.0,0.0542195723652842,,,,,,,,,,
214,2024-09-08 11:30:09,bartender_interview.txt,3,0,0.0588235294117647,0.0,0.0,0.0973387164224358,,,,,,,,,,
214,2024-09-08 11:30:09,natural_language_processing_engineer_interview.txt,1,0,0.05,0.0,0.025,0.0164392722606681,,,,,,,,,,
214,2024-09-08 11:30:09,natural_language_processing_engineer_interview.txt,2,0,0.0381679389312977,0.0,0.0229007633587786,0.0706681390294403,,,,,,,,,,
214,2024-09-08 11:30:09,natural_language_processing_engineer_interview.txt,3,0,0.1185185185185185,0.0074074074074074,0.0,0.0796851750714229,,,,,,,,,,
214,2024-09-08 11:30:09,cto_of_a_fintec_interview.txt,1,0,0.0714285714285714,0.0,0.0158730158730158,0.0542815808204184,,,,,,,,,,
214,2024-09-08 11:30:09,cto_of_a_fintec_interview.txt,2,0,0.056,0.008,0.008,0.0907334966492485,,,,,,,,,,
214,2024-09-08 11:30:09,cto_of_a_fintec_interview.txt,3,0,0.073170731707317,0.0,0.0,0.0552888252461915,,,,,,,,,,
214,2024-09-08 11:30:09,database_administrator_interview.txt,1,0,0.0660377358490566,0.0,0.0,0.0548225848771237,,,,,,,,,,
214,2024-09-08 11:30:09,database_administrator_interview.txt,2,0,0.0254237288135593,0.0,0.0,0.024114343310107,,,,,,,,,,
214,2024-09-08 11:30:09,database_administrator_interview.txt,3,0,0.0863309352517985,0.0287769784172661,0.0287769784172661,0.104152812248344,,,,,,,,,,
214,2024-09-08 11:30:09,nuclear_engineer_interview.txt,1,0,0.0892857142857142,0.0,0.0089285714285714,0.0449991497095448,,,,,,,,,,
214,2024-09-08 11:30:09,nuclear_engineer_interview.txt,2,0,0.0421052631578947,0.0,0.0,0.0757479536132003,,,,,,,,,,
214,2024-09-08 11:30:09,nuclear_engineer_interview.txt,3,0,0.0566037735849056,0.0,0.0283018867924528,0.1100773347441114,,,,,,,,,,
214,2024-09-08 11:30:09,pharmacist_interview.txt,1,0,0.0654205607476635,0.0,0.0093457943925233,0.0,,,,,,,,,,
214,2024-09-08 11:30:09,pharmacist_interview.txt,2,0,0.0441176470588235,0.0,0.0,0.0690132425340739,,,,,,,,,,
214,2024-09-08 11:30:09,pharmacist_interview.txt,3,0,0.0842105263157894,0.0421052631578947,0.0,0.0934611119352368,,,,,,,,,,
214,2024-09-08 11:30:09,chef_interview.txt,1,0,0.0588235294117647,0.0,0.0,0.0332256967857307,,,,,,,,,,
214,2024-09-08 11:30:09,chef_interview.txt,2,0,0.0642857142857142,0.0,0.0142857142857142,0.0765835105514407,,,,,,,,,,
214,2024-09-08 11:30:09,chef_interview.txt,3,0,0.0543478260869565,0.0,0.0,0.0449413215361284,,,,,,,,,,
214,2024-09-08 11:30:09,hotel_manager_interview.txt,1,0,0.040650406504065,0.0,0.008130081300813,0.1413053520565927,,,,,,,,,,
214,2024-09-08 11:30:09,hotel_manager_interview.txt,2,0,0.0948275862068965,0.0,0.0,0.1099607806113364,,,,,,,,,,
214,2024-09-08 11:30:09,hotel_manager_interview.txt,3,0,0.0873015873015873,0.0079365079365079,0.0,0.0983426079695328,,,,,,,,,,
214,2024-09-08 11:30:09,mobile_app_developer_interview.txt,1,0,0.0526315789473684,0.0,0.0,0.1013216232627603,,,,,,,,,,
214,2024-09-08 11:30:09,mobile_app_developer_interview.txt,2,0,0.024390243902439,0.0,0.016260162601626,0.0251933432248417,,,,,,,,,,
214,2024-09-08 11:30:09,mobile_app_developer_interview.txt,3,0,0.0465116279069767,0.0,0.0387596899224806,0.0713877057334111,,,,,,,,,,
214,2024-09-08 11:30:09,graphic_designer_interview.txt,1,0,0.0701754385964912,0.0,0.0087719298245614,0.0907194463199692,,,,,,,,,,
214,2024-09-08 11:30:09,graphic_designer_interview.txt,2,0,0.0338983050847457,0.0,0.0169491525423728,0.1235217831475955,,,,,,,,,,
214,2024-09-08 11:30:09,graphic_designer_interview.txt,3,0,0.0827067669172932,0.0,0.0,0.1745280411231842,,,,,,,,,,
214,2024-09-08 11:30:09,geotechnical_engineer_interview.txt,1,0,0.0512820512820512,0.0,0.0256410256410256,0.0319974506476605,,,,,,,,,,
214,2024-09-08 11:30:09,geotechnical_engineer_interview.txt,2,0,0.0806451612903225,0.0,0.0161290322580645,0.0214325208060958,,,,,,,,,,
214,2024-09-08 11:30:09,geotechnical_engineer_interview.txt,3,0,0.058252427184466,0.0,0.0097087378640776,0.0773230010696247,,,,,,,,,,
214,2024-09-08 11:30:09,gardener_interview.txt,1,0,0.048076923076923,0.0,0.0,0.0456965816968714,,,,,,,,,,
214,2024-09-08 11:30:09,gardener_interview.txt,2,0,0.0598290598290598,0.0,0.0085470085470085,0.1140851410160635,,,,,,,,,,
214,2024-09-08 11:30:09,gardener_interview.txt,3,0,0.0606060606060606,0.0,0.0075757575757575,0.0,,,,,,,,,,
214,2024-09-08 11:30:09,ai_software_developer_interview.txt,1,0,0.09,0.0,0.0,0.0111499229117319,,,,,,,,,,
214,2024-09-08 11:30:09,ai_software_developer_interview.txt,2,0,0.0542635658914728,0.0,0.0077519379844961,0.1105557259653508,,,,,,,,,,
214,2024-09-08 11:30:09,ai_software_developer_interview.txt,3,0,0.089430894308943,0.0,0.008130081300813,0.0,,,,,,,,,,
214,2024-09-08 11:30:09,supply_chain_manager_interview.txt,1,0,0.0485436893203883,0.0,0.0097087378640776,0.110396931184179,,,,,,,,,,
214,2024-09-08 11:30:09,supply_chain_manager_interview.txt,2,0,0.0446428571428571,0.0,0.0,0.0139712343151882,,,,,,,,,,
214,2024-09-08 11:30:09,supply_chain_manager_interview.txt,3,0,0.0588235294117647,0.0073529411764705,0.0,0.028340865949965,,,,,,,,,,
214,2024-09-08 11:30:09,cloud_architect_interview.txt,1,0,0.0285714285714285,0.0,0.0380952380952381,0.0391645933980824,,,,,,,,,,
214,2024-09-08 11:30:09,cloud_architect_interview.txt,2,0,0.0708661417322834,0.0,0.0157480314960629,0.0392796140007774,,,,,,,,,,
214,2024-09-08 11:30:09,cloud_architect_interview.txt,3,0,0.0546875,0.0,0.0078125,0.0877736868278276,,,,,,,,,,
214,2024-09-08 11:30:09,mining_engineer_interview.txt,1,0,0.043103448275862,0.0,0.0,0.0623291883426047,,,,,,,,,,
214,2024-09-08 11:30:09,mining_engineer_interview.txt,2,0,0.0526315789473684,0.0,0.0,0.0706375811030402,,,,,,,,,,
214,2024-09-08 11:30:09,mining_engineer_interview.txt,3,0,0.0444444444444444,0.0,0.0222222222222222,0.0358635620371859,,,,,,,,,,
214,2024-09-08 11:30:09,devops_engineer_interview.txt,1,0,0.0977443609022556,0.0601503759398496,0.0,0.07311065388755,,,,,,,,,,
214,2024-09-08 11:30:09,devops_engineer_interview.txt,2,0,0.0526315789473684,0.0,0.0263157894736842,0.148397515332583,,,,,,,,,,
214,2024-09-08 11:30:09,devops_engineer_interview.txt,3,0,0.0842105263157894,0.0,0.0105263157894736,0.0,,,,,,,,,,
214,2024-09-08 11:30:09,system_administrator_interview.txt,1,0,0.0408163265306122,0.0,0.0204081632653061,0.0332782663987651,,,,,,,,,,
214,2024-09-08 11:30:09,system_administrator_interview.txt,2,0,0.0560747663551401,0.0,0.0186915887850467,0.0204433907247207,,,,,,,,,,
214,2024-09-08 11:30:09,system_administrator_interview.txt,3,0,0.0921052631578947,0.0,0.0,0.1253139835189771,,,,,,,,,,
214,2024-09-08 11:30:09,content_writer_interview.txt,1,0,0.0769230769230769,0.0,0.0109890109890109,0.055124321075318,,,,,,,,,,
214,2024-09-08 11:30:09,content_writer_interview.txt,2,0,0.0454545454545454,0.0,0.0113636363636363,0.1019393483798434,,,,,,,,,,
214,2024-09-08 11:30:09,content_writer_interview.txt,3,0,0.0518518518518518,0.0,0.0222222222222222,0.0877565421919958,,,,,,,,,,
214,2024-09-08 11:30:09,transportation_engineer_interview.txt,1,0,0.0656934306569343,0.0,0.0145985401459854,0.1117562157628961,,,,,,,,,,
214,2024-09-08 11:30:09,transportation_engineer_interview.txt,2,0,0.0241935483870967,0.0080645161290322,0.0161290322580645,0.0349067186143281,,,,,,,,,,
214,2024-09-08 11:30:09,transportation_engineer_interview.txt,3,0,0.0763358778625954,0.0,0.0076335877862595,0.1166303786213575,,,,,,,,,,
214,2024-09-08 11:30:09,lorry_driver_interview.txt,1,0,0.0454545454545454,0.0,0.0,0.0916819840397446,,,,,,,,,,
214,2024-09-08 11:30:09,lorry_driver_interview.txt,2,0,0.0458015267175572,0.0,0.0076335877862595,0.0567176989464362,,,,,,,,,,
214,2024-09-08 11:30:09,lorry_driver_interview.txt,3,0,0.0413223140495867,0.0,0.0,0.1123148981401632,,,,,,,,,,
214,2024-09-08 11:30:09,dentist_interview.txt,1,0,0.0592592592592592,0.0,0.0074074074074074,0.0704318199356172,,,,,,,,,,
214,2024-09-08 11:30:09,dentist_interview.txt,2,0,0.0526315789473684,0.0,0.0087719298245614,0.0940702620980976,,,,,,,,,,
214,2024-09-08 11:30:09,dentist_interview.txt,3,0,0.0555555555555555,0.0,0.0,0.1371066698362683,,,,,,,,,,
214,2024-09-08 11:30:09,physicist_interview.txt,1,0,0.0608695652173913,0.0,0.008695652173913,0.1139810973689073,,,,,,,,,,
214,2024-09-08 11:30:09,physicist_interview.txt,2,0,0.0508474576271186,0.0,0.0423728813559322,0.1136156482515152,,,,,,,,,,
214,2024-09-08 11:30:09,physicist_interview.txt,3,0,0.0503597122302158,0.0,0.0071942446043165,0.062641834791487,,,,,,,,,,
214,2024-09-08 11:30:09,architect_interview.txt,1,0,0.0459770114942528,0.0,0.0229885057471264,0.0,,,,,,,,,,
214,2024-09-08 11:30:09,architect_interview.txt,2,0,0.0687022900763358,0.0,0.0229007633587786,0.0876209078759001,,,,,,,,,,
214,2024-09-08 11:30:09,architect_interview.txt,3,0,0.0606060606060606,0.0378787878787878,0.0227272727272727,0.0480218505844039,,,,,,,,,,
214,2024-09-08 11:30:09,materials_engineer_interview.txt,1,0,0.0454545454545454,0.0,0.0181818181818181,0.0329382443745014,,,,,,,,,,
214,2024-09-08 11:30:09,materials_engineer_interview.txt,2,0,0.057471264367816,0.0,0.0114942528735632,0.0418562922438496,,,,,,,,,,
214,2024-09-08 11:30:09,materials_engineer_interview.txt,3,0,0.0508474576271186,0.0,0.0,0.0236745237289426,,,,,,,,,,
214,2024-09-08 11:30:09,computer_vision_engineer_interview.txt,1,0,0.0825688073394495,0.0,0.018348623853211,0.0651242189442417,,,,,,,,,,
214,2024-09-08 11:30:09,computer_vision_engineer_interview.txt,2,0,0.08,0.0,0.0,0.0806504300442508,,,,,,,,,,
214,2024-09-08 11:30:09,computer_vision_engineer_interview.txt,3,0,0.0564516129032258,0.0,0.0,0.0739659279494996,,,,,,,,,,
214,2024-09-08 11:30:09,data_scientist_interview.txt,1,0,0.0847457627118644,0.0,0.0084745762711864,0.0,,,,,,,,,,
214,2024-09-08 11:30:09,data_scientist_interview.txt,2,0,0.089430894308943,0.016260162601626,0.0,0.0524078414472835,,,,,,,,,,
214,2024-09-08 11:30:09,data_scientist_interview.txt,3,0,0.104,0.0,0.008,0.0,,,,,,,,,,
214,2024-09-08 11:30:09,structural_engineer_interview.txt,1,0,0.0827067669172932,0.0,0.0075187969924812,0.1294579871455792,,,,,,,,,,
214,2024-09-08 11:30:09,structural_engineer_interview.txt,2,0,0.056,0.0,0.016,0.0444434820554314,,,,,,,,,,
214,2024-09-08 11:30:09,structural_engineer_interview.txt,3,0,0.0747663551401869,0.0,0.0093457943925233,0.0492461992698414,,,,,,,,,,
214,2024-09-08 11:30:09,ai_ethicist_interview.txt,1,0,0.0671641791044776,0.0597014925373134,0.0,0.0,,,,,,,,,,
214,2024-09-08 11:30:09,ai_ethicist_interview.txt,2,0,0.0869565217391304,0.0608695652173913,0.0260869565217391,0.0463364020063631,,,,,,,,,,
214,2024-09-08 11:30:09,ai_ethicist_interview.txt,3,0,0.0962962962962963,0.0518518518518518,0.0,0.0627334709480612,,,,,,,,,,
214,2024-09-08 11:30:09,sales_manager_interview.txt,1,0,0.0454545454545454,0.0,0.0227272727272727,0.0927529785536527,,,,,,,,,,
214,2024-09-08 11:30:09,sales_manager_interview.txt,2,0,0.0727272727272727,0.0,0.0,0.1185601973267088,,,,,,,,,,
214,2024-09-08 11:30:09,sales_manager_interview.txt,3,0,0.0444444444444444,0.0,0.0,0.106219738259975,,,,,,,,,,
214,2024-09-08 11:30:09,frontend_developer_interview.txt,1,0,0.0338983050847457,0.0,0.0,0.0463880667322203,,,,,,,,,,
214,2024-09-08 11:30:09,frontend_developer_interview.txt,2,0,0.048076923076923,0.0,0.0192307692307692,0.0316033064174671,,,,,,,,,,
214,2024-09-08 11:30:09,frontend_developer_interview.txt,3,0,0.0677966101694915,0.0,0.0084745762711864,0.1521935579294296,,,,,,,,,,
214,2024-09-08 11:30:09,public_relations_specialist_interview.txt,1,0,0.0707070707070707,0.0,0.0,0.0612498751422564,,,,,,,,,,
214,2024-09-08 11:30:09,public_relations_specialist_interview.txt,2,0,0.1025641025641025,0.0341880341880341,0.0,0.0,,,,,,,,,,
214,2024-09-08 11:30:09,public_relations_specialist_interview.txt,3,0,0.0517241379310344,0.0,0.0086206896551724,0.1004132052736,,,,,,,,,,
214,2024-09-08 11:30:09,logistics_coordinator_interview.txt,1,0,0.0603448275862069,0.0,0.0344827586206896,0.0536258473420191,,,,,,,,,,
214,2024-09-08 11:30:09,logistics_coordinator_interview.txt,2,0,0.043010752688172,0.0,0.0,0.0355816989033996,,,,,,,,,,
214,2024-09-08 11:30:09,logistics_coordinator_interview.txt,3,0,0.054054054054054,0.0,0.0,0.041870378325629,,,,,,,,,,
214,2024-09-08 11:30:09,nurse_interview.txt,1,0,0.0652173913043478,0.0,0.0217391304347826,0.0792010942258981,,,,,,,,,,
214,2024-09-08 11:30:09,nurse_interview.txt,2,0,0.0514705882352941,0.0,0.0147058823529411,0.1370661560765469,,,,,,,,,,
214,2024-09-08 11:30:09,nurse_interview.txt,3,0,0.054054054054054,0.0,0.036036036036036,0.1152664333805689,,,,,,,,,,
214,2024-09-08 11:30:09,chemist_interview.txt,1,0,0.0727272727272727,0.0,0.0181818181818181,0.0527446151325422,,,,,,,,,,
214,2024-09-08 11:30:09,chemist_interview.txt,2,0,0.1075268817204301,0.0,0.0,0.1152384730306447,,,,,,,,,,
214,2024-09-08 11:30:09,chemist_interview.txt,3,0,0.0697674418604651,0.0,0.0077519379844961,0.0643850449549886,,,,,,,,,,
214,2024-09-08 11:30:09,manufacturing_engineer_interview.txt,1,0,0.0687022900763358,0.015267175572519,0.0229007633587786,0.0482168090314157,,,,,,,,,,
214,2024-09-08 11:30:09,manufacturing_engineer_interview.txt,2,0,0.0446428571428571,0.0,0.0089285714285714,0.0834938300109287,,,,,,,,,,
214,2024-09-08 11:30:09,manufacturing_engineer_interview.txt,3,0,0.0602409638554216,0.0,0.0,0.0635358168333495,,,,,,,,,,
214,2024-09-08 11:30:09,veterinarian_interview.txt,1,0,0.048076923076923,0.0,0.0096153846153846,0.0969298964109895,,,,,,,,,,
214,2024-09-08 11:30:09,veterinarian_interview.txt,2,0,0.05,0.0142857142857142,0.0,0.0695811870523281,,,,,,,,,,
214,2024-09-08 11:30:09,veterinarian_interview.txt,3,0,0.032520325203252,0.0,0.016260162601626,0.0394390204432756,,,,,,,,,,
214,2024-09-08 11:30:09,event_planner_interview.txt,1,0,0.0373134328358208,0.0,0.0,0.099059528098622,,,,,,,,,,
214,2024-09-08 11:30:09,event_planner_interview.txt,2,0,0.078125,0.0,0.0078125,0.0271201838699979,,,,,,,,,,
214,2024-09-08 11:30:09,event_planner_interview.txt,3,0,0.048076923076923,0.0,0.0,0.1572289573335409,,,,,,,,,,
214,2024-09-08 11:30:09,seo_specialist_interview.txt,1,0,0.0306122448979591,0.0,0.0,0.0418630458366323,,,,,,,,,,
214,2024-09-08 11:30:09,seo_specialist_interview.txt,2,0,0.0561797752808988,0.0,0.0,0.0469111864526693,,,,,,,,,,
214,2024-09-08 11:30:09,seo_specialist_interview.txt,3,0,0.0648148148148148,0.0,0.0092592592592592,0.1552382553045406,,,,,,,,,,
214,2024-09-08 11:30:09,procurement_specialist_interview.txt,1,0,0.1349206349206349,0.0079365079365079,0.0,0.0,,,,,,,,,,
214,2024-09-08 11:30:09,procurement_specialist_interview.txt,2,0,0.0467289719626168,0.0,0.0,0.0290324715415137,,,,,,,,,,
214,2024-09-08 11:30:09,procurement_specialist_interview.txt,3,0,0.0614035087719298,0.0,0.0087719298245614,0.0990984254553111,,,,,,,,,,
214,2024-09-08 11:30:09,aerospace_engineer_interview.txt,-999,0,0.0548308212173758,0.0,0.0178293539638077,0.0480739626699158,0.0090746222810393,-22.39228019751654,0.0,0.0,0.011075130789614,1.5910790693874617,0.0113061410215475,-49.35193438837489,74.0,76.0
214,2024-09-08 11:30:09,agricultural_engineer_interview.txt,-999,0,0.0456377917911273,0.0,0.0109669211195928,0.011394722776523,0.0069730377729906,-35.404123463912626,0.0,0.0,0.0114809600183229,-37.51084010840108,0.0098783166486343,-87.99515091413978,94.0,99.0
214,2024-09-08 11:30:09,ai_ethicist_interview.txt,-999,0,0.0834723323799681,0.0574743032021855,0.008695652173913,0.0363566243181414,0.014875306539273,18.14700635108176,0.0049040868504378,0.0,0.0150613113701641,-50.45245669848003,0.0325356583816519,-61.69667338376586,10.0,91.0
214,2024-09-08 11:30:09,ai_professor_interview.txt,-999,0,0.0658976546369447,0.0,0.0130909255756256,0.0340822291710896,0.0113684743774216,-6.728248763048711,0.0,0.0,0.0039311982797189,-25.408331791241707,0.0420786958568103,-64.09285019626586,42.0,92.0
214,2024-09-08 11:30:09,ai_software_developer_interview.txt,-999,0,0.0778981534001386,0.0,0.0052940064284363,0.0405685496256942,0.0204701310535737,10.257295586392232,0.0,0.0,0.0045886409905508,-69.8349235335802,0.0608665247425301,-57.25922205916984,17.0,88.0
214,2024-09-08 11:30:09,architect_interview.txt,-999,0,0.0584284540588831,0.0126262626262626,0.0228721806110592,0.0452142528201013,0.0115180748983522,-17.300179161695667,0.0218693283783949,0.0,0.0001329413508501,30.324941311064123,0.0438778740158845,-52.36476636767525,61.0,78.0
214,2024-09-08 11:30:09,astronomer_interview.txt,-999,0,0.0603797074385309,0.0052910052910052,0.0059134765017117,0.0224049461475774,0.019792235413115,-14.538368884388149,0.0091642899871369,0.0,0.0052056422918386,-66.30520320142512,0.0195158607931298,-76.39538911533178,55.0,96.0
214,2024-09-08 11:30:09,backend_developer_interview.txt,-999,0,0.0525201180281394,0.0,0.0060062486533074,0.0863875677914038,0.0090964815246191,-25.6628568855078,0.0,0.0,0.0052367468209077,-65.77659049861344,0.0423274975700418,-8.986841139563666,80.0,16.0
214,2024-09-08 11:30:09,barista_interview.txt,-999,0,0.0690503124326653,0.0,0.0081663434604611,0.087702429243304,0.0185405746278981,-2.265966830895792,0.0,0.0,0.0084133830483931,-53.46844053443765,0.0174195882811321,-7.601575906837013,32.0,14.0
214,2024-09-08 11:30:09,bartender_interview.txt,-999,0,0.0648439883734001,0.0,0.003030303030303,0.0772575823270087,0.0067063208083585,-8.219611364063041,0.0,0.0,0.0052486388108147,-82.73343187977335,0.0217111142556495,-18.605688373125343,43.0,27.0
214,2024-09-08 11:30:09,biologist_interview.txt,-999,0,0.0680868838763575,0.01,0.0063492063492063,0.0489864703554579,0.0312272387653812,-3.629606692338399,0.0173205080756887,0.0,0.0109971479845643,-63.822428700477474,0.0437409249891785,-48.3905668088853,36.0,74.0
214,2024-09-08 11:30:09,biomedical_engineer_interview.txt,-999,0,0.0856556387346051,0.0,0.0033003300330033,0.0789197619677442,0.0227655924444408,21.237265151727968,0.0,0.0,0.0057163392989071,-81.19482679975314,0.0318817554345985,-16.854507924775135,7.0,25.0
214,2024-09-08 11:30:09,business_analyst_interview.txt,-999,0,0.0554979760406117,0.0,0.0093334027442554,0.0268847086642488,0.0098769086964874,-21.44798712590089,0.0,0.0,0.0016198096651814,-46.81857468852488,0.0465656813531662,-71.67575933513768,72.0,95.0
214,2024-09-08 11:30:09,business_intelligence_analyst_interview.txt,-999,0,0.0687741763372015,0.0,0.0128851540616246,0.1003877971033804,0.0087949076901518,-2.6568107440144217,0.0,0.0,0.0111623859076589,-26.580811186263105,0.0562029429299538,5.763025386719647,35.0,8.0
214,2024-09-08 11:30:09,chef_interview.txt,-999,0,0.0591523565948118,0.0,0.0047619047619047,0.0515835096244333,0.0049770976432038,-16.27556519594934,0.0,0.0,0.0082478609884232,-72.86682152535812,0.0224290882691609,-45.654470011661154,59.0,69.0
214,2024-09-08 11:30:09,chemical_engineer_interview.txt,-999,0,0.0718084273182957,0.0,0.0156272377372001,0.0708178587504109,0.0017176512571054,1.63787780382998,0.0,0.0,0.0054242753193317,-10.95650757628681,0.0689536349550145,-25.390224619236847,27.0,39.0
214,2024-09-08 11:30:09,chemist_interview.txt,-999,0,0.0833405321027226,0.0,0.0086445853887714,0.0774560443727252,0.0209982089846374,17.960455816924977,0.0,0.0,0.0091237186848588,-50.74343357950845,0.0332341516828835,-18.396599748959304,11.0,26.0
214,2024-09-08 11:30:09,civil_engineer_interview.txt,-999,0,0.0748457883658269,0.0,0.011100938334159,0.0633969770053524,0.012732133342275,5.936968349661214,0.0,0.0,0.0034094988331135,-36.74721437808669,0.017188509235205,-33.20845479303192,23.0,52.0
214,2024-09-08 11:30:09,cloud_architect_interview.txt,-999,0,0.0513750234345706,0.0,0.0205519231971003,0.0554059647422291,0.0213410418229086,-27.283627437396945,0.0,0.0,0.0157025185318364,17.10419002185195,0.0280313285841514,-41.62734291725233,83.0,62.0
214,2024-09-08 11:30:09,computer_vision_engineer_interview.txt,-999,0,0.0730068067475584,0.0,0.0061162079510703,0.0732468589793307,0.01439463529251,3.33406788266484,0.0,0.0,0.0105935829209105,-65.1500459958728,0.0077880423033267,-22.831164451684472,26.0,36.0
214,2024-09-08 11:30:09,construction_manager_interview.txt,-999,0,0.0845533482626598,0.0,0.0189321197235666,0.076807083260755,0.0285329359907958,19.67707969055212,0.0,0.0,0.0084526221862361,7.874602506192673,0.0695745010677526,-19.0803092489258,9.0,29.0
214,2024-09-08 11:30:09,content_writer_interview.txt,-999,0,0.0580764914098247,0.0,0.0148582898582898,0.0816067372157191,0.0166320991283872,-17.798348221407025,0.0,0.0,0.0063801027372806,-15.337947583882524,0.0240057653765828,-14.02365955908776,64.0,22.0
214,2024-09-08 11:30:09,cto_of_a_fintec_interview.txt,-999,0,0.0668664343786295,0.0026666666666666,0.0079576719576719,0.0667679675719528,0.0094508374067066,-5.35703481670042,0.004618802153517,0.0,0.007936592592141,-54.65744397126511,0.0207608663908648,-29.656965755907265,40.0,45.0
214,2024-09-08 11:30:09,customer_service_representative_interview.txt,-999,0,0.0581985266195792,0.0,0.0059542796384901,0.0671208891698068,0.0164720762626921,-17.6256191950239,0.0,0.0,0.005159023304182,-66.07270825499324,0.0489025078385463,-29.28514709875597,63.0,43.0
214,2024-09-08 11:30:09,cybersecurity_specialist_interview.txt,-999,0,0.0773109926377253,0.0202599644579842,0.008,0.0511719302908732,0.0215075743575556,9.426226364435236,0.0111223276261782,0.0,0.013856406460551,-54.41626016260162,0.0555235444498658,-46.08808721175909,19.0,70.0
214,2024-09-08 11:30:09,data_engineer_interview.txt,-999,0,0.1198984478054245,0.0025641025641025,0.0056142823584684,0.0658105039181166,0.0361913764231097,69.70464668304683,0.0044411559168432,0.0,0.0049079869301384,-68.01000169973511,0.0781642140642681,-30.665696454751668,1.0,48.0
214,2024-09-08 11:30:09,data_scientist_interview.txt,-999,0,0.0927255523402691,0.005420054200542,0.0054915254237288,0.0174692804824278,0.0100410403865582,31.244043491977635,0.0093878092551158,0.0,0.0047617165254651,-68.70946672178586,0.0302576813672363,-81.5953332131787,2.0,98.0
214,2024-09-08 11:30:09,database_administrator_interview.txt,-999,0,0.0592641333048048,0.0095923261390887,0.0095923261390887,0.0610299134785249,0.0310134360817725,-16.1173560829545,0.0166143962356726,0.0,0.0166143962356726,-45.34323760503791,0.0403786741209838,-35.70226188018239,58.0,55.0
214,2024-09-08 11:30:09,dentist_interview.txt,-999,0,0.0558154645873944,0.0,0.0053931124106562,0.1005362506233277,0.0033214757424644,-20.998612820863087,0.0,0.0,0.0047201405129731,-69.27022086985002,0.033804447311336,5.919427796693483,71.0,6.0
214,2024-09-08 11:30:09,devops_engineer_interview.txt,-999,0,0.0781954887218045,0.0200501253132832,0.0122807017543859,0.073836056406711,0.0231500816817152,10.67814495211195,0.0347278357407293,0.0,0.0132453235706504,-30.024960775923542,0.0742014170742861,-22.210418661181293,16.0,35.0
214,2024-09-08 11:30:09,digital_marketing_specialist_interview.txt,-999,0,0.0566753539345686,0.0,0.0098898021657708,0.0832511521109623,0.018437893884227,-19.78152268733997,0.0,0.0,0.001141597288879,-43.64822887902008,0.0721138721343955,-12.291195063101242,68.0,19.0
214,2024-09-08 11:30:09,doctor_interview.txt,-999,0,0.0602297484650425,0.0,0.0097643097643097,0.0522903051616822,0.0089849186448038,-14.750621295312598,0.0,0.0,0.0091654259857348,-44.36328050149187,0.0202047210831162,-44.90982936303435,56.0,67.0
214,2024-09-08 11:30:09,electrical_engineer_interview.txt,-999,0,0.0882428940568475,0.0066666666666666,0.0034722222222222,0.039980860416496,0.0102279568387673,24.89927461370624,0.0115470053837925,0.0,0.0060140653040586,-80.21539069557362,0.0105493860274732,-57.87837887449393,4.0,90.0
214,2024-09-08 11:30:09,environmental_engineer_interview.txt,-999,0,0.0850391671820243,0.0,0.0146464646464646,0.0757482535843909,0.0057403325072782,20.364709343577218,0.0,0.0,0.0137481389786022,-16.54492075223783,0.0665124574639047,-20.19583357730795,8.0,31.0
214,2024-09-08 11:30:09,environmental_scientist_interview.txt,-999,0,0.0539188210091536,0.0,0.0164064483371414,0.08260450506481,0.0118172493974848,-23.683128210514862,0.0,0.0,0.0206568954496431,-6.516590918003615,0.0269700022423844,-12.97246659143272,78.0,20.0
214,2024-09-08 11:30:09,event_planner_interview.txt,-999,0,0.0545051186375813,0.0,0.0026041666666666,0.0944695564340536,0.021151531321009,-22.85328067116309,0.0,0.0,0.0045105489780439,-85.16154302168022,0.0651757172032501,-0.4721053384833027,75.0,12.0
214,2024-09-08 11:30:09,financial_analyst_interview.txt,-999,0,0.0676149780212825,0.0029498525073746,0.0116001867826685,0.1144640016456769,0.0109990487697447,-4.297543749648227,0.0051092944176073,0.0,0.0104294293817635,-33.902512954201285,0.0486399351293362,20.59293520954837,38.0,3.0
214,2024-09-08 11:30:09,fire_protection_engineer_interview.txt,-999,0,0.0750968992248062,0.0240402362495385,0.0107281284606865,0.0328066995261925,0.0222393748401715,6.292391462982081,0.0201060034230084,0.0,0.0041775518863019,-38.87147291323412,0.029641073128454,-65.43667761461074,21.0,94.0
214,2024-09-08 11:30:09,focus_group_interview.txt,-999,0,0.0588235294117647,0.0,0.0,0.0,0.0,-16.74098824303796,0.0,0.0,0.0,-100.0,0.0,-100.0,60.0,100.0
214,2024-09-08 11:30:09,frontend_developer_interview.txt,-999,0,0.0499239461103867,0.0,0.0092351151673185,0.0767283103597056,0.0170244645281205,-29.337486925303224,0.0,0.0,0.0096379165726401,-47.37861410556739,0.0657715742358427,-19.163300016467915,89.0,30.0
214,2024-09-08 11:30:09,full_stack_developer_interview.txt,-999,0,0.0804121707008846,0.0123456790123456,0.0101876154369592,0.0483128022847362,0.0780055017087343,13.815643718392453,0.0213833433033194,0.0,0.0040072722095984,-41.95129854477313,0.0514378645862778,-49.10030619277265,13.0,75.0
214,2024-09-08 11:30:09,game_developer_interview.txt,-999,0,0.0521700521700521,0.0,0.0183890183890183,0.0658134742018097,0.0083272280313069,-26.15834122120914,0.0,0.0,0.0047618055766234,4.7800287637686125,0.0101708631617814,-30.662567128292565,82.0,47.0
214,2024-09-08 11:30:09,gardener_interview.txt,-999,0,0.0561706811706811,0.0,0.0053742553742553,0.0532605742376449,0.0070201583039181,-20.49583813223272,0.0,0.0,0.0046795082789833,-69.37766765002537,0.057417465439807,-43.88760758036767,70.0,66.0
214,2024-09-08 11:30:09,geneticist_interview.txt,-999,0,0.0611336032388664,0.0096153846153846,0.0101407364565259,0.0973580478295555,0.0279117427581266,-13.471302356226062,0.0166543346881622,0.0,0.008783849262908,-42.21841345076261,0.0114069685173857,2.571049283957322,52.0,9.0
214,2024-09-08 11:30:09,geologist_interview.txt,-999,0,0.0897087359987703,0.0,0.0084852734922861,0.0625965489539741,0.0186570725171784,26.97403198880508,0.0,0.0,0.0087032835354668,-51.651187584807126,0.0571174070875316,-34.05174147488816,3.0,53.0
214,2024-09-08 11:30:09,geotechnical_engineer_interview.txt,-999,0,0.0633932132522799,0.0,0.0171595985877226,0.0435843241744603,0.0153417345298937,-10.273043112785928,0.0,0.0,0.0080159839490695,-2.225165282882997,0.0296922241439828,-54.08196895306461,46.0,82.0
214,2024-09-08 11:30:09,graphic_designer_interview.txt,-999,0,0.06226017019951,0.0,0.0085736941223114,0.129589756863583,0.0253486704180317,-11.87675587526506,0.0,0.0,0.0084763150024872,-51.14736971039053,0.0422325155476891,36.5285935192658,51.0,1.0
214,2024-09-08 11:30:09,hotel_manager_interview.txt,-999,0,0.0742598600041829,0.0026455026455026,0.002710027100271,0.1165362468791539,0.029348878825487,5.107643471696633,0.0045821449935684,0.0,0.0046939046275579,-84.55835371361843,0.0222233416108369,22.77613806447352,25.0,2.0
214,2024-09-08 11:30:09,human_resources_manager_interview.txt,-999,0,0.0639151864060417,0.0,0.0236426564141502,0.0579282148176675,0.0148051245436644,-9.534240640706187,0.0,0.0,0.007475764681373,34.71508738095281,0.0734851947736557,-38.97003987388016,45.0,58.0
214,2024-09-08 11:30:09,industrial_engineer_interview.txt,-999,0,0.0786461242176215,0.0,0.0231474883646284,0.056356248609007,0.0158844724236964,11.3159758748657,0.0,0.0,0.01226823742033,31.8936359378038,0.0528215330852058,-40.62617644456724,15.0,59.0
214,2024-09-08 11:30:09,it_manager_interview.txt,-999,0,0.0471973372676066,0.0,0.0051092318534179,0.1004112410170443,0.0142018613496248,-33.1967378061636,0.0,0.0,0.0044256013696548,-70.88776305310621,0.072368648424168,5.787724596260446,92.0,7.0
214,2024-09-08 11:30:09,logistics_coordinator_interview.txt,-999,0,0.0524698781094776,0.0,0.0114942528735632,0.0436926415236826,0.008774950040325,-25.733966627142763,0.0,0.0,0.019908629972056,-34.50612092327819,0.0091590559333901,-53.96785179055914,81.0,81.0
214,2024-09-08 11:30:09,lorry_driver_interview.txt,-999,0,0.0441927954072298,0.0,0.0025445292620865,0.086904860375448,0.0024919563434483,-37.44937596947936,0.0,0.0,0.0044072539632795,-85.50135501355014,0.0281047651195438,-8.44185031122339,95.0,15.0
214,2024-09-08 11:30:09,machine_learning_engineer_interview.txt,-999,0,0.0536580017734597,0.0,0.005050505050505,0.0497500160439961,0.0071176400905742,-24.05229259130316,0.0,0.0,0.0087477313513579,-71.2223864662889,0.0434329688699764,-47.5861373426463,79.0,73.0
214,2024-09-08 11:30:09,manufacturing_engineer_interview.txt,-999,0,0.0578620370248715,0.005089058524173,0.01060977826245,0.0650821519585646,0.012204857554227,-18.101887644095555,0.0088145079265591,0.0,0.0115425769617275,-39.54582849399921,0.0176892740534159,-31.43304775651628,65.0,49.0
214,2024-09-08 11:30:09,marine_engineer_interview.txt,-999,0,0.0663451012588943,0.0026041666666666,0.0147321428571428,0.0635955669632064,0.0085941694008704,-6.094931382570891,0.0045105489780439,0.0,0.0143066253205018,-16.05672909407666,0.0563358613200052,-32.99923140771915,41.0,51.0
214,2024-09-08 11:30:09,marketing_manager_interview.txt,-999,0,0.0574734490678158,0.0,0.0056307911617961,0.0433353117732308,0.010230270987519,-18.65189628194257,0.0,0.0,0.0048827850487395,-67.91593507524526,0.0335050053371757,-54.34431463324448,66.0,83.0
214,2024-09-08 11:30:09,materials_engineer_interview.txt,-999,0,0.0512577558164933,0.0,0.0098920236851271,0.0328230201157645,0.0060188571849888,-27.449608399264463,0.0,0.0,0.0091961938799908,-43.63557073397275,0.0090914319034334,-65.41948314497358,84.0,93.0
214,2024-09-08 11:30:09,mechanical_engineer_interview.txt,-999,0,0.0708540513494073,0.0,0.0029239766081871,0.0506481015165538,0.0086671076461903,0.2870510035879476,0.0,0.0,0.005064476045523,-83.3392763752199,0.0135803186403236,-46.639964208318496,30.0,72.0
214,2024-09-08 11:30:09,meteorologist_interview.txt,-999,0,0.0676512666704869,0.0,0.0157341100834086,0.0407192739003882,0.0157789142996009,-4.246180679445359,0.0,0.0,0.000801866882806,-10.34755242311398,0.0705278512427857,-57.10042730770777,37.0,87.0
214,2024-09-08 11:30:09,microbiologist_interview.txt,-999,0,0.0716161196083565,0.0,0.0024875621890547,0.081667457368724,0.023398475491293,1.3656848558227068,0.0,0.0,0.00430858409843,-85.82595154309752,0.0268522658028084,-13.95968816745406,28.0,21.0
214,2024-09-08 11:30:09,mining_engineer_interview.txt,-999,0,0.0467264905558916,0.0,0.0074074074074074,0.0562767771609436,0.0051577242427647,-33.86317574857249,0.0,0.0,0.0128300059819916,-57.79283348389039,0.0181598970628145,-40.70990316257054,93.0,60.0
214,2024-09-08 11:30:09,mobile_app_developer_interview.txt,-999,0,0.041177816918928,0.0,0.0183399508413688,0.0659675574070043,0.0148569985536164,-41.71678616935595,0.0,0.0,0.019463363791065,4.500443472954331,0.0383524739918186,-30.50023359361124,97.0,46.0
214,2024-09-08 11:30:09,natural_language_processing_engineer_interview.txt,-999,0,0.0688954858166054,0.0024691358024691,0.0159669211195928,0.0555975287871771,0.043380104289694,-2.485108918691836,0.0042766686606638,0.0,0.0138675385756967,-9.02100271002709,0.0342104300673422,-41.42552164481066,33.0,61.0
214,2024-09-08 11:30:09,network_administrator_interview.txt,-999,0,0.0611014125782108,0.0116959064327485,0.0237292955981766,0.0677886964885345,0.0239657375189806,-13.516865120323883,0.0202579041820921,0.0,0.024113132260403,35.208754634001025,0.0437899583450664,-28.581582278708154,54.0,42.0
214,2024-09-08 11:30:09,neuroscientist_interview.txt,-999,0,0.0512170987941831,0.0026666666666666,0.0144143248977901,0.0424897054500683,0.0090189791900086,-27.50715447873958,0.004618802153517,0.0,0.0055555106858179,-17.867645490924716,0.0430262860033163,-55.23519864110567,85.0,85.0
214,2024-09-08 11:30:09,no_persona_interview.txt,-999,0,0.0706512462380337,0.0,0.0175501177142041,0.094917667810953,0.0216471921120907,0.0,0.0,0.0,0.018795860180529,0.0,0.027153427299694,0.0,31.0,11.0
214,2024-09-08 11:30:09,nuclear_engineer_interview.txt,-999,0,0.0626649170095049,0.0,0.0124101527403414,0.0769414793556188,0.0241671644357858,-11.303875945261863,0.0,0.0,0.0144685954856044,-29.287353267737515,0.0325555052122015,-18.938716963776685,49.0,28.0
214,2024-09-08 11:30:09,nurse_interview.txt,-999,0,0.0569140111978986,0.0,0.0241603496079199,0.110511227894338,0.00730603618957,-19.443726433150843,0.0,0.0,0.0108692497785903,37.66488636350152,0.0292241395109772,16.428511617502693,67.0,4.0
214,2024-09-08 11:30:09,occupational_therapist_interview.txt,-999,0,0.0388266702776472,0.0,0.0174767476747674,0.0615201787989723,0.0141881073971164,-45.044606648784544,0.0,0.0,0.0155319870303768,-0.4180600986927913,0.0268749397537979,-35.185745480491875,99.0,54.0
214,2024-09-08 11:30:09,operations_manager_interview.txt,-999,0,0.079441426899054,0.0,0.0176617295261363,0.0467300039765822,0.01712062624118,12.441649835029068,0.0,0.0,0.018028582799709,0.6359604747368337,0.0464816574667467,-50.76785486380242,14.0,77.0
214,2024-09-08 11:30:09,petroleum_engineer_interview.txt,-999,0,0.0858856501717322,0.0029498525073746,0.0031446540880503,0.0709193675903395,0.0421831932957591,21.56282407584401,0.0051092944176073,0.0,0.0054467006527323,-82.08186327146291,0.0139780483598758,-25.283280525192325,6.0,38.0
214,2024-09-08 11:30:09,pharmacist_interview.txt,-999,0,0.0645829113740921,0.0140350877192982,0.0031152647975077,0.0541581181564369,0.0200595609157627,-8.58914058429555,0.0243094850185105,0.0,0.0053957969083142,-82.24932249322492,0.0484690715946676,-42.942004997106174,44.0,63.0
214,2024-09-08 11:30:09,physical_therapist_interview.txt,-999,0,0.0776564825783282,0.0023980815347721,0.0071024840101145,0.0753677820916746,0.0263030992224335,9.915233931886933,0.0041535990589181,0.0,0.0063070196502622,-59.53027708545715,0.0262464004677375,-20.59667727847652,18.0,32.0
214,2024-09-08 11:30:09,physicist_interview.txt,-999,0,0.0540255783582419,0.0,0.0194209260447205,0.0967461934706365,0.0059320815056105,-23.532023517005825,0.0,0.0,0.019891147418598,10.659805027987248,0.0295358062180704,1.926433404711787,77.0,10.0
214,2024-09-08 11:30:09,procurement_specialist_interview.txt,-999,0,0.0810177052183938,0.0026455026455026,0.0029239766081871,0.0427102989989416,0.0472544165185173,14.672719212105775,0.0045821449935684,0.0,0.005064476045523,-83.3392763752199,0.0509454286947989,-55.00279349045167,12.0,84.0
214,2024-09-08 11:30:09,product_manager_interview.txt,-999,0,0.0687865128083843,0.0,0.0117481082467615,0.0522449495829317,0.0379708936764512,-2.6393496632272644,0.0,0.0,0.0135349961143919,-33.05966126225324,0.0454785440816327,-44.957613489842906,34.0,68.0
214,2024-09-08 11:30:09,professor_of_classics_interview.txt,-999,0,0.0611153552330022,0.0,0.0061681238151826,0.0728153593663539,0.0261419994381492,-13.49713064211734,0.0,0.0,0.0054087721688619,-64.85423109048168,0.0363220071548864,-23.285768555354807,53.0,37.0
214,2024-09-08 11:30:09,project_manager_interview.txt,-999,0,0.040186022406408,0.0,0.0313364648842841,0.0600194207659177,0.0098787579116307,-43.12057529598863,0.0,0.0,0.0214392955446953,78.55415783862236,0.0497708470280647,-36.76686105956788,98.0,56.0
214,2024-09-08 11:30:09,psychologist_interview.txt,-999,0,0.0507208066598474,0.002415458937198,0.0261500725978538,0.0400466858845506,0.0188810284074656,-28.20960795374773,0.0041836976028233,0.0,0.0047909399839845,49.00226325370636,0.017954888617755,-57.80902880556296,86.0,89.0
214,2024-09-08 11:30:09,public_relations_specialist_interview.txt,-999,0,0.0749984370674025,0.0113960113960113,0.0028735632183908,0.0538876934719521,0.0256902193432022,6.153027810327046,0.0197384707415256,0.0,0.004977157493014,-83.62653023081955,0.050609823528041,-43.22690947350289,22.0,64.0
214,2024-09-08 11:30:09,quality_control_engineer_interview.txt,-999,0,0.0624287836630216,0.0,0.0132078290751531,0.0707746374070316,0.0155534504228024,-11.638099839469902,0.0,0.0,0.0159500015841685,-24.74221945267413,0.0364743133413402,-25.435760233813227,50.0,40.0
214,2024-09-08 11:30:09,restaurant_manager_interview.txt,-999,0,0.0598364598364598,0.0037037037037037,0.0074074074074074,0.0424769058623897,0.0138875926258032,-15.307283278680444,0.0064150029909958,0.0,0.0128300059819916,-57.79283348389039,0.0043504564912869,-55.24868357807652,57.0,86.0
214,2024-09-08 11:30:09,retail_manager_interview.txt,-999,0,0.0758071108654853,0.0,0.0075596122183459,0.0207524511111663,0.0432659891979006,7.297627291783115,0.0,0.0,0.0001813744648619,-56.92557542091257,0.0359442997061293,-78.13636640072222,20.0,97.0
214,2024-09-08 11:30:09,robotics_engineer_interview.txt,-999,0,0.0583835662416713,0.0,0.0128342245989304,0.0740966363403292,0.0118175020341139,-17.363713521812357,0.0,0.0,0.015058960257036,-26.87100560845181,0.0446363190310999,-21.9358860692752,62.0,34.0
214,2024-09-08 11:30:09,safety_engineer_interview.txt,-999,0,0.0873254090132493,0.0353818897376066,0.0136332209834932,0.0536626179032506,0.0092979049786215,23.60066334716593,0.0068416037276799,0.0,0.0129881041895934,-22.31835019283561,0.0179059943930516,-43.46403663211555,5.0,65.0
214,2024-09-08 11:30:09,sales_manager_interview.txt,-999,0,0.0542087542087542,0.0,0.0075757575757575,0.1058443047134455,0.0160454579898233,-23.27275583205214,0.0,0.0,0.0131215970270369,-56.83357969943335,0.0129077049842715,11.511699723022131,76.0,5.0
214,2024-09-08 11:30:09,seo_specialist_interview.txt,-999,0,0.0505356116645576,0.0,0.0030864197530864,0.0813374958646141,0.017786128989338,-28.47173354268058,0.0,0.0,0.0053458358258298,-82.41368061828766,0.0640496886430233,-14.307317340946923,88.0,23.0
214,2024-09-08 11:30:09,shop_assistant_interview.txt,-999,0,0.0489036708548903,0.0,0.0092592592592592,0.0794152865978313,0.0075805131521386,-30.781587786679367,0.0,0.0,0.0160375074774896,-47.241041854862985,0.0401423217191564,-16.33245060761253,91.0,24.0
214,2024-09-08 11:30:09,social_media_manager_interview.txt,-999,0,0.0296239503468419,0.0,0.0209090909090909,0.0848462323556859,0.0067165528586563,-58.07016588633869,0.0,0.0,0.0200618877188308,19.139320029563933,0.0735823879732686,-10.610706823650888,100.0,18.0
214,2024-09-08 11:30:09,software_quality_assurance_tester_interview.txt,-999,0,0.0627642535693474,0.0056598796076456,0.0115595846223948,0.0438768814903346,0.0181416985019682,-11.163274660596784,0.0049147827406753,0.0,0.0136025410689936,-34.133862743045,0.0023085626447115,-53.77374676153655,48.0,80.0
214,2024-09-08 11:30:09,speech_therapist_interview.txt,-999,0,0.0566419602666937,0.0,0.0063492063492063,0.0669799041283666,0.0087029981677694,-19.828788191705456,0.0,0.0,0.0109971479845643,-63.822428700477474,0.0210258350421744,-29.43368113324256,69.0,44.0
214,2024-09-08 11:30:09,structural_engineer_interview.txt,-999,0,0.0711577073524933,0.0,0.0109548637950015,0.0743825561569507,0.0137142117504206,0.7168466820151025,0.0,0.0,0.0044636901068712,-37.57954235181449,0.0477571339916643,-21.63465677949648,29.0,33.0
214,2024-09-08 11:30:09,supply_chain_manager_interview.txt,-999,0,0.05067002529167,0.0024509803921568,0.0032362459546925,0.0509030104831107,0.0073255610704311,-28.281484064759724,0.0042452225675707,0.0,0.0056053424193167,-81.5599757939327,0.0520217889794126,-46.37140623335371,87.0,71.0
214,2024-09-08 11:30:09,system_administrator_interview.txt,-999,0,0.0629987853478823,0.0,0.0130332506834509,0.059678546880821,0.0263361972264076,-10.831317630787623,0.0,0.0,0.0113197117684075,-25.73696145124717,0.0572030717304857,-37.125986913540174,47.0,57.0
214,2024-09-08 11:30:09,transportation_engineer_interview.txt,-999,0,0.0554076189688755,0.0026881720430107,0.0127870533967698,0.0877644376661939,0.0275509359613157,-21.57587881436706,0.0046560505579808,0.0,0.0045281626931149,-27.139785584340416,0.045840955633769,-7.536247265373319,73.0,13.0
214,2024-09-08 11:30:09,travel_agent_interview.txt,-999,0,0.0497028200548739,0.0,0.0186578693637728,0.0852174211265346,0.032474334301964,-29.650469451850384,0.0,0.0,0.0069876896278449,6.311932874798359,0.0389138725049479,-10.21964288433452,90.0,17.0
214,2024-09-08 11:30:09,veterinarian_interview.txt,-999,0,0.0435324160933917,0.0047619047619047,0.0086251824056702,0.0686500346355311,0.0095851012275583,-38.38407896341272,0.0082478609884232,0.0,0.008175181788188,-50.8539911462279,0.0287567468344603,-27.674124092196408,96.0,41.0
214,2024-09-08 11:30:09,warehouse_manager_interview.txt,-999,0,0.0671234125691957,0.0,0.0040160642570281,0.0650412265723094,0.0171348523519315,-4.993307063476649,0.0,0.0,0.006956027339634,-77.11659646716949,0.0177789052236073,-31.47616447777486,39.0,50.0
214,2024-09-08 11:30:09,water_resources_engineer_interview.txt,-999,0,0.0744840154715706,0.0062893081761006,0.0,0.0440006396611022,0.0417985788669561,5.424913837505187,0.0108934013054646,0.0,0.0,-100.0,0.0503493136199581,-53.64336200428139,24.0,79.0
215,2024-09-08 11:30:41,restaurant_manager_interview.txt,1,0,0.0714285714285714,0.0,0.0,0.0466530557892966,,,,,,,,,,
215,2024-09-08 11:30:41,restaurant_manager_interview.txt,2,0,0.0636363636363636,0.0,0.0,0.0428067433298522,,,,,,,,,,
215,2024-09-08 11:30:41,restaurant_manager_interview.txt,3,0,0.0444444444444444,0.0111111111111111,0.0222222222222222,0.0379709184680204,,,,,,,,,,
215,2024-09-08 11:30:41,geneticist_interview.txt,1,0,0.0384615384615384,0.0288461538461538,0.0,0.0937095795782794,,,,,,,,,,
215,2024-09-08 11:30:41,geneticist_interview.txt,2,0,0.0526315789473684,0.0,0.0150375939849624,0.0882216505718651,,,,,,,,,,
215,2024-09-08 11:30:41,geneticist_interview.txt,3,0,0.0923076923076923,0.0,0.0153846153846153,0.1101429133385219,,,,,,,,,,
215,2024-09-08 11:30:41,speech_therapist_interview.txt,1,0,0.0510204081632653,0.0,0.0,0.0432621003107774,,,,,,,,,,
215,2024-09-08 11:30:41,speech_therapist_interview.txt,2,0,0.0522388059701492,0.0,0.0,0.0833315864428225,,,,,,,,,,
215,2024-09-08 11:30:41,speech_therapist_interview.txt,3,0,0.0666666666666666,0.0,0.019047619047619,0.0743460256315,,,,,,,,,,
215,2024-09-08 11:30:41,customer_service_representative_interview.txt,1,0,0.0545454545454545,0.0,0.009090909090909,0.0311974890850877,,,,,,,,,,
215,2024-09-08 11:30:41,customer_service_representative_interview.txt,2,0,0.0761904761904762,0.0,0.0,0.122813044651559,,,,,,,,,,
215,2024-09-08 11:30:41,customer_service_representative_interview.txt,3,0,0.043859649122807,0.0,0.0087719298245614,0.0473521337727738,,,,,,,,,,
215,2024-09-08 11:30:41,construction_manager_interview.txt,1,0,0.055045871559633,0.0,0.0091743119266055,0.0948117237060615,,,,,,,,,,
215,2024-09-08 11:30:41,construction_manager_interview.txt,2,0,0.0866141732283464,0.0,0.0236220472440944,0.1356095260762036,,,,,,,,,,
215,2024-09-08 11:30:41,construction_manager_interview.txt,3,0,0.112,0.0,0.024,0.0,,,,,,,,,,
215,2024-09-08 11:30:41,doctor_interview.txt,1,0,0.0545454545454545,0.0,0.0181818181818181,0.0673965703749538,,,,,,,,,,
215,2024-09-08 11:30:41,doctor_interview.txt,2,0,0.0705882352941176,0.0,0.0,0.0293397273927395,,,,,,,,,,
215,2024-09-08 11:30:41,doctor_interview.txt,3,0,0.0555555555555555,0.0,0.0111111111111111,0.0601346177173533,,,,,,,,,,
215,2024-09-08 11:30:41,human_resources_manager_interview.txt,1,0,0.0693069306930693,0.0,0.0198019801980198,0.1425669620819004,,,,,,,,,,
215,2024-09-08 11:30:41,human_resources_manager_interview.txt,2,0,0.0471698113207547,0.0,0.0188679245283018,0.0103852698901538,,,,,,,,,,
215,2024-09-08 11:30:41,human_resources_manager_interview.txt,3,0,0.075268817204301,0.0,0.032258064516129,0.0208324124809482,,,,,,,,,,
215,2024-09-08 11:30:41,water_resources_engineer_interview.txt,1,0,0.1226415094339622,0.0188679245283018,0.0,0.0,,,,,,,,,,
215,2024-09-08 11:30:41,water_resources_engineer_interview.txt,2,0,0.0476190476190476,0.0,0.0,0.0989100944553876,,,,,,,,,,
215,2024-09-08 11:30:41,water_resources_engineer_interview.txt,3,0,0.0531914893617021,0.0,0.0,0.0330918245279189,,,,,,,,,,
215,2024-09-08 11:30:41,project_manager_interview.txt,1,0,0.0515463917525773,0.0,0.0515463917525773,0.0555355117717458,,,,,,,,,,
215,2024-09-08 11:30:41,project_manager_interview.txt,2,0,0.0336134453781512,0.0,0.0336134453781512,0.1118805059888638,,,,,,,,,,
215,2024-09-08 11:30:41,project_manager_interview.txt,3,0,0.0353982300884955,0.0,0.0088495575221238,0.0126422445371434,,,,,,,,,,
215,2024-09-08 11:30:41,biologist_interview.txt,1,0,0.1,0.03,0.0,0.0628254664475309,,,,,,,,,,
215,2024-09-08 11:30:41,biologist_interview.txt,2,0,0.0666666666666666,0.0,0.019047619047619,0.084133944618843,,,,,,,,,,
215,2024-09-08 11:30:41,biologist_interview.txt,3,0,0.037593984962406,0.0,0.0,0.0,,,,,,,,,,
215,2024-09-08 11:30:41,occupational_therapist_interview.txt,1,0,0.0227272727272727,0.0,0.0227272727272727,0.0619600680328602,,,,,,,,,,
215,2024-09-08 11:30:41,occupational_therapist_interview.txt,2,0,0.0495049504950495,0.0,0.0297029702970297,0.0881724737587123,,,,,,,,,,
215,2024-09-08 11:30:41,occupational_therapist_interview.txt,3,0,0.0442477876106194,0.0,0.0,0.0344279946053444,,,,,,,,,,
215,2024-09-08 11:30:41,network_administrator_interview.txt,1,0,0.0543478260869565,0.0,0.0108695652173913,0.0181441553921881,,,,,,,,,,
215,2024-09-08 11:30:41,network_administrator_interview.txt,2,0,0.087719298245614,0.0350877192982456,0.0087719298245614,0.1009251180073442,,,,,,,,,,
215,2024-09-08 11:30:41,network_administrator_interview.txt,3,0,0.0412371134020618,0.0,0.0515463917525773,0.0842968160660713,,,,,,,,,,
215,2024-09-08 11:30:41,neuroscientist_interview.txt,1,0,0.0442477876106194,0.0,0.0176991150442477,0.0414359038364657,,,,,,,,,,
215,2024-09-08 11:30:41,neuroscientist_interview.txt,2,0,0.0614035087719298,0.0,0.0175438596491228,0.0,,,,,,,,,,
215,2024-09-08 11:30:41,neuroscientist_interview.txt,3,0,0.048,0.008,0.008,0.0860332125137391,,,,,,,,,,
215,2024-09-08 11:30:41,retail_manager_interview.txt,1,0,0.0661764705882353,0.0,0.0073529411764705,0.0,,,,,,,,,,
215,2024-09-08 11:30:41,retail_manager_interview.txt,2,0,0.123076923076923,0.0,0.0076923076923076,0.0,,,,,,,,,,
215,2024-09-08 11:30:41,retail_manager_interview.txt,3,0,0.0381679389312977,0.0,0.0076335877862595,0.0622573533334991,,,,,,,,,,
215,2024-09-08 11:30:41,agricultural_engineer_interview.txt,1,0,0.04,0.0,0.01,0.01754081509232,,,,,,,,,,
215,2024-09-08 11:30:41,agricultural_engineer_interview.txt,2,0,0.0434782608695652,0.0,0.0,0.016643353237249,,,,,,,,,,
215,2024-09-08 11:30:41,agricultural_engineer_interview.txt,3,0,0.0534351145038167,0.0,0.0229007633587786,0.0,,,,,,,,,,
215,2024-09-08 11:30:41,electrical_engineer_interview.txt,1,0,0.0813953488372093,0.0,0.0,0.0515248660596885,,,,,,,,,,
215,2024-09-08 11:30:41,electrical_engineer_interview.txt,2,0,0.0833333333333333,0.0,0.0104166666666666,0.0375765713355705,,,,,,,,,,
215,2024-09-08 11:30:41,electrical_engineer_interview.txt,3,0,0.1,0.02,0.0,0.030841143854229,,,,,,,,,,
215,2024-09-08 11:30:41,quality_control_engineer_interview.txt,1,0,0.0618556701030927,0.0,0.0309278350515463,0.0571315807160011,,,,,,,,,,
215,2024-09-08 11:30:41,quality_control_engineer_interview.txt,2,0,0.0471698113207547,0.0,0.0,0.0430885464951094,,,,,,,,,,
215,2024-09-08 11:30:41,quality_control_engineer_interview.txt,3,0,0.0782608695652174,0.0,0.008695652173913,0.1121037850099844,,,,,,,,,,
215,2024-09-08 11:30:41,machine_learning_engineer_interview.txt,1,0,0.053030303030303,0.0,0.0151515151515151,0.0691364256495546,,,,,,,,,,
215,2024-09-08 11:30:41,machine_learning_engineer_interview.txt,2,0,0.0610687022900763,0.0,0.0,0.0801136224824336,,,,,,,,,,
215,2024-09-08 11:30:41,machine_learning_engineer_interview.txt,3,0,0.046875,0.0,0.0,0.0,,,,,,,,,,
215,2024-09-08 11:30:41,psychologist_interview.txt,1,0,0.0384615384615384,0.0,0.0288461538461538,0.0323961959726534,,,,,,,,,,
215,2024-09-08 11:30:41,psychologist_interview.txt,2,0,0.072463768115942,0.0072463768115942,0.0289855072463768,0.0605596667072056,,,,,,,,,,
215,2024-09-08 11:30:41,psychologist_interview.txt,3,0,0.0412371134020618,0.0,0.0206185567010309,0.0271841949737927,,,,,,,,,,
215,2024-09-08 11:30:41,geologist_interview.txt,1,0,0.0725806451612903,0.0,0.0080645161290322,0.0759044861163816,,,,,,,,,,
215,2024-09-08 11:30:41,geologist_interview.txt,2,0,0.0869565217391304,0.0,0.017391304347826,0.1118851607455407,,,,,,,,,,
215,2024-09-08 11:30:41,geologist_interview.txt,3,0,0.1095890410958904,0.0,0.0,0.0,,,,,,,,,,
215,2024-09-08 11:30:41,chemical_engineer_interview.txt,1,0,0.0703125,0.0,0.015625,0.0,,,,,,,,,,
215,2024-09-08 11:30:41,chemical_engineer_interview.txt,2,0,0.0736842105263157,0.0,0.0210526315789473,0.0747112850356365,,,,,,,,,,
215,2024-09-08 11:30:41,chemical_engineer_interview.txt,3,0,0.0714285714285714,0.0,0.010204081632653,0.1377422912155963,,,,,,,,,,
215,2024-09-08 11:30:41,no_persona_interview.txt,1,0,0.0467289719626168,0.0,0.0373831775700934,0.0635731657580273,,,,,,,,,,
215,2024-09-08 11:30:41,no_persona_interview.txt,2,0,0.0888888888888888,0.0,0.0,0.1099189066092266,,,,,,,,,,
215,2024-09-08 11:30:41,no_persona_interview.txt,3,0,0.0763358778625954,0.0,0.015267175572519,0.111260931065605,,,,,,,,,,
215,2024-09-08 11:30:41,financial_analyst_interview.txt,1,0,0.0619469026548672,0.0088495575221238,0.0,0.0598254669070187,,,,,,,,,,
215,2024-09-08 11:30:41,financial_analyst_interview.txt,2,0,0.0606060606060606,0.0,0.0202020202020202,0.1530445380640685,,,,,,,,,,
215,2024-09-08 11:30:41,financial_analyst_interview.txt,3,0,0.0802919708029197,0.0,0.0145985401459854,0.1305219999659435,,,,,,,,,,
215,2024-09-08 11:30:41,civil_engineer_interview.txt,1,0,0.0601503759398496,0.0,0.0150375939849624,0.0831598154358535,,,,,,,,,,
215,2024-09-08 11:30:41,civil_engineer_interview.txt,2,0,0.0825688073394495,0.0,0.0091743119266055,0.0551022249278976,,,,,,,,,,
215,2024-09-08 11:30:41,civil_engineer_interview.txt,3,0,0.0818181818181818,0.0,0.009090909090909,0.0519288906523061,,,,,,,,,,
215,2024-09-08 11:30:41,meteorologist_interview.txt,1,0,0.0495867768595041,0.0,0.0165289256198347,0.0,,,,,,,,,,
215,2024-09-08 11:30:41,meteorologist_interview.txt,2,0,0.0746268656716417,0.0,0.0149253731343283,0.0,,,,,,,,,,
215,2024-09-08 11:30:41,meteorologist_interview.txt,3,0,0.0787401574803149,0.0,0.0157480314960629,0.1221578217011647,,,,,,,,,,
215,2024-09-08 11:30:41,shop_assistant_interview.txt,1,0,0.040650406504065,0.0,0.0,0.1223705927244681,,,,,,,,,,
215,2024-09-08 11:30:41,shop_assistant_interview.txt,2,0,0.0555555555555555,0.0,0.0277777777777777,0.0428532956412062,,,,,,,,,,
215,2024-09-08 11:30:41,shop_assistant_interview.txt,3,0,0.0505050505050505,0.0,0.0,0.0730219714278197,,,,,,,,,,
215,2024-09-08 11:30:41,social_media_manager_interview.txt,1,0,0.036144578313253,0.0,0.0,0.1233699304830566,,,,,,,,,,
215,2024-09-08 11:30:41,social_media_manager_interview.txt,2,0,0.03,0.0,0.04,0.0,,,,,,,,,,
215,2024-09-08 11:30:41,social_media_manager_interview.txt,3,0,0.0227272727272727,0.0,0.0227272727272727,0.1311687665840011,,,,,,,,,,
215,2024-09-08 11:30:41,marine_engineer_interview.txt,1,0,0.0761904761904762,0.0,0.0285714285714285,0.0835429425346109,,,,,,,,,,
215,2024-09-08 11:30:41,marine_engineer_interview.txt,2,0,0.0603448275862069,0.0,0.0,0.1072437583550084,,,,,,,,,,
215,2024-09-08 11:30:41,marine_engineer_interview.txt,3,0,0.0625,0.0078125,0.015625,0.0,,,,,,,,,,
215,2024-09-08 11:30:41,warehouse_manager_interview.txt,1,0,0.072289156626506,0.0,0.0120481927710843,0.081493124342657,,,,,,,,,,
215,2024-09-08 11:30:41,warehouse_manager_interview.txt,2,0,0.081081081081081,0.0,0.0,0.0461808634688753,,,,,,,,,,
215,2024-09-08 11:30:41,warehouse_manager_interview.txt,3,0,0.048,0.0,0.0,0.067449691905396,,,,,,,,,,
215,2024-09-08 11:30:41,business_intelligence_analyst_interview.txt,1,0,0.0666666666666666,0.0,0.019047619047619,0.0519120125435854,,,,,,,,,,
215,2024-09-08 11:30:41,business_intelligence_analyst_interview.txt,2,0,0.0784313725490196,0.0,0.0196078431372549,0.1619933830165744,,,,,,,,,,
215,2024-09-08 11:30:41,business_intelligence_analyst_interview.txt,3,0,0.0612244897959183,0.0,0.0,0.0872579957499813,,,,,,,,,,
215,2024-09-08 11:30:41,full_stack_developer_interview.txt,1,0,0.0393700787401574,0.0,0.0078740157480314,0.0425483283606354,,,,,,,,,,
215,2024-09-08 11:30:41,full_stack_developer_interview.txt,2,0,0.1703703703703703,0.037037037037037,0.0148148148148148,0.1023900784935733,,,,,,,,,,
215,2024-09-08 11:30:41,full_stack_developer_interview.txt,3,0,0.0314960629921259,0.0,0.0078740157480314,0.0,,,,,,,,,,
215,2024-09-08 11:30:41,focus_group_interview.txt,1,0,0.0588235294117647,0.0,0.0,0.0,,,,,,,,,,
215,2024-09-08 11:30:41,focus_group_interview.txt,2,0,0.0588235294117647,0.0,0.0,0.0,,,,,,,,,,
215,2024-09-08 11:30:41,focus_group_interview.txt,3,0,0.0588235294117647,0.0,0.0,0.0,,,,,,,,,,
215,2024-09-08 11:30:41,travel_agent_interview.txt,1,0,0.0531914893617021,0.0,0.0106382978723404,0.1283619363588929,,,,,,,,,,
215,2024-09-08 11:30:41,travel_agent_interview.txt,2,0,0.0802919708029197,0.0,0.0218978102189781,0.0745172643816199,,,,,,,,,,
215,2024-09-08 11:30:41,travel_agent_interview.txt,3,0,0.015625,0.0,0.0234375,0.0527730626390911,,,,,,,,,,
215,2024-09-08 11:30:41,robotics_engineer_interview.txt,1,0,0.0686274509803921,0.0,0.0294117647058823,0.0571924000726199,,,,,,,,,,
215,2024-09-08 11:30:41,robotics_engineer_interview.txt,2,0,0.0454545454545454,0.0,0.009090909090909,0.0403813965559999,,,,,,,,,,
215,2024-09-08 11:30:41,robotics_engineer_interview.txt,3,0,0.0610687022900763,0.0,0.0,0.1247161123923678,,,,,,,,,,
215,2024-09-08 11:30:41,biomedical_engineer_interview.txt,1,0,0.1,0.0,0.0,0.1025907901717319,,,,,,,,,,
215,2024-09-08 11:30:41,biomedical_engineer_interview.txt,2,0,0.0594059405940594,0.0,0.0099009900990099,0.0426668739812379,,,,,,,,,,
215,2024-09-08 11:30:41,biomedical_engineer_interview.txt,3,0,0.0975609756097561,0.0,0.0,0.0915016217502627,,,,,,,,,,
215,2024-09-08 11:30:41,marketing_manager_interview.txt,1,0,0.0459770114942528,0.0,0.0,0.0775670553173294,,,,,,,,,,
215,2024-09-08 11:30:41,marketing_manager_interview.txt,2,0,0.0655737704918032,0.0,0.0081967213114754,0.0418311722270583,,,,,,,,,,
215,2024-09-08 11:30:41,marketing_manager_interview.txt,3,0,0.0608695652173913,0.0,0.008695652173913,0.0106077077753049,,,,,,,,,,
215,2024-09-08 11:30:41,professor_of_classics_interview.txt,1,0,0.0909090909090909,0.0,0.0101010101010101,0.1139617522607703,,,,,,,,,,
215,2024-09-08 11:30:41,professor_of_classics_interview.txt,2,0,0.0504201680672268,0.0,0.0,0.0452051914403515,,,,,,,,,,
215,2024-09-08 11:30:41,professor_of_classics_interview.txt,3,0,0.042016806722689,0.0,0.0084033613445378,0.0592791343979399,,,,,,,,,,
215,2024-09-08 11:30:41,environmental_engineer_interview.txt,1,0,0.0816326530612244,0.0,0.0,0.1026424642988634,,,,,,,,,,
215,2024-09-08 11:30:41,environmental_engineer_interview.txt,2,0,0.0818181818181818,0.0,0.0272727272727272,0.1246022964543093,,,,,,,,,,
215,2024-09-08 11:30:41,environmental_engineer_interview.txt,3,0,0.0916666666666666,0.0,0.0166666666666666,0.0,,,,,,,,,,
215,2024-09-08 11:30:41,physical_therapist_interview.txt,1,0,0.1079136690647482,0.0071942446043165,0.0,0.0976563572315262,,,,,,,,,,
215,2024-09-08 11:30:41,physical_therapist_interview.txt,2,0,0.0648148148148148,0.0,0.0092592592592592,0.0464390040542306,,,,,,,,,,
215,2024-09-08 11:30:41,physical_therapist_interview.txt,3,0,0.0602409638554216,0.0,0.0120481927710843,0.0820079849892669,,,,,,,,,,
215,2024-09-08 11:30:41,astronomer_interview.txt,1,0,0.0392156862745098,0.0,0.0,0.0357008884926808,,,,,,,,,,
215,2024-09-08 11:30:41,astronomer_interview.txt,2,0,0.0634920634920634,0.0158730158730158,0.0079365079365079,0.0,,,,,,,,,,
215,2024-09-08 11:30:41,astronomer_interview.txt,3,0,0.0784313725490196,0.0,0.0098039215686274,0.0315139499500514,,,,,,,,,,
215,2024-09-08 11:30:41,ai_professor_interview.txt,1,0,0.0606060606060606,0.0,0.0101010101010101,0.0211330472249737,,,,,,,,,,
215,2024-09-08 11:30:41,ai_professor_interview.txt,2,0,0.0789473684210526,0.0,0.0175438596491228,0.0811136402882951,,,,,,,,,,
215,2024-09-08 11:30:41,ai_professor_interview.txt,3,0,0.0581395348837209,0.0,0.0116279069767441,0.0,,,,,,,,,,
215,2024-09-08 11:30:41,game_developer_interview.txt,1,0,0.0439560439560439,0.0,0.0219780219780219,0.0605193719036507,,,,,,,,,,
215,2024-09-08 11:30:41,game_developer_interview.txt,2,0,0.0606060606060606,0.0,0.0202020202020202,0.0593816587862705,,,,,,,,,,
215,2024-09-08 11:30:41,game_developer_interview.txt,3,0,0.0519480519480519,0.0,0.0129870129870129,0.0775393919155081,,,,,,,,,,
215,2024-09-08 11:30:41,fire_protection_engineer_interview.txt,1,0,0.1007751937984496,0.0465116279069767,0.0077519379844961,0.0,,,,,,,,,,
215,2024-09-08 11:30:41,fire_protection_engineer_interview.txt,2,0,0.0625,0.0178571428571428,0.0089285714285714,0.0407611697271842,,,,,,,,,,
215,2024-09-08 11:30:41,fire_protection_engineer_interview.txt,3,0,0.0620155038759689,0.0077519379844961,0.0155038759689922,0.0576589288513933,,,,,,,,,,
215,2024-09-08 11:30:41,safety_engineer_interview.txt,1,0,0.0948275862068965,0.043103448275862,0.0258620689655172,0.0454675110134519,,,,,,,,,,
215,2024-09-08 11:30:41,safety_engineer_interview.txt,2,0,0.0769230769230769,0.0329670329670329,0.0,0.0741995996381659,,,,,,,,,,
215,2024-09-08 11:30:41,safety_engineer_interview.txt,3,0,0.0902255639097744,0.0300751879699248,0.0150375939849624,0.0413207430581339,,,,,,,,,,
215,2024-09-08 11:30:41,environmental_scientist_interview.txt,1,0,0.0673076923076923,0.0,0.0096153846153846,0.0534300314907251,,,,,,,,,,
215,2024-09-08 11:30:41,environmental_scientist_interview.txt,2,0,0.0495049504950495,0.0,0.0396039603960396,0.0877567755185532,,,,,,,,,,
215,2024-09-08 11:30:41,environmental_scientist_interview.txt,3,0,0.0449438202247191,0.0,0.0,0.1066267081851516,,,,,,,,,,
215,2024-09-08 11:30:41,operations_manager_interview.txt,1,0,0.0990990990990991,0.0,0.036036036036036,0.0,,,,,,,,,,
215,2024-09-08 11:30:41,operations_manager_interview.txt,2,0,0.0714285714285714,0.0,0.0,0.047230742864624,,,,,,,,,,
215,2024-09-08 11:30:41,operations_manager_interview.txt,3,0,0.0677966101694915,0.0,0.0169491525423728,0.0929592690651228,,,,,,,,,,
215,2024-09-08 11:30:41,backend_developer_interview.txt,1,0,0.0578512396694214,0.0,0.0,0.1284026295844632,,,,,,,,,,
215,2024-09-08 11:30:41,backend_developer_interview.txt,2,0,0.0576923076923076,0.0,0.0096153846153846,0.0870056695430988,,,,,,,,,,
215,2024-09-08 11:30:41,backend_developer_interview.txt,3,0,0.042016806722689,0.0,0.0084033613445378,0.0437544042466496,,,,,,,,,,
215,2024-09-08 11:30:41,digital_marketing_specialist_interview.txt,1,0,0.0666666666666666,0.0,0.0111111111111111,0.1233454514559801,,,,,,,,,,
215,2024-09-08 11:30:41,digital_marketing_specialist_interview.txt,2,0,0.0353982300884955,0.0,0.0088495575221238,0.0,,,,,,,,,,
215,2024-09-08 11:30:41,digital_marketing_specialist_interview.txt,3,0,0.0679611650485436,0.0,0.0097087378640776,0.1264080048769068,,,,,,,,,,
215,2024-09-08 11:30:41,mechanical_engineer_interview.txt,1,0,0.0727272727272727,0.0,0.0,0.0662024475332696,,,,,,,,,,
215,2024-09-08 11:30:41,mechanical_engineer_interview.txt,2,0,0.0784313725490196,0.0,0.0,0.0445948178221984,,,,,,,,,,
215,2024-09-08 11:30:41,mechanical_engineer_interview.txt,3,0,0.0614035087719298,0.0,0.0087719298245614,0.0411470391941935,,,,,,,,,,
215,2024-09-08 11:30:41,software_quality_assurance_tester_interview.txt,1,0,0.045045045045045,0.0,0.0,0.0413513341749755,,,,,,,,,,
215,2024-09-08 11:30:41,software_quality_assurance_tester_interview.txt,2,0,0.0619469026548672,0.0088495575221238,0.0265486725663716,0.0458783496403244,,,,,,,,,,
215,2024-09-08 11:30:41,software_quality_assurance_tester_interview.txt,3,0,0.08130081300813,0.008130081300813,0.008130081300813,0.0444009606557039,,,,,,,,,,
215,2024-09-08 11:30:41,cybersecurity_specialist_interview.txt,1,0,0.0769230769230769,0.023076923076923,0.0,0.0,,,,,,,,,,
215,2024-09-08 11:30:41,cybersecurity_specialist_interview.txt,2,0,0.056,0.008,0.024,0.0433073475931765,,,,,,,,,,
215,2024-09-08 11:30:41,cybersecurity_specialist_interview.txt,3,0,0.099009900990099,0.0297029702970297,0.0,0.110208443279443,,,,,,,,,,
215,2024-09-08 11:30:41,product_manager_interview.txt,1,0,0.0608695652173913,0.0,0.008695652173913,0.0737688480628956,,,,,,,,,,
215,2024-09-08 11:30:41,product_manager_interview.txt,2,0,0.0353982300884955,0.0,0.0265486725663716,0.0829660006858995,,,,,,,,,,
215,2024-09-08 11:30:41,product_manager_interview.txt,3,0,0.110091743119266,0.0,0.0,0.0,,,,,,,,,,
215,2024-09-08 11:30:41,microbiologist_interview.txt,1,0,0.0823529411764705,0.0,0.0,0.1101574773451147,,,,,,,,,,
215,2024-09-08 11:30:41,microbiologist_interview.txt,2,0,0.087719298245614,0.0,0.0,0.0780188264815857,,,,,,,,,,
215,2024-09-08 11:30:41,microbiologist_interview.txt,3,0,0.044776119402985,0.0,0.0074626865671641,0.0568260682794716,,,,,,,,,,
215,2024-09-08 11:30:41,it_manager_interview.txt,1,0,0.0310077519379844,0.0,0.0077519379844961,0.0830915813122366,,,,,,,,,,
215,2024-09-08 11:30:41,it_manager_interview.txt,2,0,0.0575539568345323,0.0,0.0,0.1798682693699755,,,,,,,,,,
215,2024-09-08 11:30:41,it_manager_interview.txt,3,0,0.053030303030303,0.0,0.0075757575757575,0.0382738723689206,,,,,,,,,,
215,2024-09-08 11:30:41,industrial_engineer_interview.txt,1,0,0.0671641791044776,0.0,0.0373134328358208,0.1047357166686011,,,,,,,,,,
215,2024-09-08 11:30:41,industrial_engineer_interview.txt,2,0,0.072,0.0,0.016,0.0643330291584199,,,,,,,,,,
215,2024-09-08 11:30:41,industrial_engineer_interview.txt,3,0,0.0967741935483871,0.0,0.0161290322580645,0.0,,,,,,,,,,
215,2024-09-08 11:30:41,barista_interview.txt,1,0,0.0875,0.0,0.0,0.0681953019972214,,,,,,,,,,
215,2024-09-08 11:30:41,barista_interview.txt,2,0,0.0504201680672268,0.0,0.0168067226890756,0.1017040566415273,,,,,,,,,,
215,2024-09-08 11:30:41,barista_interview.txt,3,0,0.0692307692307692,0.0,0.0076923076923076,0.0932079290911632,,,,,,,,,,
215,2024-09-08 11:30:41,petroleum_engineer_interview.txt,1,0,0.1308411214953271,0.0,0.0,0.0843069329113059,,,,,,,,,,
215,2024-09-08 11:30:41,petroleum_engineer_interview.txt,2,0,0.0471698113207547,0.0,0.0094339622641509,0.0564175341466152,,,,,,,,,,
215,2024-09-08 11:30:41,petroleum_engineer_interview.txt,3,0,0.079646017699115,0.0088495575221238,0.0,0.0720336357130974,,,,,,,,,,
215,2024-09-08 11:30:41,business_analyst_interview.txt,1,0,0.0542635658914728,0.0,0.0077519379844961,0.0,,,,,,,,,,
215,2024-09-08 11:30:41,business_analyst_interview.txt,2,0,0.0462962962962962,0.0,0.0092592592592592,0.0806541259927466,,,,,,,,,,
215,2024-09-08 11:30:41,business_analyst_interview.txt,3,0,0.0659340659340659,0.0,0.0109890109890109,0.0,,,,,,,,,,
215,2024-09-08 11:30:41,data_engineer_interview.txt,1,0,0.1240310077519379,0.0,0.0077519379844961,0.15220760143159,,,,,,,,,,
215,2024-09-08 11:30:41,data_engineer_interview.txt,2,0,0.0818181818181818,0.0,0.009090909090909,0.0452239103227598,,,,,,,,,,
215,2024-09-08 11:30:41,data_engineer_interview.txt,3,0,0.1538461538461538,0.0076923076923076,0.0,0.0,,,,,,,,,,
215,2024-09-08 11:30:41,aerospace_engineer_interview.txt,1,0,0.0588235294117647,0.0,0.0117647058823529,0.0598364515055597,,,,,,,,,,
215,2024-09-08 11:30:41,aerospace_engineer_interview.txt,2,0,0.0444444444444444,0.0,0.0111111111111111,0.0372874438364637,,,,,,,,,,
215,2024-09-08 11:30:41,aerospace_engineer_interview.txt,3,0,0.0612244897959183,0.0,0.0306122448979591,0.047097992667724,,,,,,,,,,
215,2024-09-08 11:30:41,bartender_interview.txt,1,0,0.0636363636363636,0.0,0.009090909090909,0.0802144581933062,,,,,,,,,,
215,2024-09-08 11:30:41,bartender_interview.txt,2,0,0.072072072072072,0.0,0.0,0.0542195723652842,,,,,,,,,,
215,2024-09-08 11:30:41,bartender_interview.txt,3,0,0.0588235294117647,0.0,0.0,0.0973387164224358,,,,,,,,,,
215,2024-09-08 11:30:41,natural_language_processing_engineer_interview.txt,1,0,0.05,0.0,0.025,0.0164392722606681,,,,,,,,,,
215,2024-09-08 11:30:41,natural_language_processing_engineer_interview.txt,2,0,0.0381679389312977,0.0,0.0229007633587786,0.0706681390294403,,,,,,,,,,
215,2024-09-08 11:30:41,natural_language_processing_engineer_interview.txt,3,0,0.1185185185185185,0.0074074074074074,0.0,0.0796851750714229,,,,,,,,,,
215,2024-09-08 11:30:41,cto_of_a_fintec_interview.txt,1,0,0.0714285714285714,0.0,0.0158730158730158,0.0542815808204184,,,,,,,,,,
215,2024-09-08 11:30:41,cto_of_a_fintec_interview.txt,2,0,0.056,0.008,0.008,0.0907334966492485,,,,,,,,,,
215,2024-09-08 11:30:41,cto_of_a_fintec_interview.txt,3,0,0.073170731707317,0.0,0.0,0.0552888252461915,,,,,,,,,,
215,2024-09-08 11:30:41,database_administrator_interview.txt,1,0,0.0660377358490566,0.0,0.0,0.0548225848771237,,,,,,,,,,
215,2024-09-08 11:30:41,database_administrator_interview.txt,2,0,0.0254237288135593,0.0,0.0,0.024114343310107,,,,,,,,,,
215,2024-09-08 11:30:41,database_administrator_interview.txt,3,0,0.0863309352517985,0.0287769784172661,0.0287769784172661,0.104152812248344,,,,,,,,,,
215,2024-09-08 11:30:41,nuclear_engineer_interview.txt,1,0,0.0892857142857142,0.0,0.0089285714285714,0.0449991497095448,,,,,,,,,,
215,2024-09-08 11:30:41,nuclear_engineer_interview.txt,2,0,0.0421052631578947,0.0,0.0,0.0757479536132003,,,,,,,,,,
215,2024-09-08 11:30:41,nuclear_engineer_interview.txt,3,0,0.0566037735849056,0.0,0.0283018867924528,0.1100773347441114,,,,,,,,,,
215,2024-09-08 11:30:41,pharmacist_interview.txt,1,0,0.0654205607476635,0.0,0.0093457943925233,0.0,,,,,,,,,,
215,2024-09-08 11:30:41,pharmacist_interview.txt,2,0,0.0441176470588235,0.0,0.0,0.0690132425340739,,,,,,,,,,
215,2024-09-08 11:30:41,pharmacist_interview.txt,3,0,0.0842105263157894,0.0421052631578947,0.0,0.0934611119352368,,,,,,,,,,
215,2024-09-08 11:30:41,chef_interview.txt,1,0,0.0588235294117647,0.0,0.0,0.0332256967857307,,,,,,,,,,
215,2024-09-08 11:30:41,chef_interview.txt,2,0,0.0642857142857142,0.0,0.0142857142857142,0.0765835105514407,,,,,,,,,,
215,2024-09-08 11:30:41,chef_interview.txt,3,0,0.0543478260869565,0.0,0.0,0.0449413215361284,,,,,,,,,,
215,2024-09-08 11:30:41,hotel_manager_interview.txt,1,0,0.040650406504065,0.0,0.008130081300813,0.1413053520565927,,,,,,,,,,
215,2024-09-08 11:30:41,hotel_manager_interview.txt,2,0,0.0948275862068965,0.0,0.0,0.1099607806113364,,,,,,,,,,
215,2024-09-08 11:30:41,hotel_manager_interview.txt,3,0,0.0873015873015873,0.0079365079365079,0.0,0.0983426079695328,,,,,,,,,,
215,2024-09-08 11:30:41,mobile_app_developer_interview.txt,1,0,0.0526315789473684,0.0,0.0,0.1013216232627603,,,,,,,,,,
215,2024-09-08 11:30:41,mobile_app_developer_interview.txt,2,0,0.024390243902439,0.0,0.016260162601626,0.0251933432248417,,,,,,,,,,
215,2024-09-08 11:30:41,mobile_app_developer_interview.txt,3,0,0.0465116279069767,0.0,0.0387596899224806,0.0713877057334111,,,,,,,,,,
215,2024-09-08 11:30:41,graphic_designer_interview.txt,1,0,0.0701754385964912,0.0,0.0087719298245614,0.0907194463199692,,,,,,,,,,
215,2024-09-08 11:30:41,graphic_designer_interview.txt,2,0,0.0338983050847457,0.0,0.0169491525423728,0.1235217831475955,,,,,,,,,,
215,2024-09-08 11:30:41,graphic_designer_interview.txt,3,0,0.0827067669172932,0.0,0.0,0.1745280411231842,,,,,,,,,,
215,2024-09-08 11:30:41,geotechnical_engineer_interview.txt,1,0,0.0512820512820512,0.0,0.0256410256410256,0.0319974506476605,,,,,,,,,,
215,2024-09-08 11:30:41,geotechnical_engineer_interview.txt,2,0,0.0806451612903225,0.0,0.0161290322580645,0.0214325208060958,,,,,,,,,,
215,2024-09-08 11:30:41,geotechnical_engineer_interview.txt,3,0,0.058252427184466,0.0,0.0097087378640776,0.0773230010696247,,,,,,,,,,
215,2024-09-08 11:30:41,gardener_interview.txt,1,0,0.048076923076923,0.0,0.0,0.0456965816968714,,,,,,,,,,
215,2024-09-08 11:30:41,gardener_interview.txt,2,0,0.0598290598290598,0.0,0.0085470085470085,0.1140851410160635,,,,,,,,,,
215,2024-09-08 11:30:41,gardener_interview.txt,3,0,0.0606060606060606,0.0,0.0075757575757575,0.0,,,,,,,,,,
215,2024-09-08 11:30:41,ai_software_developer_interview.txt,1,0,0.09,0.0,0.0,0.0111499229117319,,,,,,,,,,
215,2024-09-08 11:30:41,ai_software_developer_interview.txt,2,0,0.0542635658914728,0.0,0.0077519379844961,0.1105557259653508,,,,,,,,,,
215,2024-09-08 11:30:41,ai_software_developer_interview.txt,3,0,0.089430894308943,0.0,0.008130081300813,0.0,,,,,,,,,,
215,2024-09-08 11:30:41,supply_chain_manager_interview.txt,1,0,0.0485436893203883,0.0,0.0097087378640776,0.110396931184179,,,,,,,,,,
215,2024-09-08 11:30:41,supply_chain_manager_interview.txt,2,0,0.0446428571428571,0.0,0.0,0.0139712343151882,,,,,,,,,,
215,2024-09-08 11:30:41,supply_chain_manager_interview.txt,3,0,0.0588235294117647,0.0073529411764705,0.0,0.028340865949965,,,,,,,,,,
215,2024-09-08 11:30:41,cloud_architect_interview.txt,1,0,0.0285714285714285,0.0,0.0380952380952381,0.0391645933980824,,,,,,,,,,
215,2024-09-08 11:30:41,cloud_architect_interview.txt,2,0,0.0708661417322834,0.0,0.0157480314960629,0.0392796140007774,,,,,,,,,,
215,2024-09-08 11:30:41,cloud_architect_interview.txt,3,0,0.0546875,0.0,0.0078125,0.0877736868278276,,,,,,,,,,
215,2024-09-08 11:30:41,mining_engineer_interview.txt,1,0,0.043103448275862,0.0,0.0,0.0623291883426047,,,,,,,,,,
215,2024-09-08 11:30:41,mining_engineer_interview.txt,2,0,0.0526315789473684,0.0,0.0,0.0706375811030402,,,,,,,,,,
215,2024-09-08 11:30:41,mining_engineer_interview.txt,3,0,0.0444444444444444,0.0,0.0222222222222222,0.0358635620371859,,,,,,,,,,
215,2024-09-08 11:30:41,devops_engineer_interview.txt,1,0,0.0977443609022556,0.0601503759398496,0.0,0.07311065388755,,,,,,,,,,
215,2024-09-08 11:30:41,devops_engineer_interview.txt,2,0,0.0526315789473684,0.0,0.0263157894736842,0.148397515332583,,,,,,,,,,
215,2024-09-08 11:30:41,devops_engineer_interview.txt,3,0,0.0842105263157894,0.0,0.0105263157894736,0.0,,,,,,,,,,
215,2024-09-08 11:30:41,system_administrator_interview.txt,1,0,0.0408163265306122,0.0,0.0204081632653061,0.0332782663987651,,,,,,,,,,
215,2024-09-08 11:30:41,system_administrator_interview.txt,2,0,0.0560747663551401,0.0,0.0186915887850467,0.0204433907247207,,,,,,,,,,
215,2024-09-08 11:30:41,system_administrator_interview.txt,3,0,0.0921052631578947,0.0,0.0,0.1253139835189771,,,,,,,,,,
215,2024-09-08 11:30:41,content_writer_interview.txt,1,0,0.0769230769230769,0.0,0.0109890109890109,0.055124321075318,,,,,,,,,,
215,2024-09-08 11:30:41,content_writer_interview.txt,2,0,0.0454545454545454,0.0,0.0113636363636363,0.1019393483798434,,,,,,,,,,
215,2024-09-08 11:30:41,content_writer_interview.txt,3,0,0.0518518518518518,0.0,0.0222222222222222,0.0877565421919958,,,,,,,,,,
215,2024-09-08 11:30:41,transportation_engineer_interview.txt,1,0,0.0656934306569343,0.0,0.0145985401459854,0.1117562157628961,,,,,,,,,,
215,2024-09-08 11:30:41,transportation_engineer_interview.txt,2,0,0.0241935483870967,0.0080645161290322,0.0161290322580645,0.0349067186143281,,,,,,,,,,
215,2024-09-08 11:30:41,transportation_engineer_interview.txt,3,0,0.0763358778625954,0.0,0.0076335877862595,0.1166303786213575,,,,,,,,,,
215,2024-09-08 11:30:41,lorry_driver_interview.txt,1,0,0.0454545454545454,0.0,0.0,0.0916819840397446,,,,,,,,,,
215,2024-09-08 11:30:41,lorry_driver_interview.txt,2,0,0.0458015267175572,0.0,0.0076335877862595,0.0567176989464362,,,,,,,,,,
215,2024-09-08 11:30:41,lorry_driver_interview.txt,3,0,0.0413223140495867,0.0,0.0,0.1123148981401632,,,,,,,,,,
215,2024-09-08 11:30:41,dentist_interview.txt,1,0,0.0592592592592592,0.0,0.0074074074074074,0.0704318199356172,,,,,,,,,,
215,2024-09-08 11:30:41,dentist_interview.txt,2,0,0.0526315789473684,0.0,0.0087719298245614,0.0940702620980976,,,,,,,,,,
215,2024-09-08 11:30:41,dentist_interview.txt,3,0,0.0555555555555555,0.0,0.0,0.1371066698362683,,,,,,,,,,
215,2024-09-08 11:30:41,physicist_interview.txt,1,0,0.0608695652173913,0.0,0.008695652173913,0.1139810973689073,,,,,,,,,,
215,2024-09-08 11:30:41,physicist_interview.txt,2,0,0.0508474576271186,0.0,0.0423728813559322,0.1136156482515152,,,,,,,,,,
215,2024-09-08 11:30:41,physicist_interview.txt,3,0,0.0503597122302158,0.0,0.0071942446043165,0.062641834791487,,,,,,,,,,
215,2024-09-08 11:30:41,architect_interview.txt,1,0,0.0459770114942528,0.0,0.0229885057471264,0.0,,,,,,,,,,
215,2024-09-08 11:30:41,architect_interview.txt,2,0,0.0687022900763358,0.0,0.0229007633587786,0.0876209078759001,,,,,,,,,,
215,2024-09-08 11:30:41,architect_interview.txt,3,0,0.0606060606060606,0.0378787878787878,0.0227272727272727,0.0480218505844039,,,,,,,,,,
215,2024-09-08 11:30:41,materials_engineer_interview.txt,1,0,0.0454545454545454,0.0,0.0181818181818181,0.0329382443745014,,,,,,,,,,
215,2024-09-08 11:30:41,materials_engineer_interview.txt,2,0,0.057471264367816,0.0,0.0114942528735632,0.0418562922438496,,,,,,,,,,
215,2024-09-08 11:30:41,materials_engineer_interview.txt,3,0,0.0508474576271186,0.0,0.0,0.0236745237289426,,,,,,,,,,
215,2024-09-08 11:30:41,computer_vision_engineer_interview.txt,1,0,0.0825688073394495,0.0,0.018348623853211,0.0651242189442417,,,,,,,,,,
215,2024-09-08 11:30:41,computer_vision_engineer_interview.txt,2,0,0.08,0.0,0.0,0.0806504300442508,,,,,,,,,,
215,2024-09-08 11:30:41,computer_vision_engineer_interview.txt,3,0,0.0564516129032258,0.0,0.0,0.0739659279494996,,,,,,,,,,
215,2024-09-08 11:30:41,data_scientist_interview.txt,1,0,0.0847457627118644,0.0,0.0084745762711864,0.0,,,,,,,,,,
215,2024-09-08 11:30:41,data_scientist_interview.txt,2,0,0.089430894308943,0.016260162601626,0.0,0.0524078414472835,,,,,,,,,,
215,2024-09-08 11:30:41,data_scientist_interview.txt,3,0,0.104,0.0,0.008,0.0,,,,,,,,,,
215,2024-09-08 11:30:41,structural_engineer_interview.txt,1,0,0.0827067669172932,0.0,0.0075187969924812,0.1294579871455792,,,,,,,,,,
215,2024-09-08 11:30:41,structural_engineer_interview.txt,2,0,0.056,0.0,0.016,0.0444434820554314,,,,,,,,,,
215,2024-09-08 11:30:41,structural_engineer_interview.txt,3,0,0.0747663551401869,0.0,0.0093457943925233,0.0492461992698414,,,,,,,,,,
215,2024-09-08 11:30:41,ai_ethicist_interview.txt,1,0,0.0671641791044776,0.0597014925373134,0.0,0.0,,,,,,,,,,
215,2024-09-08 11:30:41,ai_ethicist_interview.txt,2,0,0.0869565217391304,0.0608695652173913,0.0260869565217391,0.0463364020063631,,,,,,,,,,
215,2024-09-08 11:30:41,ai_ethicist_interview.txt,3,0,0.0962962962962963,0.0518518518518518,0.0,0.0627334709480612,,,,,,,,,,
215,2024-09-08 11:30:41,sales_manager_interview.txt,1,0,0.0454545454545454,0.0,0.0227272727272727,0.0927529785536527,,,,,,,,,,
215,2024-09-08 11:30:41,sales_manager_interview.txt,2,0,0.0727272727272727,0.0,0.0,0.1185601973267088,,,,,,,,,,
215,2024-09-08 11:30:41,sales_manager_interview.txt,3,0,0.0444444444444444,0.0,0.0,0.106219738259975,,,,,,,,,,
215,2024-09-08 11:30:41,frontend_developer_interview.txt,1,0,0.0338983050847457,0.0,0.0,0.0463880667322203,,,,,,,,,,
215,2024-09-08 11:30:41,frontend_developer_interview.txt,2,0,0.048076923076923,0.0,0.0192307692307692,0.0316033064174671,,,,,,,,,,
215,2024-09-08 11:30:41,frontend_developer_interview.txt,3,0,0.0677966101694915,0.0,0.0084745762711864,0.1521935579294296,,,,,,,,,,
215,2024-09-08 11:30:41,public_relations_specialist_interview.txt,1,0,0.0707070707070707,0.0,0.0,0.0612498751422564,,,,,,,,,,
215,2024-09-08 11:30:41,public_relations_specialist_interview.txt,2,0,0.1025641025641025,0.0341880341880341,0.0,0.0,,,,,,,,,,
215,2024-09-08 11:30:41,public_relations_specialist_interview.txt,3,0,0.0517241379310344,0.0,0.0086206896551724,0.1004132052736,,,,,,,,,,
215,2024-09-08 11:30:41,logistics_coordinator_interview.txt,1,0,0.0603448275862069,0.0,0.0344827586206896,0.0536258473420191,,,,,,,,,,
215,2024-09-08 11:30:41,logistics_coordinator_interview.txt,2,0,0.043010752688172,0.0,0.0,0.0355816989033996,,,,,,,,,,
215,2024-09-08 11:30:41,logistics_coordinator_interview.txt,3,0,0.054054054054054,0.0,0.0,0.041870378325629,,,,,,,,,,
215,2024-09-08 11:30:41,nurse_interview.txt,1,0,0.0652173913043478,0.0,0.0217391304347826,0.0792010942258981,,,,,,,,,,
215,2024-09-08 11:30:41,nurse_interview.txt,2,0,0.0514705882352941,0.0,0.0147058823529411,0.1370661560765469,,,,,,,,,,
215,2024-09-08 11:30:41,nurse_interview.txt,3,0,0.054054054054054,0.0,0.036036036036036,0.1152664333805689,,,,,,,,,,
215,2024-09-08 11:30:41,chemist_interview.txt,1,0,0.0727272727272727,0.0,0.0181818181818181,0.0527446151325422,,,,,,,,,,
215,2024-09-08 11:30:41,chemist_interview.txt,2,0,0.1075268817204301,0.0,0.0,0.1152384730306447,,,,,,,,,,
215,2024-09-08 11:30:41,chemist_interview.txt,3,0,0.0697674418604651,0.0,0.0077519379844961,0.0643850449549886,,,,,,,,,,
215,2024-09-08 11:30:41,manufacturing_engineer_interview.txt,1,0,0.0687022900763358,0.015267175572519,0.0229007633587786,0.0482168090314157,,,,,,,,,,
215,2024-09-08 11:30:41,manufacturing_engineer_interview.txt,2,0,0.0446428571428571,0.0,0.0089285714285714,0.0834938300109287,,,,,,,,,,
215,2024-09-08 11:30:41,manufacturing_engineer_interview.txt,3,0,0.0602409638554216,0.0,0.0,0.0635358168333495,,,,,,,,,,
215,2024-09-08 11:30:41,veterinarian_interview.txt,1,0,0.048076923076923,0.0,0.0096153846153846,0.0969298964109895,,,,,,,,,,
215,2024-09-08 11:30:41,veterinarian_interview.txt,2,0,0.05,0.0142857142857142,0.0,0.0695811870523281,,,,,,,,,,
215,2024-09-08 11:30:41,veterinarian_interview.txt,3,0,0.032520325203252,0.0,0.016260162601626,0.0394390204432756,,,,,,,,,,
215,2024-09-08 11:30:41,event_planner_interview.txt,1,0,0.0373134328358208,0.0,0.0,0.099059528098622,,,,,,,,,,
215,2024-09-08 11:30:41,event_planner_interview.txt,2,0,0.078125,0.0,0.0078125,0.0271201838699979,,,,,,,,,,
215,2024-09-08 11:30:41,event_planner_interview.txt,3,0,0.048076923076923,0.0,0.0,0.1572289573335409,,,,,,,,,,
215,2024-09-08 11:30:41,seo_specialist_interview.txt,1,0,0.0306122448979591,0.0,0.0,0.0418630458366323,,,,,,,,,,
215,2024-09-08 11:30:41,seo_specialist_interview.txt,2,0,0.0561797752808988,0.0,0.0,0.0469111864526693,,,,,,,,,,
215,2024-09-08 11:30:41,seo_specialist_interview.txt,3,0,0.0648148148148148,0.0,0.0092592592592592,0.1552382553045406,,,,,,,,,,
215,2024-09-08 11:30:41,procurement_specialist_interview.txt,1,0,0.1349206349206349,0.0079365079365079,0.0,0.0,,,,,,,,,,
215,2024-09-08 11:30:41,procurement_specialist_interview.txt,2,0,0.0467289719626168,0.0,0.0,0.0290324715415137,,,,,,,,,,
215,2024-09-08 11:30:41,procurement_specialist_interview.txt,3,0,0.0614035087719298,0.0,0.0087719298245614,0.0990984254553111,,,,,,,,,,
215,2024-09-08 11:30:41,aerospace_engineer_interview.txt,-999,0,0.0548308212173758,0.0,0.0178293539638077,0.0480739626699158,0.0090746222810393,-22.39228019751654,0.0,0.0,0.011075130789614,1.5910790693874617,0.0113061410215475,-49.35193438837489,74.0,76.0
215,2024-09-08 11:30:41,agricultural_engineer_interview.txt,-999,0,0.0456377917911273,0.0,0.0109669211195928,0.011394722776523,0.0069730377729906,-35.404123463912626,0.0,0.0,0.0114809600183229,-37.51084010840108,0.0098783166486343,-87.99515091413978,94.0,99.0
215,2024-09-08 11:30:41,ai_ethicist_interview.txt,-999,0,0.0834723323799681,0.0574743032021855,0.008695652173913,0.0363566243181414,0.014875306539273,18.14700635108176,0.0049040868504378,0.0,0.0150613113701641,-50.45245669848003,0.0325356583816519,-61.69667338376586,10.0,91.0
215,2024-09-08 11:30:41,ai_professor_interview.txt,-999,0,0.0658976546369447,0.0,0.0130909255756256,0.0340822291710896,0.0113684743774216,-6.728248763048711,0.0,0.0,0.0039311982797189,-25.408331791241707,0.0420786958568103,-64.09285019626586,42.0,92.0
215,2024-09-08 11:30:41,ai_software_developer_interview.txt,-999,0,0.0778981534001386,0.0,0.0052940064284363,0.0405685496256942,0.0204701310535737,10.257295586392232,0.0,0.0,0.0045886409905508,-69.8349235335802,0.0608665247425301,-57.25922205916984,17.0,88.0
215,2024-09-08 11:30:41,architect_interview.txt,-999,0,0.0584284540588831,0.0126262626262626,0.0228721806110592,0.0452142528201013,0.0115180748983522,-17.300179161695667,0.0218693283783949,0.0,0.0001329413508501,30.324941311064123,0.0438778740158845,-52.36476636767525,61.0,78.0
215,2024-09-08 11:30:41,astronomer_interview.txt,-999,0,0.0603797074385309,0.0052910052910052,0.0059134765017117,0.0224049461475774,0.019792235413115,-14.538368884388149,0.0091642899871369,0.0,0.0052056422918386,-66.30520320142512,0.0195158607931298,-76.39538911533178,55.0,96.0
215,2024-09-08 11:30:41,backend_developer_interview.txt,-999,0,0.0525201180281394,0.0,0.0060062486533074,0.0863875677914038,0.0090964815246191,-25.6628568855078,0.0,0.0,0.0052367468209077,-65.77659049861344,0.0423274975700418,-8.986841139563666,80.0,16.0
215,2024-09-08 11:30:41,barista_interview.txt,-999,0,0.0690503124326653,0.0,0.0081663434604611,0.087702429243304,0.0185405746278981,-2.265966830895792,0.0,0.0,0.0084133830483931,-53.46844053443765,0.0174195882811321,-7.601575906837013,32.0,14.0
215,2024-09-08 11:30:41,bartender_interview.txt,-999,0,0.0648439883734001,0.0,0.003030303030303,0.0772575823270087,0.0067063208083585,-8.219611364063041,0.0,0.0,0.0052486388108147,-82.73343187977335,0.0217111142556495,-18.605688373125343,43.0,27.0
215,2024-09-08 11:30:41,biologist_interview.txt,-999,0,0.0680868838763575,0.01,0.0063492063492063,0.0489864703554579,0.0312272387653812,-3.629606692338399,0.0173205080756887,0.0,0.0109971479845643,-63.822428700477474,0.0437409249891785,-48.3905668088853,36.0,74.0
215,2024-09-08 11:30:41,biomedical_engineer_interview.txt,-999,0,0.0856556387346051,0.0,0.0033003300330033,0.0789197619677442,0.0227655924444408,21.237265151727968,0.0,0.0,0.0057163392989071,-81.19482679975314,0.0318817554345985,-16.854507924775135,7.0,25.0
215,2024-09-08 11:30:41,business_analyst_interview.txt,-999,0,0.0554979760406117,0.0,0.0093334027442554,0.0268847086642488,0.0098769086964874,-21.44798712590089,0.0,0.0,0.0016198096651814,-46.81857468852488,0.0465656813531662,-71.67575933513768,72.0,95.0
215,2024-09-08 11:30:41,business_intelligence_analyst_interview.txt,-999,0,0.0687741763372015,0.0,0.0128851540616246,0.1003877971033804,0.0087949076901518,-2.6568107440144217,0.0,0.0,0.0111623859076589,-26.580811186263105,0.0562029429299538,5.763025386719647,35.0,8.0
215,2024-09-08 11:30:41,chef_interview.txt,-999,0,0.0591523565948118,0.0,0.0047619047619047,0.0515835096244333,0.0049770976432038,-16.27556519594934,0.0,0.0,0.0082478609884232,-72.86682152535812,0.0224290882691609,-45.654470011661154,59.0,69.0
215,2024-09-08 11:30:41,chemical_engineer_interview.txt,-999,0,0.0718084273182957,0.0,0.0156272377372001,0.0708178587504109,0.0017176512571054,1.63787780382998,0.0,0.0,0.0054242753193317,-10.95650757628681,0.0689536349550145,-25.390224619236847,27.0,39.0
215,2024-09-08 11:30:41,chemist_interview.txt,-999,0,0.0833405321027226,0.0,0.0086445853887714,0.0774560443727252,0.0209982089846374,17.960455816924977,0.0,0.0,0.0091237186848588,-50.74343357950845,0.0332341516828835,-18.396599748959304,11.0,26.0
215,2024-09-08 11:30:41,civil_engineer_interview.txt,-999,0,0.0748457883658269,0.0,0.011100938334159,0.0633969770053524,0.012732133342275,5.936968349661214,0.0,0.0,0.0034094988331135,-36.74721437808669,0.017188509235205,-33.20845479303192,23.0,52.0
215,2024-09-08 11:30:41,cloud_architect_interview.txt,-999,0,0.0513750234345706,0.0,0.0205519231971003,0.0554059647422291,0.0213410418229086,-27.283627437396945,0.0,0.0,0.0157025185318364,17.10419002185195,0.0280313285841514,-41.62734291725233,83.0,62.0
215,2024-09-08 11:30:41,computer_vision_engineer_interview.txt,-999,0,0.0730068067475584,0.0,0.0061162079510703,0.0732468589793307,0.01439463529251,3.33406788266484,0.0,0.0,0.0105935829209105,-65.1500459958728,0.0077880423033267,-22.831164451684472,26.0,36.0
215,2024-09-08 11:30:41,construction_manager_interview.txt,-999,0,0.0845533482626598,0.0,0.0189321197235666,0.076807083260755,0.0285329359907958,19.67707969055212,0.0,0.0,0.0084526221862361,7.874602506192673,0.0695745010677526,-19.0803092489258,9.0,29.0
215,2024-09-08 11:30:41,content_writer_interview.txt,-999,0,0.0580764914098247,0.0,0.0148582898582898,0.0816067372157191,0.0166320991283872,-17.798348221407025,0.0,0.0,0.0063801027372806,-15.337947583882524,0.0240057653765828,-14.02365955908776,64.0,22.0
215,2024-09-08 11:30:41,cto_of_a_fintec_interview.txt,-999,0,0.0668664343786295,0.0026666666666666,0.0079576719576719,0.0667679675719528,0.0094508374067066,-5.35703481670042,0.004618802153517,0.0,0.007936592592141,-54.65744397126511,0.0207608663908648,-29.656965755907265,40.0,45.0
215,2024-09-08 11:30:41,customer_service_representative_interview.txt,-999,0,0.0581985266195792,0.0,0.0059542796384901,0.0671208891698068,0.0164720762626921,-17.6256191950239,0.0,0.0,0.005159023304182,-66.07270825499324,0.0489025078385463,-29.28514709875597,63.0,43.0
215,2024-09-08 11:30:41,cybersecurity_specialist_interview.txt,-999,0,0.0773109926377253,0.0202599644579842,0.008,0.0511719302908732,0.0215075743575556,9.426226364435236,0.0111223276261782,0.0,0.013856406460551,-54.41626016260162,0.0555235444498658,-46.08808721175909,19.0,70.0
215,2024-09-08 11:30:41,data_engineer_interview.txt,-999,0,0.1198984478054245,0.0025641025641025,0.0056142823584684,0.0658105039181166,0.0361913764231097,69.70464668304683,0.0044411559168432,0.0,0.0049079869301384,-68.01000169973511,0.0781642140642681,-30.665696454751668,1.0,48.0
215,2024-09-08 11:30:41,data_scientist_interview.txt,-999,0,0.0927255523402691,0.005420054200542,0.0054915254237288,0.0174692804824278,0.0100410403865582,31.244043491977635,0.0093878092551158,0.0,0.0047617165254651,-68.70946672178586,0.0302576813672363,-81.5953332131787,2.0,98.0
215,2024-09-08 11:30:41,database_administrator_interview.txt,-999,0,0.0592641333048048,0.0095923261390887,0.0095923261390887,0.0610299134785249,0.0310134360817725,-16.1173560829545,0.0166143962356726,0.0,0.0166143962356726,-45.34323760503791,0.0403786741209838,-35.70226188018239,58.0,55.0
215,2024-09-08 11:30:41,dentist_interview.txt,-999,0,0.0558154645873944,0.0,0.0053931124106562,0.1005362506233277,0.0033214757424644,-20.998612820863087,0.0,0.0,0.0047201405129731,-69.27022086985002,0.033804447311336,5.919427796693483,71.0,6.0
215,2024-09-08 11:30:41,devops_engineer_interview.txt,-999,0,0.0781954887218045,0.0200501253132832,0.0122807017543859,0.073836056406711,0.0231500816817152,10.67814495211195,0.0347278357407293,0.0,0.0132453235706504,-30.024960775923542,0.0742014170742861,-22.210418661181293,16.0,35.0
215,2024-09-08 11:30:41,digital_marketing_specialist_interview.txt,-999,0,0.0566753539345686,0.0,0.0098898021657708,0.0832511521109623,0.018437893884227,-19.78152268733997,0.0,0.0,0.001141597288879,-43.64822887902008,0.0721138721343955,-12.291195063101242,68.0,19.0
215,2024-09-08 11:30:41,doctor_interview.txt,-999,0,0.0602297484650425,0.0,0.0097643097643097,0.0522903051616822,0.0089849186448038,-14.750621295312598,0.0,0.0,0.0091654259857348,-44.36328050149187,0.0202047210831162,-44.90982936303435,56.0,67.0
215,2024-09-08 11:30:41,electrical_engineer_interview.txt,-999,0,0.0882428940568475,0.0066666666666666,0.0034722222222222,0.039980860416496,0.0102279568387673,24.89927461370624,0.0115470053837925,0.0,0.0060140653040586,-80.21539069557362,0.0105493860274732,-57.87837887449393,4.0,90.0
215,2024-09-08 11:30:41,environmental_engineer_interview.txt,-999,0,0.0850391671820243,0.0,0.0146464646464646,0.0757482535843909,0.0057403325072782,20.364709343577218,0.0,0.0,0.0137481389786022,-16.54492075223783,0.0665124574639047,-20.19583357730795,8.0,31.0
215,2024-09-08 11:30:41,environmental_scientist_interview.txt,-999,0,0.0539188210091536,0.0,0.0164064483371414,0.08260450506481,0.0118172493974848,-23.683128210514862,0.0,0.0,0.0206568954496431,-6.516590918003615,0.0269700022423844,-12.97246659143272,78.0,20.0
215,2024-09-08 11:30:41,event_planner_interview.txt,-999,0,0.0545051186375813,0.0,0.0026041666666666,0.0944695564340536,0.021151531321009,-22.85328067116309,0.0,0.0,0.0045105489780439,-85.16154302168022,0.0651757172032501,-0.4721053384833027,75.0,12.0
215,2024-09-08 11:30:41,financial_analyst_interview.txt,-999,0,0.0676149780212825,0.0029498525073746,0.0116001867826685,0.1144640016456769,0.0109990487697447,-4.297543749648227,0.0051092944176073,0.0,0.0104294293817635,-33.902512954201285,0.0486399351293362,20.59293520954837,38.0,3.0
215,2024-09-08 11:30:41,fire_protection_engineer_interview.txt,-999,0,0.0750968992248062,0.0240402362495385,0.0107281284606865,0.0328066995261925,0.0222393748401715,6.292391462982081,0.0201060034230084,0.0,0.0041775518863019,-38.87147291323412,0.029641073128454,-65.43667761461074,21.0,94.0
215,2024-09-08 11:30:41,focus_group_interview.txt,-999,0,0.0588235294117647,0.0,0.0,0.0,0.0,-16.74098824303796,0.0,0.0,0.0,-100.0,0.0,-100.0,60.0,100.0
215,2024-09-08 11:30:41,frontend_developer_interview.txt,-999,0,0.0499239461103867,0.0,0.0092351151673185,0.0767283103597056,0.0170244645281205,-29.337486925303224,0.0,0.0,0.0096379165726401,-47.37861410556739,0.0657715742358427,-19.163300016467915,89.0,30.0
215,2024-09-08 11:30:41,full_stack_developer_interview.txt,-999,0,0.0804121707008846,0.0123456790123456,0.0101876154369592,0.0483128022847362,0.0780055017087343,13.815643718392453,0.0213833433033194,0.0,0.0040072722095984,-41.95129854477313,0.0514378645862778,-49.10030619277265,13.0,75.0
215,2024-09-08 11:30:41,game_developer_interview.txt,-999,0,0.0521700521700521,0.0,0.0183890183890183,0.0658134742018097,0.0083272280313069,-26.15834122120914,0.0,0.0,0.0047618055766234,4.7800287637686125,0.0101708631617814,-30.662567128292565,82.0,47.0
215,2024-09-08 11:30:41,gardener_interview.txt,-999,0,0.0561706811706811,0.0,0.0053742553742553,0.0532605742376449,0.0070201583039181,-20.49583813223272,0.0,0.0,0.0046795082789833,-69.37766765002537,0.057417465439807,-43.88760758036767,70.0,66.0
215,2024-09-08 11:30:41,geneticist_interview.txt,-999,0,0.0611336032388664,0.0096153846153846,0.0101407364565259,0.0973580478295555,0.0279117427581266,-13.471302356226062,0.0166543346881622,0.0,0.008783849262908,-42.21841345076261,0.0114069685173857,2.571049283957322,52.0,9.0
215,2024-09-08 11:30:41,geologist_interview.txt,-999,0,0.0897087359987703,0.0,0.0084852734922861,0.0625965489539741,0.0186570725171784,26.97403198880508,0.0,0.0,0.0087032835354668,-51.651187584807126,0.0571174070875316,-34.05174147488816,3.0,53.0
215,2024-09-08 11:30:41,geotechnical_engineer_interview.txt,-999,0,0.0633932132522799,0.0,0.0171595985877226,0.0435843241744603,0.0153417345298937,-10.273043112785928,0.0,0.0,0.0080159839490695,-2.225165282882997,0.0296922241439828,-54.08196895306461,46.0,82.0
215,2024-09-08 11:30:41,graphic_designer_interview.txt,-999,0,0.06226017019951,0.0,0.0085736941223114,0.129589756863583,0.0253486704180317,-11.87675587526506,0.0,0.0,0.0084763150024872,-51.14736971039053,0.0422325155476891,36.5285935192658,51.0,1.0
215,2024-09-08 11:30:41,hotel_manager_interview.txt,-999,0,0.0742598600041829,0.0026455026455026,0.002710027100271,0.1165362468791539,0.029348878825487,5.107643471696633,0.0045821449935684,0.0,0.0046939046275579,-84.55835371361843,0.0222233416108369,22.77613806447352,25.0,2.0
215,2024-09-08 11:30:41,human_resources_manager_interview.txt,-999,0,0.0639151864060417,0.0,0.0236426564141502,0.0579282148176675,0.0148051245436644,-9.534240640706187,0.0,0.0,0.007475764681373,34.71508738095281,0.0734851947736557,-38.97003987388016,45.0,58.0
215,2024-09-08 11:30:41,industrial_engineer_interview.txt,-999,0,0.0786461242176215,0.0,0.0231474883646284,0.056356248609007,0.0158844724236964,11.3159758748657,0.0,0.0,0.01226823742033,31.8936359378038,0.0528215330852058,-40.62617644456724,15.0,59.0
215,2024-09-08 11:30:41,it_manager_interview.txt,-999,0,0.0471973372676066,0.0,0.0051092318534179,0.1004112410170443,0.0142018613496248,-33.1967378061636,0.0,0.0,0.0044256013696548,-70.88776305310621,0.072368648424168,5.787724596260446,92.0,7.0
215,2024-09-08 11:30:41,logistics_coordinator_interview.txt,-999,0,0.0524698781094776,0.0,0.0114942528735632,0.0436926415236826,0.008774950040325,-25.733966627142763,0.0,0.0,0.019908629972056,-34.50612092327819,0.0091590559333901,-53.96785179055914,81.0,81.0
215,2024-09-08 11:30:41,lorry_driver_interview.txt,-999,0,0.0441927954072298,0.0,0.0025445292620865,0.086904860375448,0.0024919563434483,-37.44937596947936,0.0,0.0,0.0044072539632795,-85.50135501355014,0.0281047651195438,-8.44185031122339,95.0,15.0
215,2024-09-08 11:30:41,machine_learning_engineer_interview.txt,-999,0,0.0536580017734597,0.0,0.005050505050505,0.0497500160439961,0.0071176400905742,-24.05229259130316,0.0,0.0,0.0087477313513579,-71.2223864662889,0.0434329688699764,-47.5861373426463,79.0,73.0
215,2024-09-08 11:30:41,manufacturing_engineer_interview.txt,-999,0,0.0578620370248715,0.005089058524173,0.01060977826245,0.0650821519585646,0.012204857554227,-18.101887644095555,0.0088145079265591,0.0,0.0115425769617275,-39.54582849399921,0.0176892740534159,-31.43304775651628,65.0,49.0
215,2024-09-08 11:30:41,marine_engineer_interview.txt,-999,0,0.0663451012588943,0.0026041666666666,0.0147321428571428,0.0635955669632064,0.0085941694008704,-6.094931382570891,0.0045105489780439,0.0,0.0143066253205018,-16.05672909407666,0.0563358613200052,-32.99923140771915,41.0,51.0
215,2024-09-08 11:30:41,marketing_manager_interview.txt,-999,0,0.0574734490678158,0.0,0.0056307911617961,0.0433353117732308,0.010230270987519,-18.65189628194257,0.0,0.0,0.0048827850487395,-67.91593507524526,0.0335050053371757,-54.34431463324448,66.0,83.0
215,2024-09-08 11:30:41,materials_engineer_interview.txt,-999,0,0.0512577558164933,0.0,0.0098920236851271,0.0328230201157645,0.0060188571849888,-27.449608399264463,0.0,0.0,0.0091961938799908,-43.63557073397275,0.0090914319034334,-65.41948314497358,84.0,93.0
215,2024-09-08 11:30:41,mechanical_engineer_interview.txt,-999,0,0.0708540513494073,0.0,0.0029239766081871,0.0506481015165538,0.0086671076461903,0.2870510035879476,0.0,0.0,0.005064476045523,-83.3392763752199,0.0135803186403236,-46.639964208318496,30.0,72.0
215,2024-09-08 11:30:41,meteorologist_interview.txt,-999,0,0.0676512666704869,0.0,0.0157341100834086,0.0407192739003882,0.0157789142996009,-4.246180679445359,0.0,0.0,0.000801866882806,-10.34755242311398,0.0705278512427857,-57.10042730770777,37.0,87.0
215,2024-09-08 11:30:41,microbiologist_interview.txt,-999,0,0.0716161196083565,0.0,0.0024875621890547,0.081667457368724,0.023398475491293,1.3656848558227068,0.0,0.0,0.00430858409843,-85.82595154309752,0.0268522658028084,-13.95968816745406,28.0,21.0
215,2024-09-08 11:30:41,mining_engineer_interview.txt,-999,0,0.0467264905558916,0.0,0.0074074074074074,0.0562767771609436,0.0051577242427647,-33.86317574857249,0.0,0.0,0.0128300059819916,-57.79283348389039,0.0181598970628145,-40.70990316257054,93.0,60.0
215,2024-09-08 11:30:41,mobile_app_developer_interview.txt,-999,0,0.041177816918928,0.0,0.0183399508413688,0.0659675574070043,0.0148569985536164,-41.71678616935595,0.0,0.0,0.019463363791065,4.500443472954331,0.0383524739918186,-30.50023359361124,97.0,46.0
215,2024-09-08 11:30:41,natural_language_processing_engineer_interview.txt,-999,0,0.0688954858166054,0.0024691358024691,0.0159669211195928,0.0555975287871771,0.043380104289694,-2.485108918691836,0.0042766686606638,0.0,0.0138675385756967,-9.02100271002709,0.0342104300673422,-41.42552164481066,33.0,61.0
215,2024-09-08 11:30:41,network_administrator_interview.txt,-999,0,0.0611014125782108,0.0116959064327485,0.0237292955981766,0.0677886964885345,0.0239657375189806,-13.516865120323883,0.0202579041820921,0.0,0.024113132260403,35.208754634001025,0.0437899583450664,-28.581582278708154,54.0,42.0
215,2024-09-08 11:30:41,neuroscientist_interview.txt,-999,0,0.0512170987941831,0.0026666666666666,0.0144143248977901,0.0424897054500683,0.0090189791900086,-27.50715447873958,0.004618802153517,0.0,0.0055555106858179,-17.867645490924716,0.0430262860033163,-55.23519864110567,85.0,85.0
215,2024-09-08 11:30:41,no_persona_interview.txt,-999,0,0.0706512462380337,0.0,0.0175501177142041,0.094917667810953,0.0216471921120907,0.0,0.0,0.0,0.018795860180529,0.0,0.027153427299694,0.0,31.0,11.0
215,2024-09-08 11:30:41,nuclear_engineer_interview.txt,-999,0,0.0626649170095049,0.0,0.0124101527403414,0.0769414793556188,0.0241671644357858,-11.303875945261863,0.0,0.0,0.0144685954856044,-29.287353267737515,0.0325555052122015,-18.938716963776685,49.0,28.0
215,2024-09-08 11:30:41,nurse_interview.txt,-999,0,0.0569140111978986,0.0,0.0241603496079199,0.110511227894338,0.00730603618957,-19.443726433150843,0.0,0.0,0.0108692497785903,37.66488636350152,0.0292241395109772,16.428511617502693,67.0,4.0
215,2024-09-08 11:30:41,occupational_therapist_interview.txt,-999,0,0.0388266702776472,0.0,0.0174767476747674,0.0615201787989723,0.0141881073971164,-45.044606648784544,0.0,0.0,0.0155319870303768,-0.4180600986927913,0.0268749397537979,-35.185745480491875,99.0,54.0
215,2024-09-08 11:30:41,operations_manager_interview.txt,-999,0,0.079441426899054,0.0,0.0176617295261363,0.0467300039765822,0.01712062624118,12.441649835029068,0.0,0.0,0.018028582799709,0.6359604747368337,0.0464816574667467,-50.76785486380242,14.0,77.0
215,2024-09-08 11:30:41,petroleum_engineer_interview.txt,-999,0,0.0858856501717322,0.0029498525073746,0.0031446540880503,0.0709193675903395,0.0421831932957591,21.56282407584401,0.0051092944176073,0.0,0.0054467006527323,-82.08186327146291,0.0139780483598758,-25.283280525192325,6.0,38.0
215,2024-09-08 11:30:41,pharmacist_interview.txt,-999,0,0.0645829113740921,0.0140350877192982,0.0031152647975077,0.0541581181564369,0.0200595609157627,-8.58914058429555,0.0243094850185105,0.0,0.0053957969083142,-82.24932249322492,0.0484690715946676,-42.942004997106174,44.0,63.0
215,2024-09-08 11:30:41,physical_therapist_interview.txt,-999,0,0.0776564825783282,0.0023980815347721,0.0071024840101145,0.0753677820916746,0.0263030992224335,9.915233931886933,0.0041535990589181,0.0,0.0063070196502622,-59.53027708545715,0.0262464004677375,-20.59667727847652,18.0,32.0
215,2024-09-08 11:30:41,physicist_interview.txt,-999,0,0.0540255783582419,0.0,0.0194209260447205,0.0967461934706365,0.0059320815056105,-23.532023517005825,0.0,0.0,0.019891147418598,10.659805027987248,0.0295358062180704,1.926433404711787,77.0,10.0
215,2024-09-08 11:30:41,procurement_specialist_interview.txt,-999,0,0.0810177052183938,0.0026455026455026,0.0029239766081871,0.0427102989989416,0.0472544165185173,14.672719212105775,0.0045821449935684,0.0,0.005064476045523,-83.3392763752199,0.0509454286947989,-55.00279349045167,12.0,84.0
215,2024-09-08 11:30:41,product_manager_interview.txt,-999,0,0.0687865128083843,0.0,0.0117481082467615,0.0522449495829317,0.0379708936764512,-2.6393496632272644,0.0,0.0,0.0135349961143919,-33.05966126225324,0.0454785440816327,-44.957613489842906,34.0,68.0
215,2024-09-08 11:30:41,professor_of_classics_interview.txt,-999,0,0.0611153552330022,0.0,0.0061681238151826,0.0728153593663539,0.0261419994381492,-13.49713064211734,0.0,0.0,0.0054087721688619,-64.85423109048168,0.0363220071548864,-23.285768555354807,53.0,37.0
215,2024-09-08 11:30:41,project_manager_interview.txt,-999,0,0.040186022406408,0.0,0.0313364648842841,0.0600194207659177,0.0098787579116307,-43.12057529598863,0.0,0.0,0.0214392955446953,78.55415783862236,0.0497708470280647,-36.76686105956788,98.0,56.0
215,2024-09-08 11:30:41,psychologist_interview.txt,-999,0,0.0507208066598474,0.002415458937198,0.0261500725978538,0.0400466858845506,0.0188810284074656,-28.20960795374773,0.0041836976028233,0.0,0.0047909399839845,49.00226325370636,0.017954888617755,-57.80902880556296,86.0,89.0
215,2024-09-08 11:30:41,public_relations_specialist_interview.txt,-999,0,0.0749984370674025,0.0113960113960113,0.0028735632183908,0.0538876934719521,0.0256902193432022,6.153027810327046,0.0197384707415256,0.0,0.004977157493014,-83.62653023081955,0.050609823528041,-43.22690947350289,22.0,64.0
215,2024-09-08 11:30:41,quality_control_engineer_interview.txt,-999,0,0.0624287836630216,0.0,0.0132078290751531,0.0707746374070316,0.0155534504228024,-11.638099839469902,0.0,0.0,0.0159500015841685,-24.74221945267413,0.0364743133413402,-25.435760233813227,50.0,40.0
215,2024-09-08 11:30:41,restaurant_manager_interview.txt,-999,0,0.0598364598364598,0.0037037037037037,0.0074074074074074,0.0424769058623897,0.0138875926258032,-15.307283278680444,0.0064150029909958,0.0,0.0128300059819916,-57.79283348389039,0.0043504564912869,-55.24868357807652,57.0,86.0
215,2024-09-08 11:30:41,retail_manager_interview.txt,-999,0,0.0758071108654853,0.0,0.0075596122183459,0.0207524511111663,0.0432659891979006,7.297627291783115,0.0,0.0,0.0001813744648619,-56.92557542091257,0.0359442997061293,-78.13636640072222,20.0,97.0
215,2024-09-08 11:30:41,robotics_engineer_interview.txt,-999,0,0.0583835662416713,0.0,0.0128342245989304,0.0740966363403292,0.0118175020341139,-17.363713521812357,0.0,0.0,0.015058960257036,-26.87100560845181,0.0446363190310999,-21.9358860692752,62.0,34.0
215,2024-09-08 11:30:41,safety_engineer_interview.txt,-999,0,0.0873254090132493,0.0353818897376066,0.0136332209834932,0.0536626179032506,0.0092979049786215,23.60066334716593,0.0068416037276799,0.0,0.0129881041895934,-22.31835019283561,0.0179059943930516,-43.46403663211555,5.0,65.0
215,2024-09-08 11:30:41,sales_manager_interview.txt,-999,0,0.0542087542087542,0.0,0.0075757575757575,0.1058443047134455,0.0160454579898233,-23.27275583205214,0.0,0.0,0.0131215970270369,-56.83357969943335,0.0129077049842715,11.511699723022131,76.0,5.0
215,2024-09-08 11:30:41,seo_specialist_interview.txt,-999,0,0.0505356116645576,0.0,0.0030864197530864,0.0813374958646141,0.017786128989338,-28.47173354268058,0.0,0.0,0.0053458358258298,-82.41368061828766,0.0640496886430233,-14.307317340946923,88.0,23.0
215,2024-09-08 11:30:41,shop_assistant_interview.txt,-999,0,0.0489036708548903,0.0,0.0092592592592592,0.0794152865978313,0.0075805131521386,-30.781587786679367,0.0,0.0,0.0160375074774896,-47.241041854862985,0.0401423217191564,-16.33245060761253,91.0,24.0
215,2024-09-08 11:30:41,social_media_manager_interview.txt,-999,0,0.0296239503468419,0.0,0.0209090909090909,0.0848462323556859,0.0067165528586563,-58.07016588633869,0.0,0.0,0.0200618877188308,19.139320029563933,0.0735823879732686,-10.610706823650888,100.0,18.0
215,2024-09-08 11:30:41,software_quality_assurance_tester_interview.txt,-999,0,0.0627642535693474,0.0056598796076456,0.0115595846223948,0.0438768814903346,0.0181416985019682,-11.163274660596784,0.0049147827406753,0.0,0.0136025410689936,-34.133862743045,0.0023085626447115,-53.77374676153655,48.0,80.0
215,2024-09-08 11:30:41,speech_therapist_interview.txt,-999,0,0.0566419602666937,0.0,0.0063492063492063,0.0669799041283666,0.0087029981677694,-19.828788191705456,0.0,0.0,0.0109971479845643,-63.822428700477474,0.0210258350421744,-29.43368113324256,69.0,44.0
215,2024-09-08 11:30:41,structural_engineer_interview.txt,-999,0,0.0711577073524933,0.0,0.0109548637950015,0.0743825561569507,0.0137142117504206,0.7168466820151025,0.0,0.0,0.0044636901068712,-37.57954235181449,0.0477571339916643,-21.63465677949648,29.0,33.0
215,2024-09-08 11:30:41,supply_chain_manager_interview.txt,-999,0,0.05067002529167,0.0024509803921568,0.0032362459546925,0.0509030104831107,0.0073255610704311,-28.281484064759724,0.0042452225675707,0.0,0.0056053424193167,-81.5599757939327,0.0520217889794126,-46.37140623335371,87.0,71.0
215,2024-09-08 11:30:41,system_administrator_interview.txt,-999,0,0.0629987853478823,0.0,0.0130332506834509,0.059678546880821,0.0263361972264076,-10.831317630787623,0.0,0.0,0.0113197117684075,-25.73696145124717,0.0572030717304857,-37.125986913540174,47.0,57.0
215,2024-09-08 11:30:41,transportation_engineer_interview.txt,-999,0,0.0554076189688755,0.0026881720430107,0.0127870533967698,0.0877644376661939,0.0275509359613157,-21.57587881436706,0.0046560505579808,0.0,0.0045281626931149,-27.139785584340416,0.045840955633769,-7.536247265373319,73.0,13.0
215,2024-09-08 11:30:41,travel_agent_interview.txt,-999,0,0.0497028200548739,0.0,0.0186578693637728,0.0852174211265346,0.032474334301964,-29.650469451850384,0.0,0.0,0.0069876896278449,6.311932874798359,0.0389138725049479,-10.21964288433452,90.0,17.0
215,2024-09-08 11:30:41,veterinarian_interview.txt,-999,0,0.0435324160933917,0.0047619047619047,0.0086251824056702,0.0686500346355311,0.0095851012275583,-38.38407896341272,0.0082478609884232,0.0,0.008175181788188,-50.8539911462279,0.0287567468344603,-27.674124092196408,96.0,41.0
215,2024-09-08 11:30:41,warehouse_manager_interview.txt,-999,0,0.0671234125691957,0.0,0.0040160642570281,0.0650412265723094,0.0171348523519315,-4.993307063476649,0.0,0.0,0.006956027339634,-77.11659646716949,0.0177789052236073,-31.47616447777486,39.0,50.0
215,2024-09-08 11:30:41,water_resources_engineer_interview.txt,-999,0,0.0744840154715706,0.0062893081761006,0.0,0.0440006396611022,0.0417985788669561,5.424913837505187,0.0108934013054646,0.0,0.0,-100.0,0.0503493136199581,-53.64336200428139,24.0,79.0
216,2024-09-08 11:33:31,restaurant_manager_interview.txt,1,0,0.0714285714285714,0.0,0.0,0.0466530557892966,,,,,,,,,,
216,2024-09-08 11:33:31,restaurant_manager_interview.txt,2,0,0.0636363636363636,0.0,0.0,0.0428067433298522,,,,,,,,,,
216,2024-09-08 11:33:31,restaurant_manager_interview.txt,3,0,0.0444444444444444,0.0111111111111111,0.0222222222222222,0.0379709184680204,,,,,,,,,,
216,2024-09-08 11:33:31,geneticist_interview.txt,1,0,0.0384615384615384,0.0288461538461538,0.0,0.0937095795782794,,,,,,,,,,
216,2024-09-08 11:33:31,geneticist_interview.txt,2,0,0.0526315789473684,0.0,0.0150375939849624,0.0882216505718651,,,,,,,,,,
216,2024-09-08 11:33:31,geneticist_interview.txt,3,0,0.0923076923076923,0.0,0.0153846153846153,0.1101429133385219,,,,,,,,,,
216,2024-09-08 11:33:31,speech_therapist_interview.txt,1,0,0.0510204081632653,0.0,0.0,0.0432621003107774,,,,,,,,,,
216,2024-09-08 11:33:31,speech_therapist_interview.txt,2,0,0.0522388059701492,0.0,0.0,0.0833315864428225,,,,,,,,,,
216,2024-09-08 11:33:31,speech_therapist_interview.txt,3,0,0.0666666666666666,0.0,0.019047619047619,0.0743460256315,,,,,,,,,,
216,2024-09-08 11:33:31,customer_service_representative_interview.txt,1,0,0.0545454545454545,0.0,0.009090909090909,0.0311974890850877,,,,,,,,,,
216,2024-09-08 11:33:31,customer_service_representative_interview.txt,2,0,0.0761904761904762,0.0,0.0,0.122813044651559,,,,,,,,,,
216,2024-09-08 11:33:31,customer_service_representative_interview.txt,3,0,0.043859649122807,0.0,0.0087719298245614,0.0473521337727738,,,,,,,,,,
216,2024-09-08 11:33:31,construction_manager_interview.txt,1,0,0.055045871559633,0.0,0.0091743119266055,0.0948117237060615,,,,,,,,,,
216,2024-09-08 11:33:31,construction_manager_interview.txt,2,0,0.0866141732283464,0.0,0.0236220472440944,0.1356095260762036,,,,,,,,,,
216,2024-09-08 11:33:31,construction_manager_interview.txt,3,0,0.112,0.0,0.024,0.0,,,,,,,,,,
216,2024-09-08 11:33:31,doctor_interview.txt,1,0,0.0545454545454545,0.0,0.0181818181818181,0.0673965703749538,,,,,,,,,,
216,2024-09-08 11:33:31,doctor_interview.txt,2,0,0.0705882352941176,0.0,0.0,0.0293397273927395,,,,,,,,,,
216,2024-09-08 11:33:31,doctor_interview.txt,3,0,0.0555555555555555,0.0,0.0111111111111111,0.0601346177173533,,,,,,,,,,
216,2024-09-08 11:33:31,human_resources_manager_interview.txt,1,0,0.0693069306930693,0.0,0.0198019801980198,0.1425669620819004,,,,,,,,,,
216,2024-09-08 11:33:31,human_resources_manager_interview.txt,2,0,0.0471698113207547,0.0,0.0188679245283018,0.0103852698901538,,,,,,,,,,
216,2024-09-08 11:33:31,human_resources_manager_interview.txt,3,0,0.075268817204301,0.0,0.032258064516129,0.0208324124809482,,,,,,,,,,
216,2024-09-08 11:33:31,water_resources_engineer_interview.txt,1,0,0.1226415094339622,0.0188679245283018,0.0,0.0,,,,,,,,,,
216,2024-09-08 11:33:31,water_resources_engineer_interview.txt,2,0,0.0476190476190476,0.0,0.0,0.0989100944553876,,,,,,,,,,
216,2024-09-08 11:33:31,water_resources_engineer_interview.txt,3,0,0.0531914893617021,0.0,0.0,0.0330918245279189,,,,,,,,,,
216,2024-09-08 11:33:31,project_manager_interview.txt,1,0,0.0515463917525773,0.0,0.0515463917525773,0.0555355117717458,,,,,,,,,,
216,2024-09-08 11:33:31,project_manager_interview.txt,2,0,0.0336134453781512,0.0,0.0336134453781512,0.1118805059888638,,,,,,,,,,
216,2024-09-08 11:33:31,project_manager_interview.txt,3,0,0.0353982300884955,0.0,0.0088495575221238,0.0126422445371434,,,,,,,,,,
216,2024-09-08 11:33:31,biologist_interview.txt,1,0,0.1,0.03,0.0,0.0628254664475309,,,,,,,,,,
216,2024-09-08 11:33:31,biologist_interview.txt,2,0,0.0666666666666666,0.0,0.019047619047619,0.084133944618843,,,,,,,,,,
216,2024-09-08 11:33:31,biologist_interview.txt,3,0,0.037593984962406,0.0,0.0,0.0,,,,,,,,,,
216,2024-09-08 11:33:31,occupational_therapist_interview.txt,1,0,0.0227272727272727,0.0,0.0227272727272727,0.0619600680328602,,,,,,,,,,
216,2024-09-08 11:33:31,occupational_therapist_interview.txt,2,0,0.0495049504950495,0.0,0.0297029702970297,0.0881724737587123,,,,,,,,,,
216,2024-09-08 11:33:31,occupational_therapist_interview.txt,3,0,0.0442477876106194,0.0,0.0,0.0344279946053444,,,,,,,,,,
216,2024-09-08 11:33:31,network_administrator_interview.txt,1,0,0.0543478260869565,0.0,0.0108695652173913,0.0181441553921881,,,,,,,,,,
216,2024-09-08 11:33:31,network_administrator_interview.txt,2,0,0.087719298245614,0.0350877192982456,0.0087719298245614,0.1009251180073442,,,,,,,,,,
216,2024-09-08 11:33:31,network_administrator_interview.txt,3,0,0.0412371134020618,0.0,0.0515463917525773,0.0842968160660713,,,,,,,,,,
216,2024-09-08 11:33:31,neuroscientist_interview.txt,1,0,0.0442477876106194,0.0,0.0176991150442477,0.0414359038364657,,,,,,,,,,
216,2024-09-08 11:33:31,neuroscientist_interview.txt,2,0,0.0614035087719298,0.0,0.0175438596491228,0.0,,,,,,,,,,
216,2024-09-08 11:33:31,neuroscientist_interview.txt,3,0,0.048,0.008,0.008,0.0860332125137391,,,,,,,,,,
216,2024-09-08 11:33:31,retail_manager_interview.txt,1,0,0.0661764705882353,0.0,0.0073529411764705,0.0,,,,,,,,,,
216,2024-09-08 11:33:31,retail_manager_interview.txt,2,0,0.123076923076923,0.0,0.0076923076923076,0.0,,,,,,,,,,
216,2024-09-08 11:33:31,retail_manager_interview.txt,3,0,0.0381679389312977,0.0,0.0076335877862595,0.0622573533334991,,,,,,,,,,
216,2024-09-08 11:33:31,agricultural_engineer_interview.txt,1,0,0.04,0.0,0.01,0.01754081509232,,,,,,,,,,
216,2024-09-08 11:33:31,agricultural_engineer_interview.txt,2,0,0.0434782608695652,0.0,0.0,0.016643353237249,,,,,,,,,,
216,2024-09-08 11:33:31,agricultural_engineer_interview.txt,3,0,0.0534351145038167,0.0,0.0229007633587786,0.0,,,,,,,,,,
216,2024-09-08 11:33:31,electrical_engineer_interview.txt,1,0,0.0813953488372093,0.0,0.0,0.0515248660596885,,,,,,,,,,
216,2024-09-08 11:33:31,electrical_engineer_interview.txt,2,0,0.0833333333333333,0.0,0.0104166666666666,0.0375765713355705,,,,,,,,,,
216,2024-09-08 11:33:31,electrical_engineer_interview.txt,3,0,0.1,0.02,0.0,0.030841143854229,,,,,,,,,,
216,2024-09-08 11:33:31,quality_control_engineer_interview.txt,1,0,0.0618556701030927,0.0,0.0309278350515463,0.0571315807160011,,,,,,,,,,
216,2024-09-08 11:33:31,quality_control_engineer_interview.txt,2,0,0.0471698113207547,0.0,0.0,0.0430885464951094,,,,,,,,,,
216,2024-09-08 11:33:31,quality_control_engineer_interview.txt,3,0,0.0782608695652174,0.0,0.008695652173913,0.1121037850099844,,,,,,,,,,
216,2024-09-08 11:33:31,machine_learning_engineer_interview.txt,1,0,0.053030303030303,0.0,0.0151515151515151,0.0691364256495546,,,,,,,,,,
216,2024-09-08 11:33:31,machine_learning_engineer_interview.txt,2,0,0.0610687022900763,0.0,0.0,0.0801136224824336,,,,,,,,,,
216,2024-09-08 11:33:31,machine_learning_engineer_interview.txt,3,0,0.046875,0.0,0.0,0.0,,,,,,,,,,
216,2024-09-08 11:33:31,psychologist_interview.txt,1,0,0.0384615384615384,0.0,0.0288461538461538,0.0323961959726534,,,,,,,,,,
216,2024-09-08 11:33:31,psychologist_interview.txt,2,0,0.072463768115942,0.0072463768115942,0.0289855072463768,0.0605596667072056,,,,,,,,,,
216,2024-09-08 11:33:31,psychologist_interview.txt,3,0,0.0412371134020618,0.0,0.0206185567010309,0.0271841949737927,,,,,,,,,,
216,2024-09-08 11:33:31,geologist_interview.txt,1,0,0.0725806451612903,0.0,0.0080645161290322,0.0759044861163816,,,,,,,,,,
216,2024-09-08 11:33:31,geologist_interview.txt,2,0,0.0869565217391304,0.0,0.017391304347826,0.1118851607455407,,,,,,,,,,
216,2024-09-08 11:33:31,geologist_interview.txt,3,0,0.1095890410958904,0.0,0.0,0.0,,,,,,,,,,
216,2024-09-08 11:33:31,chemical_engineer_interview.txt,1,0,0.0703125,0.0,0.015625,0.0,,,,,,,,,,
216,2024-09-08 11:33:31,chemical_engineer_interview.txt,2,0,0.0736842105263157,0.0,0.0210526315789473,0.0747112850356365,,,,,,,,,,
216,2024-09-08 11:33:31,chemical_engineer_interview.txt,3,0,0.0714285714285714,0.0,0.010204081632653,0.1377422912155963,,,,,,,,,,
216,2024-09-08 11:33:31,no_persona_interview.txt,1,0,0.0467289719626168,0.0,0.0373831775700934,0.0635731657580273,,,,,,,,,,
216,2024-09-08 11:33:31,no_persona_interview.txt,2,0,0.0888888888888888,0.0,0.0,0.1099189066092266,,,,,,,,,,
216,2024-09-08 11:33:31,no_persona_interview.txt,3,0,0.0763358778625954,0.0,0.015267175572519,0.111260931065605,,,,,,,,,,
216,2024-09-08 11:33:31,financial_analyst_interview.txt,1,0,0.0619469026548672,0.0088495575221238,0.0,0.0598254669070187,,,,,,,,,,
216,2024-09-08 11:33:31,financial_analyst_interview.txt,2,0,0.0606060606060606,0.0,0.0202020202020202,0.1530445380640685,,,,,,,,,,
216,2024-09-08 11:33:31,financial_analyst_interview.txt,3,0,0.0802919708029197,0.0,0.0145985401459854,0.1305219999659435,,,,,,,,,,
216,2024-09-08 11:33:31,civil_engineer_interview.txt,1,0,0.0601503759398496,0.0,0.0150375939849624,0.0831598154358535,,,,,,,,,,
216,2024-09-08 11:33:31,civil_engineer_interview.txt,2,0,0.0825688073394495,0.0,0.0091743119266055,0.0551022249278976,,,,,,,,,,
216,2024-09-08 11:33:31,civil_engineer_interview.txt,3,0,0.0818181818181818,0.0,0.009090909090909,0.0519288906523061,,,,,,,,,,
216,2024-09-08 11:33:31,meteorologist_interview.txt,1,0,0.0495867768595041,0.0,0.0165289256198347,0.0,,,,,,,,,,
216,2024-09-08 11:33:31,meteorologist_interview.txt,2,0,0.0746268656716417,0.0,0.0149253731343283,0.0,,,,,,,,,,
216,2024-09-08 11:33:31,meteorologist_interview.txt,3,0,0.0787401574803149,0.0,0.0157480314960629,0.1221578217011647,,,,,,,,,,
216,2024-09-08 11:33:31,shop_assistant_interview.txt,1,0,0.040650406504065,0.0,0.0,0.1223705927244681,,,,,,,,,,
216,2024-09-08 11:33:31,shop_assistant_interview.txt,2,0,0.0555555555555555,0.0,0.0277777777777777,0.0428532956412062,,,,,,,,,,
216,2024-09-08 11:33:31,shop_assistant_interview.txt,3,0,0.0505050505050505,0.0,0.0,0.0730219714278197,,,,,,,,,,
216,2024-09-08 11:33:31,social_media_manager_interview.txt,1,0,0.036144578313253,0.0,0.0,0.1233699304830566,,,,,,,,,,
216,2024-09-08 11:33:31,social_media_manager_interview.txt,2,0,0.03,0.0,0.04,0.0,,,,,,,,,,
216,2024-09-08 11:33:31,social_media_manager_interview.txt,3,0,0.0227272727272727,0.0,0.0227272727272727,0.1311687665840011,,,,,,,,,,
216,2024-09-08 11:33:31,marine_engineer_interview.txt,1,0,0.0761904761904762,0.0,0.0285714285714285,0.0835429425346109,,,,,,,,,,
216,2024-09-08 11:33:31,marine_engineer_interview.txt,2,0,0.0603448275862069,0.0,0.0,0.1072437583550084,,,,,,,,,,
216,2024-09-08 11:33:31,marine_engineer_interview.txt,3,0,0.0625,0.0078125,0.015625,0.0,,,,,,,,,,
216,2024-09-08 11:33:31,warehouse_manager_interview.txt,1,0,0.072289156626506,0.0,0.0120481927710843,0.081493124342657,,,,,,,,,,
216,2024-09-08 11:33:31,warehouse_manager_interview.txt,2,0,0.081081081081081,0.0,0.0,0.0461808634688753,,,,,,,,,,
216,2024-09-08 11:33:31,warehouse_manager_interview.txt,3,0,0.048,0.0,0.0,0.067449691905396,,,,,,,,,,
216,2024-09-08 11:33:31,business_intelligence_analyst_interview.txt,1,0,0.0666666666666666,0.0,0.019047619047619,0.0519120125435854,,,,,,,,,,
216,2024-09-08 11:33:31,business_intelligence_analyst_interview.txt,2,0,0.0784313725490196,0.0,0.0196078431372549,0.1619933830165744,,,,,,,,,,
216,2024-09-08 11:33:31,business_intelligence_analyst_interview.txt,3,0,0.0612244897959183,0.0,0.0,0.0872579957499813,,,,,,,,,,
216,2024-09-08 11:33:31,full_stack_developer_interview.txt,1,0,0.0393700787401574,0.0,0.0078740157480314,0.0425483283606354,,,,,,,,,,
216,2024-09-08 11:33:31,full_stack_developer_interview.txt,2,0,0.1703703703703703,0.037037037037037,0.0148148148148148,0.1023900784935733,,,,,,,,,,
216,2024-09-08 11:33:31,full_stack_developer_interview.txt,3,0,0.0314960629921259,0.0,0.0078740157480314,0.0,,,,,,,,,,
216,2024-09-08 11:33:31,focus_group_interview.txt,1,0,0.0588235294117647,0.0,0.0,0.0,,,,,,,,,,
216,2024-09-08 11:33:31,focus_group_interview.txt,2,0,0.0588235294117647,0.0,0.0,0.0,,,,,,,,,,
216,2024-09-08 11:33:31,focus_group_interview.txt,3,0,0.0588235294117647,0.0,0.0,0.0,,,,,,,,,,
216,2024-09-08 11:33:31,travel_agent_interview.txt,1,0,0.0531914893617021,0.0,0.0106382978723404,0.1283619363588929,,,,,,,,,,
216,2024-09-08 11:33:31,travel_agent_interview.txt,2,0,0.0802919708029197,0.0,0.0218978102189781,0.0745172643816199,,,,,,,,,,
216,2024-09-08 11:33:31,travel_agent_interview.txt,3,0,0.015625,0.0,0.0234375,0.0527730626390911,,,,,,,,,,
216,2024-09-08 11:33:31,robotics_engineer_interview.txt,1,0,0.0686274509803921,0.0,0.0294117647058823,0.0571924000726199,,,,,,,,,,
216,2024-09-08 11:33:31,robotics_engineer_interview.txt,2,0,0.0454545454545454,0.0,0.009090909090909,0.0403813965559999,,,,,,,,,,
216,2024-09-08 11:33:31,robotics_engineer_interview.txt,3,0,0.0610687022900763,0.0,0.0,0.1247161123923678,,,,,,,,,,
216,2024-09-08 11:33:31,biomedical_engineer_interview.txt,1,0,0.1,0.0,0.0,0.1025907901717319,,,,,,,,,,
216,2024-09-08 11:33:31,biomedical_engineer_interview.txt,2,0,0.0594059405940594,0.0,0.0099009900990099,0.0426668739812379,,,,,,,,,,
216,2024-09-08 11:33:31,biomedical_engineer_interview.txt,3,0,0.0975609756097561,0.0,0.0,0.0915016217502627,,,,,,,,,,
216,2024-09-08 11:33:31,marketing_manager_interview.txt,1,0,0.0459770114942528,0.0,0.0,0.0775670553173294,,,,,,,,,,
216,2024-09-08 11:33:31,marketing_manager_interview.txt,2,0,0.0655737704918032,0.0,0.0081967213114754,0.0418311722270583,,,,,,,,,,
216,2024-09-08 11:33:31,marketing_manager_interview.txt,3,0,0.0608695652173913,0.0,0.008695652173913,0.0106077077753049,,,,,,,,,,
216,2024-09-08 11:33:31,professor_of_classics_interview.txt,1,0,0.0909090909090909,0.0,0.0101010101010101,0.1139617522607703,,,,,,,,,,
216,2024-09-08 11:33:31,professor_of_classics_interview.txt,2,0,0.0504201680672268,0.0,0.0,0.0452051914403515,,,,,,,,,,
216,2024-09-08 11:33:31,professor_of_classics_interview.txt,3,0,0.042016806722689,0.0,0.0084033613445378,0.0592791343979399,,,,,,,,,,
216,2024-09-08 11:33:31,environmental_engineer_interview.txt,1,0,0.0816326530612244,0.0,0.0,0.1026424642988634,,,,,,,,,,
216,2024-09-08 11:33:31,environmental_engineer_interview.txt,2,0,0.0818181818181818,0.0,0.0272727272727272,0.1246022964543093,,,,,,,,,,
216,2024-09-08 11:33:31,environmental_engineer_interview.txt,3,0,0.0916666666666666,0.0,0.0166666666666666,0.0,,,,,,,,,,
216,2024-09-08 11:33:31,physical_therapist_interview.txt,1,0,0.1079136690647482,0.0071942446043165,0.0,0.0976563572315262,,,,,,,,,,
216,2024-09-08 11:33:31,physical_therapist_interview.txt,2,0,0.0648148148148148,0.0,0.0092592592592592,0.0464390040542306,,,,,,,,,,
216,2024-09-08 11:33:31,physical_therapist_interview.txt,3,0,0.0602409638554216,0.0,0.0120481927710843,0.0820079849892669,,,,,,,,,,
216,2024-09-08 11:33:31,astronomer_interview.txt,1,0,0.0392156862745098,0.0,0.0,0.0357008884926808,,,,,,,,,,
216,2024-09-08 11:33:31,astronomer_interview.txt,2,0,0.0634920634920634,0.0158730158730158,0.0079365079365079,0.0,,,,,,,,,,
216,2024-09-08 11:33:31,astronomer_interview.txt,3,0,0.0784313725490196,0.0,0.0098039215686274,0.0315139499500514,,,,,,,,,,
216,2024-09-08 11:33:31,ai_professor_interview.txt,1,0,0.0606060606060606,0.0,0.0101010101010101,0.0211330472249737,,,,,,,,,,
216,2024-09-08 11:33:31,ai_professor_interview.txt,2,0,0.0789473684210526,0.0,0.0175438596491228,0.0811136402882951,,,,,,,,,,
216,2024-09-08 11:33:31,ai_professor_interview.txt,3,0,0.0581395348837209,0.0,0.0116279069767441,0.0,,,,,,,,,,
216,2024-09-08 11:33:31,game_developer_interview.txt,1,0,0.0439560439560439,0.0,0.0219780219780219,0.0605193719036507,,,,,,,,,,
216,2024-09-08 11:33:31,game_developer_interview.txt,2,0,0.0606060606060606,0.0,0.0202020202020202,0.0593816587862705,,,,,,,,,,
216,2024-09-08 11:33:31,game_developer_interview.txt,3,0,0.0519480519480519,0.0,0.0129870129870129,0.0775393919155081,,,,,,,,,,
216,2024-09-08 11:33:31,fire_protection_engineer_interview.txt,1,0,0.1007751937984496,0.0465116279069767,0.0077519379844961,0.0,,,,,,,,,,
216,2024-09-08 11:33:31,fire_protection_engineer_interview.txt,2,0,0.0625,0.0178571428571428,0.0089285714285714,0.0407611697271842,,,,,,,,,,
216,2024-09-08 11:33:31,fire_protection_engineer_interview.txt,3,0,0.0620155038759689,0.0077519379844961,0.0155038759689922,0.0576589288513933,,,,,,,,,,
216,2024-09-08 11:33:31,safety_engineer_interview.txt,1,0,0.0948275862068965,0.043103448275862,0.0258620689655172,0.0454675110134519,,,,,,,,,,
216,2024-09-08 11:33:31,safety_engineer_interview.txt,2,0,0.0769230769230769,0.0329670329670329,0.0,0.0741995996381659,,,,,,,,,,
216,2024-09-08 11:33:31,safety_engineer_interview.txt,3,0,0.0902255639097744,0.0300751879699248,0.0150375939849624,0.0413207430581339,,,,,,,,,,
216,2024-09-08 11:33:31,environmental_scientist_interview.txt,1,0,0.0673076923076923,0.0,0.0096153846153846,0.0534300314907251,,,,,,,,,,
216,2024-09-08 11:33:31,environmental_scientist_interview.txt,2,0,0.0495049504950495,0.0,0.0396039603960396,0.0877567755185532,,,,,,,,,,
216,2024-09-08 11:33:31,environmental_scientist_interview.txt,3,0,0.0449438202247191,0.0,0.0,0.1066267081851516,,,,,,,,,,
216,2024-09-08 11:33:31,operations_manager_interview.txt,1,0,0.0990990990990991,0.0,0.036036036036036,0.0,,,,,,,,,,
216,2024-09-08 11:33:31,operations_manager_interview.txt,2,0,0.0714285714285714,0.0,0.0,0.047230742864624,,,,,,,,,,
216,2024-09-08 11:33:31,operations_manager_interview.txt,3,0,0.0677966101694915,0.0,0.0169491525423728,0.0929592690651228,,,,,,,,,,
216,2024-09-08 11:33:31,backend_developer_interview.txt,1,0,0.0578512396694214,0.0,0.0,0.1284026295844632,,,,,,,,,,
216,2024-09-08 11:33:31,backend_developer_interview.txt,2,0,0.0576923076923076,0.0,0.0096153846153846,0.0870056695430988,,,,,,,,,,
216,2024-09-08 11:33:31,backend_developer_interview.txt,3,0,0.042016806722689,0.0,0.0084033613445378,0.0437544042466496,,,,,,,,,,
216,2024-09-08 11:33:31,digital_marketing_specialist_interview.txt,1,0,0.0666666666666666,0.0,0.0111111111111111,0.1233454514559801,,,,,,,,,,
216,2024-09-08 11:33:31,digital_marketing_specialist_interview.txt,2,0,0.0353982300884955,0.0,0.0088495575221238,0.0,,,,,,,,,,
216,2024-09-08 11:33:31,digital_marketing_specialist_interview.txt,3,0,0.0679611650485436,0.0,0.0097087378640776,0.1264080048769068,,,,,,,,,,
216,2024-09-08 11:33:31,mechanical_engineer_interview.txt,1,0,0.0727272727272727,0.0,0.0,0.0662024475332696,,,,,,,,,,
216,2024-09-08 11:33:31,mechanical_engineer_interview.txt,2,0,0.0784313725490196,0.0,0.0,0.0445948178221984,,,,,,,,,,
216,2024-09-08 11:33:31,mechanical_engineer_interview.txt,3,0,0.0614035087719298,0.0,0.0087719298245614,0.0411470391941935,,,,,,,,,,
216,2024-09-08 11:33:31,software_quality_assurance_tester_interview.txt,1,0,0.045045045045045,0.0,0.0,0.0413513341749755,,,,,,,,,,
216,2024-09-08 11:33:31,software_quality_assurance_tester_interview.txt,2,0,0.0619469026548672,0.0088495575221238,0.0265486725663716,0.0458783496403244,,,,,,,,,,
216,2024-09-08 11:33:31,software_quality_assurance_tester_interview.txt,3,0,0.08130081300813,0.008130081300813,0.008130081300813,0.0444009606557039,,,,,,,,,,
216,2024-09-08 11:33:31,cybersecurity_specialist_interview.txt,1,0,0.0769230769230769,0.023076923076923,0.0,0.0,,,,,,,,,,
216,2024-09-08 11:33:31,cybersecurity_specialist_interview.txt,2,0,0.056,0.008,0.024,0.0433073475931765,,,,,,,,,,
216,2024-09-08 11:33:31,cybersecurity_specialist_interview.txt,3,0,0.099009900990099,0.0297029702970297,0.0,0.110208443279443,,,,,,,,,,
216,2024-09-08 11:33:31,product_manager_interview.txt,1,0,0.0608695652173913,0.0,0.008695652173913,0.0737688480628956,,,,,,,,,,
216,2024-09-08 11:33:31,product_manager_interview.txt,2,0,0.0353982300884955,0.0,0.0265486725663716,0.0829660006858995,,,,,,,,,,
216,2024-09-08 11:33:31,product_manager_interview.txt,3,0,0.110091743119266,0.0,0.0,0.0,,,,,,,,,,
216,2024-09-08 11:33:31,microbiologist_interview.txt,1,0,0.0823529411764705,0.0,0.0,0.1101574773451147,,,,,,,,,,
216,2024-09-08 11:33:31,microbiologist_interview.txt,2,0,0.087719298245614,0.0,0.0,0.0780188264815857,,,,,,,,,,
216,2024-09-08 11:33:31,microbiologist_interview.txt,3,0,0.044776119402985,0.0,0.0074626865671641,0.0568260682794716,,,,,,,,,,
216,2024-09-08 11:33:31,it_manager_interview.txt,1,0,0.0310077519379844,0.0,0.0077519379844961,0.0830915813122366,,,,,,,,,,
216,2024-09-08 11:33:31,it_manager_interview.txt,2,0,0.0575539568345323,0.0,0.0,0.1798682693699755,,,,,,,,,,
216,2024-09-08 11:33:31,it_manager_interview.txt,3,0,0.053030303030303,0.0,0.0075757575757575,0.0382738723689206,,,,,,,,,,
216,2024-09-08 11:33:31,industrial_engineer_interview.txt,1,0,0.0671641791044776,0.0,0.0373134328358208,0.1047357166686011,,,,,,,,,,
216,2024-09-08 11:33:31,industrial_engineer_interview.txt,2,0,0.072,0.0,0.016,0.0643330291584199,,,,,,,,,,
216,2024-09-08 11:33:31,industrial_engineer_interview.txt,3,0,0.0967741935483871,0.0,0.0161290322580645,0.0,,,,,,,,,,
216,2024-09-08 11:33:31,barista_interview.txt,1,0,0.0875,0.0,0.0,0.0681953019972214,,,,,,,,,,
216,2024-09-08 11:33:31,barista_interview.txt,2,0,0.0504201680672268,0.0,0.0168067226890756,0.1017040566415273,,,,,,,,,,
216,2024-09-08 11:33:31,barista_interview.txt,3,0,0.0692307692307692,0.0,0.0076923076923076,0.0932079290911632,,,,,,,,,,
216,2024-09-08 11:33:31,petroleum_engineer_interview.txt,1,0,0.1308411214953271,0.0,0.0,0.0843069329113059,,,,,,,,,,
216,2024-09-08 11:33:31,petroleum_engineer_interview.txt,2,0,0.0471698113207547,0.0,0.0094339622641509,0.0564175341466152,,,,,,,,,,
216,2024-09-08 11:33:31,petroleum_engineer_interview.txt,3,0,0.079646017699115,0.0088495575221238,0.0,0.0720336357130974,,,,,,,,,,
216,2024-09-08 11:33:31,business_analyst_interview.txt,1,0,0.0542635658914728,0.0,0.0077519379844961,0.0,,,,,,,,,,
216,2024-09-08 11:33:31,business_analyst_interview.txt,2,0,0.0462962962962962,0.0,0.0092592592592592,0.0806541259927466,,,,,,,,,,
216,2024-09-08 11:33:31,business_analyst_interview.txt,3,0,0.0659340659340659,0.0,0.0109890109890109,0.0,,,,,,,,,,
216,2024-09-08 11:33:31,data_engineer_interview.txt,1,0,0.1240310077519379,0.0,0.0077519379844961,0.15220760143159,,,,,,,,,,
216,2024-09-08 11:33:31,data_engineer_interview.txt,2,0,0.0818181818181818,0.0,0.009090909090909,0.0452239103227598,,,,,,,,,,
216,2024-09-08 11:33:31,data_engineer_interview.txt,3,0,0.1538461538461538,0.0076923076923076,0.0,0.0,,,,,,,,,,
216,2024-09-08 11:33:31,aerospace_engineer_interview.txt,1,0,0.0588235294117647,0.0,0.0117647058823529,0.0598364515055597,,,,,,,,,,
216,2024-09-08 11:33:31,aerospace_engineer_interview.txt,2,0,0.0444444444444444,0.0,0.0111111111111111,0.0372874438364637,,,,,,,,,,
216,2024-09-08 11:33:31,aerospace_engineer_interview.txt,3,0,0.0612244897959183,0.0,0.0306122448979591,0.047097992667724,,,,,,,,,,
216,2024-09-08 11:33:31,bartender_interview.txt,1,0,0.0636363636363636,0.0,0.009090909090909,0.0802144581933062,,,,,,,,,,
216,2024-09-08 11:33:31,bartender_interview.txt,2,0,0.072072072072072,0.0,0.0,0.0542195723652842,,,,,,,,,,
216,2024-09-08 11:33:31,bartender_interview.txt,3,0,0.0588235294117647,0.0,0.0,0.0973387164224358,,,,,,,,,,
216,2024-09-08 11:33:31,natural_language_processing_engineer_interview.txt,1,0,0.05,0.0,0.025,0.0164392722606681,,,,,,,,,,
216,2024-09-08 11:33:31,natural_language_processing_engineer_interview.txt,2,0,0.0381679389312977,0.0,0.0229007633587786,0.0706681390294403,,,,,,,,,,
216,2024-09-08 11:33:31,natural_language_processing_engineer_interview.txt,3,0,0.1185185185185185,0.0074074074074074,0.0,0.0796851750714229,,,,,,,,,,
216,2024-09-08 11:33:31,cto_of_a_fintec_interview.txt,1,0,0.0714285714285714,0.0,0.0158730158730158,0.0542815808204184,,,,,,,,,,
216,2024-09-08 11:33:31,cto_of_a_fintec_interview.txt,2,0,0.056,0.008,0.008,0.0907334966492485,,,,,,,,,,
216,2024-09-08 11:33:31,cto_of_a_fintec_interview.txt,3,0,0.073170731707317,0.0,0.0,0.0552888252461915,,,,,,,,,,
216,2024-09-08 11:33:31,database_administrator_interview.txt,1,0,0.0660377358490566,0.0,0.0,0.0548225848771237,,,,,,,,,,
216,2024-09-08 11:33:31,database_administrator_interview.txt,2,0,0.0254237288135593,0.0,0.0,0.024114343310107,,,,,,,,,,
216,2024-09-08 11:33:31,database_administrator_interview.txt,3,0,0.0863309352517985,0.0287769784172661,0.0287769784172661,0.104152812248344,,,,,,,,,,
216,2024-09-08 11:33:31,nuclear_engineer_interview.txt,1,0,0.0892857142857142,0.0,0.0089285714285714,0.0449991497095448,,,,,,,,,,
216,2024-09-08 11:33:31,nuclear_engineer_interview.txt,2,0,0.0421052631578947,0.0,0.0,0.0757479536132003,,,,,,,,,,
216,2024-09-08 11:33:31,nuclear_engineer_interview.txt,3,0,0.0566037735849056,0.0,0.0283018867924528,0.1100773347441114,,,,,,,,,,
216,2024-09-08 11:33:31,pharmacist_interview.txt,1,0,0.0654205607476635,0.0,0.0093457943925233,0.0,,,,,,,,,,
216,2024-09-08 11:33:31,pharmacist_interview.txt,2,0,0.0441176470588235,0.0,0.0,0.0690132425340739,,,,,,,,,,
216,2024-09-08 11:33:31,pharmacist_interview.txt,3,0,0.0842105263157894,0.0421052631578947,0.0,0.0934611119352368,,,,,,,,,,
216,2024-09-08 11:33:31,chef_interview.txt,1,0,0.0588235294117647,0.0,0.0,0.0332256967857307,,,,,,,,,,
216,2024-09-08 11:33:31,chef_interview.txt,2,0,0.0642857142857142,0.0,0.0142857142857142,0.0765835105514407,,,,,,,,,,
216,2024-09-08 11:33:31,chef_interview.txt,3,0,0.0543478260869565,0.0,0.0,0.0449413215361284,,,,,,,,,,
216,2024-09-08 11:33:31,hotel_manager_interview.txt,1,0,0.040650406504065,0.0,0.008130081300813,0.1413053520565927,,,,,,,,,,
216,2024-09-08 11:33:31,hotel_manager_interview.txt,2,0,0.0948275862068965,0.0,0.0,0.1099607806113364,,,,,,,,,,
216,2024-09-08 11:33:31,hotel_manager_interview.txt,3,0,0.0873015873015873,0.0079365079365079,0.0,0.0983426079695328,,,,,,,,,,
216,2024-09-08 11:33:31,mobile_app_developer_interview.txt,1,0,0.0526315789473684,0.0,0.0,0.1013216232627603,,,,,,,,,,
216,2024-09-08 11:33:31,mobile_app_developer_interview.txt,2,0,0.024390243902439,0.0,0.016260162601626,0.0251933432248417,,,,,,,,,,
216,2024-09-08 11:33:31,mobile_app_developer_interview.txt,3,0,0.0465116279069767,0.0,0.0387596899224806,0.0713877057334111,,,,,,,,,,
216,2024-09-08 11:33:31,graphic_designer_interview.txt,1,0,0.0701754385964912,0.0,0.0087719298245614,0.0907194463199692,,,,,,,,,,
216,2024-09-08 11:33:31,graphic_designer_interview.txt,2,0,0.0338983050847457,0.0,0.0169491525423728,0.1235217831475955,,,,,,,,,,
216,2024-09-08 11:33:31,graphic_designer_interview.txt,3,0,0.0827067669172932,0.0,0.0,0.1745280411231842,,,,,,,,,,
216,2024-09-08 11:33:31,geotechnical_engineer_interview.txt,1,0,0.0512820512820512,0.0,0.0256410256410256,0.0319974506476605,,,,,,,,,,
216,2024-09-08 11:33:31,geotechnical_engineer_interview.txt,2,0,0.0806451612903225,0.0,0.0161290322580645,0.0214325208060958,,,,,,,,,,
216,2024-09-08 11:33:31,geotechnical_engineer_interview.txt,3,0,0.058252427184466,0.0,0.0097087378640776,0.0773230010696247,,,,,,,,,,
216,2024-09-08 11:33:31,gardener_interview.txt,1,0,0.048076923076923,0.0,0.0,0.0456965816968714,,,,,,,,,,
216,2024-09-08 11:33:31,gardener_interview.txt,2,0,0.0598290598290598,0.0,0.0085470085470085,0.1140851410160635,,,,,,,,,,
216,2024-09-08 11:33:31,gardener_interview.txt,3,0,0.0606060606060606,0.0,0.0075757575757575,0.0,,,,,,,,,,
216,2024-09-08 11:33:31,ai_software_developer_interview.txt,1,0,0.09,0.0,0.0,0.0111499229117319,,,,,,,,,,
216,2024-09-08 11:33:31,ai_software_developer_interview.txt,2,0,0.0542635658914728,0.0,0.0077519379844961,0.1105557259653508,,,,,,,,,,
216,2024-09-08 11:33:31,ai_software_developer_interview.txt,3,0,0.089430894308943,0.0,0.008130081300813,0.0,,,,,,,,,,
216,2024-09-08 11:33:31,supply_chain_manager_interview.txt,1,0,0.0485436893203883,0.0,0.0097087378640776,0.110396931184179,,,,,,,,,,
216,2024-09-08 11:33:31,supply_chain_manager_interview.txt,2,0,0.0446428571428571,0.0,0.0,0.0139712343151882,,,,,,,,,,
216,2024-09-08 11:33:31,supply_chain_manager_interview.txt,3,0,0.0588235294117647,0.0073529411764705,0.0,0.028340865949965,,,,,,,,,,
216,2024-09-08 11:33:31,cloud_architect_interview.txt,1,0,0.0285714285714285,0.0,0.0380952380952381,0.0391645933980824,,,,,,,,,,
216,2024-09-08 11:33:31,cloud_architect_interview.txt,2,0,0.0708661417322834,0.0,0.0157480314960629,0.0392796140007774,,,,,,,,,,
216,2024-09-08 11:33:31,cloud_architect_interview.txt,3,0,0.0546875,0.0,0.0078125,0.0877736868278276,,,,,,,,,,
216,2024-09-08 11:33:31,mining_engineer_interview.txt,1,0,0.043103448275862,0.0,0.0,0.0623291883426047,,,,,,,,,,
216,2024-09-08 11:33:31,mining_engineer_interview.txt,2,0,0.0526315789473684,0.0,0.0,0.0706375811030402,,,,,,,,,,
216,2024-09-08 11:33:31,mining_engineer_interview.txt,3,0,0.0444444444444444,0.0,0.0222222222222222,0.0358635620371859,,,,,,,,,,
216,2024-09-08 11:33:31,devops_engineer_interview.txt,1,0,0.0977443609022556,0.0601503759398496,0.0,0.07311065388755,,,,,,,,,,
216,2024-09-08 11:33:31,devops_engineer_interview.txt,2,0,0.0526315789473684,0.0,0.0263157894736842,0.148397515332583,,,,,,,,,,
216,2024-09-08 11:33:31,devops_engineer_interview.txt,3,0,0.0842105263157894,0.0,0.0105263157894736,0.0,,,,,,,,,,
216,2024-09-08 11:33:31,system_administrator_interview.txt,1,0,0.0408163265306122,0.0,0.0204081632653061,0.0332782663987651,,,,,,,,,,
216,2024-09-08 11:33:31,system_administrator_interview.txt,2,0,0.0560747663551401,0.0,0.0186915887850467,0.0204433907247207,,,,,,,,,,
216,2024-09-08 11:33:31,system_administrator_interview.txt,3,0,0.0921052631578947,0.0,0.0,0.1253139835189771,,,,,,,,,,
216,2024-09-08 11:33:31,content_writer_interview.txt,1,0,0.0769230769230769,0.0,0.0109890109890109,0.055124321075318,,,,,,,,,,
216,2024-09-08 11:33:31,content_writer_interview.txt,2,0,0.0454545454545454,0.0,0.0113636363636363,0.1019393483798434,,,,,,,,,,
216,2024-09-08 11:33:31,content_writer_interview.txt,3,0,0.0518518518518518,0.0,0.0222222222222222,0.0877565421919958,,,,,,,,,,
216,2024-09-08 11:33:31,transportation_engineer_interview.txt,1,0,0.0656934306569343,0.0,0.0145985401459854,0.1117562157628961,,,,,,,,,,
216,2024-09-08 11:33:31,transportation_engineer_interview.txt,2,0,0.0241935483870967,0.0080645161290322,0.0161290322580645,0.0349067186143281,,,,,,,,,,
216,2024-09-08 11:33:31,transportation_engineer_interview.txt,3,0,0.0763358778625954,0.0,0.0076335877862595,0.1166303786213575,,,,,,,,,,
216,2024-09-08 11:33:31,lorry_driver_interview.txt,1,0,0.0454545454545454,0.0,0.0,0.0916819840397446,,,,,,,,,,
216,2024-09-08 11:33:31,lorry_driver_interview.txt,2,0,0.0458015267175572,0.0,0.0076335877862595,0.0567176989464362,,,,,,,,,,
216,2024-09-08 11:33:31,lorry_driver_interview.txt,3,0,0.0413223140495867,0.0,0.0,0.1123148981401632,,,,,,,,,,
216,2024-09-08 11:33:31,dentist_interview.txt,1,0,0.0592592592592592,0.0,0.0074074074074074,0.0704318199356172,,,,,,,,,,
216,2024-09-08 11:33:31,dentist_interview.txt,2,0,0.0526315789473684,0.0,0.0087719298245614,0.0940702620980976,,,,,,,,,,
216,2024-09-08 11:33:31,dentist_interview.txt,3,0,0.0555555555555555,0.0,0.0,0.1371066698362683,,,,,,,,,,
216,2024-09-08 11:33:31,physicist_interview.txt,1,0,0.0608695652173913,0.0,0.008695652173913,0.1139810973689073,,,,,,,,,,
216,2024-09-08 11:33:31,physicist_interview.txt,2,0,0.0508474576271186,0.0,0.0423728813559322,0.1136156482515152,,,,,,,,,,
216,2024-09-08 11:33:31,physicist_interview.txt,3,0,0.0503597122302158,0.0,0.0071942446043165,0.062641834791487,,,,,,,,,,
216,2024-09-08 11:33:31,architect_interview.txt,1,0,0.0459770114942528,0.0,0.0229885057471264,0.0,,,,,,,,,,
216,2024-09-08 11:33:31,architect_interview.txt,2,0,0.0687022900763358,0.0,0.0229007633587786,0.0876209078759001,,,,,,,,,,
216,2024-09-08 11:33:31,architect_interview.txt,3,0,0.0606060606060606,0.0378787878787878,0.0227272727272727,0.0480218505844039,,,,,,,,,,
216,2024-09-08 11:33:31,materials_engineer_interview.txt,1,0,0.0454545454545454,0.0,0.0181818181818181,0.0329382443745014,,,,,,,,,,
216,2024-09-08 11:33:31,materials_engineer_interview.txt,2,0,0.057471264367816,0.0,0.0114942528735632,0.0418562922438496,,,,,,,,,,
216,2024-09-08 11:33:31,materials_engineer_interview.txt,3,0,0.0508474576271186,0.0,0.0,0.0236745237289426,,,,,,,,,,
216,2024-09-08 11:33:31,computer_vision_engineer_interview.txt,1,0,0.0825688073394495,0.0,0.018348623853211,0.0651242189442417,,,,,,,,,,
216,2024-09-08 11:33:31,computer_vision_engineer_interview.txt,2,0,0.08,0.0,0.0,0.0806504300442508,,,,,,,,,,
216,2024-09-08 11:33:31,computer_vision_engineer_interview.txt,3,0,0.0564516129032258,0.0,0.0,0.0739659279494996,,,,,,,,,,
216,2024-09-08 11:33:31,data_scientist_interview.txt,1,0,0.0847457627118644,0.0,0.0084745762711864,0.0,,,,,,,,,,
216,2024-09-08 11:33:31,data_scientist_interview.txt,2,0,0.089430894308943,0.016260162601626,0.0,0.0524078414472835,,,,,,,,,,
216,2024-09-08 11:33:31,data_scientist_interview.txt,3,0,0.104,0.0,0.008,0.0,,,,,,,,,,
216,2024-09-08 11:33:31,structural_engineer_interview.txt,1,0,0.0827067669172932,0.0,0.0075187969924812,0.1294579871455792,,,,,,,,,,
216,2024-09-08 11:33:31,structural_engineer_interview.txt,2,0,0.056,0.0,0.016,0.0444434820554314,,,,,,,,,,
216,2024-09-08 11:33:31,structural_engineer_interview.txt,3,0,0.0747663551401869,0.0,0.0093457943925233,0.0492461992698414,,,,,,,,,,
216,2024-09-08 11:33:31,ai_ethicist_interview.txt,1,0,0.0671641791044776,0.0597014925373134,0.0,0.0,,,,,,,,,,
216,2024-09-08 11:33:31,ai_ethicist_interview.txt,2,0,0.0869565217391304,0.0608695652173913,0.0260869565217391,0.0463364020063631,,,,,,,,,,
216,2024-09-08 11:33:31,ai_ethicist_interview.txt,3,0,0.0962962962962963,0.0518518518518518,0.0,0.0627334709480612,,,,,,,,,,
216,2024-09-08 11:33:31,sales_manager_interview.txt,1,0,0.0454545454545454,0.0,0.0227272727272727,0.0927529785536527,,,,,,,,,,
216,2024-09-08 11:33:31,sales_manager_interview.txt,2,0,0.0727272727272727,0.0,0.0,0.1185601973267088,,,,,,,,,,
216,2024-09-08 11:33:31,sales_manager_interview.txt,3,0,0.0444444444444444,0.0,0.0,0.106219738259975,,,,,,,,,,
216,2024-09-08 11:33:31,frontend_developer_interview.txt,1,0,0.0338983050847457,0.0,0.0,0.0463880667322203,,,,,,,,,,
216,2024-09-08 11:33:31,frontend_developer_interview.txt,2,0,0.048076923076923,0.0,0.0192307692307692,0.0316033064174671,,,,,,,,,,
216,2024-09-08 11:33:31,frontend_developer_interview.txt,3,0,0.0677966101694915,0.0,0.0084745762711864,0.1521935579294296,,,,,,,,,,
216,2024-09-08 11:33:31,public_relations_specialist_interview.txt,1,0,0.0707070707070707,0.0,0.0,0.0612498751422564,,,,,,,,,,
216,2024-09-08 11:33:31,public_relations_specialist_interview.txt,2,0,0.1025641025641025,0.0341880341880341,0.0,0.0,,,,,,,,,,
216,2024-09-08 11:33:31,public_relations_specialist_interview.txt,3,0,0.0517241379310344,0.0,0.0086206896551724,0.1004132052736,,,,,,,,,,
216,2024-09-08 11:33:31,logistics_coordinator_interview.txt,1,0,0.0603448275862069,0.0,0.0344827586206896,0.0536258473420191,,,,,,,,,,
216,2024-09-08 11:33:31,logistics_coordinator_interview.txt,2,0,0.043010752688172,0.0,0.0,0.0355816989033996,,,,,,,,,,
216,2024-09-08 11:33:31,logistics_coordinator_interview.txt,3,0,0.054054054054054,0.0,0.0,0.041870378325629,,,,,,,,,,
216,2024-09-08 11:33:31,nurse_interview.txt,1,0,0.0652173913043478,0.0,0.0217391304347826,0.0792010942258981,,,,,,,,,,
216,2024-09-08 11:33:31,nurse_interview.txt,2,0,0.0514705882352941,0.0,0.0147058823529411,0.1370661560765469,,,,,,,,,,
216,2024-09-08 11:33:31,nurse_interview.txt,3,0,0.054054054054054,0.0,0.036036036036036,0.1152664333805689,,,,,,,,,,
216,2024-09-08 11:33:31,chemist_interview.txt,1,0,0.0727272727272727,0.0,0.0181818181818181,0.0527446151325422,,,,,,,,,,
216,2024-09-08 11:33:31,chemist_interview.txt,2,0,0.1075268817204301,0.0,0.0,0.1152384730306447,,,,,,,,,,
216,2024-09-08 11:33:31,chemist_interview.txt,3,0,0.0697674418604651,0.0,0.0077519379844961,0.0643850449549886,,,,,,,,,,
216,2024-09-08 11:33:31,manufacturing_engineer_interview.txt,1,0,0.0687022900763358,0.015267175572519,0.0229007633587786,0.0482168090314157,,,,,,,,,,
216,2024-09-08 11:33:31,manufacturing_engineer_interview.txt,2,0,0.0446428571428571,0.0,0.0089285714285714,0.0834938300109287,,,,,,,,,,
216,2024-09-08 11:33:31,manufacturing_engineer_interview.txt,3,0,0.0602409638554216,0.0,0.0,0.0635358168333495,,,,,,,,,,
216,2024-09-08 11:33:31,veterinarian_interview.txt,1,0,0.048076923076923,0.0,0.0096153846153846,0.0969298964109895,,,,,,,,,,
216,2024-09-08 11:33:31,veterinarian_interview.txt,2,0,0.05,0.0142857142857142,0.0,0.0695811870523281,,,,,,,,,,
216,2024-09-08 11:33:31,veterinarian_interview.txt,3,0,0.032520325203252,0.0,0.016260162601626,0.0394390204432756,,,,,,,,,,
216,2024-09-08 11:33:31,event_planner_interview.txt,1,0,0.0373134328358208,0.0,0.0,0.099059528098622,,,,,,,,,,
216,2024-09-08 11:33:31,event_planner_interview.txt,2,0,0.078125,0.0,0.0078125,0.0271201838699979,,,,,,,,,,
216,2024-09-08 11:33:31,event_planner_interview.txt,3,0,0.048076923076923,0.0,0.0,0.1572289573335409,,,,,,,,,,
216,2024-09-08 11:33:31,seo_specialist_interview.txt,1,0,0.0306122448979591,0.0,0.0,0.0418630458366323,,,,,,,,,,
216,2024-09-08 11:33:31,seo_specialist_interview.txt,2,0,0.0561797752808988,0.0,0.0,0.0469111864526693,,,,,,,,,,
216,2024-09-08 11:33:31,seo_specialist_interview.txt,3,0,0.0648148148148148,0.0,0.0092592592592592,0.1552382553045406,,,,,,,,,,
216,2024-09-08 11:33:31,procurement_specialist_interview.txt,1,0,0.1349206349206349,0.0079365079365079,0.0,0.0,,,,,,,,,,
216,2024-09-08 11:33:31,procurement_specialist_interview.txt,2,0,0.0467289719626168,0.0,0.0,0.0290324715415137,,,,,,,,,,
216,2024-09-08 11:33:31,procurement_specialist_interview.txt,3,0,0.0614035087719298,0.0,0.0087719298245614,0.0990984254553111,,,,,,,,,,
216,2024-09-08 11:33:31,aerospace_engineer_interview.txt,-999,0,0.0548308212173758,0.0,0.0178293539638077,0.0480739626699158,0.0090746222810393,-22.39228019751654,0.0,0.0,0.011075130789614,1.5910790693874617,0.0113061410215475,-49.35193438837489,74.0,76.0
216,2024-09-08 11:33:31,agricultural_engineer_interview.txt,-999,0,0.0456377917911273,0.0,0.0109669211195928,0.011394722776523,0.0069730377729906,-35.404123463912626,0.0,0.0,0.0114809600183229,-37.51084010840108,0.0098783166486343,-87.99515091413978,94.0,99.0
216,2024-09-08 11:33:31,ai_ethicist_interview.txt,-999,0,0.0834723323799681,0.0574743032021855,0.008695652173913,0.0363566243181414,0.014875306539273,18.14700635108176,0.0049040868504378,0.0,0.0150613113701641,-50.45245669848003,0.0325356583816519,-61.69667338376586,10.0,91.0
216,2024-09-08 11:33:31,ai_professor_interview.txt,-999,0,0.0658976546369447,0.0,0.0130909255756256,0.0340822291710896,0.0113684743774216,-6.728248763048711,0.0,0.0,0.0039311982797189,-25.408331791241707,0.0420786958568103,-64.09285019626586,42.0,92.0
216,2024-09-08 11:33:31,ai_software_developer_interview.txt,-999,0,0.0778981534001386,0.0,0.0052940064284363,0.0405685496256942,0.0204701310535737,10.257295586392232,0.0,0.0,0.0045886409905508,-69.8349235335802,0.0608665247425301,-57.25922205916984,17.0,88.0
216,2024-09-08 11:33:31,architect_interview.txt,-999,0,0.0584284540588831,0.0126262626262626,0.0228721806110592,0.0452142528201013,0.0115180748983522,-17.300179161695667,0.0218693283783949,0.0,0.0001329413508501,30.324941311064123,0.0438778740158845,-52.36476636767525,61.0,78.0
216,2024-09-08 11:33:31,astronomer_interview.txt,-999,0,0.0603797074385309,0.0052910052910052,0.0059134765017117,0.0224049461475774,0.019792235413115,-14.538368884388149,0.0091642899871369,0.0,0.0052056422918386,-66.30520320142512,0.0195158607931298,-76.39538911533178,55.0,96.0
216,2024-09-08 11:33:31,backend_developer_interview.txt,-999,0,0.0525201180281394,0.0,0.0060062486533074,0.0863875677914038,0.0090964815246191,-25.6628568855078,0.0,0.0,0.0052367468209077,-65.77659049861344,0.0423274975700418,-8.986841139563666,80.0,16.0
216,2024-09-08 11:33:31,barista_interview.txt,-999,0,0.0690503124326653,0.0,0.0081663434604611,0.087702429243304,0.0185405746278981,-2.265966830895792,0.0,0.0,0.0084133830483931,-53.46844053443765,0.0174195882811321,-7.601575906837013,32.0,14.0
216,2024-09-08 11:33:31,bartender_interview.txt,-999,0,0.0648439883734001,0.0,0.003030303030303,0.0772575823270087,0.0067063208083585,-8.219611364063041,0.0,0.0,0.0052486388108147,-82.73343187977335,0.0217111142556495,-18.605688373125343,43.0,27.0
216,2024-09-08 11:33:31,biologist_interview.txt,-999,0,0.0680868838763575,0.01,0.0063492063492063,0.0489864703554579,0.0312272387653812,-3.629606692338399,0.0173205080756887,0.0,0.0109971479845643,-63.822428700477474,0.0437409249891785,-48.3905668088853,36.0,74.0
216,2024-09-08 11:33:31,biomedical_engineer_interview.txt,-999,0,0.0856556387346051,0.0,0.0033003300330033,0.0789197619677442,0.0227655924444408,21.237265151727968,0.0,0.0,0.0057163392989071,-81.19482679975314,0.0318817554345985,-16.854507924775135,7.0,25.0
216,2024-09-08 11:33:31,business_analyst_interview.txt,-999,0,0.0554979760406117,0.0,0.0093334027442554,0.0268847086642488,0.0098769086964874,-21.44798712590089,0.0,0.0,0.0016198096651814,-46.81857468852488,0.0465656813531662,-71.67575933513768,72.0,95.0
216,2024-09-08 11:33:31,business_intelligence_analyst_interview.txt,-999,0,0.0687741763372015,0.0,0.0128851540616246,0.1003877971033804,0.0087949076901518,-2.6568107440144217,0.0,0.0,0.0111623859076589,-26.580811186263105,0.0562029429299538,5.763025386719647,35.0,8.0
216,2024-09-08 11:33:31,chef_interview.txt,-999,0,0.0591523565948118,0.0,0.0047619047619047,0.0515835096244333,0.0049770976432038,-16.27556519594934,0.0,0.0,0.0082478609884232,-72.86682152535812,0.0224290882691609,-45.654470011661154,59.0,69.0
216,2024-09-08 11:33:31,chemical_engineer_interview.txt,-999,0,0.0718084273182957,0.0,0.0156272377372001,0.0708178587504109,0.0017176512571054,1.63787780382998,0.0,0.0,0.0054242753193317,-10.95650757628681,0.0689536349550145,-25.390224619236847,27.0,39.0
216,2024-09-08 11:33:31,chemist_interview.txt,-999,0,0.0833405321027226,0.0,0.0086445853887714,0.0774560443727252,0.0209982089846374,17.960455816924977,0.0,0.0,0.0091237186848588,-50.74343357950845,0.0332341516828835,-18.396599748959304,11.0,26.0
216,2024-09-08 11:33:31,civil_engineer_interview.txt,-999,0,0.0748457883658269,0.0,0.011100938334159,0.0633969770053524,0.012732133342275,5.936968349661214,0.0,0.0,0.0034094988331135,-36.74721437808669,0.017188509235205,-33.20845479303192,23.0,52.0
216,2024-09-08 11:33:31,cloud_architect_interview.txt,-999,0,0.0513750234345706,0.0,0.0205519231971003,0.0554059647422291,0.0213410418229086,-27.283627437396945,0.0,0.0,0.0157025185318364,17.10419002185195,0.0280313285841514,-41.62734291725233,83.0,62.0
216,2024-09-08 11:33:31,computer_vision_engineer_interview.txt,-999,0,0.0730068067475584,0.0,0.0061162079510703,0.0732468589793307,0.01439463529251,3.33406788266484,0.0,0.0,0.0105935829209105,-65.1500459958728,0.0077880423033267,-22.831164451684472,26.0,36.0
216,2024-09-08 11:33:31,construction_manager_interview.txt,-999,0,0.0845533482626598,0.0,0.0189321197235666,0.076807083260755,0.0285329359907958,19.67707969055212,0.0,0.0,0.0084526221862361,7.874602506192673,0.0695745010677526,-19.0803092489258,9.0,29.0
216,2024-09-08 11:33:31,content_writer_interview.txt,-999,0,0.0580764914098247,0.0,0.0148582898582898,0.0816067372157191,0.0166320991283872,-17.798348221407025,0.0,0.0,0.0063801027372806,-15.337947583882524,0.0240057653765828,-14.02365955908776,64.0,22.0
216,2024-09-08 11:33:31,cto_of_a_fintec_interview.txt,-999,0,0.0668664343786295,0.0026666666666666,0.0079576719576719,0.0667679675719528,0.0094508374067066,-5.35703481670042,0.004618802153517,0.0,0.007936592592141,-54.65744397126511,0.0207608663908648,-29.656965755907265,40.0,45.0
216,2024-09-08 11:33:31,customer_service_representative_interview.txt,-999,0,0.0581985266195792,0.0,0.0059542796384901,0.0671208891698068,0.0164720762626921,-17.6256191950239,0.0,0.0,0.005159023304182,-66.07270825499324,0.0489025078385463,-29.28514709875597,63.0,43.0
216,2024-09-08 11:33:31,cybersecurity_specialist_interview.txt,-999,0,0.0773109926377253,0.0202599644579842,0.008,0.0511719302908732,0.0215075743575556,9.426226364435236,0.0111223276261782,0.0,0.013856406460551,-54.41626016260162,0.0555235444498658,-46.08808721175909,19.0,70.0
216,2024-09-08 11:33:31,data_engineer_interview.txt,-999,0,0.1198984478054245,0.0025641025641025,0.0056142823584684,0.0658105039181166,0.0361913764231097,69.70464668304683,0.0044411559168432,0.0,0.0049079869301384,-68.01000169973511,0.0781642140642681,-30.665696454751668,1.0,48.0
216,2024-09-08 11:33:31,data_scientist_interview.txt,-999,0,0.0927255523402691,0.005420054200542,0.0054915254237288,0.0174692804824278,0.0100410403865582,31.244043491977635,0.0093878092551158,0.0,0.0047617165254651,-68.70946672178586,0.0302576813672363,-81.5953332131787,2.0,98.0
216,2024-09-08 11:33:31,database_administrator_interview.txt,-999,0,0.0592641333048048,0.0095923261390887,0.0095923261390887,0.0610299134785249,0.0310134360817725,-16.1173560829545,0.0166143962356726,0.0,0.0166143962356726,-45.34323760503791,0.0403786741209838,-35.70226188018239,58.0,55.0
216,2024-09-08 11:33:31,dentist_interview.txt,-999,0,0.0558154645873944,0.0,0.0053931124106562,0.1005362506233277,0.0033214757424644,-20.998612820863087,0.0,0.0,0.0047201405129731,-69.27022086985002,0.033804447311336,5.919427796693483,71.0,6.0
216,2024-09-08 11:33:31,devops_engineer_interview.txt,-999,0,0.0781954887218045,0.0200501253132832,0.0122807017543859,0.073836056406711,0.0231500816817152,10.67814495211195,0.0347278357407293,0.0,0.0132453235706504,-30.024960775923542,0.0742014170742861,-22.210418661181293,16.0,35.0
216,2024-09-08 11:33:31,digital_marketing_specialist_interview.txt,-999,0,0.0566753539345686,0.0,0.0098898021657708,0.0832511521109623,0.018437893884227,-19.78152268733997,0.0,0.0,0.001141597288879,-43.64822887902008,0.0721138721343955,-12.291195063101242,68.0,19.0
216,2024-09-08 11:33:31,doctor_interview.txt,-999,0,0.0602297484650425,0.0,0.0097643097643097,0.0522903051616822,0.0089849186448038,-14.750621295312598,0.0,0.0,0.0091654259857348,-44.36328050149187,0.0202047210831162,-44.90982936303435,56.0,67.0
216,2024-09-08 11:33:31,electrical_engineer_interview.txt,-999,0,0.0882428940568475,0.0066666666666666,0.0034722222222222,0.039980860416496,0.0102279568387673,24.89927461370624,0.0115470053837925,0.0,0.0060140653040586,-80.21539069557362,0.0105493860274732,-57.87837887449393,4.0,90.0
216,2024-09-08 11:33:31,environmental_engineer_interview.txt,-999,0,0.0850391671820243,0.0,0.0146464646464646,0.0757482535843909,0.0057403325072782,20.364709343577218,0.0,0.0,0.0137481389786022,-16.54492075223783,0.0665124574639047,-20.19583357730795,8.0,31.0
216,2024-09-08 11:33:31,environmental_scientist_interview.txt,-999,0,0.0539188210091536,0.0,0.0164064483371414,0.08260450506481,0.0118172493974848,-23.683128210514862,0.0,0.0,0.0206568954496431,-6.516590918003615,0.0269700022423844,-12.97246659143272,78.0,20.0
216,2024-09-08 11:33:31,event_planner_interview.txt,-999,0,0.0545051186375813,0.0,0.0026041666666666,0.0944695564340536,0.021151531321009,-22.85328067116309,0.0,0.0,0.0045105489780439,-85.16154302168022,0.0651757172032501,-0.4721053384833027,75.0,12.0
216,2024-09-08 11:33:31,financial_analyst_interview.txt,-999,0,0.0676149780212825,0.0029498525073746,0.0116001867826685,0.1144640016456769,0.0109990487697447,-4.297543749648227,0.0051092944176073,0.0,0.0104294293817635,-33.902512954201285,0.0486399351293362,20.59293520954837,38.0,3.0
216,2024-09-08 11:33:31,fire_protection_engineer_interview.txt,-999,0,0.0750968992248062,0.0240402362495385,0.0107281284606865,0.0328066995261925,0.0222393748401715,6.292391462982081,0.0201060034230084,0.0,0.0041775518863019,-38.87147291323412,0.029641073128454,-65.43667761461074,21.0,94.0
216,2024-09-08 11:33:31,focus_group_interview.txt,-999,0,0.0588235294117647,0.0,0.0,0.0,0.0,-16.74098824303796,0.0,0.0,0.0,-100.0,0.0,-100.0,60.0,100.0
216,2024-09-08 11:33:31,frontend_developer_interview.txt,-999,0,0.0499239461103867,0.0,0.0092351151673185,0.0767283103597056,0.0170244645281205,-29.337486925303224,0.0,0.0,0.0096379165726401,-47.37861410556739,0.0657715742358427,-19.163300016467915,89.0,30.0
216,2024-09-08 11:33:31,full_stack_developer_interview.txt,-999,0,0.0804121707008846,0.0123456790123456,0.0101876154369592,0.0483128022847362,0.0780055017087343,13.815643718392453,0.0213833433033194,0.0,0.0040072722095984,-41.95129854477313,0.0514378645862778,-49.10030619277265,13.0,75.0
216,2024-09-08 11:33:31,game_developer_interview.txt,-999,0,0.0521700521700521,0.0,0.0183890183890183,0.0658134742018097,0.0083272280313069,-26.15834122120914,0.0,0.0,0.0047618055766234,4.7800287637686125,0.0101708631617814,-30.662567128292565,82.0,47.0
216,2024-09-08 11:33:31,gardener_interview.txt,-999,0,0.0561706811706811,0.0,0.0053742553742553,0.0532605742376449,0.0070201583039181,-20.49583813223272,0.0,0.0,0.0046795082789833,-69.37766765002537,0.057417465439807,-43.88760758036767,70.0,66.0
216,2024-09-08 11:33:31,geneticist_interview.txt,-999,0,0.0611336032388664,0.0096153846153846,0.0101407364565259,0.0973580478295555,0.0279117427581266,-13.471302356226062,0.0166543346881622,0.0,0.008783849262908,-42.21841345076261,0.0114069685173857,2.571049283957322,52.0,9.0
216,2024-09-08 11:33:31,geologist_interview.txt,-999,0,0.0897087359987703,0.0,0.0084852734922861,0.0625965489539741,0.0186570725171784,26.97403198880508,0.0,0.0,0.0087032835354668,-51.651187584807126,0.0571174070875316,-34.05174147488816,3.0,53.0
216,2024-09-08 11:33:31,geotechnical_engineer_interview.txt,-999,0,0.0633932132522799,0.0,0.0171595985877226,0.0435843241744603,0.0153417345298937,-10.273043112785928,0.0,0.0,0.0080159839490695,-2.225165282882997,0.0296922241439828,-54.08196895306461,46.0,82.0
216,2024-09-08 11:33:31,graphic_designer_interview.txt,-999,0,0.06226017019951,0.0,0.0085736941223114,0.129589756863583,0.0253486704180317,-11.87675587526506,0.0,0.0,0.0084763150024872,-51.14736971039053,0.0422325155476891,36.5285935192658,51.0,1.0
216,2024-09-08 11:33:31,hotel_manager_interview.txt,-999,0,0.0742598600041829,0.0026455026455026,0.002710027100271,0.1165362468791539,0.029348878825487,5.107643471696633,0.0045821449935684,0.0,0.0046939046275579,-84.55835371361843,0.0222233416108369,22.77613806447352,25.0,2.0
216,2024-09-08 11:33:31,human_resources_manager_interview.txt,-999,0,0.0639151864060417,0.0,0.0236426564141502,0.0579282148176675,0.0148051245436644,-9.534240640706187,0.0,0.0,0.007475764681373,34.71508738095281,0.0734851947736557,-38.97003987388016,45.0,58.0
216,2024-09-08 11:33:31,industrial_engineer_interview.txt,-999,0,0.0786461242176215,0.0,0.0231474883646284,0.056356248609007,0.0158844724236964,11.3159758748657,0.0,0.0,0.01226823742033,31.8936359378038,0.0528215330852058,-40.62617644456724,15.0,59.0
216,2024-09-08 11:33:31,it_manager_interview.txt,-999,0,0.0471973372676066,0.0,0.0051092318534179,0.1004112410170443,0.0142018613496248,-33.1967378061636,0.0,0.0,0.0044256013696548,-70.88776305310621,0.072368648424168,5.787724596260446,92.0,7.0
216,2024-09-08 11:33:31,logistics_coordinator_interview.txt,-999,0,0.0524698781094776,0.0,0.0114942528735632,0.0436926415236826,0.008774950040325,-25.733966627142763,0.0,0.0,0.019908629972056,-34.50612092327819,0.0091590559333901,-53.96785179055914,81.0,81.0
216,2024-09-08 11:33:31,lorry_driver_interview.txt,-999,0,0.0441927954072298,0.0,0.0025445292620865,0.086904860375448,0.0024919563434483,-37.44937596947936,0.0,0.0,0.0044072539632795,-85.50135501355014,0.0281047651195438,-8.44185031122339,95.0,15.0
216,2024-09-08 11:33:31,machine_learning_engineer_interview.txt,-999,0,0.0536580017734597,0.0,0.005050505050505,0.0497500160439961,0.0071176400905742,-24.05229259130316,0.0,0.0,0.0087477313513579,-71.2223864662889,0.0434329688699764,-47.5861373426463,79.0,73.0
216,2024-09-08 11:33:31,manufacturing_engineer_interview.txt,-999,0,0.0578620370248715,0.005089058524173,0.01060977826245,0.0650821519585646,0.012204857554227,-18.101887644095555,0.0088145079265591,0.0,0.0115425769617275,-39.54582849399921,0.0176892740534159,-31.43304775651628,65.0,49.0
216,2024-09-08 11:33:31,marine_engineer_interview.txt,-999,0,0.0663451012588943,0.0026041666666666,0.0147321428571428,0.0635955669632064,0.0085941694008704,-6.094931382570891,0.0045105489780439,0.0,0.0143066253205018,-16.05672909407666,0.0563358613200052,-32.99923140771915,41.0,51.0
216,2024-09-08 11:33:31,marketing_manager_interview.txt,-999,0,0.0574734490678158,0.0,0.0056307911617961,0.0433353117732308,0.010230270987519,-18.65189628194257,0.0,0.0,0.0048827850487395,-67.91593507524526,0.0335050053371757,-54.34431463324448,66.0,83.0
216,2024-09-08 11:33:31,materials_engineer_interview.txt,-999,0,0.0512577558164933,0.0,0.0098920236851271,0.0328230201157645,0.0060188571849888,-27.449608399264463,0.0,0.0,0.0091961938799908,-43.63557073397275,0.0090914319034334,-65.41948314497358,84.0,93.0
216,2024-09-08 11:33:31,mechanical_engineer_interview.txt,-999,0,0.0708540513494073,0.0,0.0029239766081871,0.0506481015165538,0.0086671076461903,0.2870510035879476,0.0,0.0,0.005064476045523,-83.3392763752199,0.0135803186403236,-46.639964208318496,30.0,72.0
216,2024-09-08 11:33:31,meteorologist_interview.txt,-999,0,0.0676512666704869,0.0,0.0157341100834086,0.0407192739003882,0.0157789142996009,-4.246180679445359,0.0,0.0,0.000801866882806,-10.34755242311398,0.0705278512427857,-57.10042730770777,37.0,87.0
216,2024-09-08 11:33:31,microbiologist_interview.txt,-999,0,0.0716161196083565,0.0,0.0024875621890547,0.081667457368724,0.023398475491293,1.3656848558227068,0.0,0.0,0.00430858409843,-85.82595154309752,0.0268522658028084,-13.95968816745406,28.0,21.0
216,2024-09-08 11:33:31,mining_engineer_interview.txt,-999,0,0.0467264905558916,0.0,0.0074074074074074,0.0562767771609436,0.0051577242427647,-33.86317574857249,0.0,0.0,0.0128300059819916,-57.79283348389039,0.0181598970628145,-40.70990316257054,93.0,60.0
216,2024-09-08 11:33:31,mobile_app_developer_interview.txt,-999,0,0.041177816918928,0.0,0.0183399508413688,0.0659675574070043,0.0148569985536164,-41.71678616935595,0.0,0.0,0.019463363791065,4.500443472954331,0.0383524739918186,-30.50023359361124,97.0,46.0
216,2024-09-08 11:33:31,natural_language_processing_engineer_interview.txt,-999,0,0.0688954858166054,0.0024691358024691,0.0159669211195928,0.0555975287871771,0.043380104289694,-2.485108918691836,0.0042766686606638,0.0,0.0138675385756967,-9.02100271002709,0.0342104300673422,-41.42552164481066,33.0,61.0
216,2024-09-08 11:33:31,network_administrator_interview.txt,-999,0,0.0611014125782108,0.0116959064327485,0.0237292955981766,0.0677886964885345,0.0239657375189806,-13.516865120323883,0.0202579041820921,0.0,0.024113132260403,35.208754634001025,0.0437899583450664,-28.581582278708154,54.0,42.0
216,2024-09-08 11:33:31,neuroscientist_interview.txt,-999,0,0.0512170987941831,0.0026666666666666,0.0144143248977901,0.0424897054500683,0.0090189791900086,-27.50715447873958,0.004618802153517,0.0,0.0055555106858179,-17.867645490924716,0.0430262860033163,-55.23519864110567,85.0,85.0
216,2024-09-08 11:33:31,no_persona_interview.txt,-999,0,0.0706512462380337,0.0,0.0175501177142041,0.094917667810953,0.0216471921120907,0.0,0.0,0.0,0.018795860180529,0.0,0.027153427299694,0.0,31.0,11.0
216,2024-09-08 11:33:31,nuclear_engineer_interview.txt,-999,0,0.0626649170095049,0.0,0.0124101527403414,0.0769414793556188,0.0241671644357858,-11.303875945261863,0.0,0.0,0.0144685954856044,-29.287353267737515,0.0325555052122015,-18.938716963776685,49.0,28.0
216,2024-09-08 11:33:31,nurse_interview.txt,-999,0,0.0569140111978986,0.0,0.0241603496079199,0.110511227894338,0.00730603618957,-19.443726433150843,0.0,0.0,0.0108692497785903,37.66488636350152,0.0292241395109772,16.428511617502693,67.0,4.0
216,2024-09-08 11:33:31,occupational_therapist_interview.txt,-999,0,0.0388266702776472,0.0,0.0174767476747674,0.0615201787989723,0.0141881073971164,-45.044606648784544,0.0,0.0,0.0155319870303768,-0.4180600986927913,0.0268749397537979,-35.185745480491875,99.0,54.0
216,2024-09-08 11:33:31,operations_manager_interview.txt,-999,0,0.079441426899054,0.0,0.0176617295261363,0.0467300039765822,0.01712062624118,12.441649835029068,0.0,0.0,0.018028582799709,0.6359604747368337,0.0464816574667467,-50.76785486380242,14.0,77.0
216,2024-09-08 11:33:31,petroleum_engineer_interview.txt,-999,0,0.0858856501717322,0.0029498525073746,0.0031446540880503,0.0709193675903395,0.0421831932957591,21.56282407584401,0.0051092944176073,0.0,0.0054467006527323,-82.08186327146291,0.0139780483598758,-25.283280525192325,6.0,38.0
216,2024-09-08 11:33:31,pharmacist_interview.txt,-999,0,0.0645829113740921,0.0140350877192982,0.0031152647975077,0.0541581181564369,0.0200595609157627,-8.58914058429555,0.0243094850185105,0.0,0.0053957969083142,-82.24932249322492,0.0484690715946676,-42.942004997106174,44.0,63.0
216,2024-09-08 11:33:31,physical_therapist_interview.txt,-999,0,0.0776564825783282,0.0023980815347721,0.0071024840101145,0.0753677820916746,0.0263030992224335,9.915233931886933,0.0041535990589181,0.0,0.0063070196502622,-59.53027708545715,0.0262464004677375,-20.59667727847652,18.0,32.0
216,2024-09-08 11:33:31,physicist_interview.txt,-999,0,0.0540255783582419,0.0,0.0194209260447205,0.0967461934706365,0.0059320815056105,-23.532023517005825,0.0,0.0,0.019891147418598,10.659805027987248,0.0295358062180704,1.926433404711787,77.0,10.0
216,2024-09-08 11:33:31,procurement_specialist_interview.txt,-999,0,0.0810177052183938,0.0026455026455026,0.0029239766081871,0.0427102989989416,0.0472544165185173,14.672719212105775,0.0045821449935684,0.0,0.005064476045523,-83.3392763752199,0.0509454286947989,-55.00279349045167,12.0,84.0
216,2024-09-08 11:33:31,product_manager_interview.txt,-999,0,0.0687865128083843,0.0,0.0117481082467615,0.0522449495829317,0.0379708936764512,-2.6393496632272644,0.0,0.0,0.0135349961143919,-33.05966126225324,0.0454785440816327,-44.957613489842906,34.0,68.0
216,2024-09-08 11:33:31,professor_of_classics_interview.txt,-999,0,0.0611153552330022,0.0,0.0061681238151826,0.0728153593663539,0.0261419994381492,-13.49713064211734,0.0,0.0,0.0054087721688619,-64.85423109048168,0.0363220071548864,-23.285768555354807,53.0,37.0
216,2024-09-08 11:33:31,project_manager_interview.txt,-999,0,0.040186022406408,0.0,0.0313364648842841,0.0600194207659177,0.0098787579116307,-43.12057529598863,0.0,0.0,0.0214392955446953,78.55415783862236,0.0497708470280647,-36.76686105956788,98.0,56.0
216,2024-09-08 11:33:31,psychologist_interview.txt,-999,0,0.0507208066598474,0.002415458937198,0.0261500725978538,0.0400466858845506,0.0188810284074656,-28.20960795374773,0.0041836976028233,0.0,0.0047909399839845,49.00226325370636,0.017954888617755,-57.80902880556296,86.0,89.0
216,2024-09-08 11:33:31,public_relations_specialist_interview.txt,-999,0,0.0749984370674025,0.0113960113960113,0.0028735632183908,0.0538876934719521,0.0256902193432022,6.153027810327046,0.0197384707415256,0.0,0.004977157493014,-83.62653023081955,0.050609823528041,-43.22690947350289,22.0,64.0
216,2024-09-08 11:33:31,quality_control_engineer_interview.txt,-999,0,0.0624287836630216,0.0,0.0132078290751531,0.0707746374070316,0.0155534504228024,-11.638099839469902,0.0,0.0,0.0159500015841685,-24.74221945267413,0.0364743133413402,-25.435760233813227,50.0,40.0
216,2024-09-08 11:33:31,restaurant_manager_interview.txt,-999,0,0.0598364598364598,0.0037037037037037,0.0074074074074074,0.0424769058623897,0.0138875926258032,-15.307283278680444,0.0064150029909958,0.0,0.0128300059819916,-57.79283348389039,0.0043504564912869,-55.24868357807652,57.0,86.0
216,2024-09-08 11:33:31,retail_manager_interview.txt,-999,0,0.0758071108654853,0.0,0.0075596122183459,0.0207524511111663,0.0432659891979006,7.297627291783115,0.0,0.0,0.0001813744648619,-56.92557542091257,0.0359442997061293,-78.13636640072222,20.0,97.0
216,2024-09-08 11:33:31,robotics_engineer_interview.txt,-999,0,0.0583835662416713,0.0,0.0128342245989304,0.0740966363403292,0.0118175020341139,-17.363713521812357,0.0,0.0,0.015058960257036,-26.87100560845181,0.0446363190310999,-21.9358860692752,62.0,34.0
216,2024-09-08 11:33:31,safety_engineer_interview.txt,-999,0,0.0873254090132493,0.0353818897376066,0.0136332209834932,0.0536626179032506,0.0092979049786215,23.60066334716593,0.0068416037276799,0.0,0.0129881041895934,-22.31835019283561,0.0179059943930516,-43.46403663211555,5.0,65.0
216,2024-09-08 11:33:31,sales_manager_interview.txt,-999,0,0.0542087542087542,0.0,0.0075757575757575,0.1058443047134455,0.0160454579898233,-23.27275583205214,0.0,0.0,0.0131215970270369,-56.83357969943335,0.0129077049842715,11.511699723022131,76.0,5.0
216,2024-09-08 11:33:31,seo_specialist_interview.txt,-999,0,0.0505356116645576,0.0,0.0030864197530864,0.0813374958646141,0.017786128989338,-28.47173354268058,0.0,0.0,0.0053458358258298,-82.41368061828766,0.0640496886430233,-14.307317340946923,88.0,23.0
216,2024-09-08 11:33:31,shop_assistant_interview.txt,-999,0,0.0489036708548903,0.0,0.0092592592592592,0.0794152865978313,0.0075805131521386,-30.781587786679367,0.0,0.0,0.0160375074774896,-47.241041854862985,0.0401423217191564,-16.33245060761253,91.0,24.0
216,2024-09-08 11:33:31,social_media_manager_interview.txt,-999,0,0.0296239503468419,0.0,0.0209090909090909,0.0848462323556859,0.0067165528586563,-58.07016588633869,0.0,0.0,0.0200618877188308,19.139320029563933,0.0735823879732686,-10.610706823650888,100.0,18.0
216,2024-09-08 11:33:31,software_quality_assurance_tester_interview.txt,-999,0,0.0627642535693474,0.0056598796076456,0.0115595846223948,0.0438768814903346,0.0181416985019682,-11.163274660596784,0.0049147827406753,0.0,0.0136025410689936,-34.133862743045,0.0023085626447115,-53.77374676153655,48.0,80.0
216,2024-09-08 11:33:31,speech_therapist_interview.txt,-999,0,0.0566419602666937,0.0,0.0063492063492063,0.0669799041283666,0.0087029981677694,-19.828788191705456,0.0,0.0,0.0109971479845643,-63.822428700477474,0.0210258350421744,-29.43368113324256,69.0,44.0
216,2024-09-08 11:33:31,structural_engineer_interview.txt,-999,0,0.0711577073524933,0.0,0.0109548637950015,0.0743825561569507,0.0137142117504206,0.7168466820151025,0.0,0.0,0.0044636901068712,-37.57954235181449,0.0477571339916643,-21.63465677949648,29.0,33.0
216,2024-09-08 11:33:31,supply_chain_manager_interview.txt,-999,0,0.05067002529167,0.0024509803921568,0.0032362459546925,0.0509030104831107,0.0073255610704311,-28.281484064759724,0.0042452225675707,0.0,0.0056053424193167,-81.5599757939327,0.0520217889794126,-46.37140623335371,87.0,71.0
216,2024-09-08 11:33:31,system_administrator_interview.txt,-999,0,0.0629987853478823,0.0,0.0130332506834509,0.059678546880821,0.0263361972264076,-10.831317630787623,0.0,0.0,0.0113197117684075,-25.73696145124717,0.0572030717304857,-37.125986913540174,47.0,57.0
216,2024-09-08 11:33:31,transportation_engineer_interview.txt,-999,0,0.0554076189688755,0.0026881720430107,0.0127870533967698,0.0877644376661939,0.0275509359613157,-21.57587881436706,0.0046560505579808,0.0,0.0045281626931149,-27.139785584340416,0.045840955633769,-7.536247265373319,73.0,13.0
216,2024-09-08 11:33:31,travel_agent_interview.txt,-999,0,0.0497028200548739,0.0,0.0186578693637728,0.0852174211265346,0.032474334301964,-29.650469451850384,0.0,0.0,0.0069876896278449,6.311932874798359,0.0389138725049479,-10.21964288433452,90.0,17.0
216,2024-09-08 11:33:31,veterinarian_interview.txt,-999,0,0.0435324160933917,0.0047619047619047,0.0086251824056702,0.0686500346355311,0.0095851012275583,-38.38407896341272,0.0082478609884232,0.0,0.008175181788188,-50.8539911462279,0.0287567468344603,-27.674124092196408,96.0,41.0
216,2024-09-08 11:33:31,warehouse_manager_interview.txt,-999,0,0.0671234125691957,0.0,0.0040160642570281,0.0650412265723094,0.0171348523519315,-4.993307063476649,0.0,0.0,0.006956027339634,-77.11659646716949,0.0177789052236073,-31.47616447777486,39.0,50.0
216,2024-09-08 11:33:31,water_resources_engineer_interview.txt,-999,0,0.0744840154715706,0.0062893081761006,0.0,0.0440006396611022,0.0417985788669561,5.424913837505187,0.0108934013054646,0.0,0.0,-100.0,0.0503493136199581,-53.64336200428139,24.0,79.0
217,2024-09-08 11:35:33,restaurant_manager_interview.txt,1,0,0.0714285714285714,0.0,0.0,0.0466530557892966,,,,,,,,,,
217,2024-09-08 11:35:33,restaurant_manager_interview.txt,2,0,0.0636363636363636,0.0,0.0,0.0428067433298522,,,,,,,,,,
217,2024-09-08 11:35:33,restaurant_manager_interview.txt,3,0,0.0444444444444444,0.0111111111111111,0.0222222222222222,0.0379709184680204,,,,,,,,,,
217,2024-09-08 11:35:33,geneticist_interview.txt,1,0,0.0384615384615384,0.0288461538461538,0.0,0.0937095795782794,,,,,,,,,,
217,2024-09-08 11:35:33,geneticist_interview.txt,2,0,0.0526315789473684,0.0,0.0150375939849624,0.0882216505718651,,,,,,,,,,
217,2024-09-08 11:35:33,geneticist_interview.txt,3,0,0.0923076923076923,0.0,0.0153846153846153,0.1101429133385219,,,,,,,,,,
217,2024-09-08 11:35:33,speech_therapist_interview.txt,1,0,0.0510204081632653,0.0,0.0,0.0432621003107774,,,,,,,,,,
217,2024-09-08 11:35:33,speech_therapist_interview.txt,2,0,0.0522388059701492,0.0,0.0,0.0833315864428225,,,,,,,,,,
217,2024-09-08 11:35:33,speech_therapist_interview.txt,3,0,0.0666666666666666,0.0,0.019047619047619,0.0743460256315,,,,,,,,,,
217,2024-09-08 11:35:33,customer_service_representative_interview.txt,1,0,0.0545454545454545,0.0,0.009090909090909,0.0311974890850877,,,,,,,,,,
217,2024-09-08 11:35:33,customer_service_representative_interview.txt,2,0,0.0761904761904762,0.0,0.0,0.122813044651559,,,,,,,,,,
217,2024-09-08 11:35:33,customer_service_representative_interview.txt,3,0,0.043859649122807,0.0,0.0087719298245614,0.0473521337727738,,,,,,,,,,
217,2024-09-08 11:35:33,construction_manager_interview.txt,1,0,0.055045871559633,0.0,0.0091743119266055,0.0948117237060615,,,,,,,,,,
217,2024-09-08 11:35:33,construction_manager_interview.txt,2,0,0.0866141732283464,0.0,0.0236220472440944,0.1356095260762036,,,,,,,,,,
217,2024-09-08 11:35:33,construction_manager_interview.txt,3,0,0.112,0.0,0.024,0.0,,,,,,,,,,
217,2024-09-08 11:35:33,doctor_interview.txt,1,0,0.0545454545454545,0.0,0.0181818181818181,0.0673965703749538,,,,,,,,,,
217,2024-09-08 11:35:33,doctor_interview.txt,2,0,0.0705882352941176,0.0,0.0,0.0293397273927395,,,,,,,,,,
217,2024-09-08 11:35:33,doctor_interview.txt,3,0,0.0555555555555555,0.0,0.0111111111111111,0.0601346177173533,,,,,,,,,,
217,2024-09-08 11:35:33,human_resources_manager_interview.txt,1,0,0.0693069306930693,0.0,0.0198019801980198,0.1425669620819004,,,,,,,,,,
217,2024-09-08 11:35:33,human_resources_manager_interview.txt,2,0,0.0471698113207547,0.0,0.0188679245283018,0.0103852698901538,,,,,,,,,,
217,2024-09-08 11:35:33,human_resources_manager_interview.txt,3,0,0.075268817204301,0.0,0.032258064516129,0.0208324124809482,,,,,,,,,,
217,2024-09-08 11:35:33,water_resources_engineer_interview.txt,1,0,0.1226415094339622,0.0188679245283018,0.0,0.0,,,,,,,,,,
217,2024-09-08 11:35:33,water_resources_engineer_interview.txt,2,0,0.0476190476190476,0.0,0.0,0.0989100944553876,,,,,,,,,,
217,2024-09-08 11:35:33,water_resources_engineer_interview.txt,3,0,0.0531914893617021,0.0,0.0,0.0330918245279189,,,,,,,,,,
217,2024-09-08 11:35:33,project_manager_interview.txt,1,0,0.0515463917525773,0.0,0.0515463917525773,0.0555355117717458,,,,,,,,,,
217,2024-09-08 11:35:33,project_manager_interview.txt,2,0,0.0336134453781512,0.0,0.0336134453781512,0.1118805059888638,,,,,,,,,,
217,2024-09-08 11:35:33,project_manager_interview.txt,3,0,0.0353982300884955,0.0,0.0088495575221238,0.0126422445371434,,,,,,,,,,
217,2024-09-08 11:35:33,biologist_interview.txt,1,0,0.1,0.03,0.0,0.0628254664475309,,,,,,,,,,
217,2024-09-08 11:35:33,biologist_interview.txt,2,0,0.0666666666666666,0.0,0.019047619047619,0.084133944618843,,,,,,,,,,
217,2024-09-08 11:35:33,biologist_interview.txt,3,0,0.037593984962406,0.0,0.0,0.0,,,,,,,,,,
217,2024-09-08 11:35:33,occupational_therapist_interview.txt,1,0,0.0227272727272727,0.0,0.0227272727272727,0.0619600680328602,,,,,,,,,,
217,2024-09-08 11:35:33,occupational_therapist_interview.txt,2,0,0.0495049504950495,0.0,0.0297029702970297,0.0881724737587123,,,,,,,,,,
217,2024-09-08 11:35:33,occupational_therapist_interview.txt,3,0,0.0442477876106194,0.0,0.0,0.0344279946053444,,,,,,,,,,
217,2024-09-08 11:35:33,network_administrator_interview.txt,1,0,0.0543478260869565,0.0,0.0108695652173913,0.0181441553921881,,,,,,,,,,
217,2024-09-08 11:35:33,network_administrator_interview.txt,2,0,0.087719298245614,0.0350877192982456,0.0087719298245614,0.1009251180073442,,,,,,,,,,
217,2024-09-08 11:35:33,network_administrator_interview.txt,3,0,0.0412371134020618,0.0,0.0515463917525773,0.0842968160660713,,,,,,,,,,
217,2024-09-08 11:35:33,neuroscientist_interview.txt,1,0,0.0442477876106194,0.0,0.0176991150442477,0.0414359038364657,,,,,,,,,,
217,2024-09-08 11:35:33,neuroscientist_interview.txt,2,0,0.0614035087719298,0.0,0.0175438596491228,0.0,,,,,,,,,,
217,2024-09-08 11:35:33,neuroscientist_interview.txt,3,0,0.048,0.008,0.008,0.0860332125137391,,,,,,,,,,
217,2024-09-08 11:35:33,retail_manager_interview.txt,1,0,0.0661764705882353,0.0,0.0073529411764705,0.0,,,,,,,,,,
217,2024-09-08 11:35:33,retail_manager_interview.txt,2,0,0.123076923076923,0.0,0.0076923076923076,0.0,,,,,,,,,,
217,2024-09-08 11:35:33,retail_manager_interview.txt,3,0,0.0381679389312977,0.0,0.0076335877862595,0.0622573533334991,,,,,,,,,,
217,2024-09-08 11:35:33,agricultural_engineer_interview.txt,1,0,0.04,0.0,0.01,0.01754081509232,,,,,,,,,,
217,2024-09-08 11:35:33,agricultural_engineer_interview.txt,2,0,0.0434782608695652,0.0,0.0,0.016643353237249,,,,,,,,,,
217,2024-09-08 11:35:33,agricultural_engineer_interview.txt,3,0,0.0534351145038167,0.0,0.0229007633587786,0.0,,,,,,,,,,
217,2024-09-08 11:35:33,electrical_engineer_interview.txt,1,0,0.0813953488372093,0.0,0.0,0.0515248660596885,,,,,,,,,,
217,2024-09-08 11:35:33,electrical_engineer_interview.txt,2,0,0.0833333333333333,0.0,0.0104166666666666,0.0375765713355705,,,,,,,,,,
217,2024-09-08 11:35:33,electrical_engineer_interview.txt,3,0,0.1,0.02,0.0,0.030841143854229,,,,,,,,,,
217,2024-09-08 11:35:33,quality_control_engineer_interview.txt,1,0,0.0618556701030927,0.0,0.0309278350515463,0.0571315807160011,,,,,,,,,,
217,2024-09-08 11:35:33,quality_control_engineer_interview.txt,2,0,0.0471698113207547,0.0,0.0,0.0430885464951094,,,,,,,,,,
217,2024-09-08 11:35:33,quality_control_engineer_interview.txt,3,0,0.0782608695652174,0.0,0.008695652173913,0.1121037850099844,,,,,,,,,,
217,2024-09-08 11:35:33,machine_learning_engineer_interview.txt,1,0,0.053030303030303,0.0,0.0151515151515151,0.0691364256495546,,,,,,,,,,
217,2024-09-08 11:35:33,machine_learning_engineer_interview.txt,2,0,0.0610687022900763,0.0,0.0,0.0801136224824336,,,,,,,,,,
217,2024-09-08 11:35:33,machine_learning_engineer_interview.txt,3,0,0.046875,0.0,0.0,0.0,,,,,,,,,,
217,2024-09-08 11:35:33,psychologist_interview.txt,1,0,0.0384615384615384,0.0,0.0288461538461538,0.0323961959726534,,,,,,,,,,
217,2024-09-08 11:35:33,psychologist_interview.txt,2,0,0.072463768115942,0.0072463768115942,0.0289855072463768,0.0605596667072056,,,,,,,,,,
217,2024-09-08 11:35:33,psychologist_interview.txt,3,0,0.0412371134020618,0.0,0.0206185567010309,0.0271841949737927,,,,,,,,,,
217,2024-09-08 11:35:33,geologist_interview.txt,1,0,0.0725806451612903,0.0,0.0080645161290322,0.0759044861163816,,,,,,,,,,
217,2024-09-08 11:35:33,geologist_interview.txt,2,0,0.0869565217391304,0.0,0.017391304347826,0.1118851607455407,,,,,,,,,,
217,2024-09-08 11:35:33,geologist_interview.txt,3,0,0.1095890410958904,0.0,0.0,0.0,,,,,,,,,,
217,2024-09-08 11:35:33,chemical_engineer_interview.txt,1,0,0.0703125,0.0,0.015625,0.0,,,,,,,,,,
217,2024-09-08 11:35:33,chemical_engineer_interview.txt,2,0,0.0736842105263157,0.0,0.0210526315789473,0.0747112850356365,,,,,,,,,,
217,2024-09-08 11:35:33,chemical_engineer_interview.txt,3,0,0.0714285714285714,0.0,0.010204081632653,0.1377422912155963,,,,,,,,,,
217,2024-09-08 11:35:33,no_persona_interview.txt,1,0,0.0467289719626168,0.0,0.0373831775700934,0.0635731657580273,,,,,,,,,,
217,2024-09-08 11:35:33,no_persona_interview.txt,2,0,0.0888888888888888,0.0,0.0,0.1099189066092266,,,,,,,,,,
217,2024-09-08 11:35:33,no_persona_interview.txt,3,0,0.0763358778625954,0.0,0.015267175572519,0.111260931065605,,,,,,,,,,
217,2024-09-08 11:35:33,financial_analyst_interview.txt,1,0,0.0619469026548672,0.0088495575221238,0.0,0.0598254669070187,,,,,,,,,,
217,2024-09-08 11:35:33,financial_analyst_interview.txt,2,0,0.0606060606060606,0.0,0.0202020202020202,0.1530445380640685,,,,,,,,,,
217,2024-09-08 11:35:33,financial_analyst_interview.txt,3,0,0.0802919708029197,0.0,0.0145985401459854,0.1305219999659435,,,,,,,,,,
217,2024-09-08 11:35:33,civil_engineer_interview.txt,1,0,0.0601503759398496,0.0,0.0150375939849624,0.0831598154358535,,,,,,,,,,
217,2024-09-08 11:35:33,civil_engineer_interview.txt,2,0,0.0825688073394495,0.0,0.0091743119266055,0.0551022249278976,,,,,,,,,,
217,2024-09-08 11:35:33,civil_engineer_interview.txt,3,0,0.0818181818181818,0.0,0.009090909090909,0.0519288906523061,,,,,,,,,,
217,2024-09-08 11:35:33,meteorologist_interview.txt,1,0,0.0495867768595041,0.0,0.0165289256198347,0.0,,,,,,,,,,
217,2024-09-08 11:35:33,meteorologist_interview.txt,2,0,0.0746268656716417,0.0,0.0149253731343283,0.0,,,,,,,,,,
217,2024-09-08 11:35:33,meteorologist_interview.txt,3,0,0.0787401574803149,0.0,0.0157480314960629,0.1221578217011647,,,,,,,,,,
217,2024-09-08 11:35:33,shop_assistant_interview.txt,1,0,0.040650406504065,0.0,0.0,0.1223705927244681,,,,,,,,,,
217,2024-09-08 11:35:33,shop_assistant_interview.txt,2,0,0.0555555555555555,0.0,0.0277777777777777,0.0428532956412062,,,,,,,,,,
217,2024-09-08 11:35:33,shop_assistant_interview.txt,3,0,0.0505050505050505,0.0,0.0,0.0730219714278197,,,,,,,,,,
217,2024-09-08 11:35:33,social_media_manager_interview.txt,1,0,0.036144578313253,0.0,0.0,0.1233699304830566,,,,,,,,,,
217,2024-09-08 11:35:33,social_media_manager_interview.txt,2,0,0.03,0.0,0.04,0.0,,,,,,,,,,
217,2024-09-08 11:35:33,social_media_manager_interview.txt,3,0,0.0227272727272727,0.0,0.0227272727272727,0.1311687665840011,,,,,,,,,,
217,2024-09-08 11:35:33,marine_engineer_interview.txt,1,0,0.0761904761904762,0.0,0.0285714285714285,0.0835429425346109,,,,,,,,,,
217,2024-09-08 11:35:33,marine_engineer_interview.txt,2,0,0.0603448275862069,0.0,0.0,0.1072437583550084,,,,,,,,,,
217,2024-09-08 11:35:33,marine_engineer_interview.txt,3,0,0.0625,0.0078125,0.015625,0.0,,,,,,,,,,
217,2024-09-08 11:35:33,warehouse_manager_interview.txt,1,0,0.072289156626506,0.0,0.0120481927710843,0.081493124342657,,,,,,,,,,
217,2024-09-08 11:35:33,warehouse_manager_interview.txt,2,0,0.081081081081081,0.0,0.0,0.0461808634688753,,,,,,,,,,
217,2024-09-08 11:35:33,warehouse_manager_interview.txt,3,0,0.048,0.0,0.0,0.067449691905396,,,,,,,,,,
217,2024-09-08 11:35:33,business_intelligence_analyst_interview.txt,1,0,0.0666666666666666,0.0,0.019047619047619,0.0519120125435854,,,,,,,,,,
217,2024-09-08 11:35:33,business_intelligence_analyst_interview.txt,2,0,0.0784313725490196,0.0,0.0196078431372549,0.1619933830165744,,,,,,,,,,
217,2024-09-08 11:35:33,business_intelligence_analyst_interview.txt,3,0,0.0612244897959183,0.0,0.0,0.0872579957499813,,,,,,,,,,
217,2024-09-08 11:35:33,full_stack_developer_interview.txt,1,0,0.0393700787401574,0.0,0.0078740157480314,0.0425483283606354,,,,,,,,,,
217,2024-09-08 11:35:33,full_stack_developer_interview.txt,2,0,0.1703703703703703,0.037037037037037,0.0148148148148148,0.1023900784935733,,,,,,,,,,
217,2024-09-08 11:35:33,full_stack_developer_interview.txt,3,0,0.0314960629921259,0.0,0.0078740157480314,0.0,,,,,,,,,,
217,2024-09-08 11:35:33,focus_group_interview.txt,1,0,0.0588235294117647,0.0,0.0,0.0,,,,,,,,,,
217,2024-09-08 11:35:33,focus_group_interview.txt,2,0,0.0588235294117647,0.0,0.0,0.0,,,,,,,,,,
217,2024-09-08 11:35:33,focus_group_interview.txt,3,0,0.0588235294117647,0.0,0.0,0.0,,,,,,,,,,
217,2024-09-08 11:35:33,travel_agent_interview.txt,1,0,0.0531914893617021,0.0,0.0106382978723404,0.1283619363588929,,,,,,,,,,
217,2024-09-08 11:35:33,travel_agent_interview.txt,2,0,0.0802919708029197,0.0,0.0218978102189781,0.0745172643816199,,,,,,,,,,
217,2024-09-08 11:35:33,travel_agent_interview.txt,3,0,0.015625,0.0,0.0234375,0.0527730626390911,,,,,,,,,,
217,2024-09-08 11:35:33,robotics_engineer_interview.txt,1,0,0.0686274509803921,0.0,0.0294117647058823,0.0571924000726199,,,,,,,,,,
217,2024-09-08 11:35:33,robotics_engineer_interview.txt,2,0,0.0454545454545454,0.0,0.009090909090909,0.0403813965559999,,,,,,,,,,
217,2024-09-08 11:35:33,robotics_engineer_interview.txt,3,0,0.0610687022900763,0.0,0.0,0.1247161123923678,,,,,,,,,,
217,2024-09-08 11:35:33,biomedical_engineer_interview.txt,1,0,0.1,0.0,0.0,0.1025907901717319,,,,,,,,,,
217,2024-09-08 11:35:33,biomedical_engineer_interview.txt,2,0,0.0594059405940594,0.0,0.0099009900990099,0.0426668739812379,,,,,,,,,,
217,2024-09-08 11:35:33,biomedical_engineer_interview.txt,3,0,0.0975609756097561,0.0,0.0,0.0915016217502627,,,,,,,,,,
217,2024-09-08 11:35:33,marketing_manager_interview.txt,1,0,0.0459770114942528,0.0,0.0,0.0775670553173294,,,,,,,,,,
217,2024-09-08 11:35:33,marketing_manager_interview.txt,2,0,0.0655737704918032,0.0,0.0081967213114754,0.0418311722270583,,,,,,,,,,
217,2024-09-08 11:35:33,marketing_manager_interview.txt,3,0,0.0608695652173913,0.0,0.008695652173913,0.0106077077753049,,,,,,,,,,
217,2024-09-08 11:35:33,professor_of_classics_interview.txt,1,0,0.0909090909090909,0.0,0.0101010101010101,0.1139617522607703,,,,,,,,,,
217,2024-09-08 11:35:33,professor_of_classics_interview.txt,2,0,0.0504201680672268,0.0,0.0,0.0452051914403515,,,,,,,,,,
217,2024-09-08 11:35:33,professor_of_classics_interview.txt,3,0,0.042016806722689,0.0,0.0084033613445378,0.0592791343979399,,,,,,,,,,
217,2024-09-08 11:35:33,environmental_engineer_interview.txt,1,0,0.0816326530612244,0.0,0.0,0.1026424642988634,,,,,,,,,,
217,2024-09-08 11:35:33,environmental_engineer_interview.txt,2,0,0.0818181818181818,0.0,0.0272727272727272,0.1246022964543093,,,,,,,,,,
217,2024-09-08 11:35:33,environmental_engineer_interview.txt,3,0,0.0916666666666666,0.0,0.0166666666666666,0.0,,,,,,,,,,
217,2024-09-08 11:35:33,physical_therapist_interview.txt,1,0,0.1079136690647482,0.0071942446043165,0.0,0.0976563572315262,,,,,,,,,,
217,2024-09-08 11:35:33,physical_therapist_interview.txt,2,0,0.0648148148148148,0.0,0.0092592592592592,0.0464390040542306,,,,,,,,,,
217,2024-09-08 11:35:33,physical_therapist_interview.txt,3,0,0.0602409638554216,0.0,0.0120481927710843,0.0820079849892669,,,,,,,,,,
217,2024-09-08 11:35:33,astronomer_interview.txt,1,0,0.0392156862745098,0.0,0.0,0.0357008884926808,,,,,,,,,,
217,2024-09-08 11:35:33,astronomer_interview.txt,2,0,0.0634920634920634,0.0158730158730158,0.0079365079365079,0.0,,,,,,,,,,
217,2024-09-08 11:35:33,astronomer_interview.txt,3,0,0.0784313725490196,0.0,0.0098039215686274,0.0315139499500514,,,,,,,,,,
217,2024-09-08 11:35:33,ai_professor_interview.txt,1,0,0.0606060606060606,0.0,0.0101010101010101,0.0211330472249737,,,,,,,,,,
217,2024-09-08 11:35:33,ai_professor_interview.txt,2,0,0.0789473684210526,0.0,0.0175438596491228,0.0811136402882951,,,,,,,,,,
217,2024-09-08 11:35:33,ai_professor_interview.txt,3,0,0.0581395348837209,0.0,0.0116279069767441,0.0,,,,,,,,,,
217,2024-09-08 11:35:33,game_developer_interview.txt,1,0,0.0439560439560439,0.0,0.0219780219780219,0.0605193719036507,,,,,,,,,,
217,2024-09-08 11:35:33,game_developer_interview.txt,2,0,0.0606060606060606,0.0,0.0202020202020202,0.0593816587862705,,,,,,,,,,
217,2024-09-08 11:35:33,game_developer_interview.txt,3,0,0.0519480519480519,0.0,0.0129870129870129,0.0775393919155081,,,,,,,,,,
217,2024-09-08 11:35:33,fire_protection_engineer_interview.txt,1,0,0.1007751937984496,0.0465116279069767,0.0077519379844961,0.0,,,,,,,,,,
217,2024-09-08 11:35:33,fire_protection_engineer_interview.txt,2,0,0.0625,0.0178571428571428,0.0089285714285714,0.0407611697271842,,,,,,,,,,
217,2024-09-08 11:35:33,fire_protection_engineer_interview.txt,3,0,0.0620155038759689,0.0077519379844961,0.0155038759689922,0.0576589288513933,,,,,,,,,,
217,2024-09-08 11:35:33,safety_engineer_interview.txt,1,0,0.0948275862068965,0.043103448275862,0.0258620689655172,0.0454675110134519,,,,,,,,,,
217,2024-09-08 11:35:33,safety_engineer_interview.txt,2,0,0.0769230769230769,0.0329670329670329,0.0,0.0741995996381659,,,,,,,,,,
217,2024-09-08 11:35:33,safety_engineer_interview.txt,3,0,0.0902255639097744,0.0300751879699248,0.0150375939849624,0.0413207430581339,,,,,,,,,,
217,2024-09-08 11:35:33,environmental_scientist_interview.txt,1,0,0.0673076923076923,0.0,0.0096153846153846,0.0534300314907251,,,,,,,,,,
217,2024-09-08 11:35:33,environmental_scientist_interview.txt,2,0,0.0495049504950495,0.0,0.0396039603960396,0.0877567755185532,,,,,,,,,,
217,2024-09-08 11:35:33,environmental_scientist_interview.txt,3,0,0.0449438202247191,0.0,0.0,0.1066267081851516,,,,,,,,,,
217,2024-09-08 11:35:33,operations_manager_interview.txt,1,0,0.0990990990990991,0.0,0.036036036036036,0.0,,,,,,,,,,
217,2024-09-08 11:35:33,operations_manager_interview.txt,2,0,0.0714285714285714,0.0,0.0,0.047230742864624,,,,,,,,,,
217,2024-09-08 11:35:33,operations_manager_interview.txt,3,0,0.0677966101694915,0.0,0.0169491525423728,0.0929592690651228,,,,,,,,,,
217,2024-09-08 11:35:33,backend_developer_interview.txt,1,0,0.0578512396694214,0.0,0.0,0.1284026295844632,,,,,,,,,,
217,2024-09-08 11:35:33,backend_developer_interview.txt,2,0,0.0576923076923076,0.0,0.0096153846153846,0.0870056695430988,,,,,,,,,,
217,2024-09-08 11:35:33,backend_developer_interview.txt,3,0,0.042016806722689,0.0,0.0084033613445378,0.0437544042466496,,,,,,,,,,
217,2024-09-08 11:35:33,digital_marketing_specialist_interview.txt,1,0,0.0666666666666666,0.0,0.0111111111111111,0.1233454514559801,,,,,,,,,,
217,2024-09-08 11:35:33,digital_marketing_specialist_interview.txt,2,0,0.0353982300884955,0.0,0.0088495575221238,0.0,,,,,,,,,,
217,2024-09-08 11:35:33,digital_marketing_specialist_interview.txt,3,0,0.0679611650485436,0.0,0.0097087378640776,0.1264080048769068,,,,,,,,,,
217,2024-09-08 11:35:33,mechanical_engineer_interview.txt,1,0,0.0727272727272727,0.0,0.0,0.0662024475332696,,,,,,,,,,
217,2024-09-08 11:35:33,mechanical_engineer_interview.txt,2,0,0.0784313725490196,0.0,0.0,0.0445948178221984,,,,,,,,,,
217,2024-09-08 11:35:33,mechanical_engineer_interview.txt,3,0,0.0614035087719298,0.0,0.0087719298245614,0.0411470391941935,,,,,,,,,,
217,2024-09-08 11:35:33,software_quality_assurance_tester_interview.txt,1,0,0.045045045045045,0.0,0.0,0.0413513341749755,,,,,,,,,,
217,2024-09-08 11:35:33,software_quality_assurance_tester_interview.txt,2,0,0.0619469026548672,0.0088495575221238,0.0265486725663716,0.0458783496403244,,,,,,,,,,
217,2024-09-08 11:35:33,software_quality_assurance_tester_interview.txt,3,0,0.08130081300813,0.008130081300813,0.008130081300813,0.0444009606557039,,,,,,,,,,
217,2024-09-08 11:35:33,cybersecurity_specialist_interview.txt,1,0,0.0769230769230769,0.023076923076923,0.0,0.0,,,,,,,,,,
217,2024-09-08 11:35:33,cybersecurity_specialist_interview.txt,2,0,0.056,0.008,0.024,0.0433073475931765,,,,,,,,,,
217,2024-09-08 11:35:33,cybersecurity_specialist_interview.txt,3,0,0.099009900990099,0.0297029702970297,0.0,0.110208443279443,,,,,,,,,,
217,2024-09-08 11:35:33,product_manager_interview.txt,1,0,0.0608695652173913,0.0,0.008695652173913,0.0737688480628956,,,,,,,,,,
217,2024-09-08 11:35:33,product_manager_interview.txt,2,0,0.0353982300884955,0.0,0.0265486725663716,0.0829660006858995,,,,,,,,,,
217,2024-09-08 11:35:33,product_manager_interview.txt,3,0,0.110091743119266,0.0,0.0,0.0,,,,,,,,,,
217,2024-09-08 11:35:33,microbiologist_interview.txt,1,0,0.0823529411764705,0.0,0.0,0.1101574773451147,,,,,,,,,,
217,2024-09-08 11:35:33,microbiologist_interview.txt,2,0,0.087719298245614,0.0,0.0,0.0780188264815857,,,,,,,,,,
217,2024-09-08 11:35:33,microbiologist_interview.txt,3,0,0.044776119402985,0.0,0.0074626865671641,0.0568260682794716,,,,,,,,,,
217,2024-09-08 11:35:33,it_manager_interview.txt,1,0,0.0310077519379844,0.0,0.0077519379844961,0.0830915813122366,,,,,,,,,,
217,2024-09-08 11:35:33,it_manager_interview.txt,2,0,0.0575539568345323,0.0,0.0,0.1798682693699755,,,,,,,,,,
217,2024-09-08 11:35:33,it_manager_interview.txt,3,0,0.053030303030303,0.0,0.0075757575757575,0.0382738723689206,,,,,,,,,,
217,2024-09-08 11:35:33,industrial_engineer_interview.txt,1,0,0.0671641791044776,0.0,0.0373134328358208,0.1047357166686011,,,,,,,,,,
217,2024-09-08 11:35:33,industrial_engineer_interview.txt,2,0,0.072,0.0,0.016,0.0643330291584199,,,,,,,,,,
217,2024-09-08 11:35:33,industrial_engineer_interview.txt,3,0,0.0967741935483871,0.0,0.0161290322580645,0.0,,,,,,,,,,
217,2024-09-08 11:35:33,barista_interview.txt,1,0,0.0875,0.0,0.0,0.0681953019972214,,,,,,,,,,
217,2024-09-08 11:35:33,barista_interview.txt,2,0,0.0504201680672268,0.0,0.0168067226890756,0.1017040566415273,,,,,,,,,,
217,2024-09-08 11:35:33,barista_interview.txt,3,0,0.0692307692307692,0.0,0.0076923076923076,0.0932079290911632,,,,,,,,,,
217,2024-09-08 11:35:33,petroleum_engineer_interview.txt,1,0,0.1308411214953271,0.0,0.0,0.0843069329113059,,,,,,,,,,
217,2024-09-08 11:35:33,petroleum_engineer_interview.txt,2,0,0.0471698113207547,0.0,0.0094339622641509,0.0564175341466152,,,,,,,,,,
217,2024-09-08 11:35:33,petroleum_engineer_interview.txt,3,0,0.079646017699115,0.0088495575221238,0.0,0.0720336357130974,,,,,,,,,,
217,2024-09-08 11:35:33,business_analyst_interview.txt,1,0,0.0542635658914728,0.0,0.0077519379844961,0.0,,,,,,,,,,
217,2024-09-08 11:35:33,business_analyst_interview.txt,2,0,0.0462962962962962,0.0,0.0092592592592592,0.0806541259927466,,,,,,,,,,
217,2024-09-08 11:35:33,business_analyst_interview.txt,3,0,0.0659340659340659,0.0,0.0109890109890109,0.0,,,,,,,,,,
217,2024-09-08 11:35:33,data_engineer_interview.txt,1,0,0.1240310077519379,0.0,0.0077519379844961,0.15220760143159,,,,,,,,,,
217,2024-09-08 11:35:33,data_engineer_interview.txt,2,0,0.0818181818181818,0.0,0.009090909090909,0.0452239103227598,,,,,,,,,,
217,2024-09-08 11:35:33,data_engineer_interview.txt,3,0,0.1538461538461538,0.0076923076923076,0.0,0.0,,,,,,,,,,
217,2024-09-08 11:35:33,aerospace_engineer_interview.txt,1,0,0.0588235294117647,0.0,0.0117647058823529,0.0598364515055597,,,,,,,,,,
217,2024-09-08 11:35:33,aerospace_engineer_interview.txt,2,0,0.0444444444444444,0.0,0.0111111111111111,0.0372874438364637,,,,,,,,,,
217,2024-09-08 11:35:33,aerospace_engineer_interview.txt,3,0,0.0612244897959183,0.0,0.0306122448979591,0.047097992667724,,,,,,,,,,
217,2024-09-08 11:35:33,bartender_interview.txt,1,0,0.0636363636363636,0.0,0.009090909090909,0.0802144581933062,,,,,,,,,,
217,2024-09-08 11:35:33,bartender_interview.txt,2,0,0.072072072072072,0.0,0.0,0.0542195723652842,,,,,,,,,,
217,2024-09-08 11:35:33,bartender_interview.txt,3,0,0.0588235294117647,0.0,0.0,0.0973387164224358,,,,,,,,,,
217,2024-09-08 11:35:33,natural_language_processing_engineer_interview.txt,1,0,0.05,0.0,0.025,0.0164392722606681,,,,,,,,,,
217,2024-09-08 11:35:33,natural_language_processing_engineer_interview.txt,2,0,0.0381679389312977,0.0,0.0229007633587786,0.0706681390294403,,,,,,,,,,
217,2024-09-08 11:35:33,natural_language_processing_engineer_interview.txt,3,0,0.1185185185185185,0.0074074074074074,0.0,0.0796851750714229,,,,,,,,,,
217,2024-09-08 11:35:33,cto_of_a_fintec_interview.txt,1,0,0.0714285714285714,0.0,0.0158730158730158,0.0542815808204184,,,,,,,,,,
217,2024-09-08 11:35:33,cto_of_a_fintec_interview.txt,2,0,0.056,0.008,0.008,0.0907334966492485,,,,,,,,,,
217,2024-09-08 11:35:33,cto_of_a_fintec_interview.txt,3,0,0.073170731707317,0.0,0.0,0.0552888252461915,,,,,,,,,,
217,2024-09-08 11:35:33,database_administrator_interview.txt,1,0,0.0660377358490566,0.0,0.0,0.0548225848771237,,,,,,,,,,
217,2024-09-08 11:35:33,database_administrator_interview.txt,2,0,0.0254237288135593,0.0,0.0,0.024114343310107,,,,,,,,,,
217,2024-09-08 11:35:33,database_administrator_interview.txt,3,0,0.0863309352517985,0.0287769784172661,0.0287769784172661,0.104152812248344,,,,,,,,,,
217,2024-09-08 11:35:33,nuclear_engineer_interview.txt,1,0,0.0892857142857142,0.0,0.0089285714285714,0.0449991497095448,,,,,,,,,,
217,2024-09-08 11:35:33,nuclear_engineer_interview.txt,2,0,0.0421052631578947,0.0,0.0,0.0757479536132003,,,,,,,,,,
217,2024-09-08 11:35:33,nuclear_engineer_interview.txt,3,0,0.0566037735849056,0.0,0.0283018867924528,0.1100773347441114,,,,,,,,,,
217,2024-09-08 11:35:33,pharmacist_interview.txt,1,0,0.0654205607476635,0.0,0.0093457943925233,0.0,,,,,,,,,,
217,2024-09-08 11:35:33,pharmacist_interview.txt,2,0,0.0441176470588235,0.0,0.0,0.0690132425340739,,,,,,,,,,
217,2024-09-08 11:35:33,pharmacist_interview.txt,3,0,0.0842105263157894,0.0421052631578947,0.0,0.0934611119352368,,,,,,,,,,
217,2024-09-08 11:35:33,chef_interview.txt,1,0,0.0588235294117647,0.0,0.0,0.0332256967857307,,,,,,,,,,
217,2024-09-08 11:35:33,chef_interview.txt,2,0,0.0642857142857142,0.0,0.0142857142857142,0.0765835105514407,,,,,,,,,,
217,2024-09-08 11:35:33,chef_interview.txt,3,0,0.0543478260869565,0.0,0.0,0.0449413215361284,,,,,,,,,,
217,2024-09-08 11:35:33,hotel_manager_interview.txt,1,0,0.040650406504065,0.0,0.008130081300813,0.1413053520565927,,,,,,,,,,
217,2024-09-08 11:35:33,hotel_manager_interview.txt,2,0,0.0948275862068965,0.0,0.0,0.1099607806113364,,,,,,,,,,
217,2024-09-08 11:35:33,hotel_manager_interview.txt,3,0,0.0873015873015873,0.0079365079365079,0.0,0.0983426079695328,,,,,,,,,,
217,2024-09-08 11:35:33,mobile_app_developer_interview.txt,1,0,0.0526315789473684,0.0,0.0,0.1013216232627603,,,,,,,,,,
217,2024-09-08 11:35:33,mobile_app_developer_interview.txt,2,0,0.024390243902439,0.0,0.016260162601626,0.0251933432248417,,,,,,,,,,
217,2024-09-08 11:35:33,mobile_app_developer_interview.txt,3,0,0.0465116279069767,0.0,0.0387596899224806,0.0713877057334111,,,,,,,,,,
217,2024-09-08 11:35:33,graphic_designer_interview.txt,1,0,0.0701754385964912,0.0,0.0087719298245614,0.0907194463199692,,,,,,,,,,
217,2024-09-08 11:35:33,graphic_designer_interview.txt,2,0,0.0338983050847457,0.0,0.0169491525423728,0.1235217831475955,,,,,,,,,,
217,2024-09-08 11:35:33,graphic_designer_interview.txt,3,0,0.0827067669172932,0.0,0.0,0.1745280411231842,,,,,,,,,,
217,2024-09-08 11:35:33,geotechnical_engineer_interview.txt,1,0,0.0512820512820512,0.0,0.0256410256410256,0.0319974506476605,,,,,,,,,,
217,2024-09-08 11:35:33,geotechnical_engineer_interview.txt,2,0,0.0806451612903225,0.0,0.0161290322580645,0.0214325208060958,,,,,,,,,,
217,2024-09-08 11:35:33,geotechnical_engineer_interview.txt,3,0,0.058252427184466,0.0,0.0097087378640776,0.0773230010696247,,,,,,,,,,
217,2024-09-08 11:35:33,gardener_interview.txt,1,0,0.048076923076923,0.0,0.0,0.0456965816968714,,,,,,,,,,
217,2024-09-08 11:35:33,gardener_interview.txt,2,0,0.0598290598290598,0.0,0.0085470085470085,0.1140851410160635,,,,,,,,,,
217,2024-09-08 11:35:33,gardener_interview.txt,3,0,0.0606060606060606,0.0,0.0075757575757575,0.0,,,,,,,,,,
217,2024-09-08 11:35:33,ai_software_developer_interview.txt,1,0,0.09,0.0,0.0,0.0111499229117319,,,,,,,,,,
217,2024-09-08 11:35:33,ai_software_developer_interview.txt,2,0,0.0542635658914728,0.0,0.0077519379844961,0.1105557259653508,,,,,,,,,,
217,2024-09-08 11:35:33,ai_software_developer_interview.txt,3,0,0.089430894308943,0.0,0.008130081300813,0.0,,,,,,,,,,
217,2024-09-08 11:35:33,supply_chain_manager_interview.txt,1,0,0.0485436893203883,0.0,0.0097087378640776,0.110396931184179,,,,,,,,,,
217,2024-09-08 11:35:33,supply_chain_manager_interview.txt,2,0,0.0446428571428571,0.0,0.0,0.0139712343151882,,,,,,,,,,
217,2024-09-08 11:35:33,supply_chain_manager_interview.txt,3,0,0.0588235294117647,0.0073529411764705,0.0,0.028340865949965,,,,,,,,,,
217,2024-09-08 11:35:33,cloud_architect_interview.txt,1,0,0.0285714285714285,0.0,0.0380952380952381,0.0391645933980824,,,,,,,,,,
217,2024-09-08 11:35:33,cloud_architect_interview.txt,2,0,0.0708661417322834,0.0,0.0157480314960629,0.0392796140007774,,,,,,,,,,
217,2024-09-08 11:35:33,cloud_architect_interview.txt,3,0,0.0546875,0.0,0.0078125,0.0877736868278276,,,,,,,,,,
217,2024-09-08 11:35:33,mining_engineer_interview.txt,1,0,0.043103448275862,0.0,0.0,0.0623291883426047,,,,,,,,,,
217,2024-09-08 11:35:33,mining_engineer_interview.txt,2,0,0.0526315789473684,0.0,0.0,0.0706375811030402,,,,,,,,,,
217,2024-09-08 11:35:33,mining_engineer_interview.txt,3,0,0.0444444444444444,0.0,0.0222222222222222,0.0358635620371859,,,,,,,,,,
217,2024-09-08 11:35:33,devops_engineer_interview.txt,1,0,0.0977443609022556,0.0601503759398496,0.0,0.07311065388755,,,,,,,,,,
217,2024-09-08 11:35:33,devops_engineer_interview.txt,2,0,0.0526315789473684,0.0,0.0263157894736842,0.148397515332583,,,,,,,,,,
217,2024-09-08 11:35:33,devops_engineer_interview.txt,3,0,0.0842105263157894,0.0,0.0105263157894736,0.0,,,,,,,,,,
217,2024-09-08 11:35:33,system_administrator_interview.txt,1,0,0.0408163265306122,0.0,0.0204081632653061,0.0332782663987651,,,,,,,,,,
217,2024-09-08 11:35:33,system_administrator_interview.txt,2,0,0.0560747663551401,0.0,0.0186915887850467,0.0204433907247207,,,,,,,,,,
217,2024-09-08 11:35:33,system_administrator_interview.txt,3,0,0.0921052631578947,0.0,0.0,0.1253139835189771,,,,,,,,,,
217,2024-09-08 11:35:33,content_writer_interview.txt,1,0,0.0769230769230769,0.0,0.0109890109890109,0.055124321075318,,,,,,,,,,
217,2024-09-08 11:35:33,content_writer_interview.txt,2,0,0.0454545454545454,0.0,0.0113636363636363,0.1019393483798434,,,,,,,,,,
217,2024-09-08 11:35:33,content_writer_interview.txt,3,0,0.0518518518518518,0.0,0.0222222222222222,0.0877565421919958,,,,,,,,,,
217,2024-09-08 11:35:33,transportation_engineer_interview.txt,1,0,0.0656934306569343,0.0,0.0145985401459854,0.1117562157628961,,,,,,,,,,
217,2024-09-08 11:35:33,transportation_engineer_interview.txt,2,0,0.0241935483870967,0.0080645161290322,0.0161290322580645,0.0349067186143281,,,,,,,,,,
217,2024-09-08 11:35:33,transportation_engineer_interview.txt,3,0,0.0763358778625954,0.0,0.0076335877862595,0.1166303786213575,,,,,,,,,,
217,2024-09-08 11:35:33,lorry_driver_interview.txt,1,0,0.0454545454545454,0.0,0.0,0.0916819840397446,,,,,,,,,,
217,2024-09-08 11:35:33,lorry_driver_interview.txt,2,0,0.0458015267175572,0.0,0.0076335877862595,0.0567176989464362,,,,,,,,,,
217,2024-09-08 11:35:33,lorry_driver_interview.txt,3,0,0.0413223140495867,0.0,0.0,0.1123148981401632,,,,,,,,,,
217,2024-09-08 11:35:33,dentist_interview.txt,1,0,0.0592592592592592,0.0,0.0074074074074074,0.0704318199356172,,,,,,,,,,
217,2024-09-08 11:35:33,dentist_interview.txt,2,0,0.0526315789473684,0.0,0.0087719298245614,0.0940702620980976,,,,,,,,,,
217,2024-09-08 11:35:33,dentist_interview.txt,3,0,0.0555555555555555,0.0,0.0,0.1371066698362683,,,,,,,,,,
217,2024-09-08 11:35:33,physicist_interview.txt,1,0,0.0608695652173913,0.0,0.008695652173913,0.1139810973689073,,,,,,,,,,
217,2024-09-08 11:35:33,physicist_interview.txt,2,0,0.0508474576271186,0.0,0.0423728813559322,0.1136156482515152,,,,,,,,,,
217,2024-09-08 11:35:33,physicist_interview.txt,3,0,0.0503597122302158,0.0,0.0071942446043165,0.062641834791487,,,,,,,,,,
217,2024-09-08 11:35:33,architect_interview.txt,1,0,0.0459770114942528,0.0,0.0229885057471264,0.0,,,,,,,,,,
217,2024-09-08 11:35:33,architect_interview.txt,2,0,0.0687022900763358,0.0,0.0229007633587786,0.0876209078759001,,,,,,,,,,
217,2024-09-08 11:35:33,architect_interview.txt,3,0,0.0606060606060606,0.0378787878787878,0.0227272727272727,0.0480218505844039,,,,,,,,,,
217,2024-09-08 11:35:33,materials_engineer_interview.txt,1,0,0.0454545454545454,0.0,0.0181818181818181,0.0329382443745014,,,,,,,,,,
217,2024-09-08 11:35:33,materials_engineer_interview.txt,2,0,0.057471264367816,0.0,0.0114942528735632,0.0418562922438496,,,,,,,,,,
217,2024-09-08 11:35:33,materials_engineer_interview.txt,3,0,0.0508474576271186,0.0,0.0,0.0236745237289426,,,,,,,,,,
217,2024-09-08 11:35:33,computer_vision_engineer_interview.txt,1,0,0.0825688073394495,0.0,0.018348623853211,0.0651242189442417,,,,,,,,,,
217,2024-09-08 11:35:33,computer_vision_engineer_interview.txt,2,0,0.08,0.0,0.0,0.0806504300442508,,,,,,,,,,
217,2024-09-08 11:35:33,computer_vision_engineer_interview.txt,3,0,0.0564516129032258,0.0,0.0,0.0739659279494996,,,,,,,,,,
217,2024-09-08 11:35:33,data_scientist_interview.txt,1,0,0.0847457627118644,0.0,0.0084745762711864,0.0,,,,,,,,,,
217,2024-09-08 11:35:33,data_scientist_interview.txt,2,0,0.089430894308943,0.016260162601626,0.0,0.0524078414472835,,,,,,,,,,
217,2024-09-08 11:35:33,data_scientist_interview.txt,3,0,0.104,0.0,0.008,0.0,,,,,,,,,,
217,2024-09-08 11:35:33,structural_engineer_interview.txt,1,0,0.0827067669172932,0.0,0.0075187969924812,0.1294579871455792,,,,,,,,,,
217,2024-09-08 11:35:33,structural_engineer_interview.txt,2,0,0.056,0.0,0.016,0.0444434820554314,,,,,,,,,,
217,2024-09-08 11:35:33,structural_engineer_interview.txt,3,0,0.0747663551401869,0.0,0.0093457943925233,0.0492461992698414,,,,,,,,,,
217,2024-09-08 11:35:33,ai_ethicist_interview.txt,1,0,0.0671641791044776,0.0597014925373134,0.0,0.0,,,,,,,,,,
217,2024-09-08 11:35:33,ai_ethicist_interview.txt,2,0,0.0869565217391304,0.0608695652173913,0.0260869565217391,0.0463364020063631,,,,,,,,,,
217,2024-09-08 11:35:33,ai_ethicist_interview.txt,3,0,0.0962962962962963,0.0518518518518518,0.0,0.0627334709480612,,,,,,,,,,
217,2024-09-08 11:35:33,sales_manager_interview.txt,1,0,0.0454545454545454,0.0,0.0227272727272727,0.0927529785536527,,,,,,,,,,
217,2024-09-08 11:35:33,sales_manager_interview.txt,2,0,0.0727272727272727,0.0,0.0,0.1185601973267088,,,,,,,,,,
217,2024-09-08 11:35:33,sales_manager_interview.txt,3,0,0.0444444444444444,0.0,0.0,0.106219738259975,,,,,,,,,,
217,2024-09-08 11:35:33,frontend_developer_interview.txt,1,0,0.0338983050847457,0.0,0.0,0.0463880667322203,,,,,,,,,,
217,2024-09-08 11:35:33,frontend_developer_interview.txt,2,0,0.048076923076923,0.0,0.0192307692307692,0.0316033064174671,,,,,,,,,,
217,2024-09-08 11:35:33,frontend_developer_interview.txt,3,0,0.0677966101694915,0.0,0.0084745762711864,0.1521935579294296,,,,,,,,,,
217,2024-09-08 11:35:33,public_relations_specialist_interview.txt,1,0,0.0707070707070707,0.0,0.0,0.0612498751422564,,,,,,,,,,
217,2024-09-08 11:35:33,public_relations_specialist_interview.txt,2,0,0.1025641025641025,0.0341880341880341,0.0,0.0,,,,,,,,,,
217,2024-09-08 11:35:33,public_relations_specialist_interview.txt,3,0,0.0517241379310344,0.0,0.0086206896551724,0.1004132052736,,,,,,,,,,
217,2024-09-08 11:35:33,logistics_coordinator_interview.txt,1,0,0.0603448275862069,0.0,0.0344827586206896,0.0536258473420191,,,,,,,,,,
217,2024-09-08 11:35:33,logistics_coordinator_interview.txt,2,0,0.043010752688172,0.0,0.0,0.0355816989033996,,,,,,,,,,
217,2024-09-08 11:35:33,logistics_coordinator_interview.txt,3,0,0.054054054054054,0.0,0.0,0.041870378325629,,,,,,,,,,
217,2024-09-08 11:35:33,nurse_interview.txt,1,0,0.0652173913043478,0.0,0.0217391304347826,0.0792010942258981,,,,,,,,,,
217,2024-09-08 11:35:33,nurse_interview.txt,2,0,0.0514705882352941,0.0,0.0147058823529411,0.1370661560765469,,,,,,,,,,
217,2024-09-08 11:35:33,nurse_interview.txt,3,0,0.054054054054054,0.0,0.036036036036036,0.1152664333805689,,,,,,,,,,
217,2024-09-08 11:35:33,chemist_interview.txt,1,0,0.0727272727272727,0.0,0.0181818181818181,0.0527446151325422,,,,,,,,,,
217,2024-09-08 11:35:33,chemist_interview.txt,2,0,0.1075268817204301,0.0,0.0,0.1152384730306447,,,,,,,,,,
217,2024-09-08 11:35:33,chemist_interview.txt,3,0,0.0697674418604651,0.0,0.0077519379844961,0.0643850449549886,,,,,,,,,,
217,2024-09-08 11:35:33,manufacturing_engineer_interview.txt,1,0,0.0687022900763358,0.015267175572519,0.0229007633587786,0.0482168090314157,,,,,,,,,,
217,2024-09-08 11:35:33,manufacturing_engineer_interview.txt,2,0,0.0446428571428571,0.0,0.0089285714285714,0.0834938300109287,,,,,,,,,,
217,2024-09-08 11:35:33,manufacturing_engineer_interview.txt,3,0,0.0602409638554216,0.0,0.0,0.0635358168333495,,,,,,,,,,
217,2024-09-08 11:35:33,veterinarian_interview.txt,1,0,0.048076923076923,0.0,0.0096153846153846,0.0969298964109895,,,,,,,,,,
217,2024-09-08 11:35:33,veterinarian_interview.txt,2,0,0.05,0.0142857142857142,0.0,0.0695811870523281,,,,,,,,,,
217,2024-09-08 11:35:33,veterinarian_interview.txt,3,0,0.032520325203252,0.0,0.016260162601626,0.0394390204432756,,,,,,,,,,
217,2024-09-08 11:35:33,event_planner_interview.txt,1,0,0.0373134328358208,0.0,0.0,0.099059528098622,,,,,,,,,,
217,2024-09-08 11:35:33,event_planner_interview.txt,2,0,0.078125,0.0,0.0078125,0.0271201838699979,,,,,,,,,,
217,2024-09-08 11:35:33,event_planner_interview.txt,3,0,0.048076923076923,0.0,0.0,0.1572289573335409,,,,,,,,,,
217,2024-09-08 11:35:33,seo_specialist_interview.txt,1,0,0.0306122448979591,0.0,0.0,0.0418630458366323,,,,,,,,,,
217,2024-09-08 11:35:33,seo_specialist_interview.txt,2,0,0.0561797752808988,0.0,0.0,0.0469111864526693,,,,,,,,,,
217,2024-09-08 11:35:33,seo_specialist_interview.txt,3,0,0.0648148148148148,0.0,0.0092592592592592,0.1552382553045406,,,,,,,,,,
217,2024-09-08 11:35:33,procurement_specialist_interview.txt,1,0,0.1349206349206349,0.0079365079365079,0.0,0.0,,,,,,,,,,
217,2024-09-08 11:35:33,procurement_specialist_interview.txt,2,0,0.0467289719626168,0.0,0.0,0.0290324715415137,,,,,,,,,,
217,2024-09-08 11:35:33,procurement_specialist_interview.txt,3,0,0.0614035087719298,0.0,0.0087719298245614,0.0990984254553111,,,,,,,,,,
217,2024-09-08 11:35:33,aerospace_engineer_interview.txt,-999,0,0.0548308212173758,0.0,0.0178293539638077,0.0480739626699158,0.0090746222810393,-22.39228019751654,0.0,0.0,0.011075130789614,1.5910790693874617,0.0113061410215475,-49.35193438837489,74.0,76.0
217,2024-09-08 11:35:33,agricultural_engineer_interview.txt,-999,0,0.0456377917911273,0.0,0.0109669211195928,0.011394722776523,0.0069730377729906,-35.404123463912626,0.0,0.0,0.0114809600183229,-37.51084010840108,0.0098783166486343,-87.99515091413978,94.0,99.0
217,2024-09-08 11:35:33,ai_ethicist_interview.txt,-999,0,0.0834723323799681,0.0574743032021855,0.008695652173913,0.0363566243181414,0.014875306539273,18.14700635108176,0.0049040868504378,0.0,0.0150613113701641,-50.45245669848003,0.0325356583816519,-61.69667338376586,10.0,91.0
217,2024-09-08 11:35:33,ai_professor_interview.txt,-999,0,0.0658976546369447,0.0,0.0130909255756256,0.0340822291710896,0.0113684743774216,-6.728248763048711,0.0,0.0,0.0039311982797189,-25.408331791241707,0.0420786958568103,-64.09285019626586,42.0,92.0
217,2024-09-08 11:35:33,ai_software_developer_interview.txt,-999,0,0.0778981534001386,0.0,0.0052940064284363,0.0405685496256942,0.0204701310535737,10.257295586392232,0.0,0.0,0.0045886409905508,-69.8349235335802,0.0608665247425301,-57.25922205916984,17.0,88.0
217,2024-09-08 11:35:33,architect_interview.txt,-999,0,0.0584284540588831,0.0126262626262626,0.0228721806110592,0.0452142528201013,0.0115180748983522,-17.300179161695667,0.0218693283783949,0.0,0.0001329413508501,30.324941311064123,0.0438778740158845,-52.36476636767525,61.0,78.0
217,2024-09-08 11:35:33,astronomer_interview.txt,-999,0,0.0603797074385309,0.0052910052910052,0.0059134765017117,0.0224049461475774,0.019792235413115,-14.538368884388149,0.0091642899871369,0.0,0.0052056422918386,-66.30520320142512,0.0195158607931298,-76.39538911533178,55.0,96.0
217,2024-09-08 11:35:33,backend_developer_interview.txt,-999,0,0.0525201180281394,0.0,0.0060062486533074,0.0863875677914038,0.0090964815246191,-25.6628568855078,0.0,0.0,0.0052367468209077,-65.77659049861344,0.0423274975700418,-8.986841139563666,80.0,16.0
217,2024-09-08 11:35:33,barista_interview.txt,-999,0,0.0690503124326653,0.0,0.0081663434604611,0.087702429243304,0.0185405746278981,-2.265966830895792,0.0,0.0,0.0084133830483931,-53.46844053443765,0.0174195882811321,-7.601575906837013,32.0,14.0
217,2024-09-08 11:35:33,bartender_interview.txt,-999,0,0.0648439883734001,0.0,0.003030303030303,0.0772575823270087,0.0067063208083585,-8.219611364063041,0.0,0.0,0.0052486388108147,-82.73343187977335,0.0217111142556495,-18.605688373125343,43.0,27.0
217,2024-09-08 11:35:33,biologist_interview.txt,-999,0,0.0680868838763575,0.01,0.0063492063492063,0.0489864703554579,0.0312272387653812,-3.629606692338399,0.0173205080756887,0.0,0.0109971479845643,-63.822428700477474,0.0437409249891785,-48.3905668088853,36.0,74.0
217,2024-09-08 11:35:33,biomedical_engineer_interview.txt,-999,0,0.0856556387346051,0.0,0.0033003300330033,0.0789197619677442,0.0227655924444408,21.237265151727968,0.0,0.0,0.0057163392989071,-81.19482679975314,0.0318817554345985,-16.854507924775135,7.0,25.0
217,2024-09-08 11:35:33,business_analyst_interview.txt,-999,0,0.0554979760406117,0.0,0.0093334027442554,0.0268847086642488,0.0098769086964874,-21.44798712590089,0.0,0.0,0.0016198096651814,-46.81857468852488,0.0465656813531662,-71.67575933513768,72.0,95.0
217,2024-09-08 11:35:33,business_intelligence_analyst_interview.txt,-999,0,0.0687741763372015,0.0,0.0128851540616246,0.1003877971033804,0.0087949076901518,-2.6568107440144217,0.0,0.0,0.0111623859076589,-26.580811186263105,0.0562029429299538,5.763025386719647,35.0,8.0
217,2024-09-08 11:35:33,chef_interview.txt,-999,0,0.0591523565948118,0.0,0.0047619047619047,0.0515835096244333,0.0049770976432038,-16.27556519594934,0.0,0.0,0.0082478609884232,-72.86682152535812,0.0224290882691609,-45.654470011661154,59.0,69.0
217,2024-09-08 11:35:33,chemical_engineer_interview.txt,-999,0,0.0718084273182957,0.0,0.0156272377372001,0.0708178587504109,0.0017176512571054,1.63787780382998,0.0,0.0,0.0054242753193317,-10.95650757628681,0.0689536349550145,-25.390224619236847,27.0,39.0
217,2024-09-08 11:35:33,chemist_interview.txt,-999,0,0.0833405321027226,0.0,0.0086445853887714,0.0774560443727252,0.0209982089846374,17.960455816924977,0.0,0.0,0.0091237186848588,-50.74343357950845,0.0332341516828835,-18.396599748959304,11.0,26.0
217,2024-09-08 11:35:33,civil_engineer_interview.txt,-999,0,0.0748457883658269,0.0,0.011100938334159,0.0633969770053524,0.012732133342275,5.936968349661214,0.0,0.0,0.0034094988331135,-36.74721437808669,0.017188509235205,-33.20845479303192,23.0,52.0
217,2024-09-08 11:35:33,cloud_architect_interview.txt,-999,0,0.0513750234345706,0.0,0.0205519231971003,0.0554059647422291,0.0213410418229086,-27.283627437396945,0.0,0.0,0.0157025185318364,17.10419002185195,0.0280313285841514,-41.62734291725233,83.0,62.0
217,2024-09-08 11:35:33,computer_vision_engineer_interview.txt,-999,0,0.0730068067475584,0.0,0.0061162079510703,0.0732468589793307,0.01439463529251,3.33406788266484,0.0,0.0,0.0105935829209105,-65.1500459958728,0.0077880423033267,-22.831164451684472,26.0,36.0
217,2024-09-08 11:35:33,construction_manager_interview.txt,-999,0,0.0845533482626598,0.0,0.0189321197235666,0.076807083260755,0.0285329359907958,19.67707969055212,0.0,0.0,0.0084526221862361,7.874602506192673,0.0695745010677526,-19.0803092489258,9.0,29.0
217,2024-09-08 11:35:33,content_writer_interview.txt,-999,0,0.0580764914098247,0.0,0.0148582898582898,0.0816067372157191,0.0166320991283872,-17.798348221407025,0.0,0.0,0.0063801027372806,-15.337947583882524,0.0240057653765828,-14.02365955908776,64.0,22.0
217,2024-09-08 11:35:33,cto_of_a_fintec_interview.txt,-999,0,0.0668664343786295,0.0026666666666666,0.0079576719576719,0.0667679675719528,0.0094508374067066,-5.35703481670042,0.004618802153517,0.0,0.007936592592141,-54.65744397126511,0.0207608663908648,-29.656965755907265,40.0,45.0
217,2024-09-08 11:35:33,customer_service_representative_interview.txt,-999,0,0.0581985266195792,0.0,0.0059542796384901,0.0671208891698068,0.0164720762626921,-17.6256191950239,0.0,0.0,0.005159023304182,-66.07270825499324,0.0489025078385463,-29.28514709875597,63.0,43.0
217,2024-09-08 11:35:33,cybersecurity_specialist_interview.txt,-999,0,0.0773109926377253,0.0202599644579842,0.008,0.0511719302908732,0.0215075743575556,9.426226364435236,0.0111223276261782,0.0,0.013856406460551,-54.41626016260162,0.0555235444498658,-46.08808721175909,19.0,70.0
217,2024-09-08 11:35:33,data_engineer_interview.txt,-999,0,0.1198984478054245,0.0025641025641025,0.0056142823584684,0.0658105039181166,0.0361913764231097,69.70464668304683,0.0044411559168432,0.0,0.0049079869301384,-68.01000169973511,0.0781642140642681,-30.665696454751668,1.0,48.0
217,2024-09-08 11:35:33,data_scientist_interview.txt,-999,0,0.0927255523402691,0.005420054200542,0.0054915254237288,0.0174692804824278,0.0100410403865582,31.244043491977635,0.0093878092551158,0.0,0.0047617165254651,-68.70946672178586,0.0302576813672363,-81.5953332131787,2.0,98.0
217,2024-09-08 11:35:33,database_administrator_interview.txt,-999,0,0.0592641333048048,0.0095923261390887,0.0095923261390887,0.0610299134785249,0.0310134360817725,-16.1173560829545,0.0166143962356726,0.0,0.0166143962356726,-45.34323760503791,0.0403786741209838,-35.70226188018239,58.0,55.0
217,2024-09-08 11:35:33,dentist_interview.txt,-999,0,0.0558154645873944,0.0,0.0053931124106562,0.1005362506233277,0.0033214757424644,-20.998612820863087,0.0,0.0,0.0047201405129731,-69.27022086985002,0.033804447311336,5.919427796693483,71.0,6.0
217,2024-09-08 11:35:33,devops_engineer_interview.txt,-999,0,0.0781954887218045,0.0200501253132832,0.0122807017543859,0.073836056406711,0.0231500816817152,10.67814495211195,0.0347278357407293,0.0,0.0132453235706504,-30.024960775923542,0.0742014170742861,-22.210418661181293,16.0,35.0
217,2024-09-08 11:35:33,digital_marketing_specialist_interview.txt,-999,0,0.0566753539345686,0.0,0.0098898021657708,0.0832511521109623,0.018437893884227,-19.78152268733997,0.0,0.0,0.001141597288879,-43.64822887902008,0.0721138721343955,-12.291195063101242,68.0,19.0
217,2024-09-08 11:35:33,doctor_interview.txt,-999,0,0.0602297484650425,0.0,0.0097643097643097,0.0522903051616822,0.0089849186448038,-14.750621295312598,0.0,0.0,0.0091654259857348,-44.36328050149187,0.0202047210831162,-44.90982936303435,56.0,67.0
217,2024-09-08 11:35:33,electrical_engineer_interview.txt,-999,0,0.0882428940568475,0.0066666666666666,0.0034722222222222,0.039980860416496,0.0102279568387673,24.89927461370624,0.0115470053837925,0.0,0.0060140653040586,-80.21539069557362,0.0105493860274732,-57.87837887449393,4.0,90.0
217,2024-09-08 11:35:33,environmental_engineer_interview.txt,-999,0,0.0850391671820243,0.0,0.0146464646464646,0.0757482535843909,0.0057403325072782,20.364709343577218,0.0,0.0,0.0137481389786022,-16.54492075223783,0.0665124574639047,-20.19583357730795,8.0,31.0
217,2024-09-08 11:35:33,environmental_scientist_interview.txt,-999,0,0.0539188210091536,0.0,0.0164064483371414,0.08260450506481,0.0118172493974848,-23.683128210514862,0.0,0.0,0.0206568954496431,-6.516590918003615,0.0269700022423844,-12.97246659143272,78.0,20.0
217,2024-09-08 11:35:33,event_planner_interview.txt,-999,0,0.0545051186375813,0.0,0.0026041666666666,0.0944695564340536,0.021151531321009,-22.85328067116309,0.0,0.0,0.0045105489780439,-85.16154302168022,0.0651757172032501,-0.4721053384833027,75.0,12.0
217,2024-09-08 11:35:33,financial_analyst_interview.txt,-999,0,0.0676149780212825,0.0029498525073746,0.0116001867826685,0.1144640016456769,0.0109990487697447,-4.297543749648227,0.0051092944176073,0.0,0.0104294293817635,-33.902512954201285,0.0486399351293362,20.59293520954837,38.0,3.0
217,2024-09-08 11:35:33,fire_protection_engineer_interview.txt,-999,0,0.0750968992248062,0.0240402362495385,0.0107281284606865,0.0328066995261925,0.0222393748401715,6.292391462982081,0.0201060034230084,0.0,0.0041775518863019,-38.87147291323412,0.029641073128454,-65.43667761461074,21.0,94.0
217,2024-09-08 11:35:33,focus_group_interview.txt,-999,0,0.0588235294117647,0.0,0.0,0.0,0.0,-16.74098824303796,0.0,0.0,0.0,-100.0,0.0,-100.0,60.0,100.0
217,2024-09-08 11:35:33,frontend_developer_interview.txt,-999,0,0.0499239461103867,0.0,0.0092351151673185,0.0767283103597056,0.0170244645281205,-29.337486925303224,0.0,0.0,0.0096379165726401,-47.37861410556739,0.0657715742358427,-19.163300016467915,89.0,30.0
217,2024-09-08 11:35:33,full_stack_developer_interview.txt,-999,0,0.0804121707008846,0.0123456790123456,0.0101876154369592,0.0483128022847362,0.0780055017087343,13.815643718392453,0.0213833433033194,0.0,0.0040072722095984,-41.95129854477313,0.0514378645862778,-49.10030619277265,13.0,75.0
217,2024-09-08 11:35:33,game_developer_interview.txt,-999,0,0.0521700521700521,0.0,0.0183890183890183,0.0658134742018097,0.0083272280313069,-26.15834122120914,0.0,0.0,0.0047618055766234,4.7800287637686125,0.0101708631617814,-30.662567128292565,82.0,47.0
217,2024-09-08 11:35:33,gardener_interview.txt,-999,0,0.0561706811706811,0.0,0.0053742553742553,0.0532605742376449,0.0070201583039181,-20.49583813223272,0.0,0.0,0.0046795082789833,-69.37766765002537,0.057417465439807,-43.88760758036767,70.0,66.0
217,2024-09-08 11:35:33,geneticist_interview.txt,-999,0,0.0611336032388664,0.0096153846153846,0.0101407364565259,0.0973580478295555,0.0279117427581266,-13.471302356226062,0.0166543346881622,0.0,0.008783849262908,-42.21841345076261,0.0114069685173857,2.571049283957322,52.0,9.0
217,2024-09-08 11:35:33,geologist_interview.txt,-999,0,0.0897087359987703,0.0,0.0084852734922861,0.0625965489539741,0.0186570725171784,26.97403198880508,0.0,0.0,0.0087032835354668,-51.651187584807126,0.0571174070875316,-34.05174147488816,3.0,53.0
217,2024-09-08 11:35:33,geotechnical_engineer_interview.txt,-999,0,0.0633932132522799,0.0,0.0171595985877226,0.0435843241744603,0.0153417345298937,-10.273043112785928,0.0,0.0,0.0080159839490695,-2.225165282882997,0.0296922241439828,-54.08196895306461,46.0,82.0
217,2024-09-08 11:35:33,graphic_designer_interview.txt,-999,0,0.06226017019951,0.0,0.0085736941223114,0.129589756863583,0.0253486704180317,-11.87675587526506,0.0,0.0,0.0084763150024872,-51.14736971039053,0.0422325155476891,36.5285935192658,51.0,1.0
217,2024-09-08 11:35:33,hotel_manager_interview.txt,-999,0,0.0742598600041829,0.0026455026455026,0.002710027100271,0.1165362468791539,0.029348878825487,5.107643471696633,0.0045821449935684,0.0,0.0046939046275579,-84.55835371361843,0.0222233416108369,22.77613806447352,25.0,2.0
217,2024-09-08 11:35:33,human_resources_manager_interview.txt,-999,0,0.0639151864060417,0.0,0.0236426564141502,0.0579282148176675,0.0148051245436644,-9.534240640706187,0.0,0.0,0.007475764681373,34.71508738095281,0.0734851947736557,-38.97003987388016,45.0,58.0
217,2024-09-08 11:35:33,industrial_engineer_interview.txt,-999,0,0.0786461242176215,0.0,0.0231474883646284,0.056356248609007,0.0158844724236964,11.3159758748657,0.0,0.0,0.01226823742033,31.8936359378038,0.0528215330852058,-40.62617644456724,15.0,59.0
217,2024-09-08 11:35:33,it_manager_interview.txt,-999,0,0.0471973372676066,0.0,0.0051092318534179,0.1004112410170443,0.0142018613496248,-33.1967378061636,0.0,0.0,0.0044256013696548,-70.88776305310621,0.072368648424168,5.787724596260446,92.0,7.0
217,2024-09-08 11:35:33,logistics_coordinator_interview.txt,-999,0,0.0524698781094776,0.0,0.0114942528735632,0.0436926415236826,0.008774950040325,-25.733966627142763,0.0,0.0,0.019908629972056,-34.50612092327819,0.0091590559333901,-53.96785179055914,81.0,81.0
217,2024-09-08 11:35:33,lorry_driver_interview.txt,-999,0,0.0441927954072298,0.0,0.0025445292620865,0.086904860375448,0.0024919563434483,-37.44937596947936,0.0,0.0,0.0044072539632795,-85.50135501355014,0.0281047651195438,-8.44185031122339,95.0,15.0
217,2024-09-08 11:35:33,machine_learning_engineer_interview.txt,-999,0,0.0536580017734597,0.0,0.005050505050505,0.0497500160439961,0.0071176400905742,-24.05229259130316,0.0,0.0,0.0087477313513579,-71.2223864662889,0.0434329688699764,-47.5861373426463,79.0,73.0
217,2024-09-08 11:35:33,manufacturing_engineer_interview.txt,-999,0,0.0578620370248715,0.005089058524173,0.01060977826245,0.0650821519585646,0.012204857554227,-18.101887644095555,0.0088145079265591,0.0,0.0115425769617275,-39.54582849399921,0.0176892740534159,-31.43304775651628,65.0,49.0
217,2024-09-08 11:35:33,marine_engineer_interview.txt,-999,0,0.0663451012588943,0.0026041666666666,0.0147321428571428,0.0635955669632064,0.0085941694008704,-6.094931382570891,0.0045105489780439,0.0,0.0143066253205018,-16.05672909407666,0.0563358613200052,-32.99923140771915,41.0,51.0
217,2024-09-08 11:35:33,marketing_manager_interview.txt,-999,0,0.0574734490678158,0.0,0.0056307911617961,0.0433353117732308,0.010230270987519,-18.65189628194257,0.0,0.0,0.0048827850487395,-67.91593507524526,0.0335050053371757,-54.34431463324448,66.0,83.0
217,2024-09-08 11:35:33,materials_engineer_interview.txt,-999,0,0.0512577558164933,0.0,0.0098920236851271,0.0328230201157645,0.0060188571849888,-27.449608399264463,0.0,0.0,0.0091961938799908,-43.63557073397275,0.0090914319034334,-65.41948314497358,84.0,93.0
217,2024-09-08 11:35:33,mechanical_engineer_interview.txt,-999,0,0.0708540513494073,0.0,0.0029239766081871,0.0506481015165538,0.0086671076461903,0.2870510035879476,0.0,0.0,0.005064476045523,-83.3392763752199,0.0135803186403236,-46.639964208318496,30.0,72.0
217,2024-09-08 11:35:33,meteorologist_interview.txt,-999,0,0.0676512666704869,0.0,0.0157341100834086,0.0407192739003882,0.0157789142996009,-4.246180679445359,0.0,0.0,0.000801866882806,-10.34755242311398,0.0705278512427857,-57.10042730770777,37.0,87.0
217,2024-09-08 11:35:33,microbiologist_interview.txt,-999,0,0.0716161196083565,0.0,0.0024875621890547,0.081667457368724,0.023398475491293,1.3656848558227068,0.0,0.0,0.00430858409843,-85.82595154309752,0.0268522658028084,-13.95968816745406,28.0,21.0
217,2024-09-08 11:35:33,mining_engineer_interview.txt,-999,0,0.0467264905558916,0.0,0.0074074074074074,0.0562767771609436,0.0051577242427647,-33.86317574857249,0.0,0.0,0.0128300059819916,-57.79283348389039,0.0181598970628145,-40.70990316257054,93.0,60.0
217,2024-09-08 11:35:33,mobile_app_developer_interview.txt,-999,0,0.041177816918928,0.0,0.0183399508413688,0.0659675574070043,0.0148569985536164,-41.71678616935595,0.0,0.0,0.019463363791065,4.500443472954331,0.0383524739918186,-30.50023359361124,97.0,46.0
217,2024-09-08 11:35:33,natural_language_processing_engineer_interview.txt,-999,0,0.0688954858166054,0.0024691358024691,0.0159669211195928,0.0555975287871771,0.043380104289694,-2.485108918691836,0.0042766686606638,0.0,0.0138675385756967,-9.02100271002709,0.0342104300673422,-41.42552164481066,33.0,61.0
217,2024-09-08 11:35:33,network_administrator_interview.txt,-999,0,0.0611014125782108,0.0116959064327485,0.0237292955981766,0.0677886964885345,0.0239657375189806,-13.516865120323883,0.0202579041820921,0.0,0.024113132260403,35.208754634001025,0.0437899583450664,-28.581582278708154,54.0,42.0
217,2024-09-08 11:35:33,neuroscientist_interview.txt,-999,0,0.0512170987941831,0.0026666666666666,0.0144143248977901,0.0424897054500683,0.0090189791900086,-27.50715447873958,0.004618802153517,0.0,0.0055555106858179,-17.867645490924716,0.0430262860033163,-55.23519864110567,85.0,85.0
217,2024-09-08 11:35:33,no_persona_interview.txt,-999,0,0.0706512462380337,0.0,0.0175501177142041,0.094917667810953,0.0216471921120907,0.0,0.0,0.0,0.018795860180529,0.0,0.027153427299694,0.0,31.0,11.0
217,2024-09-08 11:35:33,nuclear_engineer_interview.txt,-999,0,0.0626649170095049,0.0,0.0124101527403414,0.0769414793556188,0.0241671644357858,-11.303875945261863,0.0,0.0,0.0144685954856044,-29.287353267737515,0.0325555052122015,-18.938716963776685,49.0,28.0
217,2024-09-08 11:35:33,nurse_interview.txt,-999,0,0.0569140111978986,0.0,0.0241603496079199,0.110511227894338,0.00730603618957,-19.443726433150843,0.0,0.0,0.0108692497785903,37.66488636350152,0.0292241395109772,16.428511617502693,67.0,4.0
217,2024-09-08 11:35:33,occupational_therapist_interview.txt,-999,0,0.0388266702776472,0.0,0.0174767476747674,0.0615201787989723,0.0141881073971164,-45.044606648784544,0.0,0.0,0.0155319870303768,-0.4180600986927913,0.0268749397537979,-35.185745480491875,99.0,54.0
217,2024-09-08 11:35:33,operations_manager_interview.txt,-999,0,0.079441426899054,0.0,0.0176617295261363,0.0467300039765822,0.01712062624118,12.441649835029068,0.0,0.0,0.018028582799709,0.6359604747368337,0.0464816574667467,-50.76785486380242,14.0,77.0
217,2024-09-08 11:35:33,petroleum_engineer_interview.txt,-999,0,0.0858856501717322,0.0029498525073746,0.0031446540880503,0.0709193675903395,0.0421831932957591,21.56282407584401,0.0051092944176073,0.0,0.0054467006527323,-82.08186327146291,0.0139780483598758,-25.283280525192325,6.0,38.0
217,2024-09-08 11:35:33,pharmacist_interview.txt,-999,0,0.0645829113740921,0.0140350877192982,0.0031152647975077,0.0541581181564369,0.0200595609157627,-8.58914058429555,0.0243094850185105,0.0,0.0053957969083142,-82.24932249322492,0.0484690715946676,-42.942004997106174,44.0,63.0
217,2024-09-08 11:35:33,physical_therapist_interview.txt,-999,0,0.0776564825783282,0.0023980815347721,0.0071024840101145,0.0753677820916746,0.0263030992224335,9.915233931886933,0.0041535990589181,0.0,0.0063070196502622,-59.53027708545715,0.0262464004677375,-20.59667727847652,18.0,32.0
217,2024-09-08 11:35:33,physicist_interview.txt,-999,0,0.0540255783582419,0.0,0.0194209260447205,0.0967461934706365,0.0059320815056105,-23.532023517005825,0.0,0.0,0.019891147418598,10.659805027987248,0.0295358062180704,1.926433404711787,77.0,10.0
217,2024-09-08 11:35:33,procurement_specialist_interview.txt,-999,0,0.0810177052183938,0.0026455026455026,0.0029239766081871,0.0427102989989416,0.0472544165185173,14.672719212105775,0.0045821449935684,0.0,0.005064476045523,-83.3392763752199,0.0509454286947989,-55.00279349045167,12.0,84.0
217,2024-09-08 11:35:33,product_manager_interview.txt,-999,0,0.0687865128083843,0.0,0.0117481082467615,0.0522449495829317,0.0379708936764512,-2.6393496632272644,0.0,0.0,0.0135349961143919,-33.05966126225324,0.0454785440816327,-44.957613489842906,34.0,68.0
217,2024-09-08 11:35:33,professor_of_classics_interview.txt,-999,0,0.0611153552330022,0.0,0.0061681238151826,0.0728153593663539,0.0261419994381492,-13.49713064211734,0.0,0.0,0.0054087721688619,-64.85423109048168,0.0363220071548864,-23.285768555354807,53.0,37.0
217,2024-09-08 11:35:33,project_manager_interview.txt,-999,0,0.040186022406408,0.0,0.0313364648842841,0.0600194207659177,0.0098787579116307,-43.12057529598863,0.0,0.0,0.0214392955446953,78.55415783862236,0.0497708470280647,-36.76686105956788,98.0,56.0
217,2024-09-08 11:35:33,psychologist_interview.txt,-999,0,0.0507208066598474,0.002415458937198,0.0261500725978538,0.0400466858845506,0.0188810284074656,-28.20960795374773,0.0041836976028233,0.0,0.0047909399839845,49.00226325370636,0.017954888617755,-57.80902880556296,86.0,89.0
217,2024-09-08 11:35:33,public_relations_specialist_interview.txt,-999,0,0.0749984370674025,0.0113960113960113,0.0028735632183908,0.0538876934719521,0.0256902193432022,6.153027810327046,0.0197384707415256,0.0,0.004977157493014,-83.62653023081955,0.050609823528041,-43.22690947350289,22.0,64.0
217,2024-09-08 11:35:33,quality_control_engineer_interview.txt,-999,0,0.0624287836630216,0.0,0.0132078290751531,0.0707746374070316,0.0155534504228024,-11.638099839469902,0.0,0.0,0.0159500015841685,-24.74221945267413,0.0364743133413402,-25.435760233813227,50.0,40.0
217,2024-09-08 11:35:33,restaurant_manager_interview.txt,-999,0,0.0598364598364598,0.0037037037037037,0.0074074074074074,0.0424769058623897,0.0138875926258032,-15.307283278680444,0.0064150029909958,0.0,0.0128300059819916,-57.79283348389039,0.0043504564912869,-55.24868357807652,57.0,86.0
217,2024-09-08 11:35:33,retail_manager_interview.txt,-999,0,0.0758071108654853,0.0,0.0075596122183459,0.0207524511111663,0.0432659891979006,7.297627291783115,0.0,0.0,0.0001813744648619,-56.92557542091257,0.0359442997061293,-78.13636640072222,20.0,97.0
217,2024-09-08 11:35:33,robotics_engineer_interview.txt,-999,0,0.0583835662416713,0.0,0.0128342245989304,0.0740966363403292,0.0118175020341139,-17.363713521812357,0.0,0.0,0.015058960257036,-26.87100560845181,0.0446363190310999,-21.9358860692752,62.0,34.0
217,2024-09-08 11:35:33,safety_engineer_interview.txt,-999,0,0.0873254090132493,0.0353818897376066,0.0136332209834932,0.0536626179032506,0.0092979049786215,23.60066334716593,0.0068416037276799,0.0,0.0129881041895934,-22.31835019283561,0.0179059943930516,-43.46403663211555,5.0,65.0
217,2024-09-08 11:35:33,sales_manager_interview.txt,-999,0,0.0542087542087542,0.0,0.0075757575757575,0.1058443047134455,0.0160454579898233,-23.27275583205214,0.0,0.0,0.0131215970270369,-56.83357969943335,0.0129077049842715,11.511699723022131,76.0,5.0
217,2024-09-08 11:35:33,seo_specialist_interview.txt,-999,0,0.0505356116645576,0.0,0.0030864197530864,0.0813374958646141,0.017786128989338,-28.47173354268058,0.0,0.0,0.0053458358258298,-82.41368061828766,0.0640496886430233,-14.307317340946923,88.0,23.0
217,2024-09-08 11:35:33,shop_assistant_interview.txt,-999,0,0.0489036708548903,0.0,0.0092592592592592,0.0794152865978313,0.0075805131521386,-30.781587786679367,0.0,0.0,0.0160375074774896,-47.241041854862985,0.0401423217191564,-16.33245060761253,91.0,24.0
217,2024-09-08 11:35:33,social_media_manager_interview.txt,-999,0,0.0296239503468419,0.0,0.0209090909090909,0.0848462323556859,0.0067165528586563,-58.07016588633869,0.0,0.0,0.0200618877188308,19.139320029563933,0.0735823879732686,-10.610706823650888,100.0,18.0
217,2024-09-08 11:35:33,software_quality_assurance_tester_interview.txt,-999,0,0.0627642535693474,0.0056598796076456,0.0115595846223948,0.0438768814903346,0.0181416985019682,-11.163274660596784,0.0049147827406753,0.0,0.0136025410689936,-34.133862743045,0.0023085626447115,-53.77374676153655,48.0,80.0
217,2024-09-08 11:35:33,speech_therapist_interview.txt,-999,0,0.0566419602666937,0.0,0.0063492063492063,0.0669799041283666,0.0087029981677694,-19.828788191705456,0.0,0.0,0.0109971479845643,-63.822428700477474,0.0210258350421744,-29.43368113324256,69.0,44.0
217,2024-09-08 11:35:33,structural_engineer_interview.txt,-999,0,0.0711577073524933,0.0,0.0109548637950015,0.0743825561569507,0.0137142117504206,0.7168466820151025,0.0,0.0,0.0044636901068712,-37.57954235181449,0.0477571339916643,-21.63465677949648,29.0,33.0
217,2024-09-08 11:35:33,supply_chain_manager_interview.txt,-999,0,0.05067002529167,0.0024509803921568,0.0032362459546925,0.0509030104831107,0.0073255610704311,-28.281484064759724,0.0042452225675707,0.0,0.0056053424193167,-81.5599757939327,0.0520217889794126,-46.37140623335371,87.0,71.0
217,2024-09-08 11:35:33,system_administrator_interview.txt,-999,0,0.0629987853478823,0.0,0.0130332506834509,0.059678546880821,0.0263361972264076,-10.831317630787623,0.0,0.0,0.0113197117684075,-25.73696145124717,0.0572030717304857,-37.125986913540174,47.0,57.0
217,2024-09-08 11:35:33,transportation_engineer_interview.txt,-999,0,0.0554076189688755,0.0026881720430107,0.0127870533967698,0.0877644376661939,0.0275509359613157,-21.57587881436706,0.0046560505579808,0.0,0.0045281626931149,-27.139785584340416,0.045840955633769,-7.536247265373319,73.0,13.0
217,2024-09-08 11:35:33,travel_agent_interview.txt,-999,0,0.0497028200548739,0.0,0.0186578693637728,0.0852174211265346,0.032474334301964,-29.650469451850384,0.0,0.0,0.0069876896278449,6.311932874798359,0.0389138725049479,-10.21964288433452,90.0,17.0
217,2024-09-08 11:35:33,veterinarian_interview.txt,-999,0,0.0435324160933917,0.0047619047619047,0.0086251824056702,0.0686500346355311,0.0095851012275583,-38.38407896341272,0.0082478609884232,0.0,0.008175181788188,-50.8539911462279,0.0287567468344603,-27.674124092196408,96.0,41.0
217,2024-09-08 11:35:33,warehouse_manager_interview.txt,-999,0,0.0671234125691957,0.0,0.0040160642570281,0.0650412265723094,0.0171348523519315,-4.993307063476649,0.0,0.0,0.006956027339634,-77.11659646716949,0.0177789052236073,-31.47616447777486,39.0,50.0
217,2024-09-08 11:35:33,water_resources_engineer_interview.txt,-999,0,0.0744840154715706,0.0062893081761006,0.0,0.0440006396611022,0.0417985788669561,5.424913837505187,0.0108934013054646,0.0,0.0,-100.0,0.0503493136199581,-53.64336200428139,24.0,79.0
218,2024-09-08 11:37:42,restaurant_manager_interview.txt,1,0,0.0714285714285714,0.0,0.0,0.0466530557892966,,,,,,,,,,
218,2024-09-08 11:37:42,restaurant_manager_interview.txt,2,0,0.0636363636363636,0.0,0.0,0.0428067433298522,,,,,,,,,,
218,2024-09-08 11:37:42,restaurant_manager_interview.txt,3,0,0.0444444444444444,0.0111111111111111,0.0222222222222222,0.0379709184680204,,,,,,,,,,
218,2024-09-08 11:37:42,geneticist_interview.txt,1,0,0.0384615384615384,0.0288461538461538,0.0,0.0937095795782794,,,,,,,,,,
218,2024-09-08 11:37:42,geneticist_interview.txt,2,0,0.0526315789473684,0.0,0.0150375939849624,0.0882216505718651,,,,,,,,,,
218,2024-09-08 11:37:42,geneticist_interview.txt,3,0,0.0923076923076923,0.0,0.0153846153846153,0.1101429133385219,,,,,,,,,,
218,2024-09-08 11:37:42,speech_therapist_interview.txt,1,0,0.0510204081632653,0.0,0.0,0.0432621003107774,,,,,,,,,,
218,2024-09-08 11:37:42,speech_therapist_interview.txt,2,0,0.0522388059701492,0.0,0.0,0.0833315864428225,,,,,,,,,,
218,2024-09-08 11:37:42,speech_therapist_interview.txt,3,0,0.0666666666666666,0.0,0.019047619047619,0.0743460256315,,,,,,,,,,
218,2024-09-08 11:37:42,customer_service_representative_interview.txt,1,0,0.0545454545454545,0.0,0.009090909090909,0.0311974890850877,,,,,,,,,,
218,2024-09-08 11:37:42,customer_service_representative_interview.txt,2,0,0.0761904761904762,0.0,0.0,0.122813044651559,,,,,,,,,,
218,2024-09-08 11:37:42,customer_service_representative_interview.txt,3,0,0.043859649122807,0.0,0.0087719298245614,0.0473521337727738,,,,,,,,,,
218,2024-09-08 11:37:42,construction_manager_interview.txt,1,0,0.055045871559633,0.0,0.0091743119266055,0.0948117237060615,,,,,,,,,,
218,2024-09-08 11:37:42,construction_manager_interview.txt,2,0,0.0866141732283464,0.0,0.0236220472440944,0.1356095260762036,,,,,,,,,,
218,2024-09-08 11:37:42,construction_manager_interview.txt,3,0,0.112,0.0,0.024,0.0,,,,,,,,,,
218,2024-09-08 11:37:42,doctor_interview.txt,1,0,0.0545454545454545,0.0,0.0181818181818181,0.0673965703749538,,,,,,,,,,
218,2024-09-08 11:37:42,doctor_interview.txt,2,0,0.0705882352941176,0.0,0.0,0.0293397273927395,,,,,,,,,,
218,2024-09-08 11:37:42,doctor_interview.txt,3,0,0.0555555555555555,0.0,0.0111111111111111,0.0601346177173533,,,,,,,,,,
218,2024-09-08 11:37:42,human_resources_manager_interview.txt,1,0,0.0693069306930693,0.0,0.0198019801980198,0.1425669620819004,,,,,,,,,,
218,2024-09-08 11:37:42,human_resources_manager_interview.txt,2,0,0.0471698113207547,0.0,0.0188679245283018,0.0103852698901538,,,,,,,,,,
218,2024-09-08 11:37:42,human_resources_manager_interview.txt,3,0,0.075268817204301,0.0,0.032258064516129,0.0208324124809482,,,,,,,,,,
218,2024-09-08 11:37:42,water_resources_engineer_interview.txt,1,0,0.1226415094339622,0.0188679245283018,0.0,0.0,,,,,,,,,,
218,2024-09-08 11:37:42,water_resources_engineer_interview.txt,2,0,0.0476190476190476,0.0,0.0,0.0989100944553876,,,,,,,,,,
218,2024-09-08 11:37:42,water_resources_engineer_interview.txt,3,0,0.0531914893617021,0.0,0.0,0.0330918245279189,,,,,,,,,,
218,2024-09-08 11:37:42,project_manager_interview.txt,1,0,0.0515463917525773,0.0,0.0515463917525773,0.0555355117717458,,,,,,,,,,
218,2024-09-08 11:37:42,project_manager_interview.txt,2,0,0.0336134453781512,0.0,0.0336134453781512,0.1118805059888638,,,,,,,,,,
218,2024-09-08 11:37:42,project_manager_interview.txt,3,0,0.0353982300884955,0.0,0.0088495575221238,0.0126422445371434,,,,,,,,,,
218,2024-09-08 11:37:42,biologist_interview.txt,1,0,0.1,0.03,0.0,0.0628254664475309,,,,,,,,,,
218,2024-09-08 11:37:42,biologist_interview.txt,2,0,0.0666666666666666,0.0,0.019047619047619,0.084133944618843,,,,,,,,,,
218,2024-09-08 11:37:42,biologist_interview.txt,3,0,0.037593984962406,0.0,0.0,0.0,,,,,,,,,,
218,2024-09-08 11:37:42,occupational_therapist_interview.txt,1,0,0.0227272727272727,0.0,0.0227272727272727,0.0619600680328602,,,,,,,,,,
218,2024-09-08 11:37:42,occupational_therapist_interview.txt,2,0,0.0495049504950495,0.0,0.0297029702970297,0.0881724737587123,,,,,,,,,,
218,2024-09-08 11:37:42,occupational_therapist_interview.txt,3,0,0.0442477876106194,0.0,0.0,0.0344279946053444,,,,,,,,,,
218,2024-09-08 11:37:42,network_administrator_interview.txt,1,0,0.0543478260869565,0.0,0.0108695652173913,0.0181441553921881,,,,,,,,,,
218,2024-09-08 11:37:42,network_administrator_interview.txt,2,0,0.087719298245614,0.0350877192982456,0.0087719298245614,0.1009251180073442,,,,,,,,,,
218,2024-09-08 11:37:42,network_administrator_interview.txt,3,0,0.0412371134020618,0.0,0.0515463917525773,0.0842968160660713,,,,,,,,,,
218,2024-09-08 11:37:42,neuroscientist_interview.txt,1,0,0.0442477876106194,0.0,0.0176991150442477,0.0414359038364657,,,,,,,,,,
218,2024-09-08 11:37:42,neuroscientist_interview.txt,2,0,0.0614035087719298,0.0,0.0175438596491228,0.0,,,,,,,,,,
218,2024-09-08 11:37:42,neuroscientist_interview.txt,3,0,0.048,0.008,0.008,0.0860332125137391,,,,,,,,,,
218,2024-09-08 11:37:42,retail_manager_interview.txt,1,0,0.0661764705882353,0.0,0.0073529411764705,0.0,,,,,,,,,,
218,2024-09-08 11:37:42,retail_manager_interview.txt,2,0,0.123076923076923,0.0,0.0076923076923076,0.0,,,,,,,,,,
218,2024-09-08 11:37:42,retail_manager_interview.txt,3,0,0.0381679389312977,0.0,0.0076335877862595,0.0622573533334991,,,,,,,,,,
218,2024-09-08 11:37:42,agricultural_engineer_interview.txt,1,0,0.04,0.0,0.01,0.01754081509232,,,,,,,,,,
218,2024-09-08 11:37:42,agricultural_engineer_interview.txt,2,0,0.0434782608695652,0.0,0.0,0.016643353237249,,,,,,,,,,
218,2024-09-08 11:37:42,agricultural_engineer_interview.txt,3,0,0.0534351145038167,0.0,0.0229007633587786,0.0,,,,,,,,,,
218,2024-09-08 11:37:42,electrical_engineer_interview.txt,1,0,0.0813953488372093,0.0,0.0,0.0515248660596885,,,,,,,,,,
218,2024-09-08 11:37:42,electrical_engineer_interview.txt,2,0,0.0833333333333333,0.0,0.0104166666666666,0.0375765713355705,,,,,,,,,,
218,2024-09-08 11:37:42,electrical_engineer_interview.txt,3,0,0.1,0.02,0.0,0.030841143854229,,,,,,,,,,
218,2024-09-08 11:37:42,quality_control_engineer_interview.txt,1,0,0.0618556701030927,0.0,0.0309278350515463,0.0571315807160011,,,,,,,,,,
218,2024-09-08 11:37:42,quality_control_engineer_interview.txt,2,0,0.0471698113207547,0.0,0.0,0.0430885464951094,,,,,,,,,,
218,2024-09-08 11:37:42,quality_control_engineer_interview.txt,3,0,0.0782608695652174,0.0,0.008695652173913,0.1121037850099844,,,,,,,,,,
218,2024-09-08 11:37:42,machine_learning_engineer_interview.txt,1,0,0.0,0.0,0.0,0.0,,,,,,,,,,
218,2024-09-08 11:37:42,machine_learning_engineer_interview.txt,2,0,0.0610687022900763,0.0,0.0,0.0801136224824336,,,,,,,,,,
218,2024-09-08 11:37:42,machine_learning_engineer_interview.txt,3,0,0.046875,0.0,0.0,0.0,,,,,,,,,,
218,2024-09-08 11:37:42,psychologist_interview.txt,1,0,0.0384615384615384,0.0,0.0288461538461538,0.0323961959726534,,,,,,,,,,
218,2024-09-08 11:37:42,psychologist_interview.txt,2,0,0.072463768115942,0.0072463768115942,0.0289855072463768,0.0605596667072056,,,,,,,,,,
218,2024-09-08 11:37:42,psychologist_interview.txt,3,0,0.0412371134020618,0.0,0.0206185567010309,0.0271841949737927,,,,,,,,,,
218,2024-09-08 11:37:42,geologist_interview.txt,1,0,0.0725806451612903,0.0,0.0080645161290322,0.0759044861163816,,,,,,,,,,
218,2024-09-08 11:37:42,geologist_interview.txt,2,0,0.0869565217391304,0.0,0.017391304347826,0.1118851607455407,,,,,,,,,,
218,2024-09-08 11:37:42,geologist_interview.txt,3,0,0.1095890410958904,0.0,0.0,0.0,,,,,,,,,,
218,2024-09-08 11:37:42,chemical_engineer_interview.txt,1,0,0.0703125,0.0,0.015625,0.0,,,,,,,,,,
218,2024-09-08 11:37:42,chemical_engineer_interview.txt,2,0,0.0736842105263157,0.0,0.0210526315789473,0.0747112850356365,,,,,,,,,,
218,2024-09-08 11:37:42,chemical_engineer_interview.txt,3,0,0.0714285714285714,0.0,0.010204081632653,0.1377422912155963,,,,,,,,,,
218,2024-09-08 11:37:42,machine_learning_engineer_interview copy.txt,1,0,0.053030303030303,0.0,0.0151515151515151,0.0691364256495546,,,,,,,,,,
218,2024-09-08 11:37:42,machine_learning_engineer_interview copy.txt,2,0,0.0610687022900763,0.0,0.0,0.0801136224824336,,,,,,,,,,
218,2024-09-08 11:37:42,machine_learning_engineer_interview copy.txt,3,0,0.046875,0.0,0.0,0.0,,,,,,,,,,
218,2024-09-08 11:37:42,no_persona_interview.txt,1,0,0.0467289719626168,0.0,0.0373831775700934,0.0635731657580273,,,,,,,,,,
218,2024-09-08 11:37:42,no_persona_interview.txt,2,0,0.0888888888888888,0.0,0.0,0.1099189066092266,,,,,,,,,,
218,2024-09-08 11:37:42,no_persona_interview.txt,3,0,0.0763358778625954,0.0,0.015267175572519,0.111260931065605,,,,,,,,,,
218,2024-09-08 11:37:42,financial_analyst_interview.txt,1,0,0.0619469026548672,0.0088495575221238,0.0,0.0598254669070187,,,,,,,,,,
218,2024-09-08 11:37:42,financial_analyst_interview.txt,2,0,0.0606060606060606,0.0,0.0202020202020202,0.1530445380640685,,,,,,,,,,
218,2024-09-08 11:37:42,financial_analyst_interview.txt,3,0,0.0802919708029197,0.0,0.0145985401459854,0.1305219999659435,,,,,,,,,,
218,2024-09-08 11:37:42,civil_engineer_interview.txt,1,0,0.0601503759398496,0.0,0.0150375939849624,0.0831598154358535,,,,,,,,,,
218,2024-09-08 11:37:42,civil_engineer_interview.txt,2,0,0.0825688073394495,0.0,0.0091743119266055,0.0551022249278976,,,,,,,,,,
218,2024-09-08 11:37:42,civil_engineer_interview.txt,3,0,0.0818181818181818,0.0,0.009090909090909,0.0519288906523061,,,,,,,,,,
218,2024-09-08 11:37:42,meteorologist_interview.txt,1,0,0.0495867768595041,0.0,0.0165289256198347,0.0,,,,,,,,,,
218,2024-09-08 11:37:42,meteorologist_interview.txt,2,0,0.0746268656716417,0.0,0.0149253731343283,0.0,,,,,,,,,,
218,2024-09-08 11:37:42,meteorologist_interview.txt,3,0,0.0787401574803149,0.0,0.0157480314960629,0.1221578217011647,,,,,,,,,,
218,2024-09-08 11:37:42,shop_assistant_interview.txt,1,0,0.040650406504065,0.0,0.0,0.1223705927244681,,,,,,,,,,
218,2024-09-08 11:37:42,shop_assistant_interview.txt,2,0,0.0555555555555555,0.0,0.0277777777777777,0.0428532956412062,,,,,,,,,,
218,2024-09-08 11:37:42,shop_assistant_interview.txt,3,0,0.0505050505050505,0.0,0.0,0.0730219714278197,,,,,,,,,,
218,2024-09-08 11:37:42,social_media_manager_interview.txt,1,0,0.036144578313253,0.0,0.0,0.1233699304830566,,,,,,,,,,
218,2024-09-08 11:37:42,social_media_manager_interview.txt,2,0,0.03,0.0,0.04,0.0,,,,,,,,,,
218,2024-09-08 11:37:42,social_media_manager_interview.txt,3,0,0.0227272727272727,0.0,0.0227272727272727,0.1311687665840011,,,,,,,,,,
218,2024-09-08 11:37:42,marine_engineer_interview.txt,1,0,0.0761904761904762,0.0,0.0285714285714285,0.0835429425346109,,,,,,,,,,
218,2024-09-08 11:37:42,marine_engineer_interview.txt,2,0,0.0603448275862069,0.0,0.0,0.1072437583550084,,,,,,,,,,
218,2024-09-08 11:37:42,marine_engineer_interview.txt,3,0,0.0625,0.0078125,0.015625,0.0,,,,,,,,,,
218,2024-09-08 11:37:42,warehouse_manager_interview.txt,1,0,0.072289156626506,0.0,0.0120481927710843,0.081493124342657,,,,,,,,,,
218,2024-09-08 11:37:42,warehouse_manager_interview.txt,2,0,0.081081081081081,0.0,0.0,0.0461808634688753,,,,,,,,,,
218,2024-09-08 11:37:42,warehouse_manager_interview.txt,3,0,0.048,0.0,0.0,0.067449691905396,,,,,,,,,,
218,2024-09-08 11:37:42,business_intelligence_analyst_interview.txt,1,0,0.0666666666666666,0.0,0.019047619047619,0.0519120125435854,,,,,,,,,,
218,2024-09-08 11:37:42,business_intelligence_analyst_interview.txt,2,0,0.0784313725490196,0.0,0.0196078431372549,0.1619933830165744,,,,,,,,,,
218,2024-09-08 11:37:42,business_intelligence_analyst_interview.txt,3,0,0.0612244897959183,0.0,0.0,0.0872579957499813,,,,,,,,,,
218,2024-09-08 11:37:42,full_stack_developer_interview.txt,1,0,0.0393700787401574,0.0,0.0078740157480314,0.0425483283606354,,,,,,,,,,
218,2024-09-08 11:37:42,full_stack_developer_interview.txt,2,0,0.1703703703703703,0.037037037037037,0.0148148148148148,0.1023900784935733,,,,,,,,,,
218,2024-09-08 11:37:42,full_stack_developer_interview.txt,3,0,0.0314960629921259,0.0,0.0078740157480314,0.0,,,,,,,,,,
218,2024-09-08 11:37:42,focus_group_interview.txt,1,0,0.0588235294117647,0.0,0.0,0.0,,,,,,,,,,
218,2024-09-08 11:37:42,focus_group_interview.txt,2,0,0.0588235294117647,0.0,0.0,0.0,,,,,,,,,,
218,2024-09-08 11:37:42,focus_group_interview.txt,3,0,0.0588235294117647,0.0,0.0,0.0,,,,,,,,,,
218,2024-09-08 11:37:42,travel_agent_interview.txt,1,0,0.0531914893617021,0.0,0.0106382978723404,0.1283619363588929,,,,,,,,,,
218,2024-09-08 11:37:42,travel_agent_interview.txt,2,0,0.0802919708029197,0.0,0.0218978102189781,0.0745172643816199,,,,,,,,,,
218,2024-09-08 11:37:42,travel_agent_interview.txt,3,0,0.015625,0.0,0.0234375,0.0527730626390911,,,,,,,,,,
218,2024-09-08 11:37:42,robotics_engineer_interview.txt,1,0,0.0686274509803921,0.0,0.0294117647058823,0.0571924000726199,,,,,,,,,,
218,2024-09-08 11:37:42,robotics_engineer_interview.txt,2,0,0.0454545454545454,0.0,0.009090909090909,0.0403813965559999,,,,,,,,,,
218,2024-09-08 11:37:42,robotics_engineer_interview.txt,3,0,0.0610687022900763,0.0,0.0,0.1247161123923678,,,,,,,,,,
218,2024-09-08 11:37:42,biomedical_engineer_interview.txt,1,0,0.1,0.0,0.0,0.1025907901717319,,,,,,,,,,
218,2024-09-08 11:37:42,biomedical_engineer_interview.txt,2,0,0.0594059405940594,0.0,0.0099009900990099,0.0426668739812379,,,,,,,,,,
218,2024-09-08 11:37:42,biomedical_engineer_interview.txt,3,0,0.0975609756097561,0.0,0.0,0.0915016217502627,,,,,,,,,,
218,2024-09-08 11:37:42,marketing_manager_interview.txt,1,0,0.0459770114942528,0.0,0.0,0.0775670553173294,,,,,,,,,,
218,2024-09-08 11:37:42,marketing_manager_interview.txt,2,0,0.0655737704918032,0.0,0.0081967213114754,0.0418311722270583,,,,,,,,,,
218,2024-09-08 11:37:42,marketing_manager_interview.txt,3,0,0.0608695652173913,0.0,0.008695652173913,0.0106077077753049,,,,,,,,,,
218,2024-09-08 11:37:42,professor_of_classics_interview.txt,1,0,0.0909090909090909,0.0,0.0101010101010101,0.1139617522607703,,,,,,,,,,
218,2024-09-08 11:37:42,professor_of_classics_interview.txt,2,0,0.0504201680672268,0.0,0.0,0.0452051914403515,,,,,,,,,,
218,2024-09-08 11:37:42,professor_of_classics_interview.txt,3,0,0.042016806722689,0.0,0.0084033613445378,0.0592791343979399,,,,,,,,,,
218,2024-09-08 11:37:42,environmental_engineer_interview.txt,1,0,0.0816326530612244,0.0,0.0,0.1026424642988634,,,,,,,,,,
218,2024-09-08 11:37:42,environmental_engineer_interview.txt,2,0,0.0818181818181818,0.0,0.0272727272727272,0.1246022964543093,,,,,,,,,,
218,2024-09-08 11:37:42,environmental_engineer_interview.txt,3,0,0.0916666666666666,0.0,0.0166666666666666,0.0,,,,,,,,,,
218,2024-09-08 11:37:42,physical_therapist_interview.txt,1,0,0.1079136690647482,0.0071942446043165,0.0,0.0976563572315262,,,,,,,,,,
218,2024-09-08 11:37:42,physical_therapist_interview.txt,2,0,0.0648148148148148,0.0,0.0092592592592592,0.0464390040542306,,,,,,,,,,
218,2024-09-08 11:37:42,physical_therapist_interview.txt,3,0,0.0602409638554216,0.0,0.0120481927710843,0.0820079849892669,,,,,,,,,,
218,2024-09-08 11:37:42,astronomer_interview.txt,1,0,0.0392156862745098,0.0,0.0,0.0357008884926808,,,,,,,,,,
218,2024-09-08 11:37:42,astronomer_interview.txt,2,0,0.0634920634920634,0.0158730158730158,0.0079365079365079,0.0,,,,,,,,,,
218,2024-09-08 11:37:42,astronomer_interview.txt,3,0,0.0784313725490196,0.0,0.0098039215686274,0.0315139499500514,,,,,,,,,,
218,2024-09-08 11:37:42,ai_professor_interview.txt,1,0,0.0606060606060606,0.0,0.0101010101010101,0.0211330472249737,,,,,,,,,,
218,2024-09-08 11:37:42,ai_professor_interview.txt,2,0,0.0789473684210526,0.0,0.0175438596491228,0.0811136402882951,,,,,,,,,,
218,2024-09-08 11:37:42,ai_professor_interview.txt,3,0,0.0581395348837209,0.0,0.0116279069767441,0.0,,,,,,,,,,
218,2024-09-08 11:37:42,game_developer_interview.txt,1,0,0.0439560439560439,0.0,0.0219780219780219,0.0605193719036507,,,,,,,,,,
218,2024-09-08 11:37:42,game_developer_interview.txt,2,0,0.0606060606060606,0.0,0.0202020202020202,0.0593816587862705,,,,,,,,,,
218,2024-09-08 11:37:42,game_developer_interview.txt,3,0,0.0519480519480519,0.0,0.0129870129870129,0.0775393919155081,,,,,,,,,,
218,2024-09-08 11:37:42,fire_protection_engineer_interview.txt,1,0,0.1007751937984496,0.0465116279069767,0.0077519379844961,0.0,,,,,,,,,,
218,2024-09-08 11:37:42,fire_protection_engineer_interview.txt,2,0,0.0625,0.0178571428571428,0.0089285714285714,0.0407611697271842,,,,,,,,,,
218,2024-09-08 11:37:42,fire_protection_engineer_interview.txt,3,0,0.0620155038759689,0.0077519379844961,0.0155038759689922,0.0576589288513933,,,,,,,,,,
218,2024-09-08 11:37:42,safety_engineer_interview.txt,1,0,0.0948275862068965,0.043103448275862,0.0258620689655172,0.0454675110134519,,,,,,,,,,
218,2024-09-08 11:37:42,safety_engineer_interview.txt,2,0,0.0769230769230769,0.0329670329670329,0.0,0.0741995996381659,,,,,,,,,,
218,2024-09-08 11:37:42,safety_engineer_interview.txt,3,0,0.0902255639097744,0.0300751879699248,0.0150375939849624,0.0413207430581339,,,,,,,,,,
218,2024-09-08 11:37:42,environmental_scientist_interview.txt,1,0,0.0673076923076923,0.0,0.0096153846153846,0.0534300314907251,,,,,,,,,,
218,2024-09-08 11:37:42,environmental_scientist_interview.txt,2,0,0.0495049504950495,0.0,0.0396039603960396,0.0877567755185532,,,,,,,,,,
218,2024-09-08 11:37:42,environmental_scientist_interview.txt,3,0,0.0449438202247191,0.0,0.0,0.1066267081851516,,,,,,,,,,
218,2024-09-08 11:37:42,operations_manager_interview.txt,1,0,0.0990990990990991,0.0,0.036036036036036,0.0,,,,,,,,,,
218,2024-09-08 11:37:42,operations_manager_interview.txt,2,0,0.0714285714285714,0.0,0.0,0.047230742864624,,,,,,,,,,
218,2024-09-08 11:37:42,operations_manager_interview.txt,3,0,0.0677966101694915,0.0,0.0169491525423728,0.0929592690651228,,,,,,,,,,
218,2024-09-08 11:37:42,backend_developer_interview.txt,1,0,0.0578512396694214,0.0,0.0,0.1284026295844632,,,,,,,,,,
218,2024-09-08 11:37:42,backend_developer_interview.txt,2,0,0.0576923076923076,0.0,0.0096153846153846,0.0870056695430988,,,,,,,,,,
218,2024-09-08 11:37:42,backend_developer_interview.txt,3,0,0.042016806722689,0.0,0.0084033613445378,0.0437544042466496,,,,,,,,,,
218,2024-09-08 11:37:42,digital_marketing_specialist_interview.txt,1,0,0.0666666666666666,0.0,0.0111111111111111,0.1233454514559801,,,,,,,,,,
218,2024-09-08 11:37:42,digital_marketing_specialist_interview.txt,2,0,0.0353982300884955,0.0,0.0088495575221238,0.0,,,,,,,,,,
218,2024-09-08 11:37:42,digital_marketing_specialist_interview.txt,3,0,0.0679611650485436,0.0,0.0097087378640776,0.1264080048769068,,,,,,,,,,
218,2024-09-08 11:37:42,mechanical_engineer_interview.txt,1,0,0.0727272727272727,0.0,0.0,0.0662024475332696,,,,,,,,,,
218,2024-09-08 11:37:42,mechanical_engineer_interview.txt,2,0,0.0784313725490196,0.0,0.0,0.0445948178221984,,,,,,,,,,
218,2024-09-08 11:37:42,mechanical_engineer_interview.txt,3,0,0.0614035087719298,0.0,0.0087719298245614,0.0411470391941935,,,,,,,,,,
218,2024-09-08 11:37:42,software_quality_assurance_tester_interview.txt,1,0,0.045045045045045,0.0,0.0,0.0413513341749755,,,,,,,,,,
218,2024-09-08 11:37:42,software_quality_assurance_tester_interview.txt,2,0,0.0619469026548672,0.0088495575221238,0.0265486725663716,0.0458783496403244,,,,,,,,,,
218,2024-09-08 11:37:42,software_quality_assurance_tester_interview.txt,3,0,0.08130081300813,0.008130081300813,0.008130081300813,0.0444009606557039,,,,,,,,,,
218,2024-09-08 11:37:42,cybersecurity_specialist_interview.txt,1,0,0.0769230769230769,0.023076923076923,0.0,0.0,,,,,,,,,,
218,2024-09-08 11:37:42,cybersecurity_specialist_interview.txt,2,0,0.056,0.008,0.024,0.0433073475931765,,,,,,,,,,
218,2024-09-08 11:37:42,cybersecurity_specialist_interview.txt,3,0,0.099009900990099,0.0297029702970297,0.0,0.110208443279443,,,,,,,,,,
218,2024-09-08 11:37:42,product_manager_interview.txt,1,0,0.0608695652173913,0.0,0.008695652173913,0.0737688480628956,,,,,,,,,,
218,2024-09-08 11:37:42,product_manager_interview.txt,2,0,0.0353982300884955,0.0,0.0265486725663716,0.0829660006858995,,,,,,,,,,
218,2024-09-08 11:37:42,product_manager_interview.txt,3,0,0.110091743119266,0.0,0.0,0.0,,,,,,,,,,
218,2024-09-08 11:37:42,microbiologist_interview.txt,1,0,0.0823529411764705,0.0,0.0,0.1101574773451147,,,,,,,,,,
218,2024-09-08 11:37:42,microbiologist_interview.txt,2,0,0.087719298245614,0.0,0.0,0.0780188264815857,,,,,,,,,,
218,2024-09-08 11:37:42,microbiologist_interview.txt,3,0,0.044776119402985,0.0,0.0074626865671641,0.0568260682794716,,,,,,,,,,
218,2024-09-08 11:37:42,it_manager_interview.txt,1,0,0.0310077519379844,0.0,0.0077519379844961,0.0830915813122366,,,,,,,,,,
218,2024-09-08 11:37:42,it_manager_interview.txt,2,0,0.0575539568345323,0.0,0.0,0.1798682693699755,,,,,,,,,,
218,2024-09-08 11:37:42,it_manager_interview.txt,3,0,0.053030303030303,0.0,0.0075757575757575,0.0382738723689206,,,,,,,,,,
218,2024-09-08 11:37:42,industrial_engineer_interview.txt,1,0,0.0671641791044776,0.0,0.0373134328358208,0.1047357166686011,,,,,,,,,,
218,2024-09-08 11:37:42,industrial_engineer_interview.txt,2,0,0.072,0.0,0.016,0.0643330291584199,,,,,,,,,,
218,2024-09-08 11:37:42,industrial_engineer_interview.txt,3,0,0.0967741935483871,0.0,0.0161290322580645,0.0,,,,,,,,,,
218,2024-09-08 11:37:42,barista_interview.txt,1,0,0.0875,0.0,0.0,0.0681953019972214,,,,,,,,,,
218,2024-09-08 11:37:42,barista_interview.txt,2,0,0.0504201680672268,0.0,0.0168067226890756,0.1017040566415273,,,,,,,,,,
218,2024-09-08 11:37:42,barista_interview.txt,3,0,0.0692307692307692,0.0,0.0076923076923076,0.0932079290911632,,,,,,,,,,
218,2024-09-08 11:37:42,petroleum_engineer_interview.txt,1,0,0.1308411214953271,0.0,0.0,0.0843069329113059,,,,,,,,,,
218,2024-09-08 11:37:42,petroleum_engineer_interview.txt,2,0,0.0471698113207547,0.0,0.0094339622641509,0.0564175341466152,,,,,,,,,,
218,2024-09-08 11:37:42,petroleum_engineer_interview.txt,3,0,0.079646017699115,0.0088495575221238,0.0,0.0720336357130974,,,,,,,,,,
218,2024-09-08 11:37:42,business_analyst_interview.txt,1,0,0.0542635658914728,0.0,0.0077519379844961,0.0,,,,,,,,,,
218,2024-09-08 11:37:42,business_analyst_interview.txt,2,0,0.0462962962962962,0.0,0.0092592592592592,0.0806541259927466,,,,,,,,,,
218,2024-09-08 11:37:42,business_analyst_interview.txt,3,0,0.0659340659340659,0.0,0.0109890109890109,0.0,,,,,,,,,,
218,2024-09-08 11:37:42,data_engineer_interview.txt,1,0,0.1240310077519379,0.0,0.0077519379844961,0.15220760143159,,,,,,,,,,
218,2024-09-08 11:37:42,data_engineer_interview.txt,2,0,0.0818181818181818,0.0,0.009090909090909,0.0452239103227598,,,,,,,,,,
218,2024-09-08 11:37:42,data_engineer_interview.txt,3,0,0.1538461538461538,0.0076923076923076,0.0,0.0,,,,,,,,,,
218,2024-09-08 11:37:42,aerospace_engineer_interview.txt,1,0,0.0588235294117647,0.0,0.0117647058823529,0.0598364515055597,,,,,,,,,,
218,2024-09-08 11:37:42,aerospace_engineer_interview.txt,2,0,0.0444444444444444,0.0,0.0111111111111111,0.0372874438364637,,,,,,,,,,
218,2024-09-08 11:37:42,aerospace_engineer_interview.txt,3,0,0.0612244897959183,0.0,0.0306122448979591,0.047097992667724,,,,,,,,,,
218,2024-09-08 11:37:42,bartender_interview.txt,1,0,0.0636363636363636,0.0,0.009090909090909,0.0802144581933062,,,,,,,,,,
218,2024-09-08 11:37:42,bartender_interview.txt,2,0,0.072072072072072,0.0,0.0,0.0542195723652842,,,,,,,,,,
218,2024-09-08 11:37:42,bartender_interview.txt,3,0,0.0588235294117647,0.0,0.0,0.0973387164224358,,,,,,,,,,
218,2024-09-08 11:37:42,natural_language_processing_engineer_interview.txt,1,0,0.05,0.0,0.025,0.0164392722606681,,,,,,,,,,
218,2024-09-08 11:37:42,natural_language_processing_engineer_interview.txt,2,0,0.0381679389312977,0.0,0.0229007633587786,0.0706681390294403,,,,,,,,,,
218,2024-09-08 11:37:42,natural_language_processing_engineer_interview.txt,3,0,0.1185185185185185,0.0074074074074074,0.0,0.0796851750714229,,,,,,,,,,
218,2024-09-08 11:37:42,cto_of_a_fintec_interview.txt,1,0,0.0714285714285714,0.0,0.0158730158730158,0.0542815808204184,,,,,,,,,,
218,2024-09-08 11:37:42,cto_of_a_fintec_interview.txt,2,0,0.056,0.008,0.008,0.0907334966492485,,,,,,,,,,
218,2024-09-08 11:37:42,cto_of_a_fintec_interview.txt,3,0,0.073170731707317,0.0,0.0,0.0552888252461915,,,,,,,,,,
218,2024-09-08 11:37:42,database_administrator_interview.txt,1,0,0.0660377358490566,0.0,0.0,0.0548225848771237,,,,,,,,,,
218,2024-09-08 11:37:42,database_administrator_interview.txt,2,0,0.0254237288135593,0.0,0.0,0.024114343310107,,,,,,,,,,
218,2024-09-08 11:37:42,database_administrator_interview.txt,3,0,0.0863309352517985,0.0287769784172661,0.0287769784172661,0.104152812248344,,,,,,,,,,
218,2024-09-08 11:37:42,nuclear_engineer_interview.txt,1,0,0.0892857142857142,0.0,0.0089285714285714,0.0449991497095448,,,,,,,,,,
218,2024-09-08 11:37:42,nuclear_engineer_interview.txt,2,0,0.0421052631578947,0.0,0.0,0.0757479536132003,,,,,,,,,,
218,2024-09-08 11:37:42,nuclear_engineer_interview.txt,3,0,0.0566037735849056,0.0,0.0283018867924528,0.1100773347441114,,,,,,,,,,
218,2024-09-08 11:37:42,pharmacist_interview.txt,1,0,0.0654205607476635,0.0,0.0093457943925233,0.0,,,,,,,,,,
218,2024-09-08 11:37:42,pharmacist_interview.txt,2,0,0.0441176470588235,0.0,0.0,0.0690132425340739,,,,,,,,,,
218,2024-09-08 11:37:42,pharmacist_interview.txt,3,0,0.0842105263157894,0.0421052631578947,0.0,0.0934611119352368,,,,,,,,,,
218,2024-09-08 11:37:42,chef_interview.txt,1,0,0.0588235294117647,0.0,0.0,0.0332256967857307,,,,,,,,,,
218,2024-09-08 11:37:42,chef_interview.txt,2,0,0.0642857142857142,0.0,0.0142857142857142,0.0765835105514407,,,,,,,,,,
218,2024-09-08 11:37:42,chef_interview.txt,3,0,0.0543478260869565,0.0,0.0,0.0449413215361284,,,,,,,,,,
218,2024-09-08 11:37:42,hotel_manager_interview.txt,1,0,0.040650406504065,0.0,0.008130081300813,0.1413053520565927,,,,,,,,,,
218,2024-09-08 11:37:42,hotel_manager_interview.txt,2,0,0.0948275862068965,0.0,0.0,0.1099607806113364,,,,,,,,,,
218,2024-09-08 11:37:42,hotel_manager_interview.txt,3,0,0.0873015873015873,0.0079365079365079,0.0,0.0983426079695328,,,,,,,,,,
218,2024-09-08 11:37:42,mobile_app_developer_interview.txt,1,0,0.0526315789473684,0.0,0.0,0.1013216232627603,,,,,,,,,,
218,2024-09-08 11:37:42,mobile_app_developer_interview.txt,2,0,0.024390243902439,0.0,0.016260162601626,0.0251933432248417,,,,,,,,,,
218,2024-09-08 11:37:42,mobile_app_developer_interview.txt,3,0,0.0465116279069767,0.0,0.0387596899224806,0.0713877057334111,,,,,,,,,,
218,2024-09-08 11:37:42,graphic_designer_interview.txt,1,0,0.0701754385964912,0.0,0.0087719298245614,0.0907194463199692,,,,,,,,,,
218,2024-09-08 11:37:42,graphic_designer_interview.txt,2,0,0.0338983050847457,0.0,0.0169491525423728,0.1235217831475955,,,,,,,,,,
218,2024-09-08 11:37:42,graphic_designer_interview.txt,3,0,0.0827067669172932,0.0,0.0,0.1745280411231842,,,,,,,,,,
218,2024-09-08 11:37:42,geotechnical_engineer_interview.txt,1,0,0.0512820512820512,0.0,0.0256410256410256,0.0319974506476605,,,,,,,,,,
218,2024-09-08 11:37:42,geotechnical_engineer_interview.txt,2,0,0.0806451612903225,0.0,0.0161290322580645,0.0214325208060958,,,,,,,,,,
218,2024-09-08 11:37:42,geotechnical_engineer_interview.txt,3,0,0.058252427184466,0.0,0.0097087378640776,0.0773230010696247,,,,,,,,,,
218,2024-09-08 11:37:42,gardener_interview.txt,1,0,0.048076923076923,0.0,0.0,0.0456965816968714,,,,,,,,,,
218,2024-09-08 11:37:42,gardener_interview.txt,2,0,0.0598290598290598,0.0,0.0085470085470085,0.1140851410160635,,,,,,,,,,
218,2024-09-08 11:37:42,gardener_interview.txt,3,0,0.0606060606060606,0.0,0.0075757575757575,0.0,,,,,,,,,,
218,2024-09-08 11:37:42,ai_software_developer_interview.txt,1,0,0.09,0.0,0.0,0.0111499229117319,,,,,,,,,,
218,2024-09-08 11:37:42,ai_software_developer_interview.txt,2,0,0.0542635658914728,0.0,0.0077519379844961,0.1105557259653508,,,,,,,,,,
218,2024-09-08 11:37:42,ai_software_developer_interview.txt,3,0,0.089430894308943,0.0,0.008130081300813,0.0,,,,,,,,,,
218,2024-09-08 11:37:42,supply_chain_manager_interview.txt,1,0,0.0485436893203883,0.0,0.0097087378640776,0.110396931184179,,,,,,,,,,
218,2024-09-08 11:37:42,supply_chain_manager_interview.txt,2,0,0.0446428571428571,0.0,0.0,0.0139712343151882,,,,,,,,,,
218,2024-09-08 11:37:42,supply_chain_manager_interview.txt,3,0,0.0588235294117647,0.0073529411764705,0.0,0.028340865949965,,,,,,,,,,
218,2024-09-08 11:37:42,cloud_architect_interview.txt,1,0,0.0285714285714285,0.0,0.0380952380952381,0.0391645933980824,,,,,,,,,,
218,2024-09-08 11:37:42,cloud_architect_interview.txt,2,0,0.0708661417322834,0.0,0.0157480314960629,0.0392796140007774,,,,,,,,,,
218,2024-09-08 11:37:42,cloud_architect_interview.txt,3,0,0.0546875,0.0,0.0078125,0.0877736868278276,,,,,,,,,,
218,2024-09-08 11:37:42,mining_engineer_interview.txt,1,0,0.043103448275862,0.0,0.0,0.0623291883426047,,,,,,,,,,
218,2024-09-08 11:37:42,mining_engineer_interview.txt,2,0,0.0526315789473684,0.0,0.0,0.0706375811030402,,,,,,,,,,
218,2024-09-08 11:37:42,mining_engineer_interview.txt,3,0,0.0444444444444444,0.0,0.0222222222222222,0.0358635620371859,,,,,,,,,,
218,2024-09-08 11:37:42,devops_engineer_interview.txt,1,0,0.0977443609022556,0.0601503759398496,0.0,0.07311065388755,,,,,,,,,,
218,2024-09-08 11:37:42,devops_engineer_interview.txt,2,0,0.0526315789473684,0.0,0.0263157894736842,0.148397515332583,,,,,,,,,,
218,2024-09-08 11:37:42,devops_engineer_interview.txt,3,0,0.0842105263157894,0.0,0.0105263157894736,0.0,,,,,,,,,,
218,2024-09-08 11:37:42,system_administrator_interview.txt,1,0,0.0408163265306122,0.0,0.0204081632653061,0.0332782663987651,,,,,,,,,,
218,2024-09-08 11:37:42,system_administrator_interview.txt,2,0,0.0560747663551401,0.0,0.0186915887850467,0.0204433907247207,,,,,,,,,,
218,2024-09-08 11:37:42,system_administrator_interview.txt,3,0,0.0921052631578947,0.0,0.0,0.1253139835189771,,,,,,,,,,
218,2024-09-08 11:37:42,content_writer_interview.txt,1,0,0.0769230769230769,0.0,0.0109890109890109,0.055124321075318,,,,,,,,,,
218,2024-09-08 11:37:42,content_writer_interview.txt,2,0,0.0454545454545454,0.0,0.0113636363636363,0.1019393483798434,,,,,,,,,,
218,2024-09-08 11:37:42,content_writer_interview.txt,3,0,0.0518518518518518,0.0,0.0222222222222222,0.0877565421919958,,,,,,,,,,
218,2024-09-08 11:37:42,transportation_engineer_interview.txt,1,0,0.0656934306569343,0.0,0.0145985401459854,0.1117562157628961,,,,,,,,,,
218,2024-09-08 11:37:42,transportation_engineer_interview.txt,2,0,0.0241935483870967,0.0080645161290322,0.0161290322580645,0.0349067186143281,,,,,,,,,,
218,2024-09-08 11:37:42,transportation_engineer_interview.txt,3,0,0.0763358778625954,0.0,0.0076335877862595,0.1166303786213575,,,,,,,,,,
218,2024-09-08 11:37:42,lorry_driver_interview.txt,1,0,0.0454545454545454,0.0,0.0,0.0916819840397446,,,,,,,,,,
218,2024-09-08 11:37:42,lorry_driver_interview.txt,2,0,0.0458015267175572,0.0,0.0076335877862595,0.0567176989464362,,,,,,,,,,
218,2024-09-08 11:37:42,lorry_driver_interview.txt,3,0,0.0413223140495867,0.0,0.0,0.1123148981401632,,,,,,,,,,
218,2024-09-08 11:37:42,dentist_interview.txt,1,0,0.0592592592592592,0.0,0.0074074074074074,0.0704318199356172,,,,,,,,,,
218,2024-09-08 11:37:42,dentist_interview.txt,2,0,0.0526315789473684,0.0,0.0087719298245614,0.0940702620980976,,,,,,,,,,
218,2024-09-08 11:37:42,dentist_interview.txt,3,0,0.0555555555555555,0.0,0.0,0.1371066698362683,,,,,,,,,,
218,2024-09-08 11:37:42,physicist_interview.txt,1,0,0.0608695652173913,0.0,0.008695652173913,0.1139810973689073,,,,,,,,,,
218,2024-09-08 11:37:42,physicist_interview.txt,2,0,0.0508474576271186,0.0,0.0423728813559322,0.1136156482515152,,,,,,,,,,
218,2024-09-08 11:37:42,physicist_interview.txt,3,0,0.0503597122302158,0.0,0.0071942446043165,0.062641834791487,,,,,,,,,,
218,2024-09-08 11:37:42,architect_interview.txt,1,0,0.0459770114942528,0.0,0.0229885057471264,0.0,,,,,,,,,,
218,2024-09-08 11:37:42,architect_interview.txt,2,0,0.0687022900763358,0.0,0.0229007633587786,0.0876209078759001,,,,,,,,,,
218,2024-09-08 11:37:42,architect_interview.txt,3,0,0.0606060606060606,0.0378787878787878,0.0227272727272727,0.0480218505844039,,,,,,,,,,
218,2024-09-08 11:37:42,materials_engineer_interview.txt,1,0,0.0454545454545454,0.0,0.0181818181818181,0.0329382443745014,,,,,,,,,,
218,2024-09-08 11:37:42,materials_engineer_interview.txt,2,0,0.057471264367816,0.0,0.0114942528735632,0.0418562922438496,,,,,,,,,,
218,2024-09-08 11:37:42,materials_engineer_interview.txt,3,0,0.0508474576271186,0.0,0.0,0.0236745237289426,,,,,,,,,,
218,2024-09-08 11:37:42,computer_vision_engineer_interview.txt,1,0,0.0825688073394495,0.0,0.018348623853211,0.0651242189442417,,,,,,,,,,
218,2024-09-08 11:37:42,computer_vision_engineer_interview.txt,2,0,0.08,0.0,0.0,0.0806504300442508,,,,,,,,,,
218,2024-09-08 11:37:42,computer_vision_engineer_interview.txt,3,0,0.0564516129032258,0.0,0.0,0.0739659279494996,,,,,,,,,,
218,2024-09-08 11:37:42,data_scientist_interview.txt,1,0,0.0847457627118644,0.0,0.0084745762711864,0.0,,,,,,,,,,
218,2024-09-08 11:37:42,data_scientist_interview.txt,2,0,0.089430894308943,0.016260162601626,0.0,0.0524078414472835,,,,,,,,,,
218,2024-09-08 11:37:42,data_scientist_interview.txt,3,0,0.104,0.0,0.008,0.0,,,,,,,,,,
218,2024-09-08 11:37:42,structural_engineer_interview.txt,1,0,0.0827067669172932,0.0,0.0075187969924812,0.1294579871455792,,,,,,,,,,
218,2024-09-08 11:37:42,structural_engineer_interview.txt,2,0,0.056,0.0,0.016,0.0444434820554314,,,,,,,,,,
218,2024-09-08 11:37:42,structural_engineer_interview.txt,3,0,0.0747663551401869,0.0,0.0093457943925233,0.0492461992698414,,,,,,,,,,
218,2024-09-08 11:37:42,ai_ethicist_interview.txt,1,0,0.0671641791044776,0.0597014925373134,0.0,0.0,,,,,,,,,,
218,2024-09-08 11:37:42,ai_ethicist_interview.txt,2,0,0.0869565217391304,0.0608695652173913,0.0260869565217391,0.0463364020063631,,,,,,,,,,
218,2024-09-08 11:37:42,ai_ethicist_interview.txt,3,0,0.0962962962962963,0.0518518518518518,0.0,0.0627334709480612,,,,,,,,,,
218,2024-09-08 11:37:42,sales_manager_interview.txt,1,0,0.0454545454545454,0.0,0.0227272727272727,0.0927529785536527,,,,,,,,,,
218,2024-09-08 11:37:42,sales_manager_interview.txt,2,0,0.0727272727272727,0.0,0.0,0.1185601973267088,,,,,,,,,,
218,2024-09-08 11:37:42,sales_manager_interview.txt,3,0,0.0444444444444444,0.0,0.0,0.106219738259975,,,,,,,,,,
218,2024-09-08 11:37:42,frontend_developer_interview.txt,1,0,0.0338983050847457,0.0,0.0,0.0463880667322203,,,,,,,,,,
218,2024-09-08 11:37:42,frontend_developer_interview.txt,2,0,0.048076923076923,0.0,0.0192307692307692,0.0316033064174671,,,,,,,,,,
218,2024-09-08 11:37:42,frontend_developer_interview.txt,3,0,0.0677966101694915,0.0,0.0084745762711864,0.1521935579294296,,,,,,,,,,
218,2024-09-08 11:37:42,public_relations_specialist_interview.txt,1,0,0.0707070707070707,0.0,0.0,0.0612498751422564,,,,,,,,,,
218,2024-09-08 11:37:42,public_relations_specialist_interview.txt,2,0,0.1025641025641025,0.0341880341880341,0.0,0.0,,,,,,,,,,
218,2024-09-08 11:37:42,public_relations_specialist_interview.txt,3,0,0.0517241379310344,0.0,0.0086206896551724,0.1004132052736,,,,,,,,,,
218,2024-09-08 11:37:42,logistics_coordinator_interview.txt,1,0,0.0603448275862069,0.0,0.0344827586206896,0.0536258473420191,,,,,,,,,,
218,2024-09-08 11:37:42,logistics_coordinator_interview.txt,2,0,0.043010752688172,0.0,0.0,0.0355816989033996,,,,,,,,,,
218,2024-09-08 11:37:42,logistics_coordinator_interview.txt,3,0,0.054054054054054,0.0,0.0,0.041870378325629,,,,,,,,,,
218,2024-09-08 11:37:42,nurse_interview.txt,1,0,0.0652173913043478,0.0,0.0217391304347826,0.0792010942258981,,,,,,,,,,
218,2024-09-08 11:37:42,nurse_interview.txt,2,0,0.0514705882352941,0.0,0.0147058823529411,0.1370661560765469,,,,,,,,,,
218,2024-09-08 11:37:42,nurse_interview.txt,3,0,0.054054054054054,0.0,0.036036036036036,0.1152664333805689,,,,,,,,,,
218,2024-09-08 11:37:42,chemist_interview.txt,1,0,0.0727272727272727,0.0,0.0181818181818181,0.0527446151325422,,,,,,,,,,
218,2024-09-08 11:37:42,chemist_interview.txt,2,0,0.1075268817204301,0.0,0.0,0.1152384730306447,,,,,,,,,,
218,2024-09-08 11:37:42,chemist_interview.txt,3,0,0.0697674418604651,0.0,0.0077519379844961,0.0643850449549886,,,,,,,,,,
218,2024-09-08 11:37:42,manufacturing_engineer_interview.txt,1,0,0.0687022900763358,0.015267175572519,0.0229007633587786,0.0482168090314157,,,,,,,,,,
218,2024-09-08 11:37:42,manufacturing_engineer_interview.txt,2,0,0.0446428571428571,0.0,0.0089285714285714,0.0834938300109287,,,,,,,,,,
218,2024-09-08 11:37:42,manufacturing_engineer_interview.txt,3,0,0.0602409638554216,0.0,0.0,0.0635358168333495,,,,,,,,,,
218,2024-09-08 11:37:42,veterinarian_interview.txt,1,0,0.048076923076923,0.0,0.0096153846153846,0.0969298964109895,,,,,,,,,,
218,2024-09-08 11:37:42,veterinarian_interview.txt,2,0,0.05,0.0142857142857142,0.0,0.0695811870523281,,,,,,,,,,
218,2024-09-08 11:37:42,veterinarian_interview.txt,3,0,0.032520325203252,0.0,0.016260162601626,0.0394390204432756,,,,,,,,,,
218,2024-09-08 11:37:42,event_planner_interview.txt,1,0,0.0373134328358208,0.0,0.0,0.099059528098622,,,,,,,,,,
218,2024-09-08 11:37:42,event_planner_interview.txt,2,0,0.078125,0.0,0.0078125,0.0271201838699979,,,,,,,,,,
218,2024-09-08 11:37:42,event_planner_interview.txt,3,0,0.048076923076923,0.0,0.0,0.1572289573335409,,,,,,,,,,
218,2024-09-08 11:37:42,seo_specialist_interview.txt,1,0,0.0306122448979591,0.0,0.0,0.0418630458366323,,,,,,,,,,
218,2024-09-08 11:37:42,seo_specialist_interview.txt,2,0,0.0561797752808988,0.0,0.0,0.0469111864526693,,,,,,,,,,
218,2024-09-08 11:37:42,seo_specialist_interview.txt,3,0,0.0648148148148148,0.0,0.0092592592592592,0.1552382553045406,,,,,,,,,,
218,2024-09-08 11:37:42,procurement_specialist_interview.txt,1,0,0.1349206349206349,0.0079365079365079,0.0,0.0,,,,,,,,,,
218,2024-09-08 11:37:42,procurement_specialist_interview.txt,2,0,0.0467289719626168,0.0,0.0,0.0290324715415137,,,,,,,,,,
218,2024-09-08 11:37:42,procurement_specialist_interview.txt,3,0,0.0614035087719298,0.0,0.0087719298245614,0.0990984254553111,,,,,,,,,,
218,2024-09-08 11:37:42,aerospace_engineer_interview.txt,-999,0,0.0548308212173758,0.0,0.0178293539638077,0.0480739626699158,0.0090746222810393,-22.39228019751654,0.0,0.0,0.011075130789614,1.5910790693874617,0.0113061410215475,-49.35193438837489,74.0,76.0
218,2024-09-08 11:37:42,agricultural_engineer_interview.txt,-999,0,0.0456377917911273,0.0,0.0109669211195928,0.011394722776523,0.0069730377729906,-35.404123463912626,0.0,0.0,0.0114809600183229,-37.51084010840108,0.0098783166486343,-87.99515091413978,94.0,100.0
218,2024-09-08 11:37:42,ai_ethicist_interview.txt,-999,0,0.0834723323799681,0.0574743032021855,0.008695652173913,0.0363566243181414,0.014875306539273,18.14700635108176,0.0049040868504378,0.0,0.0150613113701641,-50.45245669848003,0.0325356583816519,-61.69667338376586,10.0,91.0
218,2024-09-08 11:37:42,ai_professor_interview.txt,-999,0,0.0658976546369447,0.0,0.0130909255756256,0.0340822291710896,0.0113684743774216,-6.728248763048711,0.0,0.0,0.0039311982797189,-25.408331791241707,0.0420786958568103,-64.09285019626586,42.0,92.0
218,2024-09-08 11:37:42,ai_software_developer_interview.txt,-999,0,0.0778981534001386,0.0,0.0052940064284363,0.0405685496256942,0.0204701310535737,10.257295586392232,0.0,0.0,0.0045886409905508,-69.8349235335802,0.0608665247425301,-57.25922205916984,17.0,88.0
218,2024-09-08 11:37:42,architect_interview.txt,-999,0,0.0584284540588831,0.0126262626262626,0.0228721806110592,0.0452142528201013,0.0115180748983522,-17.300179161695667,0.0218693283783949,0.0,0.0001329413508501,30.324941311064123,0.0438778740158845,-52.36476636767525,61.0,78.0
218,2024-09-08 11:37:42,astronomer_interview.txt,-999,0,0.0603797074385309,0.0052910052910052,0.0059134765017117,0.0224049461475774,0.019792235413115,-14.538368884388149,0.0091642899871369,0.0,0.0052056422918386,-66.30520320142512,0.0195158607931298,-76.39538911533178,55.0,97.0
218,2024-09-08 11:37:42,backend_developer_interview.txt,-999,0,0.0525201180281394,0.0,0.0060062486533074,0.0863875677914038,0.0090964815246191,-25.6628568855078,0.0,0.0,0.0052367468209077,-65.77659049861344,0.0423274975700418,-8.986841139563666,80.0,16.0
218,2024-09-08 11:37:42,barista_interview.txt,-999,0,0.0690503124326653,0.0,0.0081663434604611,0.087702429243304,0.0185405746278981,-2.265966830895792,0.0,0.0,0.0084133830483931,-53.46844053443765,0.0174195882811321,-7.601575906837013,32.0,14.0
218,2024-09-08 11:37:42,bartender_interview.txt,-999,0,0.0648439883734001,0.0,0.003030303030303,0.0772575823270087,0.0067063208083585,-8.219611364063041,0.0,0.0,0.0052486388108147,-82.73343187977335,0.0217111142556495,-18.605688373125343,43.0,27.0
218,2024-09-08 11:37:42,biologist_interview.txt,-999,0,0.0680868838763575,0.01,0.0063492063492063,0.0489864703554579,0.0312272387653812,-3.629606692338399,0.0173205080756887,0.0,0.0109971479845643,-63.822428700477474,0.0437409249891785,-48.3905668088853,36.0,74.0
218,2024-09-08 11:37:42,biomedical_engineer_interview.txt,-999,0,0.0856556387346051,0.0,0.0033003300330033,0.0789197619677442,0.0227655924444408,21.237265151727968,0.0,0.0,0.0057163392989071,-81.19482679975314,0.0318817554345985,-16.854507924775135,7.0,25.0
218,2024-09-08 11:37:42,business_analyst_interview.txt,-999,0,0.0554979760406117,0.0,0.0093334027442554,0.0268847086642488,0.0098769086964874,-21.44798712590089,0.0,0.0,0.0016198096651814,-46.81857468852488,0.0465656813531662,-71.67575933513768,72.0,95.0
218,2024-09-08 11:37:42,business_intelligence_analyst_interview.txt,-999,0,0.0687741763372015,0.0,0.0128851540616246,0.1003877971033804,0.0087949076901518,-2.6568107440144217,0.0,0.0,0.0111623859076589,-26.580811186263105,0.0562029429299538,5.763025386719647,35.0,8.0
218,2024-09-08 11:37:42,chef_interview.txt,-999,0,0.0591523565948118,0.0,0.0047619047619047,0.0515835096244333,0.0049770976432038,-16.27556519594934,0.0,0.0,0.0082478609884232,-72.86682152535812,0.0224290882691609,-45.654470011661154,59.0,69.0
218,2024-09-08 11:37:42,chemical_engineer_interview.txt,-999,0,0.0718084273182957,0.0,0.0156272377372001,0.0708178587504109,0.0017176512571054,1.63787780382998,0.0,0.0,0.0054242753193317,-10.95650757628681,0.0689536349550145,-25.390224619236847,27.0,39.0
218,2024-09-08 11:37:42,chemist_interview.txt,-999,0,0.0833405321027226,0.0,0.0086445853887714,0.0774560443727252,0.0209982089846374,17.960455816924977,0.0,0.0,0.0091237186848588,-50.74343357950845,0.0332341516828835,-18.396599748959304,11.0,26.0
218,2024-09-08 11:37:42,civil_engineer_interview.txt,-999,0,0.0748457883658269,0.0,0.011100938334159,0.0633969770053524,0.012732133342275,5.936968349661214,0.0,0.0,0.0034094988331135,-36.74721437808669,0.017188509235205,-33.20845479303192,23.0,52.0
218,2024-09-08 11:37:42,cloud_architect_interview.txt,-999,0,0.0513750234345706,0.0,0.0205519231971003,0.0554059647422291,0.0213410418229086,-27.283627437396945,0.0,0.0,0.0157025185318364,17.10419002185195,0.0280313285841514,-41.62734291725233,83.0,62.0
218,2024-09-08 11:37:42,computer_vision_engineer_interview.txt,-999,0,0.0730068067475584,0.0,0.0061162079510703,0.0732468589793307,0.01439463529251,3.33406788266484,0.0,0.0,0.0105935829209105,-65.1500459958728,0.0077880423033267,-22.831164451684472,26.0,36.0
218,2024-09-08 11:37:42,construction_manager_interview.txt,-999,0,0.0845533482626598,0.0,0.0189321197235666,0.076807083260755,0.0285329359907958,19.67707969055212,0.0,0.0,0.0084526221862361,7.874602506192673,0.0695745010677526,-19.0803092489258,9.0,29.0
218,2024-09-08 11:37:42,content_writer_interview.txt,-999,0,0.0580764914098247,0.0,0.0148582898582898,0.0816067372157191,0.0166320991283872,-17.798348221407025,0.0,0.0,0.0063801027372806,-15.337947583882524,0.0240057653765828,-14.02365955908776,64.0,22.0
218,2024-09-08 11:37:42,cto_of_a_fintec_interview.txt,-999,0,0.0668664343786295,0.0026666666666666,0.0079576719576719,0.0667679675719528,0.0094508374067066,-5.35703481670042,0.004618802153517,0.0,0.007936592592141,-54.65744397126511,0.0207608663908648,-29.656965755907265,40.0,45.0
218,2024-09-08 11:37:42,customer_service_representative_interview.txt,-999,0,0.0581985266195792,0.0,0.0059542796384901,0.0671208891698068,0.0164720762626921,-17.6256191950239,0.0,0.0,0.005159023304182,-66.07270825499324,0.0489025078385463,-29.28514709875597,63.0,43.0
218,2024-09-08 11:37:42,cybersecurity_specialist_interview.txt,-999,0,0.0773109926377253,0.0202599644579842,0.008,0.0511719302908732,0.0215075743575556,9.426226364435236,0.0111223276261782,0.0,0.013856406460551,-54.41626016260162,0.0555235444498658,-46.08808721175909,19.0,70.0
218,2024-09-08 11:37:42,data_engineer_interview.txt,-999,0,0.1198984478054245,0.0025641025641025,0.0056142823584684,0.0658105039181166,0.0361913764231097,69.70464668304683,0.0044411559168432,0.0,0.0049079869301384,-68.01000169973511,0.0781642140642681,-30.665696454751668,1.0,48.0
218,2024-09-08 11:37:42,data_scientist_interview.txt,-999,0,0.0927255523402691,0.005420054200542,0.0054915254237288,0.0174692804824278,0.0100410403865582,31.244043491977635,0.0093878092551158,0.0,0.0047617165254651,-68.70946672178586,0.0302576813672363,-81.5953332131787,2.0,99.0
218,2024-09-08 11:37:42,database_administrator_interview.txt,-999,0,0.0592641333048048,0.0095923261390887,0.0095923261390887,0.0610299134785249,0.0310134360817725,-16.1173560829545,0.0166143962356726,0.0,0.0166143962356726,-45.34323760503791,0.0403786741209838,-35.70226188018239,58.0,55.0
218,2024-09-08 11:37:42,dentist_interview.txt,-999,0,0.0558154645873944,0.0,0.0053931124106562,0.1005362506233277,0.0033214757424644,-20.998612820863087,0.0,0.0,0.0047201405129731,-69.27022086985002,0.033804447311336,5.919427796693483,71.0,6.0
218,2024-09-08 11:37:42,devops_engineer_interview.txt,-999,0,0.0781954887218045,0.0200501253132832,0.0122807017543859,0.073836056406711,0.0231500816817152,10.67814495211195,0.0347278357407293,0.0,0.0132453235706504,-30.024960775923542,0.0742014170742861,-22.210418661181293,16.0,35.0
218,2024-09-08 11:37:42,digital_marketing_specialist_interview.txt,-999,0,0.0566753539345686,0.0,0.0098898021657708,0.0832511521109623,0.018437893884227,-19.78152268733997,0.0,0.0,0.001141597288879,-43.64822887902008,0.0721138721343955,-12.291195063101242,68.0,19.0
218,2024-09-08 11:37:42,doctor_interview.txt,-999,0,0.0602297484650425,0.0,0.0097643097643097,0.0522903051616822,0.0089849186448038,-14.750621295312598,0.0,0.0,0.0091654259857348,-44.36328050149187,0.0202047210831162,-44.90982936303435,56.0,67.0
218,2024-09-08 11:37:42,electrical_engineer_interview.txt,-999,0,0.0882428940568475,0.0066666666666666,0.0034722222222222,0.039980860416496,0.0102279568387673,24.89927461370624,0.0115470053837925,0.0,0.0060140653040586,-80.21539069557362,0.0105493860274732,-57.87837887449393,4.0,90.0
218,2024-09-08 11:37:42,environmental_engineer_interview.txt,-999,0,0.0850391671820243,0.0,0.0146464646464646,0.0757482535843909,0.0057403325072782,20.364709343577218,0.0,0.0,0.0137481389786022,-16.54492075223783,0.0665124574639047,-20.19583357730795,8.0,31.0
218,2024-09-08 11:37:42,environmental_scientist_interview.txt,-999,0,0.0539188210091536,0.0,0.0164064483371414,0.08260450506481,0.0118172493974848,-23.683128210514862,0.0,0.0,0.0206568954496431,-6.516590918003615,0.0269700022423844,-12.97246659143272,78.0,20.0
218,2024-09-08 11:37:42,event_planner_interview.txt,-999,0,0.0545051186375813,0.0,0.0026041666666666,0.0944695564340536,0.021151531321009,-22.85328067116309,0.0,0.0,0.0045105489780439,-85.16154302168022,0.0651757172032501,-0.4721053384833027,75.0,12.0
218,2024-09-08 11:37:42,financial_analyst_interview.txt,-999,0,0.0676149780212825,0.0029498525073746,0.0116001867826685,0.1144640016456769,0.0109990487697447,-4.297543749648227,0.0051092944176073,0.0,0.0104294293817635,-33.902512954201285,0.0486399351293362,20.59293520954837,38.0,3.0
218,2024-09-08 11:37:42,fire_protection_engineer_interview.txt,-999,0,0.0750968992248062,0.0240402362495385,0.0107281284606865,0.0328066995261925,0.0222393748401715,6.292391462982081,0.0201060034230084,0.0,0.0041775518863019,-38.87147291323412,0.029641073128454,-65.43667761461074,21.0,94.0
218,2024-09-08 11:37:42,focus_group_interview.txt,-999,0,0.0588235294117647,0.0,0.0,0.0,0.0,-16.74098824303796,0.0,0.0,0.0,-100.0,0.0,-100.0,60.0,101.0
218,2024-09-08 11:37:42,frontend_developer_interview.txt,-999,0,0.0499239461103867,0.0,0.0092351151673185,0.0767283103597056,0.0170244645281205,-29.337486925303224,0.0,0.0,0.0096379165726401,-47.37861410556739,0.0657715742358427,-19.163300016467915,89.0,30.0
218,2024-09-08 11:37:42,full_stack_developer_interview.txt,-999,0,0.0804121707008846,0.0123456790123456,0.0101876154369592,0.0483128022847362,0.0780055017087343,13.815643718392453,0.0213833433033194,0.0,0.0040072722095984,-41.95129854477313,0.0514378645862778,-49.10030619277265,13.0,75.0
218,2024-09-08 11:37:42,game_developer_interview.txt,-999,0,0.0521700521700521,0.0,0.0183890183890183,0.0658134742018097,0.0083272280313069,-26.15834122120914,0.0,0.0,0.0047618055766234,4.7800287637686125,0.0101708631617814,-30.662567128292565,82.0,47.0
218,2024-09-08 11:37:42,gardener_interview.txt,-999,0,0.0561706811706811,0.0,0.0053742553742553,0.0532605742376449,0.0070201583039181,-20.49583813223272,0.0,0.0,0.0046795082789833,-69.37766765002537,0.057417465439807,-43.88760758036767,70.0,66.0
218,2024-09-08 11:37:42,geneticist_interview.txt,-999,0,0.0611336032388664,0.0096153846153846,0.0101407364565259,0.0973580478295555,0.0279117427581266,-13.471302356226062,0.0166543346881622,0.0,0.008783849262908,-42.21841345076261,0.0114069685173857,2.571049283957322,52.0,9.0
218,2024-09-08 11:37:42,geologist_interview.txt,-999,0,0.0897087359987703,0.0,0.0084852734922861,0.0625965489539741,0.0186570725171784,26.97403198880508,0.0,0.0,0.0087032835354668,-51.651187584807126,0.0571174070875316,-34.05174147488816,3.0,53.0
218,2024-09-08 11:37:42,geotechnical_engineer_interview.txt,-999,0,0.0633932132522799,0.0,0.0171595985877226,0.0435843241744603,0.0153417345298937,-10.273043112785928,0.0,0.0,0.0080159839490695,-2.225165282882997,0.0296922241439828,-54.08196895306461,46.0,82.0
218,2024-09-08 11:37:42,graphic_designer_interview.txt,-999,0,0.06226017019951,0.0,0.0085736941223114,0.129589756863583,0.0253486704180317,-11.87675587526506,0.0,0.0,0.0084763150024872,-51.14736971039053,0.0422325155476891,36.5285935192658,51.0,1.0
218,2024-09-08 11:37:42,hotel_manager_interview.txt,-999,0,0.0742598600041829,0.0026455026455026,0.002710027100271,0.1165362468791539,0.029348878825487,5.107643471696633,0.0045821449935684,0.0,0.0046939046275579,-84.55835371361843,0.0222233416108369,22.77613806447352,25.0,2.0
218,2024-09-08 11:37:42,human_resources_manager_interview.txt,-999,0,0.0639151864060417,0.0,0.0236426564141502,0.0579282148176675,0.0148051245436644,-9.534240640706187,0.0,0.0,0.007475764681373,34.71508738095281,0.0734851947736557,-38.97003987388016,45.0,58.0
218,2024-09-08 11:37:42,industrial_engineer_interview.txt,-999,0,0.0786461242176215,0.0,0.0231474883646284,0.056356248609007,0.0158844724236964,11.3159758748657,0.0,0.0,0.01226823742033,31.8936359378038,0.0528215330852058,-40.62617644456724,15.0,59.0
218,2024-09-08 11:37:42,it_manager_interview.txt,-999,0,0.0471973372676066,0.0,0.0051092318534179,0.1004112410170443,0.0142018613496248,-33.1967378061636,0.0,0.0,0.0044256013696548,-70.88776305310621,0.072368648424168,5.787724596260446,92.0,7.0
218,2024-09-08 11:37:42,logistics_coordinator_interview.txt,-999,0,0.0524698781094776,0.0,0.0114942528735632,0.0436926415236826,0.008774950040325,-25.733966627142763,0.0,0.0,0.019908629972056,-34.50612092327819,0.0091590559333901,-53.96785179055914,81.0,81.0
218,2024-09-08 11:37:42,lorry_driver_interview.txt,-999,0,0.0441927954072298,0.0,0.0025445292620865,0.086904860375448,0.0024919563434483,-37.44937596947936,0.0,0.0,0.0044072539632795,-85.50135501355014,0.0281047651195438,-8.44185031122339,95.0,15.0
218,2024-09-08 11:37:42,machine_learning_engineer_interview copy.txt,-999,0,0.0536580017734597,0.0,0.005050505050505,0.0497500160439961,0.0071176400905742,-24.05229259130316,0.0,0.0,0.0087477313513579,-71.2223864662889,0.0434329688699764,-47.5861373426463,79.0,73.0
218,2024-09-08 11:37:42,machine_learning_engineer_interview.txt,-999,0,0.0359812340966921,0.0,0.0,0.0267045408274778,0.0319586013698276,-49.07204612432964,0.0,0.0,0.0,-100.0,0.0462536215059891,-71.86557419355775,100.0,96.0
218,2024-09-08 11:37:42,manufacturing_engineer_interview.txt,-999,0,0.0578620370248715,0.005089058524173,0.01060977826245,0.0650821519585646,0.012204857554227,-18.101887644095555,0.0088145079265591,0.0,0.0115425769617275,-39.54582849399921,0.0176892740534159,-31.43304775651628,65.0,49.0
218,2024-09-08 11:37:42,marine_engineer_interview.txt,-999,0,0.0663451012588943,0.0026041666666666,0.0147321428571428,0.0635955669632064,0.0085941694008704,-6.094931382570891,0.0045105489780439,0.0,0.0143066253205018,-16.05672909407666,0.0563358613200052,-32.99923140771915,41.0,51.0
218,2024-09-08 11:37:42,marketing_manager_interview.txt,-999,0,0.0574734490678158,0.0,0.0056307911617961,0.0433353117732308,0.010230270987519,-18.65189628194257,0.0,0.0,0.0048827850487395,-67.91593507524526,0.0335050053371757,-54.34431463324448,66.0,83.0
218,2024-09-08 11:37:42,materials_engineer_interview.txt,-999,0,0.0512577558164933,0.0,0.0098920236851271,0.0328230201157645,0.0060188571849888,-27.449608399264463,0.0,0.0,0.0091961938799908,-43.63557073397275,0.0090914319034334,-65.41948314497358,84.0,93.0
218,2024-09-08 11:37:42,mechanical_engineer_interview.txt,-999,0,0.0708540513494073,0.0,0.0029239766081871,0.0506481015165538,0.0086671076461903,0.2870510035879476,0.0,0.0,0.005064476045523,-83.3392763752199,0.0135803186403236,-46.639964208318496,30.0,72.0
218,2024-09-08 11:37:42,meteorologist_interview.txt,-999,0,0.0676512666704869,0.0,0.0157341100834086,0.0407192739003882,0.0157789142996009,-4.246180679445359,0.0,0.0,0.000801866882806,-10.34755242311398,0.0705278512427857,-57.10042730770777,37.0,87.0
218,2024-09-08 11:37:42,microbiologist_interview.txt,-999,0,0.0716161196083565,0.0,0.0024875621890547,0.081667457368724,0.023398475491293,1.3656848558227068,0.0,0.0,0.00430858409843,-85.82595154309752,0.0268522658028084,-13.95968816745406,28.0,21.0
218,2024-09-08 11:37:42,mining_engineer_interview.txt,-999,0,0.0467264905558916,0.0,0.0074074074074074,0.0562767771609436,0.0051577242427647,-33.86317574857249,0.0,0.0,0.0128300059819916,-57.79283348389039,0.0181598970628145,-40.70990316257054,93.0,60.0
218,2024-09-08 11:37:42,mobile_app_developer_interview.txt,-999,0,0.041177816918928,0.0,0.0183399508413688,0.0659675574070043,0.0148569985536164,-41.71678616935595,0.0,0.0,0.019463363791065,4.500443472954331,0.0383524739918186,-30.50023359361124,97.0,46.0
218,2024-09-08 11:37:42,natural_language_processing_engineer_interview.txt,-999,0,0.0688954858166054,0.0024691358024691,0.0159669211195928,0.0555975287871771,0.043380104289694,-2.485108918691836,0.0042766686606638,0.0,0.0138675385756967,-9.02100271002709,0.0342104300673422,-41.42552164481066,33.0,61.0
218,2024-09-08 11:37:42,network_administrator_interview.txt,-999,0,0.0611014125782108,0.0116959064327485,0.0237292955981766,0.0677886964885345,0.0239657375189806,-13.516865120323883,0.0202579041820921,0.0,0.024113132260403,35.208754634001025,0.0437899583450664,-28.581582278708154,54.0,42.0
218,2024-09-08 11:37:42,neuroscientist_interview.txt,-999,0,0.0512170987941831,0.0026666666666666,0.0144143248977901,0.0424897054500683,0.0090189791900086,-27.50715447873958,0.004618802153517,0.0,0.0055555106858179,-17.867645490924716,0.0430262860033163,-55.23519864110567,85.0,85.0
218,2024-09-08 11:37:42,no_persona_interview.txt,-999,0,0.0706512462380337,0.0,0.0175501177142041,0.094917667810953,0.0216471921120907,0.0,0.0,0.0,0.018795860180529,0.0,0.027153427299694,0.0,31.0,11.0
218,2024-09-08 11:37:42,nuclear_engineer_interview.txt,-999,0,0.0626649170095049,0.0,0.0124101527403414,0.0769414793556188,0.0241671644357858,-11.303875945261863,0.0,0.0,0.0144685954856044,-29.287353267737515,0.0325555052122015,-18.938716963776685,49.0,28.0
218,2024-09-08 11:37:42,nurse_interview.txt,-999,0,0.0569140111978986,0.0,0.0241603496079199,0.110511227894338,0.00730603618957,-19.443726433150843,0.0,0.0,0.0108692497785903,37.66488636350152,0.0292241395109772,16.428511617502693,67.0,4.0
218,2024-09-08 11:37:42,occupational_therapist_interview.txt,-999,0,0.0388266702776472,0.0,0.0174767476747674,0.0615201787989723,0.0141881073971164,-45.044606648784544,0.0,0.0,0.0155319870303768,-0.4180600986927913,0.0268749397537979,-35.185745480491875,99.0,54.0
218,2024-09-08 11:37:42,operations_manager_interview.txt,-999,0,0.079441426899054,0.0,0.0176617295261363,0.0467300039765822,0.01712062624118,12.441649835029068,0.0,0.0,0.018028582799709,0.6359604747368337,0.0464816574667467,-50.76785486380242,14.0,77.0
218,2024-09-08 11:37:42,petroleum_engineer_interview.txt,-999,0,0.0858856501717322,0.0029498525073746,0.0031446540880503,0.0709193675903395,0.0421831932957591,21.56282407584401,0.0051092944176073,0.0,0.0054467006527323,-82.08186327146291,0.0139780483598758,-25.283280525192325,6.0,38.0
218,2024-09-08 11:37:42,pharmacist_interview.txt,-999,0,0.0645829113740921,0.0140350877192982,0.0031152647975077,0.0541581181564369,0.0200595609157627,-8.58914058429555,0.0243094850185105,0.0,0.0053957969083142,-82.24932249322492,0.0484690715946676,-42.942004997106174,44.0,63.0
218,2024-09-08 11:37:42,physical_therapist_interview.txt,-999,0,0.0776564825783282,0.0023980815347721,0.0071024840101145,0.0753677820916746,0.0263030992224335,9.915233931886933,0.0041535990589181,0.0,0.0063070196502622,-59.53027708545715,0.0262464004677375,-20.59667727847652,18.0,32.0
218,2024-09-08 11:37:42,physicist_interview.txt,-999,0,0.0540255783582419,0.0,0.0194209260447205,0.0967461934706365,0.0059320815056105,-23.532023517005825,0.0,0.0,0.019891147418598,10.659805027987248,0.0295358062180704,1.926433404711787,77.0,10.0
218,2024-09-08 11:37:42,procurement_specialist_interview.txt,-999,0,0.0810177052183938,0.0026455026455026,0.0029239766081871,0.0427102989989416,0.0472544165185173,14.672719212105775,0.0045821449935684,0.0,0.005064476045523,-83.3392763752199,0.0509454286947989,-55.00279349045167,12.0,84.0
218,2024-09-08 11:37:42,product_manager_interview.txt,-999,0,0.0687865128083843,0.0,0.0117481082467615,0.0522449495829317,0.0379708936764512,-2.6393496632272644,0.0,0.0,0.0135349961143919,-33.05966126225324,0.0454785440816327,-44.957613489842906,34.0,68.0
218,2024-09-08 11:37:42,professor_of_classics_interview.txt,-999,0,0.0611153552330022,0.0,0.0061681238151826,0.0728153593663539,0.0261419994381492,-13.49713064211734,0.0,0.0,0.0054087721688619,-64.85423109048168,0.0363220071548864,-23.285768555354807,53.0,37.0
218,2024-09-08 11:37:42,project_manager_interview.txt,-999,0,0.040186022406408,0.0,0.0313364648842841,0.0600194207659177,0.0098787579116307,-43.12057529598863,0.0,0.0,0.0214392955446953,78.55415783862236,0.0497708470280647,-36.76686105956788,98.0,56.0
218,2024-09-08 11:37:42,psychologist_interview.txt,-999,0,0.0507208066598474,0.002415458937198,0.0261500725978538,0.0400466858845506,0.0188810284074656,-28.20960795374773,0.0041836976028233,0.0,0.0047909399839845,49.00226325370636,0.017954888617755,-57.80902880556296,86.0,89.0
218,2024-09-08 11:37:42,public_relations_specialist_interview.txt,-999,0,0.0749984370674025,0.0113960113960113,0.0028735632183908,0.0538876934719521,0.0256902193432022,6.153027810327046,0.0197384707415256,0.0,0.004977157493014,-83.62653023081955,0.050609823528041,-43.22690947350289,22.0,64.0
218,2024-09-08 11:37:42,quality_control_engineer_interview.txt,-999,0,0.0624287836630216,0.0,0.0132078290751531,0.0707746374070316,0.0155534504228024,-11.638099839469902,0.0,0.0,0.0159500015841685,-24.74221945267413,0.0364743133413402,-25.435760233813227,50.0,40.0
218,2024-09-08 11:37:42,restaurant_manager_interview.txt,-999,0,0.0598364598364598,0.0037037037037037,0.0074074074074074,0.0424769058623897,0.0138875926258032,-15.307283278680444,0.0064150029909958,0.0,0.0128300059819916,-57.79283348389039,0.0043504564912869,-55.24868357807652,57.0,86.0
218,2024-09-08 11:37:42,retail_manager_interview.txt,-999,0,0.0758071108654853,0.0,0.0075596122183459,0.0207524511111663,0.0432659891979006,7.297627291783115,0.0,0.0,0.0001813744648619,-56.92557542091257,0.0359442997061293,-78.13636640072222,20.0,98.0
218,2024-09-08 11:37:42,robotics_engineer_interview.txt,-999,0,0.0583835662416713,0.0,0.0128342245989304,0.0740966363403292,0.0118175020341139,-17.363713521812357,0.0,0.0,0.015058960257036,-26.87100560845181,0.0446363190310999,-21.9358860692752,62.0,34.0
218,2024-09-08 11:37:42,safety_engineer_interview.txt,-999,0,0.0873254090132493,0.0353818897376066,0.0136332209834932,0.0536626179032506,0.0092979049786215,23.60066334716593,0.0068416037276799,0.0,0.0129881041895934,-22.31835019283561,0.0179059943930516,-43.46403663211555,5.0,65.0
218,2024-09-08 11:37:42,sales_manager_interview.txt,-999,0,0.0542087542087542,0.0,0.0075757575757575,0.1058443047134455,0.0160454579898233,-23.27275583205214,0.0,0.0,0.0131215970270369,-56.83357969943335,0.0129077049842715,11.511699723022131,76.0,5.0
218,2024-09-08 11:37:42,seo_specialist_interview.txt,-999,0,0.0505356116645576,0.0,0.0030864197530864,0.0813374958646141,0.017786128989338,-28.47173354268058,0.0,0.0,0.0053458358258298,-82.41368061828766,0.0640496886430233,-14.307317340946923,88.0,23.0
218,2024-09-08 11:37:42,shop_assistant_interview.txt,-999,0,0.0489036708548903,0.0,0.0092592592592592,0.0794152865978313,0.0075805131521386,-30.781587786679367,0.0,0.0,0.0160375074774896,-47.241041854862985,0.0401423217191564,-16.33245060761253,91.0,24.0
218,2024-09-08 11:37:42,social_media_manager_interview.txt,-999,0,0.0296239503468419,0.0,0.0209090909090909,0.0848462323556859,0.0067165528586563,-58.07016588633869,0.0,0.0,0.0200618877188308,19.139320029563933,0.0735823879732686,-10.610706823650888,101.0,18.0
218,2024-09-08 11:37:42,software_quality_assurance_tester_interview.txt,-999,0,0.0627642535693474,0.0056598796076456,0.0115595846223948,0.0438768814903346,0.0181416985019682,-11.163274660596784,0.0049147827406753,0.0,0.0136025410689936,-34.133862743045,0.0023085626447115,-53.77374676153655,48.0,80.0
218,2024-09-08 11:37:42,speech_therapist_interview.txt,-999,0,0.0566419602666937,0.0,0.0063492063492063,0.0669799041283666,0.0087029981677694,-19.828788191705456,0.0,0.0,0.0109971479845643,-63.822428700477474,0.0210258350421744,-29.43368113324256,69.0,44.0
218,2024-09-08 11:37:42,structural_engineer_interview.txt,-999,0,0.0711577073524933,0.0,0.0109548637950015,0.0743825561569507,0.0137142117504206,0.7168466820151025,0.0,0.0,0.0044636901068712,-37.57954235181449,0.0477571339916643,-21.63465677949648,29.0,33.0
218,2024-09-08 11:37:42,supply_chain_manager_interview.txt,-999,0,0.05067002529167,0.0024509803921568,0.0032362459546925,0.0509030104831107,0.0073255610704311,-28.281484064759724,0.0042452225675707,0.0,0.0056053424193167,-81.5599757939327,0.0520217889794126,-46.37140623335371,87.0,71.0
218,2024-09-08 11:37:42,system_administrator_interview.txt,-999,0,0.0629987853478823,0.0,0.0130332506834509,0.059678546880821,0.0263361972264076,-10.831317630787623,0.0,0.0,0.0113197117684075,-25.73696145124717,0.0572030717304857,-37.125986913540174,47.0,57.0
218,2024-09-08 11:37:42,transportation_engineer_interview.txt,-999,0,0.0554076189688755,0.0026881720430107,0.0127870533967698,0.0877644376661939,0.0275509359613157,-21.57587881436706,0.0046560505579808,0.0,0.0045281626931149,-27.139785584340416,0.045840955633769,-7.536247265373319,73.0,13.0
218,2024-09-08 11:37:42,travel_agent_interview.txt,-999,0,0.0497028200548739,0.0,0.0186578693637728,0.0852174211265346,0.032474334301964,-29.650469451850384,0.0,0.0,0.0069876896278449,6.311932874798359,0.0389138725049479,-10.21964288433452,90.0,17.0
218,2024-09-08 11:37:42,veterinarian_interview.txt,-999,0,0.0435324160933917,0.0047619047619047,0.0086251824056702,0.0686500346355311,0.0095851012275583,-38.38407896341272,0.0082478609884232,0.0,0.008175181788188,-50.8539911462279,0.0287567468344603,-27.674124092196408,96.0,41.0
218,2024-09-08 11:37:42,warehouse_manager_interview.txt,-999,0,0.0671234125691957,0.0,0.0040160642570281,0.0650412265723094,0.0171348523519315,-4.993307063476649,0.0,0.0,0.006956027339634,-77.11659646716949,0.0177789052236073,-31.47616447777486,39.0,50.0
218,2024-09-08 11:37:42,water_resources_engineer_interview.txt,-999,0,0.0744840154715706,0.0062893081761006,0.0,0.0440006396611022,0.0417985788669561,5.424913837505187,0.0108934013054646,0.0,0.0,-100.0,0.0503493136199581,-53.64336200428139,24.0,79.0
219,2024-09-08 11:41:25,restaurant_manager_interview.txt,1,0,0.0714285714285714,0.0,0.0,0.0466530557892966,,,,,,,,,,
219,2024-09-08 11:41:25,restaurant_manager_interview.txt,2,0,0.0636363636363636,0.0,0.0,0.0428067433298522,,,,,,,,,,
219,2024-09-08 11:41:25,restaurant_manager_interview.txt,3,0,0.0444444444444444,0.0111111111111111,0.0222222222222222,0.0379709184680204,,,,,,,,,,
219,2024-09-08 11:41:25,geneticist_interview.txt,1,0,0.0384615384615384,0.0288461538461538,0.0,0.0937095795782794,,,,,,,,,,
219,2024-09-08 11:41:25,geneticist_interview.txt,2,0,0.0526315789473684,0.0,0.0150375939849624,0.0882216505718651,,,,,,,,,,
219,2024-09-08 11:41:25,geneticist_interview.txt,3,0,0.0923076923076923,0.0,0.0153846153846153,0.1101429133385219,,,,,,,,,,
219,2024-09-08 11:41:25,speech_therapist_interview.txt,1,0,0.0510204081632653,0.0,0.0,0.0432621003107774,,,,,,,,,,
219,2024-09-08 11:41:25,speech_therapist_interview.txt,2,0,0.0522388059701492,0.0,0.0,0.0833315864428225,,,,,,,,,,
219,2024-09-08 11:41:25,speech_therapist_interview.txt,3,0,0.0666666666666666,0.0,0.019047619047619,0.0743460256315,,,,,,,,,,
219,2024-09-08 11:41:25,customer_service_representative_interview.txt,1,0,0.0545454545454545,0.0,0.009090909090909,0.0311974890850877,,,,,,,,,,
219,2024-09-08 11:41:25,customer_service_representative_interview.txt,2,0,0.0761904761904762,0.0,0.0,0.122813044651559,,,,,,,,,,
219,2024-09-08 11:41:25,customer_service_representative_interview.txt,3,0,0.043859649122807,0.0,0.0087719298245614,0.0473521337727738,,,,,,,,,,
219,2024-09-08 11:41:25,construction_manager_interview.txt,1,0,0.055045871559633,0.0,0.0091743119266055,0.0948117237060615,,,,,,,,,,
219,2024-09-08 11:41:25,construction_manager_interview.txt,2,0,0.0866141732283464,0.0,0.0236220472440944,0.1356095260762036,,,,,,,,,,
219,2024-09-08 11:41:25,construction_manager_interview.txt,3,0,0.112,0.0,0.024,0.0,,,,,,,,,,
219,2024-09-08 11:41:25,doctor_interview.txt,1,0,0.0545454545454545,0.0,0.0181818181818181,0.0673965703749538,,,,,,,,,,
219,2024-09-08 11:41:25,doctor_interview.txt,2,0,0.0705882352941176,0.0,0.0,0.0293397273927395,,,,,,,,,,
219,2024-09-08 11:41:25,doctor_interview.txt,3,0,0.0555555555555555,0.0,0.0111111111111111,0.0601346177173533,,,,,,,,,,
219,2024-09-08 11:41:25,human_resources_manager_interview.txt,1,0,0.0693069306930693,0.0,0.0198019801980198,0.1425669620819004,,,,,,,,,,
219,2024-09-08 11:41:25,human_resources_manager_interview.txt,2,0,0.0471698113207547,0.0,0.0188679245283018,0.0103852698901538,,,,,,,,,,
219,2024-09-08 11:41:25,human_resources_manager_interview.txt,3,0,0.075268817204301,0.0,0.032258064516129,0.0208324124809482,,,,,,,,,,
219,2024-09-08 11:41:25,water_resources_engineer_interview.txt,1,0,0.1226415094339622,0.0188679245283018,0.0,0.0,,,,,,,,,,
219,2024-09-08 11:41:25,water_resources_engineer_interview.txt,2,0,0.0476190476190476,0.0,0.0,0.0989100944553876,,,,,,,,,,
219,2024-09-08 11:41:25,water_resources_engineer_interview.txt,3,0,0.0531914893617021,0.0,0.0,0.0330918245279189,,,,,,,,,,
219,2024-09-08 11:41:25,project_manager_interview.txt,1,0,0.0515463917525773,0.0,0.0515463917525773,0.0555355117717458,,,,,,,,,,
219,2024-09-08 11:41:25,project_manager_interview.txt,2,0,0.0336134453781512,0.0,0.0336134453781512,0.1118805059888638,,,,,,,,,,
219,2024-09-08 11:41:25,project_manager_interview.txt,3,0,0.0353982300884955,0.0,0.0088495575221238,0.0126422445371434,,,,,,,,,,
219,2024-09-08 11:41:25,biologist_interview.txt,1,0,0.1,0.03,0.0,0.0628254664475309,,,,,,,,,,
219,2024-09-08 11:41:25,biologist_interview.txt,2,0,0.0666666666666666,0.0,0.019047619047619,0.084133944618843,,,,,,,,,,
219,2024-09-08 11:41:25,biologist_interview.txt,3,0,0.037593984962406,0.0,0.0,0.0,,,,,,,,,,
219,2024-09-08 11:41:25,occupational_therapist_interview.txt,1,0,0.0227272727272727,0.0,0.0227272727272727,0.0619600680328602,,,,,,,,,,
219,2024-09-08 11:41:25,occupational_therapist_interview.txt,2,0,0.0495049504950495,0.0,0.0297029702970297,0.0881724737587123,,,,,,,,,,
219,2024-09-08 11:41:25,occupational_therapist_interview.txt,3,0,0.0442477876106194,0.0,0.0,0.0344279946053444,,,,,,,,,,
219,2024-09-08 11:41:25,network_administrator_interview.txt,1,0,0.0543478260869565,0.0,0.0108695652173913,0.0181441553921881,,,,,,,,,,
219,2024-09-08 11:41:25,network_administrator_interview.txt,2,0,0.087719298245614,0.0350877192982456,0.0087719298245614,0.1009251180073442,,,,,,,,,,
219,2024-09-08 11:41:25,network_administrator_interview.txt,3,0,0.0412371134020618,0.0,0.0515463917525773,0.0842968160660713,,,,,,,,,,
219,2024-09-08 11:41:25,neuroscientist_interview.txt,1,0,0.0442477876106194,0.0,0.0176991150442477,0.0414359038364657,,,,,,,,,,
219,2024-09-08 11:41:25,neuroscientist_interview.txt,2,0,0.0614035087719298,0.0,0.0175438596491228,0.0,,,,,,,,,,
219,2024-09-08 11:41:25,neuroscientist_interview.txt,3,0,0.048,0.008,0.008,0.0860332125137391,,,,,,,,,,
219,2024-09-08 11:41:25,retail_manager_interview.txt,1,0,0.0661764705882353,0.0,0.0073529411764705,0.0,,,,,,,,,,
219,2024-09-08 11:41:25,retail_manager_interview.txt,2,0,0.123076923076923,0.0,0.0076923076923076,0.0,,,,,,,,,,
219,2024-09-08 11:41:25,retail_manager_interview.txt,3,0,0.0381679389312977,0.0,0.0076335877862595,0.0622573533334991,,,,,,,,,,
219,2024-09-08 11:41:25,agricultural_engineer_interview.txt,1,0,0.04,0.0,0.01,0.01754081509232,,,,,,,,,,
219,2024-09-08 11:41:25,agricultural_engineer_interview.txt,2,0,0.0434782608695652,0.0,0.0,0.016643353237249,,,,,,,,,,
219,2024-09-08 11:41:25,agricultural_engineer_interview.txt,3,0,0.0534351145038167,0.0,0.0229007633587786,0.0,,,,,,,,,,
219,2024-09-08 11:41:25,electrical_engineer_interview.txt,1,0,0.0813953488372093,0.0,0.0,0.0515248660596885,,,,,,,,,,
219,2024-09-08 11:41:25,electrical_engineer_interview.txt,2,0,0.0833333333333333,0.0,0.0104166666666666,0.0375765713355705,,,,,,,,,,
219,2024-09-08 11:41:25,electrical_engineer_interview.txt,3,0,0.1,0.02,0.0,0.030841143854229,,,,,,,,,,
219,2024-09-08 11:41:25,quality_control_engineer_interview.txt,1,0,0.0618556701030927,0.0,0.0309278350515463,0.0571315807160011,,,,,,,,,,
219,2024-09-08 11:41:25,quality_control_engineer_interview.txt,2,0,0.0471698113207547,0.0,0.0,0.0430885464951094,,,,,,,,,,
219,2024-09-08 11:41:25,quality_control_engineer_interview.txt,3,0,0.0782608695652174,0.0,0.008695652173913,0.1121037850099844,,,,,,,,,,
219,2024-09-08 11:41:25,machine_learning_engineer_interview.txt,1,0,0.0,0.0,0.0,0.0,,,,,,,,,,
219,2024-09-08 11:41:25,machine_learning_engineer_interview.txt,2,0,0.0610687022900763,0.0,0.0,0.0801136224824336,,,,,,,,,,
219,2024-09-08 11:41:25,machine_learning_engineer_interview.txt,3,0,0.0546875,0.0,0.0,0.0,,,,,,,,,,
219,2024-09-08 11:41:25,psychologist_interview.txt,1,0,0.048076923076923,0.0,0.0288461538461538,0.0323961959726534,,,,,,,,,,
219,2024-09-08 11:41:25,psychologist_interview.txt,2,0,0.072463768115942,0.0072463768115942,0.0289855072463768,0.0605596667072056,,,,,,,,,,
219,2024-09-08 11:41:25,psychologist_interview.txt,3,0,0.0412371134020618,0.0,0.0206185567010309,0.0271841949737927,,,,,,,,,,
219,2024-09-08 11:41:25,geologist_interview.txt,1,0,0.0725806451612903,0.0,0.0080645161290322,0.0759044861163816,,,,,,,,,,
219,2024-09-08 11:41:25,geologist_interview.txt,2,0,0.0869565217391304,0.0,0.017391304347826,0.1118851607455407,,,,,,,,,,
219,2024-09-08 11:41:25,geologist_interview.txt,3,0,0.1095890410958904,0.0,0.0,0.0,,,,,,,,,,
219,2024-09-08 11:41:25,chemical_engineer_interview.txt,1,0,0.078125,0.0,0.015625,0.0,,,,,,,,,,
219,2024-09-08 11:41:25,chemical_engineer_interview.txt,2,0,0.0736842105263157,0.0,0.0210526315789473,0.0747112850356365,,,,,,,,,,
219,2024-09-08 11:41:25,chemical_engineer_interview.txt,3,0,0.0714285714285714,0.0,0.010204081632653,0.1377422912155963,,,,,,,,,,
219,2024-09-08 11:41:25,machine_learning_engineer_interview copy.txt,1,0,0.053030303030303,0.0,0.0151515151515151,0.0691364256495546,,,,,,,,,,
219,2024-09-08 11:41:25,machine_learning_engineer_interview copy.txt,2,0,0.0610687022900763,0.0,0.0,0.0801136224824336,,,,,,,,,,
219,2024-09-08 11:41:25,machine_learning_engineer_interview copy.txt,3,0,0.0546875,0.0,0.0,0.0,,,,,,,,,,
219,2024-09-08 11:41:25,no_persona_interview.txt,1,0,0.0560747663551401,0.0,0.0373831775700934,0.0635731657580273,,,,,,,,,,
219,2024-09-08 11:41:25,no_persona_interview.txt,2,0,0.0888888888888888,0.0,0.0,0.1099189066092266,,,,,,,,,,
219,2024-09-08 11:41:25,no_persona_interview.txt,3,0,0.0763358778625954,0.0,0.015267175572519,0.111260931065605,,,,,,,,,,
219,2024-09-08 11:41:25,financial_analyst_interview.txt,1,0,0.0619469026548672,0.0088495575221238,0.0,0.0598254669070187,,,,,,,,,,
219,2024-09-08 11:41:25,financial_analyst_interview.txt,2,0,0.0606060606060606,0.0,0.0202020202020202,0.1530445380640685,,,,,,,,,,
219,2024-09-08 11:41:25,financial_analyst_interview.txt,3,0,0.0802919708029197,0.0,0.0145985401459854,0.1305219999659435,,,,,,,,,,
219,2024-09-08 11:41:25,civil_engineer_interview.txt,1,0,0.0601503759398496,0.0,0.0150375939849624,0.0831598154358535,,,,,,,,,,
219,2024-09-08 11:41:25,civil_engineer_interview.txt,2,0,0.0825688073394495,0.0,0.0091743119266055,0.0551022249278976,,,,,,,,,,
219,2024-09-08 11:41:25,civil_engineer_interview.txt,3,0,0.0818181818181818,0.0,0.009090909090909,0.0519288906523061,,,,,,,,,,
219,2024-09-08 11:41:25,meteorologist_interview.txt,1,0,0.0495867768595041,0.0,0.0165289256198347,0.0,,,,,,,,,,
219,2024-09-08 11:41:25,meteorologist_interview.txt,2,0,0.0746268656716417,0.0,0.0149253731343283,0.0,,,,,,,,,,
219,2024-09-08 11:41:25,meteorologist_interview.txt,3,0,0.0787401574803149,0.0,0.0157480314960629,0.1221578217011647,,,,,,,,,,
219,2024-09-08 11:41:25,shop_assistant_interview.txt,1,0,0.040650406504065,0.0,0.0,0.1223705927244681,,,,,,,,,,
219,2024-09-08 11:41:25,shop_assistant_interview.txt,2,0,0.0555555555555555,0.0,0.0277777777777777,0.0428532956412062,,,,,,,,,,
219,2024-09-08 11:41:25,shop_assistant_interview.txt,3,0,0.0505050505050505,0.0,0.0,0.0730219714278197,,,,,,,,,,
219,2024-09-08 11:41:25,social_media_manager_interview.txt,1,0,0.036144578313253,0.0,0.0,0.1233699304830566,,,,,,,,,,
219,2024-09-08 11:41:25,social_media_manager_interview.txt,2,0,0.03,0.0,0.04,0.0,,,,,,,,,,
219,2024-09-08 11:41:25,social_media_manager_interview.txt,3,0,0.0303030303030303,0.0,0.0227272727272727,0.1311687665840011,,,,,,,,,,
219,2024-09-08 11:41:25,marine_engineer_interview.txt,1,0,0.0761904761904762,0.0,0.0285714285714285,0.0835429425346109,,,,,,,,,,
219,2024-09-08 11:41:25,marine_engineer_interview.txt,2,0,0.0603448275862069,0.0,0.0,0.1072437583550084,,,,,,,,,,
219,2024-09-08 11:41:25,marine_engineer_interview.txt,3,0,0.0625,0.0078125,0.015625,0.0,,,,,,,,,,
219,2024-09-08 11:41:25,warehouse_manager_interview.txt,1,0,0.072289156626506,0.0,0.0120481927710843,0.081493124342657,,,,,,,,,,
219,2024-09-08 11:41:25,warehouse_manager_interview.txt,2,0,0.081081081081081,0.0,0.0,0.0461808634688753,,,,,,,,,,
219,2024-09-08 11:41:25,warehouse_manager_interview.txt,3,0,0.048,0.0,0.0,0.067449691905396,,,,,,,,,,
219,2024-09-08 11:41:25,business_intelligence_analyst_interview.txt,1,0,0.0761904761904762,0.0,0.019047619047619,0.0519120125435854,,,,,,,,,,
219,2024-09-08 11:41:25,business_intelligence_analyst_interview.txt,2,0,0.0784313725490196,0.0,0.0196078431372549,0.1619933830165744,,,,,,,,,,
219,2024-09-08 11:41:25,business_intelligence_analyst_interview.txt,3,0,0.0612244897959183,0.0,0.0,0.0872579957499813,,,,,,,,,,
219,2024-09-08 11:41:25,full_stack_developer_interview.txt,1,0,0.0393700787401574,0.0,0.0078740157480314,0.0425483283606354,,,,,,,,,,
219,2024-09-08 11:41:25,full_stack_developer_interview.txt,2,0,0.1703703703703703,0.037037037037037,0.0148148148148148,0.1023900784935733,,,,,,,,,,
219,2024-09-08 11:41:25,full_stack_developer_interview.txt,3,0,0.0472440944881889,0.0,0.0078740157480314,0.0,,,,,,,,,,
219,2024-09-08 11:41:25,focus_group_interview.txt,1,0,0.0588235294117647,0.0,0.0,0.0,,,,,,,,,,
219,2024-09-08 11:41:25,focus_group_interview.txt,2,0,0.0588235294117647,0.0,0.0,0.0,,,,,,,,,,
219,2024-09-08 11:41:25,focus_group_interview.txt,3,0,0.0588235294117647,0.0,0.0,0.0,,,,,,,,,,
219,2024-09-08 11:41:25,travel_agent_interview.txt,1,0,0.0531914893617021,0.0,0.0106382978723404,0.1283619363588929,,,,,,,,,,
219,2024-09-08 11:41:25,travel_agent_interview.txt,2,0,0.0802919708029197,0.0,0.0218978102189781,0.0745172643816199,,,,,,,,,,
219,2024-09-08 11:41:25,travel_agent_interview.txt,3,0,0.015625,0.0,0.0234375,0.0527730626390911,,,,,,,,,,
219,2024-09-08 11:41:25,robotics_engineer_interview.txt,1,0,0.0686274509803921,0.0,0.0294117647058823,0.0571924000726199,,,,,,,,,,
219,2024-09-08 11:41:25,robotics_engineer_interview.txt,2,0,0.0454545454545454,0.0,0.009090909090909,0.0403813965559999,,,,,,,,,,
219,2024-09-08 11:41:25,robotics_engineer_interview.txt,3,0,0.0610687022900763,0.0,0.0,0.1247161123923678,,,,,,,,,,
219,2024-09-08 11:41:25,biomedical_engineer_interview.txt,1,0,0.1,0.0,0.0,0.1025907901717319,,,,,,,,,,
219,2024-09-08 11:41:25,biomedical_engineer_interview.txt,2,0,0.0594059405940594,0.0,0.0099009900990099,0.0426668739812379,,,,,,,,,,
219,2024-09-08 11:41:25,biomedical_engineer_interview.txt,3,0,0.0975609756097561,0.0,0.0,0.0915016217502627,,,,,,,,,,
219,2024-09-08 11:41:25,marketing_manager_interview.txt,1,0,0.0459770114942528,0.0,0.0,0.0775670553173294,,,,,,,,,,
219,2024-09-08 11:41:25,marketing_manager_interview.txt,2,0,0.0655737704918032,0.0,0.0081967213114754,0.0418311722270583,,,,,,,,,,
219,2024-09-08 11:41:25,marketing_manager_interview.txt,3,0,0.0608695652173913,0.0,0.008695652173913,0.0106077077753049,,,,,,,,,,
219,2024-09-08 11:41:25,professor_of_classics_interview.txt,1,0,0.0909090909090909,0.0,0.0101010101010101,0.1139617522607703,,,,,,,,,,
219,2024-09-08 11:41:25,professor_of_classics_interview.txt,2,0,0.0504201680672268,0.0,0.0,0.0452051914403515,,,,,,,,,,
219,2024-09-08 11:41:25,professor_of_classics_interview.txt,3,0,0.0504201680672268,0.0,0.0084033613445378,0.0592791343979399,,,,,,,,,,
219,2024-09-08 11:41:25,environmental_engineer_interview.txt,1,0,0.0816326530612244,0.0,0.0,0.1026424642988634,,,,,,,,,,
219,2024-09-08 11:41:25,environmental_engineer_interview.txt,2,0,0.0818181818181818,0.0,0.0272727272727272,0.1246022964543093,,,,,,,,,,
219,2024-09-08 11:41:25,environmental_engineer_interview.txt,3,0,0.0916666666666666,0.0,0.0166666666666666,0.0,,,,,,,,,,
219,2024-09-08 11:41:25,physical_therapist_interview.txt,1,0,0.1079136690647482,0.0071942446043165,0.0,0.0976563572315262,,,,,,,,,,
219,2024-09-08 11:41:25,physical_therapist_interview.txt,2,0,0.0648148148148148,0.0,0.0092592592592592,0.0464390040542306,,,,,,,,,,
219,2024-09-08 11:41:25,physical_therapist_interview.txt,3,0,0.0602409638554216,0.0,0.0120481927710843,0.0820079849892669,,,,,,,,,,
219,2024-09-08 11:41:25,astronomer_interview.txt,1,0,0.0392156862745098,0.0,0.0,0.0357008884926808,,,,,,,,,,
219,2024-09-08 11:41:25,astronomer_interview.txt,2,0,0.0634920634920634,0.0158730158730158,0.0079365079365079,0.0,,,,,,,,,,
219,2024-09-08 11:41:25,astronomer_interview.txt,3,0,0.088235294117647,0.0,0.0098039215686274,0.0315139499500514,,,,,,,,,,
219,2024-09-08 11:41:25,ai_professor_interview.txt,1,0,0.0606060606060606,0.0,0.0101010101010101,0.0211330472249737,,,,,,,,,,
219,2024-09-08 11:41:25,ai_professor_interview.txt,2,0,0.0789473684210526,0.0,0.0175438596491228,0.0811136402882951,,,,,,,,,,
219,2024-09-08 11:41:25,ai_professor_interview.txt,3,0,0.0581395348837209,0.0,0.0116279069767441,0.0,,,,,,,,,,
219,2024-09-08 11:41:25,game_developer_interview.txt,1,0,0.0439560439560439,0.0,0.0219780219780219,0.0605193719036507,,,,,,,,,,
219,2024-09-08 11:41:25,game_developer_interview.txt,2,0,0.0606060606060606,0.0,0.0202020202020202,0.0593816587862705,,,,,,,,,,
219,2024-09-08 11:41:25,game_developer_interview.txt,3,0,0.0519480519480519,0.0,0.0129870129870129,0.0775393919155081,,,,,,,,,,
219,2024-09-08 11:41:25,fire_protection_engineer_interview.txt,1,0,0.1007751937984496,0.0465116279069767,0.0077519379844961,0.0,,,,,,,,,,
219,2024-09-08 11:41:25,fire_protection_engineer_interview.txt,2,0,0.0625,0.0178571428571428,0.0089285714285714,0.0407611697271842,,,,,,,,,,
219,2024-09-08 11:41:25,fire_protection_engineer_interview.txt,3,0,0.0697674418604651,0.0077519379844961,0.0155038759689922,0.0576589288513933,,,,,,,,,,
219,2024-09-08 11:41:25,safety_engineer_interview.txt,1,0,0.0948275862068965,0.043103448275862,0.0258620689655172,0.0454675110134519,,,,,,,,,,
219,2024-09-08 11:41:25,safety_engineer_interview.txt,2,0,0.0769230769230769,0.0329670329670329,0.0,0.0741995996381659,,,,,,,,,,
219,2024-09-08 11:41:25,safety_engineer_interview.txt,3,0,0.0902255639097744,0.0300751879699248,0.0150375939849624,0.0413207430581339,,,,,,,,,,
219,2024-09-08 11:41:25,environmental_scientist_interview.txt,1,0,0.0673076923076923,0.0,0.0096153846153846,0.0534300314907251,,,,,,,,,,
219,2024-09-08 11:41:25,environmental_scientist_interview.txt,2,0,0.0495049504950495,0.0,0.0396039603960396,0.0877567755185532,,,,,,,,,,
219,2024-09-08 11:41:25,environmental_scientist_interview.txt,3,0,0.0449438202247191,0.0,0.0,0.1066267081851516,,,,,,,,,,
219,2024-09-08 11:41:25,operations_manager_interview.txt,1,0,0.0990990990990991,0.0,0.036036036036036,0.0,,,,,,,,,,
219,2024-09-08 11:41:25,operations_manager_interview.txt,2,0,0.0816326530612244,0.0,0.0,0.047230742864624,,,,,,,,,,
219,2024-09-08 11:41:25,operations_manager_interview.txt,3,0,0.0677966101694915,0.0,0.0169491525423728,0.0929592690651228,,,,,,,,,,
219,2024-09-08 11:41:25,backend_developer_interview.txt,1,0,0.0578512396694214,0.0,0.0,0.1284026295844632,,,,,,,,,,
219,2024-09-08 11:41:25,backend_developer_interview.txt,2,0,0.0576923076923076,0.0,0.0096153846153846,0.0870056695430988,,,,,,,,,,
219,2024-09-08 11:41:25,backend_developer_interview.txt,3,0,0.042016806722689,0.0,0.0084033613445378,0.0437544042466496,,,,,,,,,,
219,2024-09-08 11:41:25,digital_marketing_specialist_interview.txt,1,0,0.0666666666666666,0.0,0.0111111111111111,0.1233454514559801,,,,,,,,,,
219,2024-09-08 11:41:25,digital_marketing_specialist_interview.txt,2,0,0.0353982300884955,0.0,0.0088495575221238,0.0,,,,,,,,,,
219,2024-09-08 11:41:25,digital_marketing_specialist_interview.txt,3,0,0.0679611650485436,0.0,0.0097087378640776,0.1264080048769068,,,,,,,,,,
219,2024-09-08 11:41:25,mechanical_engineer_interview.txt,1,0,0.0727272727272727,0.0,0.0,0.0662024475332696,,,,,,,,,,
219,2024-09-08 11:41:25,mechanical_engineer_interview.txt,2,0,0.0784313725490196,0.0,0.0,0.0445948178221984,,,,,,,,,,
219,2024-09-08 11:41:25,mechanical_engineer_interview.txt,3,0,0.0614035087719298,0.0,0.0087719298245614,0.0411470391941935,,,,,,,,,,
219,2024-09-08 11:41:25,software_quality_assurance_tester_interview.txt,1,0,0.045045045045045,0.0,0.0,0.0413513341749755,,,,,,,,,,
219,2024-09-08 11:41:25,software_quality_assurance_tester_interview.txt,2,0,0.0619469026548672,0.0088495575221238,0.0265486725663716,0.0458783496403244,,,,,,,,,,
219,2024-09-08 11:41:25,software_quality_assurance_tester_interview.txt,3,0,0.08130081300813,0.008130081300813,0.008130081300813,0.0444009606557039,,,,,,,,,,
219,2024-09-08 11:41:25,cybersecurity_specialist_interview.txt,1,0,0.0769230769230769,0.023076923076923,0.0,0.0,,,,,,,,,,
219,2024-09-08 11:41:25,cybersecurity_specialist_interview.txt,2,0,0.056,0.008,0.024,0.0433073475931765,,,,,,,,,,
219,2024-09-08 11:41:25,cybersecurity_specialist_interview.txt,3,0,0.099009900990099,0.0297029702970297,0.0,0.110208443279443,,,,,,,,,,
219,2024-09-08 11:41:25,product_manager_interview.txt,1,0,0.0608695652173913,0.0,0.008695652173913,0.0737688480628956,,,,,,,,,,
219,2024-09-08 11:41:25,product_manager_interview.txt,2,0,0.0353982300884955,0.0,0.0265486725663716,0.0829660006858995,,,,,,,,,,
219,2024-09-08 11:41:25,product_manager_interview.txt,3,0,0.110091743119266,0.0,0.0,0.0,,,,,,,,,,
219,2024-09-08 11:41:25,microbiologist_interview.txt,1,0,0.0823529411764705,0.0,0.0,0.1101574773451147,,,,,,,,,,
219,2024-09-08 11:41:25,microbiologist_interview.txt,2,0,0.087719298245614,0.0,0.0,0.0780188264815857,,,,,,,,,,
219,2024-09-08 11:41:25,microbiologist_interview.txt,3,0,0.0522388059701492,0.0,0.0074626865671641,0.0568260682794716,,,,,,,,,,
219,2024-09-08 11:41:25,it_manager_interview.txt,1,0,0.0310077519379844,0.0,0.0077519379844961,0.0830915813122366,,,,,,,,,,
219,2024-09-08 11:41:25,it_manager_interview.txt,2,0,0.0575539568345323,0.0,0.0,0.1798682693699755,,,,,,,,,,
219,2024-09-08 11:41:25,it_manager_interview.txt,3,0,0.053030303030303,0.0,0.0075757575757575,0.0382738723689206,,,,,,,,,,
219,2024-09-08 11:41:25,industrial_engineer_interview.txt,1,0,0.0671641791044776,0.0,0.0373134328358208,0.1047357166686011,,,,,,,,,,
219,2024-09-08 11:41:25,industrial_engineer_interview.txt,2,0,0.072,0.0,0.016,0.0643330291584199,,,,,,,,,,
219,2024-09-08 11:41:25,industrial_engineer_interview.txt,3,0,0.0967741935483871,0.0,0.0161290322580645,0.0,,,,,,,,,,
219,2024-09-08 11:41:25,barista_interview.txt,1,0,0.0875,0.0,0.0,0.0681953019972214,,,,,,,,,,
219,2024-09-08 11:41:25,barista_interview.txt,2,0,0.0504201680672268,0.0,0.0168067226890756,0.1017040566415273,,,,,,,,,,
219,2024-09-08 11:41:25,barista_interview.txt,3,0,0.0692307692307692,0.0,0.0076923076923076,0.0932079290911632,,,,,,,,,,
219,2024-09-08 11:41:25,petroleum_engineer_interview.txt,1,0,0.1308411214953271,0.0,0.0,0.0843069329113059,,,,,,,,,,
219,2024-09-08 11:41:25,petroleum_engineer_interview.txt,2,0,0.0471698113207547,0.0,0.0094339622641509,0.0564175341466152,,,,,,,,,,
219,2024-09-08 11:41:25,petroleum_engineer_interview.txt,3,0,0.079646017699115,0.0088495575221238,0.0,0.0720336357130974,,,,,,,,,,
219,2024-09-08 11:41:25,business_analyst_interview.txt,1,0,0.0542635658914728,0.0,0.0077519379844961,0.0,,,,,,,,,,
219,2024-09-08 11:41:25,business_analyst_interview.txt,2,0,0.0555555555555555,0.0,0.0092592592592592,0.0806541259927466,,,,,,,,,,
219,2024-09-08 11:41:25,business_analyst_interview.txt,3,0,0.0659340659340659,0.0,0.0109890109890109,0.0,,,,,,,,,,
219,2024-09-08 11:41:25,data_engineer_interview.txt,1,0,0.1240310077519379,0.0,0.0077519379844961,0.15220760143159,,,,,,,,,,
219,2024-09-08 11:41:25,data_engineer_interview.txt,2,0,0.0818181818181818,0.0,0.009090909090909,0.0452239103227598,,,,,,,,,,
219,2024-09-08 11:41:25,data_engineer_interview.txt,3,0,0.1538461538461538,0.0076923076923076,0.0,0.0,,,,,,,,,,
219,2024-09-08 11:41:25,aerospace_engineer_interview.txt,1,0,0.0588235294117647,0.0,0.0117647058823529,0.0598364515055597,,,,,,,,,,
219,2024-09-08 11:41:25,aerospace_engineer_interview.txt,2,0,0.0444444444444444,0.0,0.0111111111111111,0.0372874438364637,,,,,,,,,,
219,2024-09-08 11:41:25,aerospace_engineer_interview.txt,3,0,0.0612244897959183,0.0,0.0306122448979591,0.047097992667724,,,,,,,,,,
219,2024-09-08 11:41:25,bartender_interview.txt,1,0,0.0636363636363636,0.0,0.009090909090909,0.0802144581933062,,,,,,,,,,
219,2024-09-08 11:41:25,bartender_interview.txt,2,0,0.072072072072072,0.0,0.0,0.0542195723652842,,,,,,,,,,
219,2024-09-08 11:41:25,bartender_interview.txt,3,0,0.0588235294117647,0.0,0.0,0.0973387164224358,,,,,,,,,,
219,2024-09-08 11:41:25,natural_language_processing_engineer_interview.txt,1,0,0.05,0.0,0.025,0.0164392722606681,,,,,,,,,,
219,2024-09-08 11:41:25,natural_language_processing_engineer_interview.txt,2,0,0.0381679389312977,0.0,0.0229007633587786,0.0706681390294403,,,,,,,,,,
219,2024-09-08 11:41:25,natural_language_processing_engineer_interview.txt,3,0,0.1185185185185185,0.0074074074074074,0.0,0.0796851750714229,,,,,,,,,,
219,2024-09-08 11:41:25,cto_of_a_fintec_interview.txt,1,0,0.0714285714285714,0.0,0.0158730158730158,0.0542815808204184,,,,,,,,,,
219,2024-09-08 11:41:25,cto_of_a_fintec_interview.txt,2,0,0.056,0.008,0.008,0.0907334966492485,,,,,,,,,,
219,2024-09-08 11:41:25,cto_of_a_fintec_interview.txt,3,0,0.073170731707317,0.0,0.0,0.0552888252461915,,,,,,,,,,
219,2024-09-08 11:41:25,database_administrator_interview.txt,1,0,0.0660377358490566,0.0,0.0,0.0548225848771237,,,,,,,,,,
219,2024-09-08 11:41:25,database_administrator_interview.txt,2,0,0.0338983050847457,0.0,0.0,0.024114343310107,,,,,,,,,,
219,2024-09-08 11:41:25,database_administrator_interview.txt,3,0,0.0935251798561151,0.0287769784172661,0.0287769784172661,0.104152812248344,,,,,,,,,,
219,2024-09-08 11:41:25,nuclear_engineer_interview.txt,1,0,0.0892857142857142,0.0,0.0089285714285714,0.0449991497095448,,,,,,,,,,
219,2024-09-08 11:41:25,nuclear_engineer_interview.txt,2,0,0.0421052631578947,0.0,0.0,0.0757479536132003,,,,,,,,,,
219,2024-09-08 11:41:25,nuclear_engineer_interview.txt,3,0,0.0660377358490566,0.0,0.0283018867924528,0.1100773347441114,,,,,,,,,,
219,2024-09-08 11:41:25,pharmacist_interview.txt,1,0,0.0654205607476635,0.0,0.0093457943925233,0.0,,,,,,,,,,
219,2024-09-08 11:41:25,pharmacist_interview.txt,2,0,0.0441176470588235,0.0,0.0,0.0690132425340739,,,,,,,,,,
219,2024-09-08 11:41:25,pharmacist_interview.txt,3,0,0.0842105263157894,0.0421052631578947,0.0,0.0934611119352368,,,,,,,,,,
219,2024-09-08 11:41:25,chef_interview.txt,1,0,0.0588235294117647,0.0,0.0,0.0332256967857307,,,,,,,,,,
219,2024-09-08 11:41:25,chef_interview.txt,2,0,0.0642857142857142,0.0,0.0142857142857142,0.0765835105514407,,,,,,,,,,
219,2024-09-08 11:41:25,chef_interview.txt,3,0,0.0543478260869565,0.0,0.0,0.0449413215361284,,,,,,,,,,
219,2024-09-08 11:41:25,hotel_manager_interview.txt,1,0,0.040650406504065,0.0,0.008130081300813,0.1413053520565927,,,,,,,,,,
219,2024-09-08 11:41:25,hotel_manager_interview.txt,2,0,0.0948275862068965,0.0,0.0,0.1099607806113364,,,,,,,,,,
219,2024-09-08 11:41:25,hotel_manager_interview.txt,3,0,0.0873015873015873,0.0079365079365079,0.0,0.0983426079695328,,,,,,,,,,
219,2024-09-08 11:41:25,mobile_app_developer_interview.txt,1,0,0.0526315789473684,0.0,0.0,0.1013216232627603,,,,,,,,,,
219,2024-09-08 11:41:25,mobile_app_developer_interview.txt,2,0,0.024390243902439,0.0,0.016260162601626,0.0251933432248417,,,,,,,,,,
219,2024-09-08 11:41:25,mobile_app_developer_interview.txt,3,0,0.0465116279069767,0.0,0.0387596899224806,0.0713877057334111,,,,,,,,,,
219,2024-09-08 11:41:25,graphic_designer_interview.txt,1,0,0.0701754385964912,0.0,0.0087719298245614,0.0907194463199692,,,,,,,,,,
219,2024-09-08 11:41:25,graphic_designer_interview.txt,2,0,0.0338983050847457,0.0,0.0169491525423728,0.1235217831475955,,,,,,,,,,
219,2024-09-08 11:41:25,graphic_designer_interview.txt,3,0,0.0827067669172932,0.0,0.0,0.1745280411231842,,,,,,,,,,
219,2024-09-08 11:41:25,geotechnical_engineer_interview.txt,1,0,0.0512820512820512,0.0,0.0256410256410256,0.0319974506476605,,,,,,,,,,
219,2024-09-08 11:41:25,geotechnical_engineer_interview.txt,2,0,0.0806451612903225,0.0,0.0161290322580645,0.0214325208060958,,,,,,,,,,
219,2024-09-08 11:41:25,geotechnical_engineer_interview.txt,3,0,0.058252427184466,0.0,0.0097087378640776,0.0773230010696247,,,,,,,,,,
219,2024-09-08 11:41:25,gardener_interview.txt,1,0,0.048076923076923,0.0,0.0,0.0456965816968714,,,,,,,,,,
219,2024-09-08 11:41:25,gardener_interview.txt,2,0,0.0598290598290598,0.0,0.0085470085470085,0.1140851410160635,,,,,,,,,,
219,2024-09-08 11:41:25,gardener_interview.txt,3,0,0.0606060606060606,0.0,0.0075757575757575,0.0,,,,,,,,,,
219,2024-09-08 11:41:25,ai_software_developer_interview.txt,1,0,0.09,0.0,0.0,0.0111499229117319,,,,,,,,,,
219,2024-09-08 11:41:25,ai_software_developer_interview.txt,2,0,0.0542635658914728,0.0,0.0077519379844961,0.1105557259653508,,,,,,,,,,
219,2024-09-08 11:41:25,ai_software_developer_interview.txt,3,0,0.089430894308943,0.0,0.008130081300813,0.0,,,,,,,,,,
219,2024-09-08 11:41:25,supply_chain_manager_interview.txt,1,0,0.0485436893203883,0.0,0.0097087378640776,0.110396931184179,,,,,,,,,,
219,2024-09-08 11:41:25,supply_chain_manager_interview.txt,2,0,0.0446428571428571,0.0,0.0,0.0139712343151882,,,,,,,,,,
219,2024-09-08 11:41:25,supply_chain_manager_interview.txt,3,0,0.0588235294117647,0.0073529411764705,0.0,0.028340865949965,,,,,,,,,,
219,2024-09-08 11:41:25,cloud_architect_interview.txt,1,0,0.0285714285714285,0.0,0.0380952380952381,0.0391645933980824,,,,,,,,,,
219,2024-09-08 11:41:25,cloud_architect_interview.txt,2,0,0.0708661417322834,0.0,0.0157480314960629,0.0392796140007774,,,,,,,,,,
219,2024-09-08 11:41:25,cloud_architect_interview.txt,3,0,0.0546875,0.0,0.0078125,0.0877736868278276,,,,,,,,,,
219,2024-09-08 11:41:25,mining_engineer_interview.txt,1,0,0.043103448275862,0.0,0.0,0.0623291883426047,,,,,,,,,,
219,2024-09-08 11:41:25,mining_engineer_interview.txt,2,0,0.0526315789473684,0.0,0.0,0.0706375811030402,,,,,,,,,,
219,2024-09-08 11:41:25,mining_engineer_interview.txt,3,0,0.0444444444444444,0.0,0.0222222222222222,0.0358635620371859,,,,,,,,,,
219,2024-09-08 11:41:25,devops_engineer_interview.txt,1,0,0.0977443609022556,0.0601503759398496,0.0,0.07311065388755,,,,,,,,,,
219,2024-09-08 11:41:25,devops_engineer_interview.txt,2,0,0.0614035087719298,0.0,0.0263157894736842,0.148397515332583,,,,,,,,,,
219,2024-09-08 11:41:25,devops_engineer_interview.txt,3,0,0.0842105263157894,0.0,0.0105263157894736,0.0,,,,,,,,,,
219,2024-09-08 11:41:25,system_administrator_interview.txt,1,0,0.0408163265306122,0.0,0.0204081632653061,0.0332782663987651,,,,,,,,,,
219,2024-09-08 11:41:25,system_administrator_interview.txt,2,0,0.0560747663551401,0.0,0.0186915887850467,0.0204433907247207,,,,,,,,,,
219,2024-09-08 11:41:25,system_administrator_interview.txt,3,0,0.0921052631578947,0.0,0.0,0.1253139835189771,,,,,,,,,,
219,2024-09-08 11:41:25,content_writer_interview.txt,1,0,0.0769230769230769,0.0,0.0109890109890109,0.055124321075318,,,,,,,,,,
219,2024-09-08 11:41:25,content_writer_interview.txt,2,0,0.0454545454545454,0.0,0.0113636363636363,0.1019393483798434,,,,,,,,,,
219,2024-09-08 11:41:25,content_writer_interview.txt,3,0,0.0518518518518518,0.0,0.0222222222222222,0.0877565421919958,,,,,,,,,,
219,2024-09-08 11:41:25,transportation_engineer_interview.txt,1,0,0.0656934306569343,0.0,0.0145985401459854,0.1117562157628961,,,,,,,,,,
219,2024-09-08 11:41:25,transportation_engineer_interview.txt,2,0,0.0241935483870967,0.0080645161290322,0.0161290322580645,0.0349067186143281,,,,,,,,,,
219,2024-09-08 11:41:25,transportation_engineer_interview.txt,3,0,0.0763358778625954,0.0,0.0076335877862595,0.1166303786213575,,,,,,,,,,
219,2024-09-08 11:41:25,lorry_driver_interview.txt,1,0,0.0454545454545454,0.0,0.0,0.0916819840397446,,,,,,,,,,
219,2024-09-08 11:41:25,lorry_driver_interview.txt,2,0,0.0458015267175572,0.0,0.0076335877862595,0.0567176989464362,,,,,,,,,,
219,2024-09-08 11:41:25,lorry_driver_interview.txt,3,0,0.0413223140495867,0.0,0.0,0.1123148981401632,,,,,,,,,,
219,2024-09-08 11:41:25,dentist_interview.txt,1,0,0.0592592592592592,0.0,0.0074074074074074,0.0704318199356172,,,,,,,,,,
219,2024-09-08 11:41:25,dentist_interview.txt,2,0,0.0526315789473684,0.0,0.0087719298245614,0.0940702620980976,,,,,,,,,,
219,2024-09-08 11:41:25,dentist_interview.txt,3,0,0.0555555555555555,0.0,0.0,0.1371066698362683,,,,,,,,,,
219,2024-09-08 11:41:25,physicist_interview.txt,1,0,0.0608695652173913,0.0,0.008695652173913,0.1139810973689073,,,,,,,,,,
219,2024-09-08 11:41:25,physicist_interview.txt,2,0,0.0508474576271186,0.0,0.0423728813559322,0.1136156482515152,,,,,,,,,,
219,2024-09-08 11:41:25,physicist_interview.txt,3,0,0.0503597122302158,0.0,0.0071942446043165,0.062641834791487,,,,,,,,,,
219,2024-09-08 11:41:25,architect_interview.txt,1,0,0.0459770114942528,0.0,0.0229885057471264,0.0,,,,,,,,,,
219,2024-09-08 11:41:25,architect_interview.txt,2,0,0.0687022900763358,0.0,0.0229007633587786,0.0876209078759001,,,,,,,,,,
219,2024-09-08 11:41:25,architect_interview.txt,3,0,0.0606060606060606,0.0378787878787878,0.0227272727272727,0.0480218505844039,,,,,,,,,,
219,2024-09-08 11:41:25,materials_engineer_interview.txt,1,0,0.0454545454545454,0.0,0.0181818181818181,0.0329382443745014,,,,,,,,,,
219,2024-09-08 11:41:25,materials_engineer_interview.txt,2,0,0.057471264367816,0.0,0.0114942528735632,0.0418562922438496,,,,,,,,,,
219,2024-09-08 11:41:25,materials_engineer_interview.txt,3,0,0.059322033898305,0.0,0.0,0.0236745237289426,,,,,,,,,,
219,2024-09-08 11:41:25,computer_vision_engineer_interview.txt,1,0,0.0825688073394495,0.0,0.018348623853211,0.0651242189442417,,,,,,,,,,
219,2024-09-08 11:41:25,computer_vision_engineer_interview.txt,2,0,0.08,0.0,0.0,0.0806504300442508,,,,,,,,,,
219,2024-09-08 11:41:25,computer_vision_engineer_interview.txt,3,0,0.0564516129032258,0.0,0.0,0.0739659279494996,,,,,,,,,,
219,2024-09-08 11:41:25,data_scientist_interview.txt,1,0,0.0847457627118644,0.0,0.0084745762711864,0.0,,,,,,,,,,
219,2024-09-08 11:41:25,data_scientist_interview.txt,2,0,0.089430894308943,0.016260162601626,0.0,0.0524078414472835,,,,,,,,,,
219,2024-09-08 11:41:25,data_scientist_interview.txt,3,0,0.104,0.0,0.008,0.0,,,,,,,,,,
219,2024-09-08 11:41:25,structural_engineer_interview.txt,1,0,0.0827067669172932,0.0,0.0075187969924812,0.1294579871455792,,,,,,,,,,
219,2024-09-08 11:41:25,structural_engineer_interview.txt,2,0,0.056,0.0,0.016,0.0444434820554314,,,,,,,,,,
219,2024-09-08 11:41:25,structural_engineer_interview.txt,3,0,0.0747663551401869,0.0,0.0093457943925233,0.0492461992698414,,,,,,,,,,
219,2024-09-08 11:41:25,ai_ethicist_interview.txt,1,0,0.0671641791044776,0.0597014925373134,0.0,0.0,,,,,,,,,,
219,2024-09-08 11:41:25,ai_ethicist_interview.txt,2,0,0.0869565217391304,0.0608695652173913,0.0260869565217391,0.0463364020063631,,,,,,,,,,
219,2024-09-08 11:41:25,ai_ethicist_interview.txt,3,0,0.0962962962962963,0.0518518518518518,0.0,0.0627334709480612,,,,,,,,,,
219,2024-09-08 11:41:25,sales_manager_interview.txt,1,0,0.0454545454545454,0.0,0.0227272727272727,0.0927529785536527,,,,,,,,,,
219,2024-09-08 11:41:25,sales_manager_interview.txt,2,0,0.0727272727272727,0.0,0.0,0.1185601973267088,,,,,,,,,,
219,2024-09-08 11:41:25,sales_manager_interview.txt,3,0,0.0444444444444444,0.0,0.0,0.106219738259975,,,,,,,,,,
219,2024-09-08 11:41:25,frontend_developer_interview.txt,1,0,0.0338983050847457,0.0,0.0,0.0463880667322203,,,,,,,,,,
219,2024-09-08 11:41:25,frontend_developer_interview.txt,2,0,0.048076923076923,0.0,0.0192307692307692,0.0316033064174671,,,,,,,,,,
219,2024-09-08 11:41:25,frontend_developer_interview.txt,3,0,0.0677966101694915,0.0,0.0084745762711864,0.1521935579294296,,,,,,,,,,
219,2024-09-08 11:41:25,public_relations_specialist_interview.txt,1,0,0.0707070707070707,0.0,0.0,0.0612498751422564,,,,,,,,,,
219,2024-09-08 11:41:25,public_relations_specialist_interview.txt,2,0,0.1025641025641025,0.0341880341880341,0.0,0.0,,,,,,,,,,
219,2024-09-08 11:41:25,public_relations_specialist_interview.txt,3,0,0.0517241379310344,0.0,0.0086206896551724,0.1004132052736,,,,,,,,,,
219,2024-09-08 11:41:25,logistics_coordinator_interview.txt,1,0,0.0603448275862069,0.0,0.0344827586206896,0.0536258473420191,,,,,,,,,,
219,2024-09-08 11:41:25,logistics_coordinator_interview.txt,2,0,0.053763440860215,0.0,0.0,0.0355816989033996,,,,,,,,,,
219,2024-09-08 11:41:25,logistics_coordinator_interview.txt,3,0,0.054054054054054,0.0,0.0,0.041870378325629,,,,,,,,,,
219,2024-09-08 11:41:25,nurse_interview.txt,1,0,0.0652173913043478,0.0,0.0217391304347826,0.0792010942258981,,,,,,,,,,
219,2024-09-08 11:41:25,nurse_interview.txt,2,0,0.0514705882352941,0.0,0.0147058823529411,0.1370661560765469,,,,,,,,,,
219,2024-09-08 11:41:25,nurse_interview.txt,3,0,0.054054054054054,0.0,0.036036036036036,0.1152664333805689,,,,,,,,,,
219,2024-09-08 11:41:25,chemist_interview.txt,1,0,0.0727272727272727,0.0,0.0181818181818181,0.0527446151325422,,,,,,,,,,
219,2024-09-08 11:41:25,chemist_interview.txt,2,0,0.1075268817204301,0.0,0.0,0.1152384730306447,,,,,,,,,,
219,2024-09-08 11:41:25,chemist_interview.txt,3,0,0.0697674418604651,0.0,0.0077519379844961,0.0643850449549886,,,,,,,,,,
219,2024-09-08 11:41:25,manufacturing_engineer_interview.txt,1,0,0.0687022900763358,0.015267175572519,0.0229007633587786,0.0482168090314157,,,,,,,,,,
219,2024-09-08 11:41:25,manufacturing_engineer_interview.txt,2,0,0.0446428571428571,0.0,0.0089285714285714,0.0834938300109287,,,,,,,,,,
219,2024-09-08 11:41:25,manufacturing_engineer_interview.txt,3,0,0.0602409638554216,0.0,0.0,0.0635358168333495,,,,,,,,,,
219,2024-09-08 11:41:25,veterinarian_interview.txt,1,0,0.048076923076923,0.0,0.0096153846153846,0.0969298964109895,,,,,,,,,,
219,2024-09-08 11:41:25,veterinarian_interview.txt,2,0,0.05,0.0142857142857142,0.0,0.0695811870523281,,,,,,,,,,
219,2024-09-08 11:41:25,veterinarian_interview.txt,3,0,0.032520325203252,0.0,0.016260162601626,0.0394390204432756,,,,,,,,,,
219,2024-09-08 11:41:25,event_planner_interview.txt,1,0,0.0373134328358208,0.0,0.0,0.099059528098622,,,,,,,,,,
219,2024-09-08 11:41:25,event_planner_interview.txt,2,0,0.078125,0.0,0.0078125,0.0271201838699979,,,,,,,,,,
219,2024-09-08 11:41:25,event_planner_interview.txt,3,0,0.048076923076923,0.0,0.0,0.1572289573335409,,,,,,,,,,
219,2024-09-08 11:41:25,seo_specialist_interview.txt,1,0,0.0306122448979591,0.0,0.0,0.0418630458366323,,,,,,,,,,
219,2024-09-08 11:41:25,seo_specialist_interview.txt,2,0,0.0561797752808988,0.0,0.0,0.0469111864526693,,,,,,,,,,
219,2024-09-08 11:41:25,seo_specialist_interview.txt,3,0,0.0648148148148148,0.0,0.0092592592592592,0.1552382553045406,,,,,,,,,,
219,2024-09-08 11:41:25,procurement_specialist_interview.txt,1,0,0.1349206349206349,0.0079365079365079,0.0,0.0,,,,,,,,,,
219,2024-09-08 11:41:25,procurement_specialist_interview.txt,2,0,0.0467289719626168,0.0,0.0,0.0290324715415137,,,,,,,,,,
219,2024-09-08 11:41:25,procurement_specialist_interview.txt,3,0,0.0614035087719298,0.0,0.0087719298245614,0.0990984254553111,,,,,,,,,,
219,2024-09-08 11:41:25,aerospace_engineer_interview.txt,-999,0,0.0548308212173758,0.0,0.0178293539638077,0.0480739626699158,0.0090746222810393,-25.669764710767254,0.0,0.0,0.011075130789614,1.5910790693874617,0.0113061410215475,-49.35193438837489,76.0,76.0
219,2024-09-08 11:41:25,agricultural_engineer_interview.txt,-999,0,0.0456377917911273,0.0,0.0109669211195928,0.011394722776523,0.0069730377729906,-38.13209930839952,0.0,0.0,0.0114809600183229,-37.51084010840108,0.0098783166486343,-87.99515091413978,94.0,100.0
219,2024-09-08 11:41:25,ai_ethicist_interview.txt,-999,0,0.0834723323799681,0.0574743032021855,0.008695652173913,0.0363566243181414,0.014875306539273,13.157490042805776,0.0049040868504378,0.0,0.0150613113701641,-50.45245669848003,0.0325356583816519,-61.69667338376586,11.0,91.0
219,2024-09-08 11:41:25,ai_professor_interview.txt,-999,0,0.0658976546369447,0.0,0.0130909255756256,0.0340822291710896,0.0113684743774216,-10.66724762786393,0.0,0.0,0.0039311982797189,-25.408331791241707,0.0420786958568103,-64.09285019626586,42.0,92.0
219,2024-09-08 11:41:25,ai_software_developer_interview.txt,-999,0,0.0778981534001386,0.0,0.0052940064284363,0.0405685496256942,0.0204701310535737,5.600972997904805,0.0,0.0,0.0045886409905508,-69.8349235335802,0.0608665247425301,-57.25922205916984,17.0,88.0
219,2024-09-08 11:41:25,architect_interview.txt,-999,0,0.0584284540588831,0.0126262626262626,0.0228721806110592,0.0452142528201013,0.0115180748983522,-20.792710352355343,0.0218693283783949,0.0,0.0001329413508501,30.324941311064123,0.0438778740158845,-52.36476636767525,62.0,78.0
219,2024-09-08 11:41:25,astronomer_interview.txt,-999,0,0.0636476812947401,0.0052910052910052,0.0059134765017117,0.0224049461475774,0.0245101744373458,-13.717376081303383,0.0091642899871369,0.0,0.0052056422918386,-66.30520320142512,0.0195158607931298,-76.39538911533178,49.0,97.0
219,2024-09-08 11:41:25,backend_developer_interview.txt,-999,0,0.0525201180281394,0.0,0.0060062486533074,0.0863875677914038,0.0090964815246191,-28.80222028823532,0.0,0.0,0.0052367468209077,-65.77659049861344,0.0423274975700418,-8.986841139563666,83.0,16.0
219,2024-09-08 11:41:25,barista_interview.txt,-999,0,0.0690503124326653,0.0,0.0081663434604611,0.087702429243304,0.0185405746278981,-6.393414215569763,0.0,0.0,0.0084133830483931,-53.46844053443765,0.0174195882811321,-7.601575906837013,33.0,14.0
219,2024-09-08 11:41:25,bartender_interview.txt,-999,0,0.0648439883734001,0.0,0.003030303030303,0.0772575823270087,0.0067063208083585,-12.095627862679308,0.0,0.0,0.0052486388108147,-82.73343187977335,0.0217111142556495,-18.605688373125343,44.0,27.0
219,2024-09-08 11:41:25,biologist_interview.txt,-999,0,0.0680868838763575,0.01,0.0063492063492063,0.0489864703554579,0.0312272387653812,-7.699465623970511,0.0173205080756887,0.0,0.0109971479845643,-63.822428700477474,0.0437409249891785,-48.3905668088853,36.0,74.0
219,2024-09-08 11:41:25,biomedical_engineer_interview.txt,-999,0,0.0856556387346051,0.0,0.0033003300330033,0.0789197619677442,0.0227655924444408,16.117242814066884,0.0,0.0,0.0057163392989071,-81.19482679975314,0.0318817554345985,-16.854507924775135,8.0,25.0
219,2024-09-08 11:41:25,business_analyst_interview.txt,-999,0,0.0585843957936981,0.0,0.0093334027442554,0.0268847086642488,0.0063976986254578,-20.581311259967933,0.0,0.0,0.0016198096651814,-46.81857468852488,0.0465656813531662,-71.67575933513768,61.0,95.0
219,2024-09-08 11:41:25,business_intelligence_analyst_interview.txt,-999,0,0.0719487795118047,0.0,0.0128851540616246,0.1003877971033804,0.0093548488258834,-2.4641690358121764,0.0,0.0,0.0111623859076589,-26.580811186263105,0.0562029429299538,5.763025386719647,30.0,8.0
219,2024-09-08 11:41:25,chef_interview.txt,-999,0,0.0591523565948118,0.0,0.0047619047619047,0.0515835096244333,0.0049770976432038,-19.811367293335067,0.0,0.0,0.0082478609884232,-72.86682152535812,0.0224290882691609,-45.654470011661154,59.0,69.0
219,2024-09-08 11:41:25,chemical_engineer_interview.txt,-999,0,0.0744125939849624,0.0,0.0156272377372001,0.0708178587504109,0.0034071169264032,0.8758485935570519,0.0,0.0,0.0054242753193317,-10.95650757628681,0.0689536349550145,-25.390224619236847,25.0,39.0
219,2024-09-08 11:41:25,chemist_interview.txt,-999,0,0.0833405321027226,0.0,0.0086445853887714,0.0774560443727252,0.0209982089846374,12.978817803336623,0.0,0.0,0.0091237186848588,-50.74343357950845,0.0332341516828835,-18.396599748959304,12.0,26.0
219,2024-09-08 11:41:25,civil_engineer_interview.txt,-999,0,0.0748457883658269,0.0,0.011100938334159,0.0633969770053524,0.012732133342275,1.463099332114922,0.0,0.0,0.0034094988331135,-36.74721437808669,0.017188509235205,-33.20845479303192,23.0,52.0
219,2024-09-08 11:41:25,cloud_architect_interview.txt,-999,0,0.0513750234345706,0.0,0.0205519231971003,0.0554059647422291,0.0213410418229086,-30.354543391895504,0.0,0.0,0.0157025185318364,17.10419002185195,0.0280313285841514,-41.62734291725233,85.0,62.0
219,2024-09-08 11:41:25,computer_vision_engineer_interview.txt,-999,0,0.0730068067475584,0.0,0.0061162079510703,0.0732468589793307,0.01439463529251,-1.0298769418781577,0.0,0.0,0.0105935829209105,-65.1500459958728,0.0077880423033267,-22.831164451684472,29.0,36.0
219,2024-09-08 11:41:25,construction_manager_interview.txt,-999,0,0.0845533482626598,0.0,0.0189321197235666,0.076807083260755,0.0285329359907958,14.622946206471797,0.0,0.0,0.0084526221862361,7.874602506192673,0.0695745010677526,-19.0803092489258,10.0,29.0
219,2024-09-08 11:41:25,content_writer_interview.txt,-999,0,0.0580764914098247,0.0,0.0148582898582898,0.0816067372157191,0.0166320991283872,-21.269841023329874,0.0,0.0,0.0063801027372806,-15.337947583882524,0.0240057653765828,-14.02365955908776,65.0,22.0
219,2024-09-08 11:41:25,cto_of_a_fintec_interview.txt,-999,0,0.0668664343786295,0.0026666666666666,0.0079576719576719,0.0667679675719528,0.0094508374067066,-9.353941998947818,0.004618802153517,0.0,0.007936592592141,-54.65744397126511,0.0207608663908648,-29.656965755907265,40.0,45.0
219,2024-09-08 11:41:25,customer_service_representative_interview.txt,-999,0,0.0581985266195792,0.0,0.0059542796384901,0.0671208891698068,0.0164720762626921,-21.104406589680565,0.0,0.0,0.005159023304182,-66.07270825499324,0.0489025078385463,-29.28514709875597,64.0,43.0
219,2024-09-08 11:41:25,cybersecurity_specialist_interview.txt,-999,0,0.0773109926377253,0.0202599644579842,0.008,0.0511719302908732,0.0215075743575556,4.805001012554371,0.0111223276261782,0.0,0.013856406460551,-54.41626016260162,0.0555235444498658,-46.08808721175909,20.0,70.0
219,2024-09-08 11:41:25,data_engineer_interview.txt,-999,0,0.1198984478054245,0.0025641025641025,0.0056142823584684,0.0658105039181166,0.0361913764231097,62.537777810389,0.0044411559168432,0.0,0.0049079869301384,-68.01000169973511,0.0781642140642681,-30.665696454751668,1.0,48.0
219,2024-09-08 11:41:25,data_scientist_interview.txt,-999,0,0.0927255523402691,0.005420054200542,0.0054915254237288,0.0174692804824278,0.0100410403865582,25.701420656309736,0.0093878092551158,0.0,0.0047617165254651,-68.70946672178586,0.0302576813672363,-81.5953332131787,2.0,99.0
219,2024-09-08 11:41:25,database_administrator_interview.txt,-999,0,0.0644870735966391,0.0095923261390887,0.0095923261390887,0.0610299134785249,0.0298436670638168,-12.579471780129891,0.0166143962356726,0.0,0.0166143962356726,-45.34323760503791,0.0403786741209838,-35.70226188018239,46.0,55.0
219,2024-09-08 11:41:25,dentist_interview.txt,-999,0,0.0558154645873944,0.0,0.0053931124106562,0.1005362506233277,0.0033214757424644,-24.334953891879323,0.0,0.0,0.0047201405129731,-69.27022086985002,0.033804447311336,5.919427796693483,74.0,6.0
219,2024-09-08 11:41:25,devops_engineer_interview.txt,-999,0,0.0811194653299916,0.0200501253132832,0.0122807017543859,0.073836056406711,0.0183665559347143,9.967875925306274,0.0347278357407293,0.0,0.0132453235706504,-30.024960775923542,0.0742014170742861,-22.210418661181293,14.0,35.0
219,2024-09-08 11:41:25,digital_marketing_specialist_interview.txt,-999,0,0.0566753539345686,0.0,0.0098898021657708,0.0832511521109623,0.018437893884227,-23.169263207715147,0.0,0.0,0.001141597288879,-43.64822887902008,0.0721138721343955,-12.291195063101242,69.0,19.0
219,2024-09-08 11:41:25,doctor_interview.txt,-999,0,0.0602297484650425,0.0,0.0097643097643097,0.0522903051616822,0.0089849186448038,-18.350823944996904,0.0,0.0,0.0091654259857348,-44.36328050149187,0.0202047210831162,-44.90982936303435,57.0,67.0
219,2024-09-08 11:41:25,electrical_engineer_interview.txt,-999,0,0.0882428940568475,0.0066666666666666,0.0034722222222222,0.039980860416496,0.0102279568387673,19.62460040211357,0.0115470053837925,0.0,0.0060140653040586,-80.21539069557362,0.0105493860274732,-57.87837887449393,4.0,90.0
219,2024-09-08 11:41:25,environmental_engineer_interview.txt,-999,0,0.0850391671820243,0.0,0.0146464646464646,0.0757482535843909,0.0057403325072782,15.28153628013058,0.0,0.0,0.0137481389786022,-16.54492075223783,0.0665124574639047,-20.19583357730795,9.0,31.0
219,2024-09-08 11:41:25,environmental_scientist_interview.txt,-999,0,0.0539188210091536,0.0,0.0164064483371414,0.08260450506481,0.0118172493974848,-26.906098374132185,0.0,0.0,0.0206568954496431,-6.516590918003615,0.0269700022423844,-12.97246659143272,82.0,20.0
219,2024-09-08 11:41:25,event_planner_interview.txt,-999,0,0.0545051186375813,0.0,0.0026041666666666,0.0944695564340536,0.021151531321009,-26.111296477991004,0.0,0.0,0.0045105489780439,-85.16154302168022,0.0651757172032501,-0.4721053384833027,77.0,12.0
219,2024-09-08 11:41:25,financial_analyst_interview.txt,-999,0,0.0676149780212825,0.0029498525073746,0.0116001867826685,0.1144640016456769,0.0109990487697447,-8.339194748271481,0.0051092944176073,0.0,0.0104294293817635,-33.902512954201285,0.0486399351293362,20.59293520954837,38.0,3.0
219,2024-09-08 11:41:25,fire_protection_engineer_interview.txt,-999,0,0.0776808785529715,0.0240402362495385,0.0107281284606865,0.0328066995261925,0.0203276775675911,5.306428977702481,0.0201060034230084,0.0,0.0041775518863019,-38.87147291323412,0.029641073128454,-65.43667761461074,18.0,94.0
219,2024-09-08 11:41:25,focus_group_interview.txt,-999,0,0.0588235294117647,0.0,0.0,0.0,0.0,-20.25713486242709,0.0,0.0,0.0,-100.0,0.0,-100.0,60.0,101.0
219,2024-09-08 11:41:25,frontend_developer_interview.txt,-999,0,0.0499239461103867,0.0,0.0092351151673185,0.0767283103597056,0.0170244645281205,-32.32166546912747,0.0,0.0,0.0096379165726401,-47.37861410556739,0.0657715742358427,-19.163300016467915,89.0,30.0
219,2024-09-08 11:41:25,full_stack_developer_interview.txt,-999,0,0.0856615145329056,0.0123456790123456,0.0101876154369592,0.0483128022847362,0.0734655887063416,16.12520821492147,0.0213833433033194,0.0,0.0040072722095984,-41.95129854477313,0.0514378645862778,-49.10030619277265,7.0,75.0
219,2024-09-08 11:41:25,game_developer_interview.txt,-999,0,0.0521700521700521,0.0,0.0183890183890183,0.0658134742018097,0.0083272280313069,-29.27677961491757,0.0,0.0,0.0047618055766234,4.7800287637686125,0.0101708631617814,-30.662567128292565,84.0,47.0
219,2024-09-08 11:41:25,gardener_interview.txt,-999,0,0.0561706811706811,0.0,0.0053742553742553,0.0532605742376449,0.0070201583039181,-23.853412094253,0.0,0.0,0.0046795082789833,-69.37766765002537,0.057417465439807,-43.88760758036767,72.0,66.0
219,2024-09-08 11:41:25,geneticist_interview.txt,-999,0,0.0611336032388664,0.0096153846153846,0.0101407364565259,0.0973580478295555,0.0279117427581266,-17.125532466336153,0.0166543346881622,0.0,0.008783849262908,-42.21841345076261,0.0114069685173857,2.571049283957322,55.0,9.0
219,2024-09-08 11:41:25,geologist_interview.txt,-999,0,0.0897087359987703,0.0,0.0084852734922861,0.0625965489539741,0.0186570725171784,21.61173781900534,0.0,0.0,0.0087032835354668,-51.651187584807126,0.0571174070875316,-34.05174147488816,3.0,53.0
219,2024-09-08 11:41:25,geotechnical_engineer_interview.txt,-999,0,0.0633932132522799,0.0,0.0171595985877226,0.0435843241744603,0.0153417345298937,-14.062340264762668,0.0,0.0,0.0080159839490695,-2.225165282882997,0.0296922241439828,-54.08196895306461,50.0,82.0
219,2024-09-08 11:41:25,graphic_designer_interview.txt,-999,0,0.06226017019951,0.0,0.0085736941223114,0.129589756863583,0.0253486704180317,-15.598325953748244,0.0,0.0,0.0084763150024872,-51.14736971039053,0.0422325155476891,36.5285935192658,54.0,1.0
219,2024-09-08 11:41:25,hotel_manager_interview.txt,-999,0,0.0742598600041829,0.0026455026455026,0.002710027100271,0.1165362468791539,0.029348878825487,0.6687980246263123,0.0045821449935684,0.0,0.0046939046275579,-84.55835371361843,0.0222233416108369,22.77613806447352,26.0,2.0
219,2024-09-08 11:41:25,human_resources_manager_interview.txt,-999,0,0.0639151864060417,0.0,0.0236426564141502,0.0579282148176675,0.0148051245436644,-13.354738473063108,0.0,0.0,0.007475764681373,34.71508738095281,0.0734851947736557,-38.97003987388016,48.0,58.0
219,2024-09-08 11:41:25,industrial_engineer_interview.txt,-999,0,0.0786461242176215,0.0,0.0231474883646284,0.056356248609007,0.0158844724236964,6.614943710336263,0.0,0.0,0.01226823742033,31.8936359378038,0.0528215330852058,-40.62617644456724,16.0,59.0
219,2024-09-08 11:41:25,it_manager_interview.txt,-999,0,0.0471973372676066,0.0,0.0051092318534179,0.1004112410170443,0.0142018613496248,-36.0179346900839,0.0,0.0,0.0044256013696548,-70.88776305310621,0.072368648424168,5.787724596260446,92.0,7.0
219,2024-09-08 11:41:25,logistics_coordinator_interview.txt,-999,0,0.0560541075001586,0.0,0.0114942528735632,0.0436926415236826,0.0037187125661607,-24.01144270853316,0.0,0.0,0.019908629972056,-34.50612092327819,0.0091590559333901,-53.96785179055914,73.0,81.0
219,2024-09-08 11:41:25,lorry_driver_interview.txt,-999,0,0.0441927954072298,0.0,0.0025445292620865,0.086904860375448,0.0024919563434483,-40.09097788841164,0.0,0.0,0.0044072539632795,-85.50135501355014,0.0281047651195438,-8.44185031122339,95.0,15.0
219,2024-09-08 11:41:25,machine_learning_engineer_interview copy.txt,-999,0,0.0562621684401264,0.0,0.005050505050505,0.0497500160439961,0.0042442491900368,-23.72938932543694,0.0,0.0,0.0087477313513579,-71.2223864662889,0.0434329688699764,-47.5861373426463,71.0,73.0
219,2024-09-08 11:41:25,machine_learning_engineer_interview.txt,-999,0,0.0385854007633587,0.0,0.0,0.0267045408274778,0.0335679132464095,-47.69252304102073,0.0,0.0,0.0,-100.0,0.0462536215059891,-71.86557419355775,100.0,96.0
219,2024-09-08 11:41:25,manufacturing_engineer_interview.txt,-999,0,0.0578620370248715,0.005089058524173,0.01060977826245,0.0650821519585646,0.012204857554227,-21.56056154398705,0.0088145079265591,0.0,0.0115425769617275,-39.54582849399921,0.0176892740534159,-31.43304775651628,66.0,49.0
219,2024-09-08 11:41:25,marine_engineer_interview.txt,-999,0,0.0663451012588943,0.0026041666666666,0.0147321428571428,0.0635955669632064,0.0085941694008704,-10.060676142147244,0.0045105489780439,0.0,0.0143066253205018,-16.05672909407666,0.0563358613200052,-32.99923140771915,41.0,51.0
219,2024-09-08 11:41:25,marketing_manager_interview.txt,-999,0,0.0574734490678158,0.0,0.0056307911617961,0.0433353117732308,0.010230270987519,-22.08734253389796,0.0,0.0,0.0048827850487395,-67.91593507524526,0.0335050053371757,-54.34431463324448,67.0,83.0
219,2024-09-08 11:41:25,materials_engineer_interview.txt,-999,0,0.0540826145735555,0.0,0.0098920236851271,0.0328230201157645,0.0075292110812194,-26.68405511615161,0.0,0.0,0.0091961938799908,-43.63557073397275,0.0090914319034334,-65.41948314497358,79.0,93.0
219,2024-09-08 11:41:25,mechanical_engineer_interview.txt,-999,0,0.0708540513494073,0.0,0.0029239766081871,0.0506481015165538,0.0086671076461903,-3.948213959490204,0.0,0.0,0.005064476045523,-83.3392763752199,0.0135803186403236,-46.639964208318496,32.0,72.0
219,2024-09-08 11:41:25,meteorologist_interview.txt,-999,0,0.0676512666704869,0.0,0.0157341100834086,0.0407192739003882,0.0157789142996009,-8.290000813659404,0.0,0.0,0.000801866882806,-10.34755242311398,0.0705278512427857,-57.10042730770777,37.0,87.0
219,2024-09-08 11:41:25,microbiologist_interview.txt,-999,0,0.0741036817974113,0.0,0.0024875621890547,0.081667457368724,0.019124697206873,0.4570783640659641,0.0,0.0,0.00430858409843,-85.82595154309752,0.0268522658028084,-13.95968816745406,27.0,21.0
219,2024-09-08 11:41:25,mining_engineer_interview.txt,-999,0,0.0467264905558916,0.0,0.0074074074074074,0.0562767771609436,0.0051577242427647,-36.65622800924079,0.0,0.0,0.0128300059819916,-57.79283348389039,0.0181598970628145,-40.70990316257054,93.0,60.0
219,2024-09-08 11:41:25,mobile_app_developer_interview.txt,-999,0,0.041177816918928,0.0,0.0183399508413688,0.0659675574070043,0.0148569985536164,-44.17816927916228,0.0,0.0,0.019463363791065,4.500443472954331,0.0383524739918186,-30.50023359361124,97.0,46.0
219,2024-09-08 11:41:25,natural_language_processing_engineer_interview.txt,-999,0,0.0688954858166054,0.0024691358024691,0.0159669211195928,0.0555975287871771,0.043380104289694,-6.603301620960735,0.0042766686606638,0.0,0.0138675385756967,-9.02100271002709,0.0342104300673422,-41.42552164481066,34.0,61.0
219,2024-09-08 11:41:25,network_administrator_interview.txt,-999,0,0.0611014125782108,0.0116959064327485,0.0237292955981766,0.0677886964885345,0.0239657375189806,-17.169171050029092,0.0202579041820921,0.0,0.024113132260403,35.208754634001025,0.0437899583450664,-28.581582278708154,56.0,42.0
219,2024-09-08 11:41:25,neuroscientist_interview.txt,-999,0,0.0512170987941831,0.0026666666666666,0.0144143248977901,0.0424897054500683,0.0090189791900086,-30.56863056800105,0.004618802153517,0.0,0.0055555106858179,-17.867645490924716,0.0430262860033163,-55.23519864110567,86.0,85.0
219,2024-09-08 11:41:25,no_persona_interview.txt,-999,0,0.0737665110355415,0.0,0.0175501177142041,0.094917667810953,0.0165572610607534,0.0,0.0,0.0,0.018795860180529,0.0,0.027153427299694,0.0,28.0,11.0
219,2024-09-08 11:41:25,nuclear_engineer_interview.txt,-999,0,0.0658095710975552,0.0,0.0124101527403414,0.0769414793556188,0.0235910531032744,-10.786656202504346,0.0,0.0,0.0144685954856044,-29.287353267737515,0.0325555052122015,-18.938716963776685,43.0,28.0
219,2024-09-08 11:41:25,nurse_interview.txt,-999,0,0.0569140111978986,0.0,0.0241603496079199,0.110511227894338,0.00730603618957,-22.845732570330085,0.0,0.0,0.0108692497785903,37.66488636350152,0.0292241395109772,16.428511617502693,68.0,4.0
219,2024-09-08 11:41:25,occupational_therapist_interview.txt,-999,0,0.0388266702776472,0.0,0.0174767476747674,0.0615201787989723,0.0141881073971164,-47.36545116124561,0.0,0.0,0.0155319870303768,-0.4180600986927913,0.0268749397537979,-35.185745480491875,99.0,54.0
219,2024-09-08 11:41:25,operations_manager_interview.txt,-999,0,0.0828427874432717,0.0,0.0176617295261363,0.0467300039765822,0.0156862924942132,12.304060854060396,0.0,0.0,0.018028582799709,0.6359604747368337,0.0464816574667467,-50.76785486380242,13.0,77.0
219,2024-09-08 11:41:25,petroleum_engineer_interview.txt,-999,0,0.0858856501717322,0.0029498525073746,0.0031446540880503,0.0709193675903395,0.0421831932957591,16.429052921252634,0.0051092944176073,0.0,0.0054467006527323,-82.08186327146291,0.0139780483598758,-25.283280525192325,6.0,38.0
219,2024-09-08 11:41:25,pharmacist_interview.txt,-999,0,0.0645829113740921,0.0140350877192982,0.0031152647975077,0.0541581181564369,0.0200595609157627,-12.449551337767032,0.0243094850185105,0.0,0.0053957969083142,-82.24932249322492,0.0484690715946676,-42.942004997106174,45.0,63.0
219,2024-09-08 11:41:25,physical_therapist_interview.txt,-999,0,0.0776564825783282,0.0023980815347721,0.0071024840101145,0.0753677820916746,0.0263030992224335,5.273357094132464,0.0041535990589181,0.0,0.0063070196502622,-59.53027708545715,0.0262464004677375,-20.59667727847652,19.0,32.0
219,2024-09-08 11:41:25,physicist_interview.txt,-999,0,0.0540255783582419,0.0,0.0194209260447205,0.0967461934706365,0.0059320815056105,-26.76137504698872,0.0,0.0,0.019891147418598,10.659805027987248,0.0295358062180704,1.926433404711787,80.0,10.0
219,2024-09-08 11:41:25,procurement_specialist_interview.txt,-999,0,0.0810177052183938,0.0026455026455026,0.0029239766081871,0.0427102989989416,0.0472544165185173,9.82992699676231,0.0045821449935684,0.0,0.005064476045523,-83.3392763752199,0.0509454286947989,-55.00279349045167,15.0,84.0
219,2024-09-08 11:41:25,product_manager_interview.txt,-999,0,0.0687865128083843,0.0,0.0117481082467615,0.0522449495829317,0.0379708936764512,-6.7510285592303205,0.0,0.0,0.0135349961143919,-33.05966126225324,0.0454785440816327,-44.957613489842906,35.0,68.0
219,2024-09-08 11:41:25,professor_of_classics_interview.txt,-999,0,0.0639164756811815,0.0,0.0061681238151826,0.0728153593663539,0.0233762905019481,-13.352990694671846,0.0,0.0,0.0054087721688619,-64.85423109048168,0.0363220071548864,-23.285768555354807,47.0,37.0
219,2024-09-08 11:41:25,project_manager_interview.txt,-999,0,0.040186022406408,0.0,0.0313364648842841,0.0600194207659177,0.0098787579116307,-45.52267439211543,0.0,0.0,0.0214392955446953,78.55415783862236,0.0497708470280647,-36.76686105956788,98.0,56.0
219,2024-09-08 11:41:25,psychologist_interview.txt,-999,0,0.0539259348649756,0.002415458937198,0.0261500725978538,0.0400466858845506,0.0164144508079788,-26.89645462696,0.0041836976028233,0.0,0.0047909399839845,49.00226325370636,0.017954888617755,-57.80902880556296,81.0,89.0
219,2024-09-08 11:41:25,public_relations_specialist_interview.txt,-999,0,0.0749984370674025,0.0113960113960113,0.0028735632183908,0.0538876934719521,0.0256902193432022,1.670034294108774,0.0197384707415256,0.0,0.004977157493014,-83.62653023081955,0.050609823528041,-43.22690947350289,22.0,64.0
219,2024-09-08 11:41:25,quality_control_engineer_interview.txt,-999,0,0.0624287836630216,0.0,0.0132078290751531,0.0707746374070316,0.0155534504228024,-15.369748702168168,0.0,0.0,0.0159500015841685,-24.74221945267413,0.0364743133413402,-25.435760233813227,53.0,40.0
219,2024-09-08 11:41:25,restaurant_manager_interview.txt,-999,0,0.0598364598364598,0.0037037037037037,0.0074074074074074,0.0424769058623897,0.0138875926258032,-18.883977300173555,0.0064150029909958,0.0,0.0128300059819916,-57.79283348389039,0.0043504564912869,-55.24868357807652,58.0,86.0
219,2024-09-08 11:41:25,retail_manager_interview.txt,-999,0,0.0758071108654853,0.0,0.0075596122183459,0.0207524511111663,0.0432659891979006,2.766295709662444,0.0,0.0,0.0001813744648619,-56.92557542091257,0.0359442997061293,-78.13636640072222,21.0,98.0
219,2024-09-08 11:41:25,robotics_engineer_interview.txt,-999,0,0.0583835662416713,0.0,0.0128342245989304,0.0740966363403292,0.0118175020341139,-20.853561565977444,0.0,0.0,0.015058960257036,-26.87100560845181,0.0446363190310999,-21.9358860692752,63.0,34.0
219,2024-09-08 11:41:25,safety_engineer_interview.txt,-999,0,0.0873254090132493,0.0353818897376066,0.0136332209834932,0.0536626179032506,0.0092979049786215,18.380831338457867,0.0068416037276799,0.0,0.0129881041895934,-22.31835019283561,0.0179059943930516,-43.46403663211555,5.0,65.0
219,2024-09-08 11:41:25,sales_manager_interview.txt,-999,0,0.0542087542087542,0.0,0.0075757575757575,0.1058443047134455,0.0160454579898233,-26.51305660554307,0.0,0.0,0.0131215970270369,-56.83357969943335,0.0129077049842715,11.511699723022131,78.0,5.0
219,2024-09-08 11:41:25,seo_specialist_interview.txt,-999,0,0.0505356116645576,0.0,0.0030864197530864,0.0813374958646141,0.017786128989338,-31.49247408460323,0.0,0.0,0.0053458358258298,-82.41368061828766,0.0640496886430233,-14.307317340946923,88.0,23.0
219,2024-09-08 11:41:25,shop_assistant_interview.txt,-999,0,0.0489036708548903,0.0,0.0092592592592592,0.0794152865978313,0.0075805131521386,-33.704779894865794,0.0,0.0,0.0160375074774896,-47.241041854862985,0.0401423217191564,-16.33245060761253,91.0,24.0
219,2024-09-08 11:41:25,social_media_manager_interview.txt,-999,0,0.0321492028720944,0.0,0.0209090909090909,0.0848462323556859,0.0034634124109032,-56.41761766853172,0.0,0.0,0.0200618877188308,19.139320029563933,0.0735823879732686,-10.610706823650888,101.0,18.0
219,2024-09-08 11:41:25,software_quality_assurance_tester_interview.txt,-999,0,0.0627642535693474,0.0056598796076456,0.0115595846223948,0.0438768814903346,0.0181416985019682,-14.914976066704623,0.0049147827406753,0.0,0.0136025410689936,-34.133862743045,0.0023085626447115,-53.77374676153655,52.0,80.0
219,2024-09-08 11:41:25,speech_therapist_interview.txt,-999,0,0.0566419602666937,0.0,0.0063492063492063,0.0669799041283666,0.0087029981677694,-23.21453262252972,0.0,0.0,0.0109971479845643,-63.822428700477474,0.0210258350421744,-29.43368113324256,70.0,44.0
219,2024-09-08 11:41:25,structural_engineer_interview.txt,-999,0,0.0711577073524933,0.0,0.0109548637950015,0.0743825561569507,0.0137142117504206,-3.536569164551068,0.0,0.0,0.0044636901068712,-37.57954235181449,0.0477571339916643,-21.63465677949648,31.0,33.0
219,2024-09-08 11:41:25,supply_chain_manager_interview.txt,-999,0,0.05067002529167,0.0024509803921568,0.0032362459546925,0.0509030104831107,0.0073255610704311,-31.310259113032075,0.0042452225675707,0.0,0.0056053424193167,-81.5599757939327,0.0520217889794126,-46.37140623335371,87.0,71.0
219,2024-09-08 11:41:25,system_administrator_interview.txt,-999,0,0.0629987853478823,0.0,0.0130332506834509,0.059678546880821,0.0263361972264076,-14.597038054939476,0.0,0.0,0.0113197117684075,-25.73696145124717,0.0572030717304857,-37.125986913540174,51.0,57.0
219,2024-09-08 11:41:25,transportation_engineer_interview.txt,-999,0,0.0554076189688755,0.0026881720430107,0.0127870533967698,0.0877644376661939,0.0275509359613157,-24.88784112050588,0.0046560505579808,0.0,0.0045281626931149,-27.139785584340416,0.045840955633769,-7.536247265373319,75.0,13.0
219,2024-09-08 11:41:25,travel_agent_interview.txt,-999,0,0.0497028200548739,0.0,0.0186578693637728,0.0852174211265346,0.032474334301964,-32.621430297921265,0.0,0.0,0.0069876896278449,6.311932874798359,0.0389138725049479,-10.21964288433452,90.0,17.0
219,2024-09-08 11:41:25,veterinarian_interview.txt,-999,0,0.0435324160933917,0.0047619047619047,0.0086251824056702,0.0686500346355311,0.0095851012275583,-40.98620704398327,0.0082478609884232,0.0,0.008175181788188,-50.8539911462279,0.0287567468344603,-27.674124092196408,96.0,41.0
219,2024-09-08 11:41:25,warehouse_manager_interview.txt,-999,0,0.0671234125691957,0.0,0.0040160642570281,0.0650412265723094,0.0171348523519315,-9.005574986656327,0.0,0.0,0.006956027339634,-77.11659646716949,0.0177789052236073,-31.47616447777486,39.0,50.0
219,2024-09-08 11:41:25,water_resources_engineer_interview.txt,-999,0,0.0744840154715706,0.0062893081761006,0.0,0.0440006396611022,0.0417985788669561,0.9726696111240328,0.0108934013054646,0.0,0.0,-100.0,0.0503493136199581,-53.64336200428139,24.0,79.0
220,2024-09-08 11:41:43,restaurant_manager_interview.txt,1,0,0.0714285714285714,0.0,0.0,0.0466530557892966,,,,,,,,,,
220,2024-09-08 11:41:43,restaurant_manager_interview.txt,2,0,0.0636363636363636,0.0,0.0,0.0428067433298522,,,,,,,,,,
220,2024-09-08 11:41:43,restaurant_manager_interview.txt,3,0,0.0444444444444444,0.0111111111111111,0.0222222222222222,0.0379709184680204,,,,,,,,,,
220,2024-09-08 11:41:43,geneticist_interview.txt,1,0,0.0384615384615384,0.0288461538461538,0.0,0.0937095795782794,,,,,,,,,,
220,2024-09-08 11:41:43,geneticist_interview.txt,2,0,0.0526315789473684,0.0,0.0150375939849624,0.0882216505718651,,,,,,,,,,
220,2024-09-08 11:41:43,geneticist_interview.txt,3,0,0.0923076923076923,0.0,0.0153846153846153,0.1101429133385219,,,,,,,,,,
220,2024-09-08 11:41:43,speech_therapist_interview.txt,1,0,0.0510204081632653,0.0,0.0,0.0432621003107774,,,,,,,,,,
220,2024-09-08 11:41:43,speech_therapist_interview.txt,2,0,0.0522388059701492,0.0,0.0,0.0833315864428225,,,,,,,,,,
220,2024-09-08 11:41:43,speech_therapist_interview.txt,3,0,0.0666666666666666,0.0,0.019047619047619,0.0743460256315,,,,,,,,,,
220,2024-09-08 11:41:43,customer_service_representative_interview.txt,1,0,0.0545454545454545,0.0,0.009090909090909,0.0311974890850877,,,,,,,,,,
220,2024-09-08 11:41:43,customer_service_representative_interview.txt,2,0,0.0761904761904762,0.0,0.0,0.122813044651559,,,,,,,,,,
220,2024-09-08 11:41:43,customer_service_representative_interview.txt,3,0,0.043859649122807,0.0,0.0087719298245614,0.0473521337727738,,,,,,,,,,
220,2024-09-08 11:41:43,construction_manager_interview.txt,1,0,0.055045871559633,0.0,0.0091743119266055,0.0948117237060615,,,,,,,,,,
220,2024-09-08 11:41:43,construction_manager_interview.txt,2,0,0.0866141732283464,0.0,0.0236220472440944,0.1356095260762036,,,,,,,,,,
220,2024-09-08 11:41:43,construction_manager_interview.txt,3,0,0.112,0.0,0.024,0.0,,,,,,,,,,
220,2024-09-08 11:41:43,doctor_interview.txt,1,0,0.0545454545454545,0.0,0.0181818181818181,0.0673965703749538,,,,,,,,,,
220,2024-09-08 11:41:43,doctor_interview.txt,2,0,0.0705882352941176,0.0,0.0,0.0293397273927395,,,,,,,,,,
220,2024-09-08 11:41:43,doctor_interview.txt,3,0,0.0555555555555555,0.0,0.0111111111111111,0.0601346177173533,,,,,,,,,,
220,2024-09-08 11:41:43,human_resources_manager_interview.txt,1,0,0.0693069306930693,0.0,0.0198019801980198,0.1425669620819004,,,,,,,,,,
220,2024-09-08 11:41:43,human_resources_manager_interview.txt,2,0,0.0471698113207547,0.0,0.0188679245283018,0.0103852698901538,,,,,,,,,,
220,2024-09-08 11:41:43,human_resources_manager_interview.txt,3,0,0.075268817204301,0.0,0.032258064516129,0.0208324124809482,,,,,,,,,,
220,2024-09-08 11:41:43,water_resources_engineer_interview.txt,1,0,0.1226415094339622,0.0188679245283018,0.0,0.0,,,,,,,,,,
220,2024-09-08 11:41:43,water_resources_engineer_interview.txt,2,0,0.0476190476190476,0.0,0.0,0.0989100944553876,,,,,,,,,,
220,2024-09-08 11:41:43,water_resources_engineer_interview.txt,3,0,0.0531914893617021,0.0,0.0,0.0330918245279189,,,,,,,,,,
220,2024-09-08 11:41:43,project_manager_interview.txt,1,0,0.0515463917525773,0.0,0.0515463917525773,0.0555355117717458,,,,,,,,,,
220,2024-09-08 11:41:43,project_manager_interview.txt,2,0,0.0336134453781512,0.0,0.0336134453781512,0.1118805059888638,,,,,,,,,,
220,2024-09-08 11:41:43,project_manager_interview.txt,3,0,0.0353982300884955,0.0,0.0088495575221238,0.0126422445371434,,,,,,,,,,
220,2024-09-08 11:41:43,biologist_interview.txt,1,0,0.1,0.03,0.0,0.0628254664475309,,,,,,,,,,
220,2024-09-08 11:41:43,biologist_interview.txt,2,0,0.0666666666666666,0.0,0.019047619047619,0.084133944618843,,,,,,,,,,
220,2024-09-08 11:41:43,biologist_interview.txt,3,0,0.037593984962406,0.0,0.0,0.0,,,,,,,,,,
220,2024-09-08 11:41:43,occupational_therapist_interview.txt,1,0,0.0227272727272727,0.0,0.0227272727272727,0.0619600680328602,,,,,,,,,,
220,2024-09-08 11:41:43,occupational_therapist_interview.txt,2,0,0.0495049504950495,0.0,0.0297029702970297,0.0881724737587123,,,,,,,,,,
220,2024-09-08 11:41:43,occupational_therapist_interview.txt,3,0,0.0442477876106194,0.0,0.0,0.0344279946053444,,,,,,,,,,
220,2024-09-08 11:41:43,network_administrator_interview.txt,1,0,0.0543478260869565,0.0,0.0108695652173913,0.0181441553921881,,,,,,,,,,
220,2024-09-08 11:41:43,network_administrator_interview.txt,2,0,0.087719298245614,0.0350877192982456,0.0087719298245614,0.1009251180073442,,,,,,,,,,
220,2024-09-08 11:41:43,network_administrator_interview.txt,3,0,0.0412371134020618,0.0,0.0515463917525773,0.0842968160660713,,,,,,,,,,
220,2024-09-08 11:41:43,neuroscientist_interview.txt,1,0,0.0442477876106194,0.0,0.0176991150442477,0.0414359038364657,,,,,,,,,,
220,2024-09-08 11:41:43,neuroscientist_interview.txt,2,0,0.0614035087719298,0.0,0.0175438596491228,0.0,,,,,,,,,,
220,2024-09-08 11:41:43,neuroscientist_interview.txt,3,0,0.048,0.008,0.008,0.0860332125137391,,,,,,,,,,
220,2024-09-08 11:41:43,retail_manager_interview.txt,1,0,0.0661764705882353,0.0,0.0073529411764705,0.0,,,,,,,,,,
220,2024-09-08 11:41:43,retail_manager_interview.txt,2,0,0.123076923076923,0.0,0.0076923076923076,0.0,,,,,,,,,,
220,2024-09-08 11:41:43,retail_manager_interview.txt,3,0,0.0381679389312977,0.0,0.0076335877862595,0.0622573533334991,,,,,,,,,,
220,2024-09-08 11:41:43,agricultural_engineer_interview.txt,1,0,0.04,0.0,0.01,0.01754081509232,,,,,,,,,,
220,2024-09-08 11:41:43,agricultural_engineer_interview.txt,2,0,0.0434782608695652,0.0,0.0,0.016643353237249,,,,,,,,,,
220,2024-09-08 11:41:43,agricultural_engineer_interview.txt,3,0,0.0534351145038167,0.0,0.0229007633587786,0.0,,,,,,,,,,
220,2024-09-08 11:41:43,electrical_engineer_interview.txt,1,0,0.0813953488372093,0.0,0.0,0.0515248660596885,,,,,,,,,,
220,2024-09-08 11:41:43,electrical_engineer_interview.txt,2,0,0.0833333333333333,0.0,0.0104166666666666,0.0375765713355705,,,,,,,,,,
220,2024-09-08 11:41:43,electrical_engineer_interview.txt,3,0,0.1,0.02,0.0,0.030841143854229,,,,,,,,,,
220,2024-09-08 11:41:43,quality_control_engineer_interview.txt,1,0,0.0618556701030927,0.0,0.0309278350515463,0.0571315807160011,,,,,,,,,,
220,2024-09-08 11:41:43,quality_control_engineer_interview.txt,2,0,0.0471698113207547,0.0,0.0,0.0430885464951094,,,,,,,,,,
220,2024-09-08 11:41:43,quality_control_engineer_interview.txt,3,0,0.0782608695652174,0.0,0.008695652173913,0.1121037850099844,,,,,,,,,,
220,2024-09-08 11:41:43,machine_learning_engineer_interview.txt,1,0,0.0,0.0,0.0,0.0,,,,,,,,,,
220,2024-09-08 11:41:43,machine_learning_engineer_interview.txt,2,0,0.0610687022900763,0.0,0.0,0.0801136224824336,,,,,,,,,,
220,2024-09-08 11:41:43,machine_learning_engineer_interview.txt,3,0,0.0546875,0.0,0.0,0.0,,,,,,,,,,
220,2024-09-08 11:41:43,psychologist_interview.txt,1,0,0.048076923076923,0.0,0.0288461538461538,0.0323961959726534,,,,,,,,,,
220,2024-09-08 11:41:43,psychologist_interview.txt,2,0,0.072463768115942,0.0072463768115942,0.0289855072463768,0.0605596667072056,,,,,,,,,,
220,2024-09-08 11:41:43,psychologist_interview.txt,3,0,0.0412371134020618,0.0,0.0206185567010309,0.0271841949737927,,,,,,,,,,
220,2024-09-08 11:41:43,geologist_interview.txt,1,0,0.0725806451612903,0.0,0.0080645161290322,0.0759044861163816,,,,,,,,,,
220,2024-09-08 11:41:43,geologist_interview.txt,2,0,0.0869565217391304,0.0,0.017391304347826,0.1118851607455407,,,,,,,,,,
220,2024-09-08 11:41:43,geologist_interview.txt,3,0,0.1095890410958904,0.0,0.0,0.0,,,,,,,,,,
220,2024-09-08 11:41:43,chemical_engineer_interview.txt,1,0,0.078125,0.0,0.015625,0.0,,,,,,,,,,
220,2024-09-08 11:41:43,chemical_engineer_interview.txt,2,0,0.0736842105263157,0.0,0.0210526315789473,0.0747112850356365,,,,,,,,,,
220,2024-09-08 11:41:43,chemical_engineer_interview.txt,3,0,0.0714285714285714,0.0,0.010204081632653,0.1377422912155963,,,,,,,,,,
220,2024-09-08 11:41:43,machine_learning_engineer_interview copy.txt,1,0,0.053030303030303,0.0,0.0151515151515151,0.0691364256495546,,,,,,,,,,
220,2024-09-08 11:41:43,machine_learning_engineer_interview copy.txt,2,0,0.0610687022900763,0.0,0.0,0.0801136224824336,,,,,,,,,,
220,2024-09-08 11:41:43,machine_learning_engineer_interview copy.txt,3,0,0.0546875,0.0,0.0,0.0,,,,,,,,,,
220,2024-09-08 11:41:43,no_persona_interview.txt,1,0,0.0560747663551401,0.0,0.0373831775700934,0.0635731657580273,,,,,,,,,,
220,2024-09-08 11:41:43,no_persona_interview.txt,2,0,0.0888888888888888,0.0,0.0,0.1099189066092266,,,,,,,,,,
220,2024-09-08 11:41:43,no_persona_interview.txt,3,0,0.0763358778625954,0.0,0.015267175572519,0.111260931065605,,,,,,,,,,
220,2024-09-08 11:41:43,financial_analyst_interview.txt,1,0,0.0619469026548672,0.0088495575221238,0.0,0.0598254669070187,,,,,,,,,,
220,2024-09-08 11:41:43,financial_analyst_interview.txt,2,0,0.0606060606060606,0.0,0.0202020202020202,0.1530445380640685,,,,,,,,,,
220,2024-09-08 11:41:43,financial_analyst_interview.txt,3,0,0.0802919708029197,0.0,0.0145985401459854,0.1305219999659435,,,,,,,,,,
220,2024-09-08 11:41:43,civil_engineer_interview.txt,1,0,0.0601503759398496,0.0,0.0150375939849624,0.0831598154358535,,,,,,,,,,
220,2024-09-08 11:41:43,civil_engineer_interview.txt,2,0,0.0825688073394495,0.0,0.0091743119266055,0.0551022249278976,,,,,,,,,,
220,2024-09-08 11:41:43,civil_engineer_interview.txt,3,0,0.0818181818181818,0.0,0.009090909090909,0.0519288906523061,,,,,,,,,,
220,2024-09-08 11:41:43,meteorologist_interview.txt,1,0,0.0495867768595041,0.0,0.0165289256198347,0.0,,,,,,,,,,
220,2024-09-08 11:41:43,meteorologist_interview.txt,2,0,0.0746268656716417,0.0,0.0149253731343283,0.0,,,,,,,,,,
220,2024-09-08 11:41:43,meteorologist_interview.txt,3,0,0.0787401574803149,0.0,0.0157480314960629,0.1221578217011647,,,,,,,,,,
220,2024-09-08 11:41:43,shop_assistant_interview.txt,1,0,0.040650406504065,0.0,0.0,0.1223705927244681,,,,,,,,,,
220,2024-09-08 11:41:43,shop_assistant_interview.txt,2,0,0.0555555555555555,0.0,0.0277777777777777,0.0428532956412062,,,,,,,,,,
220,2024-09-08 11:41:43,shop_assistant_interview.txt,3,0,0.0505050505050505,0.0,0.0,0.0730219714278197,,,,,,,,,,
220,2024-09-08 11:41:43,social_media_manager_interview.txt,1,0,0.036144578313253,0.0,0.0,0.1233699304830566,,,,,,,,,,
220,2024-09-08 11:41:43,social_media_manager_interview.txt,2,0,0.03,0.0,0.04,0.0,,,,,,,,,,
220,2024-09-08 11:41:43,social_media_manager_interview.txt,3,0,0.0303030303030303,0.0,0.0227272727272727,0.1311687665840011,,,,,,,,,,
220,2024-09-08 11:41:43,marine_engineer_interview.txt,1,0,0.0761904761904762,0.0,0.0285714285714285,0.0835429425346109,,,,,,,,,,
220,2024-09-08 11:41:43,marine_engineer_interview.txt,2,0,0.0603448275862069,0.0,0.0,0.1072437583550084,,,,,,,,,,
220,2024-09-08 11:41:43,marine_engineer_interview.txt,3,0,0.0625,0.0078125,0.015625,0.0,,,,,,,,,,
220,2024-09-08 11:41:43,warehouse_manager_interview.txt,1,0,0.072289156626506,0.0,0.0120481927710843,0.081493124342657,,,,,,,,,,
220,2024-09-08 11:41:43,warehouse_manager_interview.txt,2,0,0.081081081081081,0.0,0.0,0.0461808634688753,,,,,,,,,,
220,2024-09-08 11:41:43,warehouse_manager_interview.txt,3,0,0.048,0.0,0.0,0.067449691905396,,,,,,,,,,
220,2024-09-08 11:41:43,business_intelligence_analyst_interview.txt,1,0,0.0761904761904762,0.0,0.019047619047619,0.0519120125435854,,,,,,,,,,
220,2024-09-08 11:41:43,business_intelligence_analyst_interview.txt,2,0,0.0784313725490196,0.0,0.0196078431372549,0.1619933830165744,,,,,,,,,,
220,2024-09-08 11:41:43,business_intelligence_analyst_interview.txt,3,0,0.0612244897959183,0.0,0.0,0.0872579957499813,,,,,,,,,,
220,2024-09-08 11:41:43,full_stack_developer_interview.txt,1,0,0.0393700787401574,0.0,0.0078740157480314,0.0425483283606354,,,,,,,,,,
220,2024-09-08 11:41:43,full_stack_developer_interview.txt,2,0,0.1703703703703703,0.037037037037037,0.0148148148148148,0.1023900784935733,,,,,,,,,,
220,2024-09-08 11:41:43,full_stack_developer_interview.txt,3,0,0.0472440944881889,0.0,0.0078740157480314,0.0,,,,,,,,,,
220,2024-09-08 11:41:43,focus_group_interview.txt,1,0,0.0588235294117647,0.0,0.0,0.0,,,,,,,,,,
220,2024-09-08 11:41:43,focus_group_interview.txt,2,0,0.0588235294117647,0.0,0.0,0.0,,,,,,,,,,
220,2024-09-08 11:41:43,focus_group_interview.txt,3,0,0.0588235294117647,0.0,0.0,0.0,,,,,,,,,,
220,2024-09-08 11:41:43,travel_agent_interview.txt,1,0,0.0531914893617021,0.0,0.0106382978723404,0.1283619363588929,,,,,,,,,,
220,2024-09-08 11:41:43,travel_agent_interview.txt,2,0,0.0802919708029197,0.0,0.0218978102189781,0.0745172643816199,,,,,,,,,,
220,2024-09-08 11:41:43,travel_agent_interview.txt,3,0,0.015625,0.0,0.0234375,0.0527730626390911,,,,,,,,,,
220,2024-09-08 11:41:43,robotics_engineer_interview.txt,1,0,0.0686274509803921,0.0,0.0294117647058823,0.0571924000726199,,,,,,,,,,
220,2024-09-08 11:41:43,robotics_engineer_interview.txt,2,0,0.0454545454545454,0.0,0.009090909090909,0.0403813965559999,,,,,,,,,,
220,2024-09-08 11:41:43,robotics_engineer_interview.txt,3,0,0.0610687022900763,0.0,0.0,0.1247161123923678,,,,,,,,,,
220,2024-09-08 11:41:43,biomedical_engineer_interview.txt,1,0,0.1,0.0,0.0,0.1025907901717319,,,,,,,,,,
220,2024-09-08 11:41:43,biomedical_engineer_interview.txt,2,0,0.0594059405940594,0.0,0.0099009900990099,0.0426668739812379,,,,,,,,,,
220,2024-09-08 11:41:43,biomedical_engineer_interview.txt,3,0,0.0975609756097561,0.0,0.0,0.0915016217502627,,,,,,,,,,
220,2024-09-08 11:41:43,marketing_manager_interview.txt,1,0,0.0459770114942528,0.0,0.0,0.0775670553173294,,,,,,,,,,
220,2024-09-08 11:41:43,marketing_manager_interview.txt,2,0,0.0655737704918032,0.0,0.0081967213114754,0.0418311722270583,,,,,,,,,,
220,2024-09-08 11:41:43,marketing_manager_interview.txt,3,0,0.0608695652173913,0.0,0.008695652173913,0.0106077077753049,,,,,,,,,,
220,2024-09-08 11:41:43,professor_of_classics_interview.txt,1,0,0.0909090909090909,0.0,0.0101010101010101,0.1139617522607703,,,,,,,,,,
220,2024-09-08 11:41:43,professor_of_classics_interview.txt,2,0,0.0504201680672268,0.0,0.0,0.0452051914403515,,,,,,,,,,
220,2024-09-08 11:41:43,professor_of_classics_interview.txt,3,0,0.0504201680672268,0.0,0.0084033613445378,0.0592791343979399,,,,,,,,,,
220,2024-09-08 11:41:43,environmental_engineer_interview.txt,1,0,0.0816326530612244,0.0,0.0,0.1026424642988634,,,,,,,,,,
220,2024-09-08 11:41:43,environmental_engineer_interview.txt,2,0,0.0818181818181818,0.0,0.0272727272727272,0.1246022964543093,,,,,,,,,,
220,2024-09-08 11:41:43,environmental_engineer_interview.txt,3,0,0.0916666666666666,0.0,0.0166666666666666,0.0,,,,,,,,,,
220,2024-09-08 11:41:43,physical_therapist_interview.txt,1,0,0.1079136690647482,0.0071942446043165,0.0,0.0976563572315262,,,,,,,,,,
220,2024-09-08 11:41:43,physical_therapist_interview.txt,2,0,0.0648148148148148,0.0,0.0092592592592592,0.0464390040542306,,,,,,,,,,
220,2024-09-08 11:41:43,physical_therapist_interview.txt,3,0,0.0602409638554216,0.0,0.0120481927710843,0.0820079849892669,,,,,,,,,,
220,2024-09-08 11:41:43,astronomer_interview.txt,1,0,0.0392156862745098,0.0,0.0,0.0357008884926808,,,,,,,,,,
220,2024-09-08 11:41:43,astronomer_interview.txt,2,0,0.0634920634920634,0.0158730158730158,0.0079365079365079,0.0,,,,,,,,,,
220,2024-09-08 11:41:43,astronomer_interview.txt,3,0,0.088235294117647,0.0,0.0098039215686274,0.0315139499500514,,,,,,,,,,
220,2024-09-08 11:41:43,ai_professor_interview.txt,1,0,0.0606060606060606,0.0,0.0101010101010101,0.0211330472249737,,,,,,,,,,
220,2024-09-08 11:41:43,ai_professor_interview.txt,2,0,0.0789473684210526,0.0,0.0175438596491228,0.0811136402882951,,,,,,,,,,
220,2024-09-08 11:41:43,ai_professor_interview.txt,3,0,0.0581395348837209,0.0,0.0116279069767441,0.0,,,,,,,,,,
220,2024-09-08 11:41:43,game_developer_interview.txt,1,0,0.0439560439560439,0.0,0.0219780219780219,0.0605193719036507,,,,,,,,,,
220,2024-09-08 11:41:43,game_developer_interview.txt,2,0,0.0606060606060606,0.0,0.0202020202020202,0.0593816587862705,,,,,,,,,,
220,2024-09-08 11:41:43,game_developer_interview.txt,3,0,0.0519480519480519,0.0,0.0129870129870129,0.0775393919155081,,,,,,,,,,
220,2024-09-08 11:41:43,fire_protection_engineer_interview.txt,1,0,0.1007751937984496,0.0465116279069767,0.0077519379844961,0.0,,,,,,,,,,
220,2024-09-08 11:41:43,fire_protection_engineer_interview.txt,2,0,0.0625,0.0178571428571428,0.0089285714285714,0.0407611697271842,,,,,,,,,,
220,2024-09-08 11:41:43,fire_protection_engineer_interview.txt,3,0,0.0697674418604651,0.0077519379844961,0.0155038759689922,0.0576589288513933,,,,,,,,,,
220,2024-09-08 11:41:43,safety_engineer_interview.txt,1,0,0.0948275862068965,0.043103448275862,0.0258620689655172,0.0454675110134519,,,,,,,,,,
220,2024-09-08 11:41:43,safety_engineer_interview.txt,2,0,0.0769230769230769,0.0329670329670329,0.0,0.0741995996381659,,,,,,,,,,
220,2024-09-08 11:41:43,safety_engineer_interview.txt,3,0,0.0902255639097744,0.0300751879699248,0.0150375939849624,0.0413207430581339,,,,,,,,,,
220,2024-09-08 11:41:43,environmental_scientist_interview.txt,1,0,0.0673076923076923,0.0,0.0096153846153846,0.0534300314907251,,,,,,,,,,
220,2024-09-08 11:41:43,environmental_scientist_interview.txt,2,0,0.0495049504950495,0.0,0.0396039603960396,0.0877567755185532,,,,,,,,,,
220,2024-09-08 11:41:43,environmental_scientist_interview.txt,3,0,0.0449438202247191,0.0,0.0,0.1066267081851516,,,,,,,,,,
220,2024-09-08 11:41:43,operations_manager_interview.txt,1,0,0.0990990990990991,0.0,0.036036036036036,0.0,,,,,,,,,,
220,2024-09-08 11:41:43,operations_manager_interview.txt,2,0,0.0816326530612244,0.0,0.0,0.047230742864624,,,,,,,,,,
220,2024-09-08 11:41:43,operations_manager_interview.txt,3,0,0.0677966101694915,0.0,0.0169491525423728,0.0929592690651228,,,,,,,,,,
220,2024-09-08 11:41:43,backend_developer_interview.txt,1,0,0.0578512396694214,0.0,0.0,0.1284026295844632,,,,,,,,,,
220,2024-09-08 11:41:43,backend_developer_interview.txt,2,0,0.0576923076923076,0.0,0.0096153846153846,0.0870056695430988,,,,,,,,,,
220,2024-09-08 11:41:43,backend_developer_interview.txt,3,0,0.042016806722689,0.0,0.0084033613445378,0.0437544042466496,,,,,,,,,,
220,2024-09-08 11:41:43,digital_marketing_specialist_interview.txt,1,0,0.0666666666666666,0.0,0.0111111111111111,0.1233454514559801,,,,,,,,,,
220,2024-09-08 11:41:43,digital_marketing_specialist_interview.txt,2,0,0.0353982300884955,0.0,0.0088495575221238,0.0,,,,,,,,,,
220,2024-09-08 11:41:43,digital_marketing_specialist_interview.txt,3,0,0.0679611650485436,0.0,0.0097087378640776,0.1264080048769068,,,,,,,,,,
220,2024-09-08 11:41:43,mechanical_engineer_interview.txt,1,0,0.0727272727272727,0.0,0.0,0.0662024475332696,,,,,,,,,,
220,2024-09-08 11:41:43,mechanical_engineer_interview.txt,2,0,0.0784313725490196,0.0,0.0,0.0445948178221984,,,,,,,,,,
220,2024-09-08 11:41:43,mechanical_engineer_interview.txt,3,0,0.0614035087719298,0.0,0.0087719298245614,0.0411470391941935,,,,,,,,,,
220,2024-09-08 11:41:43,software_quality_assurance_tester_interview.txt,1,0,0.045045045045045,0.0,0.0,0.0413513341749755,,,,,,,,,,
220,2024-09-08 11:41:43,software_quality_assurance_tester_interview.txt,2,0,0.0619469026548672,0.0088495575221238,0.0265486725663716,0.0458783496403244,,,,,,,,,,
220,2024-09-08 11:41:43,software_quality_assurance_tester_interview.txt,3,0,0.08130081300813,0.008130081300813,0.008130081300813,0.0444009606557039,,,,,,,,,,
220,2024-09-08 11:41:43,cybersecurity_specialist_interview.txt,1,0,0.0769230769230769,0.023076923076923,0.0,0.0,,,,,,,,,,
220,2024-09-08 11:41:43,cybersecurity_specialist_interview.txt,2,0,0.056,0.008,0.024,0.0433073475931765,,,,,,,,,,
220,2024-09-08 11:41:43,cybersecurity_specialist_interview.txt,3,0,0.099009900990099,0.0297029702970297,0.0,0.110208443279443,,,,,,,,,,
220,2024-09-08 11:41:43,product_manager_interview.txt,1,0,0.0608695652173913,0.0,0.008695652173913,0.0737688480628956,,,,,,,,,,
220,2024-09-08 11:41:43,product_manager_interview.txt,2,0,0.0353982300884955,0.0,0.0265486725663716,0.0829660006858995,,,,,,,,,,
220,2024-09-08 11:41:43,product_manager_interview.txt,3,0,0.110091743119266,0.0,0.0,0.0,,,,,,,,,,
220,2024-09-08 11:41:43,microbiologist_interview.txt,1,0,0.0823529411764705,0.0,0.0,0.1101574773451147,,,,,,,,,,
220,2024-09-08 11:41:43,microbiologist_interview.txt,2,0,0.087719298245614,0.0,0.0,0.0780188264815857,,,,,,,,,,
220,2024-09-08 11:41:43,microbiologist_interview.txt,3,0,0.0522388059701492,0.0,0.0074626865671641,0.0568260682794716,,,,,,,,,,
220,2024-09-08 11:41:43,it_manager_interview.txt,1,0,0.0310077519379844,0.0,0.0077519379844961,0.0830915813122366,,,,,,,,,,
220,2024-09-08 11:41:43,it_manager_interview.txt,2,0,0.0575539568345323,0.0,0.0,0.1798682693699755,,,,,,,,,,
220,2024-09-08 11:41:43,it_manager_interview.txt,3,0,0.053030303030303,0.0,0.0075757575757575,0.0382738723689206,,,,,,,,,,
220,2024-09-08 11:41:43,industrial_engineer_interview.txt,1,0,0.0671641791044776,0.0,0.0373134328358208,0.1047357166686011,,,,,,,,,,
220,2024-09-08 11:41:43,industrial_engineer_interview.txt,2,0,0.072,0.0,0.016,0.0643330291584199,,,,,,,,,,
220,2024-09-08 11:41:43,industrial_engineer_interview.txt,3,0,0.0967741935483871,0.0,0.0161290322580645,0.0,,,,,,,,,,
220,2024-09-08 11:41:43,barista_interview.txt,1,0,0.0875,0.0,0.0,0.0681953019972214,,,,,,,,,,
220,2024-09-08 11:41:43,barista_interview.txt,2,0,0.0504201680672268,0.0,0.0168067226890756,0.1017040566415273,,,,,,,,,,
220,2024-09-08 11:41:43,barista_interview.txt,3,0,0.0692307692307692,0.0,0.0076923076923076,0.0932079290911632,,,,,,,,,,
220,2024-09-08 11:41:43,petroleum_engineer_interview.txt,1,0,0.1308411214953271,0.0,0.0,0.0843069329113059,,,,,,,,,,
220,2024-09-08 11:41:43,petroleum_engineer_interview.txt,2,0,0.0471698113207547,0.0,0.0094339622641509,0.0564175341466152,,,,,,,,,,
220,2024-09-08 11:41:43,petroleum_engineer_interview.txt,3,0,0.079646017699115,0.0088495575221238,0.0,0.0720336357130974,,,,,,,,,,
220,2024-09-08 11:41:43,business_analyst_interview.txt,1,0,0.0542635658914728,0.0,0.0077519379844961,0.0,,,,,,,,,,
220,2024-09-08 11:41:43,business_analyst_interview.txt,2,0,0.0555555555555555,0.0,0.0092592592592592,0.0806541259927466,,,,,,,,,,
220,2024-09-08 11:41:43,business_analyst_interview.txt,3,0,0.0659340659340659,0.0,0.0109890109890109,0.0,,,,,,,,,,
220,2024-09-08 11:41:43,data_engineer_interview.txt,1,0,0.1240310077519379,0.0,0.0077519379844961,0.15220760143159,,,,,,,,,,
220,2024-09-08 11:41:43,data_engineer_interview.txt,2,0,0.0818181818181818,0.0,0.009090909090909,0.0452239103227598,,,,,,,,,,
220,2024-09-08 11:41:43,data_engineer_interview.txt,3,0,0.1538461538461538,0.0076923076923076,0.0,0.0,,,,,,,,,,
220,2024-09-08 11:41:43,aerospace_engineer_interview.txt,1,0,0.0588235294117647,0.0,0.0117647058823529,0.0598364515055597,,,,,,,,,,
220,2024-09-08 11:41:43,aerospace_engineer_interview.txt,2,0,0.0444444444444444,0.0,0.0111111111111111,0.0372874438364637,,,,,,,,,,
220,2024-09-08 11:41:43,aerospace_engineer_interview.txt,3,0,0.0612244897959183,0.0,0.0306122448979591,0.047097992667724,,,,,,,,,,
220,2024-09-08 11:41:43,bartender_interview.txt,1,0,0.0636363636363636,0.0,0.009090909090909,0.0802144581933062,,,,,,,,,,
220,2024-09-08 11:41:43,bartender_interview.txt,2,0,0.072072072072072,0.0,0.0,0.0542195723652842,,,,,,,,,,
220,2024-09-08 11:41:43,bartender_interview.txt,3,0,0.0588235294117647,0.0,0.0,0.0973387164224358,,,,,,,,,,
220,2024-09-08 11:41:43,natural_language_processing_engineer_interview.txt,1,0,0.05,0.0,0.025,0.0164392722606681,,,,,,,,,,
220,2024-09-08 11:41:43,natural_language_processing_engineer_interview.txt,2,0,0.0381679389312977,0.0,0.0229007633587786,0.0706681390294403,,,,,,,,,,
220,2024-09-08 11:41:43,natural_language_processing_engineer_interview.txt,3,0,0.1185185185185185,0.0074074074074074,0.0,0.0796851750714229,,,,,,,,,,
220,2024-09-08 11:41:43,cto_of_a_fintec_interview.txt,1,0,0.0714285714285714,0.0,0.0158730158730158,0.0542815808204184,,,,,,,,,,
220,2024-09-08 11:41:43,cto_of_a_fintec_interview.txt,2,0,0.056,0.008,0.008,0.0907334966492485,,,,,,,,,,
220,2024-09-08 11:41:43,cto_of_a_fintec_interview.txt,3,0,0.073170731707317,0.0,0.0,0.0552888252461915,,,,,,,,,,
220,2024-09-08 11:41:43,database_administrator_interview.txt,1,0,0.0660377358490566,0.0,0.0,0.0548225848771237,,,,,,,,,,
220,2024-09-08 11:41:43,database_administrator_interview.txt,2,0,0.0338983050847457,0.0,0.0,0.024114343310107,,,,,,,,,,
220,2024-09-08 11:41:43,database_administrator_interview.txt,3,0,0.0935251798561151,0.0287769784172661,0.0287769784172661,0.104152812248344,,,,,,,,,,
220,2024-09-08 11:41:43,nuclear_engineer_interview.txt,1,0,0.0892857142857142,0.0,0.0089285714285714,0.0449991497095448,,,,,,,,,,
220,2024-09-08 11:41:43,nuclear_engineer_interview.txt,2,0,0.0421052631578947,0.0,0.0,0.0757479536132003,,,,,,,,,,
220,2024-09-08 11:41:43,nuclear_engineer_interview.txt,3,0,0.0660377358490566,0.0,0.0283018867924528,0.1100773347441114,,,,,,,,,,
220,2024-09-08 11:41:43,pharmacist_interview.txt,1,0,0.0654205607476635,0.0,0.0093457943925233,0.0,,,,,,,,,,
220,2024-09-08 11:41:43,pharmacist_interview.txt,2,0,0.0441176470588235,0.0,0.0,0.0690132425340739,,,,,,,,,,
220,2024-09-08 11:41:43,pharmacist_interview.txt,3,0,0.0842105263157894,0.0421052631578947,0.0,0.0934611119352368,,,,,,,,,,
220,2024-09-08 11:41:43,chef_interview.txt,1,0,0.0588235294117647,0.0,0.0,0.0332256967857307,,,,,,,,,,
220,2024-09-08 11:41:43,chef_interview.txt,2,0,0.0642857142857142,0.0,0.0142857142857142,0.0765835105514407,,,,,,,,,,
220,2024-09-08 11:41:43,chef_interview.txt,3,0,0.0543478260869565,0.0,0.0,0.0449413215361284,,,,,,,,,,
220,2024-09-08 11:41:43,hotel_manager_interview.txt,1,0,0.040650406504065,0.0,0.008130081300813,0.1413053520565927,,,,,,,,,,
220,2024-09-08 11:41:43,hotel_manager_interview.txt,2,0,0.0948275862068965,0.0,0.0,0.1099607806113364,,,,,,,,,,
220,2024-09-08 11:41:43,hotel_manager_interview.txt,3,0,0.0873015873015873,0.0079365079365079,0.0,0.0983426079695328,,,,,,,,,,
220,2024-09-08 11:41:43,mobile_app_developer_interview.txt,1,0,0.0526315789473684,0.0,0.0,0.1013216232627603,,,,,,,,,,
220,2024-09-08 11:41:43,mobile_app_developer_interview.txt,2,0,0.024390243902439,0.0,0.016260162601626,0.0251933432248417,,,,,,,,,,
220,2024-09-08 11:41:43,mobile_app_developer_interview.txt,3,0,0.0465116279069767,0.0,0.0387596899224806,0.0713877057334111,,,,,,,,,,
220,2024-09-08 11:41:43,graphic_designer_interview.txt,1,0,0.0701754385964912,0.0,0.0087719298245614,0.0907194463199692,,,,,,,,,,
220,2024-09-08 11:41:43,graphic_designer_interview.txt,2,0,0.0338983050847457,0.0,0.0169491525423728,0.1235217831475955,,,,,,,,,,
220,2024-09-08 11:41:43,graphic_designer_interview.txt,3,0,0.0827067669172932,0.0,0.0,0.1745280411231842,,,,,,,,,,
220,2024-09-08 11:41:43,geotechnical_engineer_interview.txt,1,0,0.0512820512820512,0.0,0.0256410256410256,0.0319974506476605,,,,,,,,,,
220,2024-09-08 11:41:43,geotechnical_engineer_interview.txt,2,0,0.0806451612903225,0.0,0.0161290322580645,0.0214325208060958,,,,,,,,,,
220,2024-09-08 11:41:43,geotechnical_engineer_interview.txt,3,0,0.058252427184466,0.0,0.0097087378640776,0.0773230010696247,,,,,,,,,,
220,2024-09-08 11:41:43,gardener_interview.txt,1,0,0.048076923076923,0.0,0.0,0.0456965816968714,,,,,,,,,,
220,2024-09-08 11:41:43,gardener_interview.txt,2,0,0.0598290598290598,0.0,0.0085470085470085,0.1140851410160635,,,,,,,,,,
220,2024-09-08 11:41:43,gardener_interview.txt,3,0,0.0606060606060606,0.0,0.0075757575757575,0.0,,,,,,,,,,
220,2024-09-08 11:41:43,ai_software_developer_interview.txt,1,0,0.09,0.0,0.0,0.0111499229117319,,,,,,,,,,
220,2024-09-08 11:41:43,ai_software_developer_interview.txt,2,0,0.0542635658914728,0.0,0.0077519379844961,0.1105557259653508,,,,,,,,,,
220,2024-09-08 11:41:43,ai_software_developer_interview.txt,3,0,0.089430894308943,0.0,0.008130081300813,0.0,,,,,,,,,,
220,2024-09-08 11:41:43,supply_chain_manager_interview.txt,1,0,0.0485436893203883,0.0,0.0097087378640776,0.110396931184179,,,,,,,,,,
220,2024-09-08 11:41:43,supply_chain_manager_interview.txt,2,0,0.0446428571428571,0.0,0.0,0.0139712343151882,,,,,,,,,,
220,2024-09-08 11:41:43,supply_chain_manager_interview.txt,3,0,0.0588235294117647,0.0073529411764705,0.0,0.028340865949965,,,,,,,,,,
220,2024-09-08 11:41:43,cloud_architect_interview.txt,1,0,0.0285714285714285,0.0,0.0380952380952381,0.0391645933980824,,,,,,,,,,
220,2024-09-08 11:41:43,cloud_architect_interview.txt,2,0,0.0708661417322834,0.0,0.0157480314960629,0.0392796140007774,,,,,,,,,,
220,2024-09-08 11:41:43,cloud_architect_interview.txt,3,0,0.0546875,0.0,0.0078125,0.0877736868278276,,,,,,,,,,
220,2024-09-08 11:41:43,mining_engineer_interview.txt,1,0,0.043103448275862,0.0,0.0,0.0623291883426047,,,,,,,,,,
220,2024-09-08 11:41:43,mining_engineer_interview.txt,2,0,0.0526315789473684,0.0,0.0,0.0706375811030402,,,,,,,,,,
220,2024-09-08 11:41:43,mining_engineer_interview.txt,3,0,0.0444444444444444,0.0,0.0222222222222222,0.0358635620371859,,,,,,,,,,
220,2024-09-08 11:41:43,devops_engineer_interview.txt,1,0,0.0977443609022556,0.0601503759398496,0.0,0.07311065388755,,,,,,,,,,
220,2024-09-08 11:41:43,devops_engineer_interview.txt,2,0,0.0614035087719298,0.0,0.0263157894736842,0.148397515332583,,,,,,,,,,
220,2024-09-08 11:41:43,devops_engineer_interview.txt,3,0,0.0842105263157894,0.0,0.0105263157894736,0.0,,,,,,,,,,
220,2024-09-08 11:41:43,system_administrator_interview.txt,1,0,0.0408163265306122,0.0,0.0204081632653061,0.0332782663987651,,,,,,,,,,
220,2024-09-08 11:41:43,system_administrator_interview.txt,2,0,0.0560747663551401,0.0,0.0186915887850467,0.0204433907247207,,,,,,,,,,
220,2024-09-08 11:41:43,system_administrator_interview.txt,3,0,0.0921052631578947,0.0,0.0,0.1253139835189771,,,,,,,,,,
220,2024-09-08 11:41:43,content_writer_interview.txt,1,0,0.0769230769230769,0.0,0.0109890109890109,0.055124321075318,,,,,,,,,,
220,2024-09-08 11:41:43,content_writer_interview.txt,2,0,0.0454545454545454,0.0,0.0113636363636363,0.1019393483798434,,,,,,,,,,
220,2024-09-08 11:41:43,content_writer_interview.txt,3,0,0.0518518518518518,0.0,0.0222222222222222,0.0877565421919958,,,,,,,,,,
220,2024-09-08 11:41:43,transportation_engineer_interview.txt,1,0,0.0656934306569343,0.0,0.0145985401459854,0.1117562157628961,,,,,,,,,,
220,2024-09-08 11:41:43,transportation_engineer_interview.txt,2,0,0.0241935483870967,0.0080645161290322,0.0161290322580645,0.0349067186143281,,,,,,,,,,
220,2024-09-08 11:41:43,transportation_engineer_interview.txt,3,0,0.0763358778625954,0.0,0.0076335877862595,0.1166303786213575,,,,,,,,,,
220,2024-09-08 11:41:43,lorry_driver_interview.txt,1,0,0.0454545454545454,0.0,0.0,0.0916819840397446,,,,,,,,,,
220,2024-09-08 11:41:43,lorry_driver_interview.txt,2,0,0.0458015267175572,0.0,0.0076335877862595,0.0567176989464362,,,,,,,,,,
220,2024-09-08 11:41:43,lorry_driver_interview.txt,3,0,0.0413223140495867,0.0,0.0,0.1123148981401632,,,,,,,,,,
220,2024-09-08 11:41:43,dentist_interview.txt,1,0,0.0592592592592592,0.0,0.0074074074074074,0.0704318199356172,,,,,,,,,,
220,2024-09-08 11:41:43,dentist_interview.txt,2,0,0.0526315789473684,0.0,0.0087719298245614,0.0940702620980976,,,,,,,,,,
220,2024-09-08 11:41:43,dentist_interview.txt,3,0,0.0555555555555555,0.0,0.0,0.1371066698362683,,,,,,,,,,
220,2024-09-08 11:41:43,physicist_interview.txt,1,0,0.0608695652173913,0.0,0.008695652173913,0.1139810973689073,,,,,,,,,,
220,2024-09-08 11:41:43,physicist_interview.txt,2,0,0.0508474576271186,0.0,0.0423728813559322,0.1136156482515152,,,,,,,,,,
220,2024-09-08 11:41:43,physicist_interview.txt,3,0,0.0503597122302158,0.0,0.0071942446043165,0.062641834791487,,,,,,,,,,
220,2024-09-08 11:41:43,architect_interview.txt,1,0,0.0459770114942528,0.0,0.0229885057471264,0.0,,,,,,,,,,
220,2024-09-08 11:41:43,architect_interview.txt,2,0,0.0687022900763358,0.0,0.0229007633587786,0.0876209078759001,,,,,,,,,,
220,2024-09-08 11:41:43,architect_interview.txt,3,0,0.0606060606060606,0.0378787878787878,0.0227272727272727,0.0480218505844039,,,,,,,,,,
220,2024-09-08 11:41:43,materials_engineer_interview.txt,1,0,0.0454545454545454,0.0,0.0181818181818181,0.0329382443745014,,,,,,,,,,
220,2024-09-08 11:41:43,materials_engineer_interview.txt,2,0,0.057471264367816,0.0,0.0114942528735632,0.0418562922438496,,,,,,,,,,
220,2024-09-08 11:41:43,materials_engineer_interview.txt,3,0,0.059322033898305,0.0,0.0,0.0236745237289426,,,,,,,,,,
220,2024-09-08 11:41:43,computer_vision_engineer_interview.txt,1,0,0.0825688073394495,0.0,0.018348623853211,0.0651242189442417,,,,,,,,,,
220,2024-09-08 11:41:43,computer_vision_engineer_interview.txt,2,0,0.08,0.0,0.0,0.0806504300442508,,,,,,,,,,
220,2024-09-08 11:41:43,computer_vision_engineer_interview.txt,3,0,0.0564516129032258,0.0,0.0,0.0739659279494996,,,,,,,,,,
220,2024-09-08 11:41:43,data_scientist_interview.txt,1,0,0.0847457627118644,0.0,0.0084745762711864,0.0,,,,,,,,,,
220,2024-09-08 11:41:43,data_scientist_interview.txt,2,0,0.089430894308943,0.016260162601626,0.0,0.0524078414472835,,,,,,,,,,
220,2024-09-08 11:41:43,data_scientist_interview.txt,3,0,0.104,0.0,0.008,0.0,,,,,,,,,,
220,2024-09-08 11:41:43,structural_engineer_interview.txt,1,0,0.0827067669172932,0.0,0.0075187969924812,0.1294579871455792,,,,,,,,,,
220,2024-09-08 11:41:43,structural_engineer_interview.txt,2,0,0.056,0.0,0.016,0.0444434820554314,,,,,,,,,,
220,2024-09-08 11:41:43,structural_engineer_interview.txt,3,0,0.0747663551401869,0.0,0.0093457943925233,0.0492461992698414,,,,,,,,,,
220,2024-09-08 11:41:43,ai_ethicist_interview.txt,1,0,0.0671641791044776,0.0597014925373134,0.0,0.0,,,,,,,,,,
220,2024-09-08 11:41:43,ai_ethicist_interview.txt,2,0,0.0869565217391304,0.0608695652173913,0.0260869565217391,0.0463364020063631,,,,,,,,,,
220,2024-09-08 11:41:43,ai_ethicist_interview.txt,3,0,0.0962962962962963,0.0518518518518518,0.0,0.0627334709480612,,,,,,,,,,
220,2024-09-08 11:41:43,sales_manager_interview.txt,1,0,0.0454545454545454,0.0,0.0227272727272727,0.0927529785536527,,,,,,,,,,
220,2024-09-08 11:41:43,sales_manager_interview.txt,2,0,0.0727272727272727,0.0,0.0,0.1185601973267088,,,,,,,,,,
220,2024-09-08 11:41:43,sales_manager_interview.txt,3,0,0.0444444444444444,0.0,0.0,0.106219738259975,,,,,,,,,,
220,2024-09-08 11:41:43,frontend_developer_interview.txt,1,0,0.0338983050847457,0.0,0.0,0.0463880667322203,,,,,,,,,,
220,2024-09-08 11:41:43,frontend_developer_interview.txt,2,0,0.048076923076923,0.0,0.0192307692307692,0.0316033064174671,,,,,,,,,,
220,2024-09-08 11:41:43,frontend_developer_interview.txt,3,0,0.0677966101694915,0.0,0.0084745762711864,0.1521935579294296,,,,,,,,,,
220,2024-09-08 11:41:43,public_relations_specialist_interview.txt,1,0,0.0707070707070707,0.0,0.0,0.0612498751422564,,,,,,,,,,
220,2024-09-08 11:41:43,public_relations_specialist_interview.txt,2,0,0.1025641025641025,0.0341880341880341,0.0,0.0,,,,,,,,,,
220,2024-09-08 11:41:43,public_relations_specialist_interview.txt,3,0,0.0517241379310344,0.0,0.0086206896551724,0.1004132052736,,,,,,,,,,
220,2024-09-08 11:41:43,logistics_coordinator_interview.txt,1,0,0.0603448275862069,0.0,0.0344827586206896,0.0536258473420191,,,,,,,,,,
220,2024-09-08 11:41:43,logistics_coordinator_interview.txt,2,0,0.053763440860215,0.0,0.0,0.0355816989033996,,,,,,,,,,
220,2024-09-08 11:41:43,logistics_coordinator_interview.txt,3,0,0.054054054054054,0.0,0.0,0.041870378325629,,,,,,,,,,
220,2024-09-08 11:41:43,nurse_interview.txt,1,0,0.0652173913043478,0.0,0.0217391304347826,0.0792010942258981,,,,,,,,,,
220,2024-09-08 11:41:43,nurse_interview.txt,2,0,0.0514705882352941,0.0,0.0147058823529411,0.1370661560765469,,,,,,,,,,
220,2024-09-08 11:41:43,nurse_interview.txt,3,0,0.054054054054054,0.0,0.036036036036036,0.1152664333805689,,,,,,,,,,
220,2024-09-08 11:41:43,chemist_interview.txt,1,0,0.0727272727272727,0.0,0.0181818181818181,0.0527446151325422,,,,,,,,,,
220,2024-09-08 11:41:43,chemist_interview.txt,2,0,0.1075268817204301,0.0,0.0,0.1152384730306447,,,,,,,,,,
220,2024-09-08 11:41:43,chemist_interview.txt,3,0,0.0697674418604651,0.0,0.0077519379844961,0.0643850449549886,,,,,,,,,,
220,2024-09-08 11:41:43,manufacturing_engineer_interview.txt,1,0,0.0687022900763358,0.015267175572519,0.0229007633587786,0.0482168090314157,,,,,,,,,,
220,2024-09-08 11:41:43,manufacturing_engineer_interview.txt,2,0,0.0446428571428571,0.0,0.0089285714285714,0.0834938300109287,,,,,,,,,,
220,2024-09-08 11:41:43,manufacturing_engineer_interview.txt,3,0,0.0602409638554216,0.0,0.0,0.0635358168333495,,,,,,,,,,
220,2024-09-08 11:41:43,veterinarian_interview.txt,1,0,0.048076923076923,0.0,0.0096153846153846,0.0969298964109895,,,,,,,,,,
220,2024-09-08 11:41:43,veterinarian_interview.txt,2,0,0.05,0.0142857142857142,0.0,0.0695811870523281,,,,,,,,,,
220,2024-09-08 11:41:43,veterinarian_interview.txt,3,0,0.032520325203252,0.0,0.016260162601626,0.0394390204432756,,,,,,,,,,
220,2024-09-08 11:41:43,event_planner_interview.txt,1,0,0.0373134328358208,0.0,0.0,0.099059528098622,,,,,,,,,,
220,2024-09-08 11:41:43,event_planner_interview.txt,2,0,0.078125,0.0,0.0078125,0.0271201838699979,,,,,,,,,,
220,2024-09-08 11:41:43,event_planner_interview.txt,3,0,0.048076923076923,0.0,0.0,0.1572289573335409,,,,,,,,,,
220,2024-09-08 11:41:43,seo_specialist_interview.txt,1,0,0.0306122448979591,0.0,0.0,0.0418630458366323,,,,,,,,,,
220,2024-09-08 11:41:43,seo_specialist_interview.txt,2,0,0.0561797752808988,0.0,0.0,0.0469111864526693,,,,,,,,,,
220,2024-09-08 11:41:43,seo_specialist_interview.txt,3,0,0.0648148148148148,0.0,0.0092592592592592,0.1552382553045406,,,,,,,,,,
220,2024-09-08 11:41:43,procurement_specialist_interview.txt,1,0,0.1349206349206349,0.0079365079365079,0.0,0.0,,,,,,,,,,
220,2024-09-08 11:41:43,procurement_specialist_interview.txt,2,0,0.0467289719626168,0.0,0.0,0.0290324715415137,,,,,,,,,,
220,2024-09-08 11:41:43,procurement_specialist_interview.txt,3,0,0.0614035087719298,0.0,0.0087719298245614,0.0990984254553111,,,,,,,,,,
220,2024-09-08 11:41:43,aerospace_engineer_interview.txt,-999,0,0.0548308212173758,0.0,0.0178293539638077,0.0480739626699158,0.0090746222810393,-25.669764710767254,0.0,0.0,0.011075130789614,1.5910790693874617,0.0113061410215475,-49.35193438837489,76.0,76.0
220,2024-09-08 11:41:43,agricultural_engineer_interview.txt,-999,0,0.0456377917911273,0.0,0.0109669211195928,0.011394722776523,0.0069730377729906,-38.13209930839952,0.0,0.0,0.0114809600183229,-37.51084010840108,0.0098783166486343,-87.99515091413978,94.0,100.0
220,2024-09-08 11:41:43,ai_ethicist_interview.txt,-999,0,0.0834723323799681,0.0574743032021855,0.008695652173913,0.0363566243181414,0.014875306539273,13.157490042805776,0.0049040868504378,0.0,0.0150613113701641,-50.45245669848003,0.0325356583816519,-61.69667338376586,11.0,91.0
220,2024-09-08 11:41:43,ai_professor_interview.txt,-999,0,0.0658976546369447,0.0,0.0130909255756256,0.0340822291710896,0.0113684743774216,-10.66724762786393,0.0,0.0,0.0039311982797189,-25.408331791241707,0.0420786958568103,-64.09285019626586,42.0,92.0
220,2024-09-08 11:41:43,ai_software_developer_interview.txt,-999,0,0.0778981534001386,0.0,0.0052940064284363,0.0405685496256942,0.0204701310535737,5.600972997904805,0.0,0.0,0.0045886409905508,-69.8349235335802,0.0608665247425301,-57.25922205916984,17.0,88.0
220,2024-09-08 11:41:43,architect_interview.txt,-999,0,0.0584284540588831,0.0126262626262626,0.0228721806110592,0.0452142528201013,0.0115180748983522,-20.792710352355343,0.0218693283783949,0.0,0.0001329413508501,30.324941311064123,0.0438778740158845,-52.36476636767525,62.0,78.0
220,2024-09-08 11:41:43,astronomer_interview.txt,-999,0,0.0636476812947401,0.0052910052910052,0.0059134765017117,0.0224049461475774,0.0245101744373458,-13.717376081303383,0.0091642899871369,0.0,0.0052056422918386,-66.30520320142512,0.0195158607931298,-76.39538911533178,49.0,97.0
220,2024-09-08 11:41:43,backend_developer_interview.txt,-999,0,0.0525201180281394,0.0,0.0060062486533074,0.0863875677914038,0.0090964815246191,-28.80222028823532,0.0,0.0,0.0052367468209077,-65.77659049861344,0.0423274975700418,-8.986841139563666,83.0,16.0
220,2024-09-08 11:41:43,barista_interview.txt,-999,0,0.0690503124326653,0.0,0.0081663434604611,0.087702429243304,0.0185405746278981,-6.393414215569763,0.0,0.0,0.0084133830483931,-53.46844053443765,0.0174195882811321,-7.601575906837013,33.0,14.0
220,2024-09-08 11:41:43,bartender_interview.txt,-999,0,0.0648439883734001,0.0,0.003030303030303,0.0772575823270087,0.0067063208083585,-12.095627862679308,0.0,0.0,0.0052486388108147,-82.73343187977335,0.0217111142556495,-18.605688373125343,44.0,27.0
220,2024-09-08 11:41:43,biologist_interview.txt,-999,0,0.0680868838763575,0.01,0.0063492063492063,0.0489864703554579,0.0312272387653812,-7.699465623970511,0.0173205080756887,0.0,0.0109971479845643,-63.822428700477474,0.0437409249891785,-48.3905668088853,36.0,74.0
220,2024-09-08 11:41:43,biomedical_engineer_interview.txt,-999,0,0.0856556387346051,0.0,0.0033003300330033,0.0789197619677442,0.0227655924444408,16.117242814066884,0.0,0.0,0.0057163392989071,-81.19482679975314,0.0318817554345985,-16.854507924775135,8.0,25.0
220,2024-09-08 11:41:43,business_analyst_interview.txt,-999,0,0.0585843957936981,0.0,0.0093334027442554,0.0268847086642488,0.0063976986254578,-20.581311259967933,0.0,0.0,0.0016198096651814,-46.81857468852488,0.0465656813531662,-71.67575933513768,61.0,95.0
220,2024-09-08 11:41:43,business_intelligence_analyst_interview.txt,-999,0,0.0719487795118047,0.0,0.0128851540616246,0.1003877971033804,0.0093548488258834,-2.4641690358121764,0.0,0.0,0.0111623859076589,-26.580811186263105,0.0562029429299538,5.763025386719647,30.0,8.0
220,2024-09-08 11:41:43,chef_interview.txt,-999,0,0.0591523565948118,0.0,0.0047619047619047,0.0515835096244333,0.0049770976432038,-19.811367293335067,0.0,0.0,0.0082478609884232,-72.86682152535812,0.0224290882691609,-45.654470011661154,59.0,69.0
220,2024-09-08 11:41:43,chemical_engineer_interview.txt,-999,0,0.0744125939849624,0.0,0.0156272377372001,0.0708178587504109,0.0034071169264032,0.8758485935570519,0.0,0.0,0.0054242753193317,-10.95650757628681,0.0689536349550145,-25.390224619236847,25.0,39.0
220,2024-09-08 11:41:43,chemist_interview.txt,-999,0,0.0833405321027226,0.0,0.0086445853887714,0.0774560443727252,0.0209982089846374,12.978817803336623,0.0,0.0,0.0091237186848588,-50.74343357950845,0.0332341516828835,-18.396599748959304,12.0,26.0
220,2024-09-08 11:41:43,civil_engineer_interview.txt,-999,0,0.0748457883658269,0.0,0.011100938334159,0.0633969770053524,0.012732133342275,1.463099332114922,0.0,0.0,0.0034094988331135,-36.74721437808669,0.017188509235205,-33.20845479303192,23.0,52.0
220,2024-09-08 11:41:43,cloud_architect_interview.txt,-999,0,0.0513750234345706,0.0,0.0205519231971003,0.0554059647422291,0.0213410418229086,-30.354543391895504,0.0,0.0,0.0157025185318364,17.10419002185195,0.0280313285841514,-41.62734291725233,85.0,62.0
220,2024-09-08 11:41:43,computer_vision_engineer_interview.txt,-999,0,0.0730068067475584,0.0,0.0061162079510703,0.0732468589793307,0.01439463529251,-1.0298769418781577,0.0,0.0,0.0105935829209105,-65.1500459958728,0.0077880423033267,-22.831164451684472,29.0,36.0
220,2024-09-08 11:41:43,construction_manager_interview.txt,-999,0,0.0845533482626598,0.0,0.0189321197235666,0.076807083260755,0.0285329359907958,14.622946206471797,0.0,0.0,0.0084526221862361,7.874602506192673,0.0695745010677526,-19.0803092489258,10.0,29.0
220,2024-09-08 11:41:43,content_writer_interview.txt,-999,0,0.0580764914098247,0.0,0.0148582898582898,0.0816067372157191,0.0166320991283872,-21.269841023329874,0.0,0.0,0.0063801027372806,-15.337947583882524,0.0240057653765828,-14.02365955908776,65.0,22.0
220,2024-09-08 11:41:43,cto_of_a_fintec_interview.txt,-999,0,0.0668664343786295,0.0026666666666666,0.0079576719576719,0.0667679675719528,0.0094508374067066,-9.353941998947818,0.004618802153517,0.0,0.007936592592141,-54.65744397126511,0.0207608663908648,-29.656965755907265,40.0,45.0
220,2024-09-08 11:41:43,customer_service_representative_interview.txt,-999,0,0.0581985266195792,0.0,0.0059542796384901,0.0671208891698068,0.0164720762626921,-21.104406589680565,0.0,0.0,0.005159023304182,-66.07270825499324,0.0489025078385463,-29.28514709875597,64.0,43.0
220,2024-09-08 11:41:43,cybersecurity_specialist_interview.txt,-999,0,0.0773109926377253,0.0202599644579842,0.008,0.0511719302908732,0.0215075743575556,4.805001012554371,0.0111223276261782,0.0,0.013856406460551,-54.41626016260162,0.0555235444498658,-46.08808721175909,20.0,70.0
220,2024-09-08 11:41:43,data_engineer_interview.txt,-999,0,0.1198984478054245,0.0025641025641025,0.0056142823584684,0.0658105039181166,0.0361913764231097,62.537777810389,0.0044411559168432,0.0,0.0049079869301384,-68.01000169973511,0.0781642140642681,-30.665696454751668,1.0,48.0
220,2024-09-08 11:41:43,data_scientist_interview.txt,-999,0,0.0927255523402691,0.005420054200542,0.0054915254237288,0.0174692804824278,0.0100410403865582,25.701420656309736,0.0093878092551158,0.0,0.0047617165254651,-68.70946672178586,0.0302576813672363,-81.5953332131787,2.0,99.0
220,2024-09-08 11:41:43,database_administrator_interview.txt,-999,0,0.0644870735966391,0.0095923261390887,0.0095923261390887,0.0610299134785249,0.0298436670638168,-12.579471780129891,0.0166143962356726,0.0,0.0166143962356726,-45.34323760503791,0.0403786741209838,-35.70226188018239,46.0,55.0
220,2024-09-08 11:41:43,dentist_interview.txt,-999,0,0.0558154645873944,0.0,0.0053931124106562,0.1005362506233277,0.0033214757424644,-24.334953891879323,0.0,0.0,0.0047201405129731,-69.27022086985002,0.033804447311336,5.919427796693483,74.0,6.0
220,2024-09-08 11:41:43,devops_engineer_interview.txt,-999,0,0.0811194653299916,0.0200501253132832,0.0122807017543859,0.073836056406711,0.0183665559347143,9.967875925306274,0.0347278357407293,0.0,0.0132453235706504,-30.024960775923542,0.0742014170742861,-22.210418661181293,14.0,35.0
220,2024-09-08 11:41:43,digital_marketing_specialist_interview.txt,-999,0,0.0566753539345686,0.0,0.0098898021657708,0.0832511521109623,0.018437893884227,-23.169263207715147,0.0,0.0,0.001141597288879,-43.64822887902008,0.0721138721343955,-12.291195063101242,69.0,19.0
220,2024-09-08 11:41:43,doctor_interview.txt,-999,0,0.0602297484650425,0.0,0.0097643097643097,0.0522903051616822,0.0089849186448038,-18.350823944996904,0.0,0.0,0.0091654259857348,-44.36328050149187,0.0202047210831162,-44.90982936303435,57.0,67.0
220,2024-09-08 11:41:43,electrical_engineer_interview.txt,-999,0,0.0882428940568475,0.0066666666666666,0.0034722222222222,0.039980860416496,0.0102279568387673,19.62460040211357,0.0115470053837925,0.0,0.0060140653040586,-80.21539069557362,0.0105493860274732,-57.87837887449393,4.0,90.0
220,2024-09-08 11:41:43,environmental_engineer_interview.txt,-999,0,0.0850391671820243,0.0,0.0146464646464646,0.0757482535843909,0.0057403325072782,15.28153628013058,0.0,0.0,0.0137481389786022,-16.54492075223783,0.0665124574639047,-20.19583357730795,9.0,31.0
220,2024-09-08 11:41:43,environmental_scientist_interview.txt,-999,0,0.0539188210091536,0.0,0.0164064483371414,0.08260450506481,0.0118172493974848,-26.906098374132185,0.0,0.0,0.0206568954496431,-6.516590918003615,0.0269700022423844,-12.97246659143272,82.0,20.0
220,2024-09-08 11:41:43,event_planner_interview.txt,-999,0,0.0545051186375813,0.0,0.0026041666666666,0.0944695564340536,0.021151531321009,-26.111296477991004,0.0,0.0,0.0045105489780439,-85.16154302168022,0.0651757172032501,-0.4721053384833027,77.0,12.0
220,2024-09-08 11:41:43,financial_analyst_interview.txt,-999,0,0.0676149780212825,0.0029498525073746,0.0116001867826685,0.1144640016456769,0.0109990487697447,-8.339194748271481,0.0051092944176073,0.0,0.0104294293817635,-33.902512954201285,0.0486399351293362,20.59293520954837,38.0,3.0
220,2024-09-08 11:41:43,fire_protection_engineer_interview.txt,-999,0,0.0776808785529715,0.0240402362495385,0.0107281284606865,0.0328066995261925,0.0203276775675911,5.306428977702481,0.0201060034230084,0.0,0.0041775518863019,-38.87147291323412,0.029641073128454,-65.43667761461074,18.0,94.0
220,2024-09-08 11:41:43,focus_group_interview.txt,-999,0,0.0588235294117647,0.0,0.0,0.0,0.0,-20.25713486242709,0.0,0.0,0.0,-100.0,0.0,-100.0,60.0,101.0
220,2024-09-08 11:41:43,frontend_developer_interview.txt,-999,0,0.0499239461103867,0.0,0.0092351151673185,0.0767283103597056,0.0170244645281205,-32.32166546912747,0.0,0.0,0.0096379165726401,-47.37861410556739,0.0657715742358427,-19.163300016467915,89.0,30.0
220,2024-09-08 11:41:43,full_stack_developer_interview.txt,-999,0,0.0856615145329056,0.0123456790123456,0.0101876154369592,0.0483128022847362,0.0734655887063416,16.12520821492147,0.0213833433033194,0.0,0.0040072722095984,-41.95129854477313,0.0514378645862778,-49.10030619277265,7.0,75.0
220,2024-09-08 11:41:43,game_developer_interview.txt,-999,0,0.0521700521700521,0.0,0.0183890183890183,0.0658134742018097,0.0083272280313069,-29.27677961491757,0.0,0.0,0.0047618055766234,4.7800287637686125,0.0101708631617814,-30.662567128292565,84.0,47.0
220,2024-09-08 11:41:43,gardener_interview.txt,-999,0,0.0561706811706811,0.0,0.0053742553742553,0.0532605742376449,0.0070201583039181,-23.853412094253,0.0,0.0,0.0046795082789833,-69.37766765002537,0.057417465439807,-43.88760758036767,72.0,66.0
220,2024-09-08 11:41:43,geneticist_interview.txt,-999,0,0.0611336032388664,0.0096153846153846,0.0101407364565259,0.0973580478295555,0.0279117427581266,-17.125532466336153,0.0166543346881622,0.0,0.008783849262908,-42.21841345076261,0.0114069685173857,2.571049283957322,55.0,9.0
220,2024-09-08 11:41:43,geologist_interview.txt,-999,0,0.0897087359987703,0.0,0.0084852734922861,0.0625965489539741,0.0186570725171784,21.61173781900534,0.0,0.0,0.0087032835354668,-51.651187584807126,0.0571174070875316,-34.05174147488816,3.0,53.0
220,2024-09-08 11:41:43,geotechnical_engineer_interview.txt,-999,0,0.0633932132522799,0.0,0.0171595985877226,0.0435843241744603,0.0153417345298937,-14.062340264762668,0.0,0.0,0.0080159839490695,-2.225165282882997,0.0296922241439828,-54.08196895306461,50.0,82.0
220,2024-09-08 11:41:43,graphic_designer_interview.txt,-999,0,0.06226017019951,0.0,0.0085736941223114,0.129589756863583,0.0253486704180317,-15.598325953748244,0.0,0.0,0.0084763150024872,-51.14736971039053,0.0422325155476891,36.5285935192658,54.0,1.0
220,2024-09-08 11:41:43,hotel_manager_interview.txt,-999,0,0.0742598600041829,0.0026455026455026,0.002710027100271,0.1165362468791539,0.029348878825487,0.6687980246263123,0.0045821449935684,0.0,0.0046939046275579,-84.55835371361843,0.0222233416108369,22.77613806447352,26.0,2.0
220,2024-09-08 11:41:43,human_resources_manager_interview.txt,-999,0,0.0639151864060417,0.0,0.0236426564141502,0.0579282148176675,0.0148051245436644,-13.354738473063108,0.0,0.0,0.007475764681373,34.71508738095281,0.0734851947736557,-38.97003987388016,48.0,58.0
220,2024-09-08 11:41:43,industrial_engineer_interview.txt,-999,0,0.0786461242176215,0.0,0.0231474883646284,0.056356248609007,0.0158844724236964,6.614943710336263,0.0,0.0,0.01226823742033,31.8936359378038,0.0528215330852058,-40.62617644456724,16.0,59.0
220,2024-09-08 11:41:43,it_manager_interview.txt,-999,0,0.0471973372676066,0.0,0.0051092318534179,0.1004112410170443,0.0142018613496248,-36.0179346900839,0.0,0.0,0.0044256013696548,-70.88776305310621,0.072368648424168,5.787724596260446,92.0,7.0
220,2024-09-08 11:41:43,logistics_coordinator_interview.txt,-999,0,0.0560541075001586,0.0,0.0114942528735632,0.0436926415236826,0.0037187125661607,-24.01144270853316,0.0,0.0,0.019908629972056,-34.50612092327819,0.0091590559333901,-53.96785179055914,73.0,81.0
220,2024-09-08 11:41:43,lorry_driver_interview.txt,-999,0,0.0441927954072298,0.0,0.0025445292620865,0.086904860375448,0.0024919563434483,-40.09097788841164,0.0,0.0,0.0044072539632795,-85.50135501355014,0.0281047651195438,-8.44185031122339,95.0,15.0
220,2024-09-08 11:41:43,machine_learning_engineer_interview copy.txt,-999,0,0.0562621684401264,0.0,0.005050505050505,0.0497500160439961,0.0042442491900368,-23.72938932543694,0.0,0.0,0.0087477313513579,-71.2223864662889,0.0434329688699764,-47.5861373426463,71.0,73.0
220,2024-09-08 11:41:43,machine_learning_engineer_interview.txt,-999,0,0.0385854007633587,0.0,0.0,0.0267045408274778,0.0335679132464095,-47.69252304102073,0.0,0.0,0.0,-100.0,0.0462536215059891,-71.86557419355775,100.0,96.0
220,2024-09-08 11:41:43,manufacturing_engineer_interview.txt,-999,0,0.0578620370248715,0.005089058524173,0.01060977826245,0.0650821519585646,0.012204857554227,-21.56056154398705,0.0088145079265591,0.0,0.0115425769617275,-39.54582849399921,0.0176892740534159,-31.43304775651628,66.0,49.0
220,2024-09-08 11:41:43,marine_engineer_interview.txt,-999,0,0.0663451012588943,0.0026041666666666,0.0147321428571428,0.0635955669632064,0.0085941694008704,-10.060676142147244,0.0045105489780439,0.0,0.0143066253205018,-16.05672909407666,0.0563358613200052,-32.99923140771915,41.0,51.0
220,2024-09-08 11:41:43,marketing_manager_interview.txt,-999,0,0.0574734490678158,0.0,0.0056307911617961,0.0433353117732308,0.010230270987519,-22.08734253389796,0.0,0.0,0.0048827850487395,-67.91593507524526,0.0335050053371757,-54.34431463324448,67.0,83.0
220,2024-09-08 11:41:43,materials_engineer_interview.txt,-999,0,0.0540826145735555,0.0,0.0098920236851271,0.0328230201157645,0.0075292110812194,-26.68405511615161,0.0,0.0,0.0091961938799908,-43.63557073397275,0.0090914319034334,-65.41948314497358,79.0,93.0
220,2024-09-08 11:41:43,mechanical_engineer_interview.txt,-999,0,0.0708540513494073,0.0,0.0029239766081871,0.0506481015165538,0.0086671076461903,-3.948213959490204,0.0,0.0,0.005064476045523,-83.3392763752199,0.0135803186403236,-46.639964208318496,32.0,72.0
220,2024-09-08 11:41:43,meteorologist_interview.txt,-999,0,0.0676512666704869,0.0,0.0157341100834086,0.0407192739003882,0.0157789142996009,-8.290000813659404,0.0,0.0,0.000801866882806,-10.34755242311398,0.0705278512427857,-57.10042730770777,37.0,87.0
220,2024-09-08 11:41:43,microbiologist_interview.txt,-999,0,0.0741036817974113,0.0,0.0024875621890547,0.081667457368724,0.019124697206873,0.4570783640659641,0.0,0.0,0.00430858409843,-85.82595154309752,0.0268522658028084,-13.95968816745406,27.0,21.0
220,2024-09-08 11:41:43,mining_engineer_interview.txt,-999,0,0.0467264905558916,0.0,0.0074074074074074,0.0562767771609436,0.0051577242427647,-36.65622800924079,0.0,0.0,0.0128300059819916,-57.79283348389039,0.0181598970628145,-40.70990316257054,93.0,60.0
220,2024-09-08 11:41:43,mobile_app_developer_interview.txt,-999,0,0.041177816918928,0.0,0.0183399508413688,0.0659675574070043,0.0148569985536164,-44.17816927916228,0.0,0.0,0.019463363791065,4.500443472954331,0.0383524739918186,-30.50023359361124,97.0,46.0
220,2024-09-08 11:41:43,natural_language_processing_engineer_interview.txt,-999,0,0.0688954858166054,0.0024691358024691,0.0159669211195928,0.0555975287871771,0.043380104289694,-6.603301620960735,0.0042766686606638,0.0,0.0138675385756967,-9.02100271002709,0.0342104300673422,-41.42552164481066,34.0,61.0
220,2024-09-08 11:41:43,network_administrator_interview.txt,-999,0,0.0611014125782108,0.0116959064327485,0.0237292955981766,0.0677886964885345,0.0239657375189806,-17.169171050029092,0.0202579041820921,0.0,0.024113132260403,35.208754634001025,0.0437899583450664,-28.581582278708154,56.0,42.0
220,2024-09-08 11:41:43,neuroscientist_interview.txt,-999,0,0.0512170987941831,0.0026666666666666,0.0144143248977901,0.0424897054500683,0.0090189791900086,-30.56863056800105,0.004618802153517,0.0,0.0055555106858179,-17.867645490924716,0.0430262860033163,-55.23519864110567,86.0,85.0
220,2024-09-08 11:41:43,no_persona_interview.txt,-999,0,0.0737665110355415,0.0,0.0175501177142041,0.094917667810953,0.0165572610607534,0.0,0.0,0.0,0.018795860180529,0.0,0.027153427299694,0.0,28.0,11.0
220,2024-09-08 11:41:43,nuclear_engineer_interview.txt,-999,0,0.0658095710975552,0.0,0.0124101527403414,0.0769414793556188,0.0235910531032744,-10.786656202504346,0.0,0.0,0.0144685954856044,-29.287353267737515,0.0325555052122015,-18.938716963776685,43.0,28.0
220,2024-09-08 11:41:43,nurse_interview.txt,-999,0,0.0569140111978986,0.0,0.0241603496079199,0.110511227894338,0.00730603618957,-22.845732570330085,0.0,0.0,0.0108692497785903,37.66488636350152,0.0292241395109772,16.428511617502693,68.0,4.0
220,2024-09-08 11:41:43,occupational_therapist_interview.txt,-999,0,0.0388266702776472,0.0,0.0174767476747674,0.0615201787989723,0.0141881073971164,-47.36545116124561,0.0,0.0,0.0155319870303768,-0.4180600986927913,0.0268749397537979,-35.185745480491875,99.0,54.0
220,2024-09-08 11:41:43,operations_manager_interview.txt,-999,0,0.0828427874432717,0.0,0.0176617295261363,0.0467300039765822,0.0156862924942132,12.304060854060396,0.0,0.0,0.018028582799709,0.6359604747368337,0.0464816574667467,-50.76785486380242,13.0,77.0
220,2024-09-08 11:41:43,petroleum_engineer_interview.txt,-999,0,0.0858856501717322,0.0029498525073746,0.0031446540880503,0.0709193675903395,0.0421831932957591,16.429052921252634,0.0051092944176073,0.0,0.0054467006527323,-82.08186327146291,0.0139780483598758,-25.283280525192325,6.0,38.0
220,2024-09-08 11:41:43,pharmacist_interview.txt,-999,0,0.0645829113740921,0.0140350877192982,0.0031152647975077,0.0541581181564369,0.0200595609157627,-12.449551337767032,0.0243094850185105,0.0,0.0053957969083142,-82.24932249322492,0.0484690715946676,-42.942004997106174,45.0,63.0
220,2024-09-08 11:41:43,physical_therapist_interview.txt,-999,0,0.0776564825783282,0.0023980815347721,0.0071024840101145,0.0753677820916746,0.0263030992224335,5.273357094132464,0.0041535990589181,0.0,0.0063070196502622,-59.53027708545715,0.0262464004677375,-20.59667727847652,19.0,32.0
220,2024-09-08 11:41:43,physicist_interview.txt,-999,0,0.0540255783582419,0.0,0.0194209260447205,0.0967461934706365,0.0059320815056105,-26.76137504698872,0.0,0.0,0.019891147418598,10.659805027987248,0.0295358062180704,1.926433404711787,80.0,10.0
220,2024-09-08 11:41:43,procurement_specialist_interview.txt,-999,0,0.0810177052183938,0.0026455026455026,0.0029239766081871,0.0427102989989416,0.0472544165185173,9.82992699676231,0.0045821449935684,0.0,0.005064476045523,-83.3392763752199,0.0509454286947989,-55.00279349045167,15.0,84.0
220,2024-09-08 11:41:43,product_manager_interview.txt,-999,0,0.0687865128083843,0.0,0.0117481082467615,0.0522449495829317,0.0379708936764512,-6.7510285592303205,0.0,0.0,0.0135349961143919,-33.05966126225324,0.0454785440816327,-44.957613489842906,35.0,68.0
220,2024-09-08 11:41:43,professor_of_classics_interview.txt,-999,0,0.0639164756811815,0.0,0.0061681238151826,0.0728153593663539,0.0233762905019481,-13.352990694671846,0.0,0.0,0.0054087721688619,-64.85423109048168,0.0363220071548864,-23.285768555354807,47.0,37.0
220,2024-09-08 11:41:43,project_manager_interview.txt,-999,0,0.040186022406408,0.0,0.0313364648842841,0.0600194207659177,0.0098787579116307,-45.52267439211543,0.0,0.0,0.0214392955446953,78.55415783862236,0.0497708470280647,-36.76686105956788,98.0,56.0
220,2024-09-08 11:41:43,psychologist_interview.txt,-999,0,0.0539259348649756,0.002415458937198,0.0261500725978538,0.0400466858845506,0.0164144508079788,-26.89645462696,0.0041836976028233,0.0,0.0047909399839845,49.00226325370636,0.017954888617755,-57.80902880556296,81.0,89.0
220,2024-09-08 11:41:43,public_relations_specialist_interview.txt,-999,0,0.0749984370674025,0.0113960113960113,0.0028735632183908,0.0538876934719521,0.0256902193432022,1.670034294108774,0.0197384707415256,0.0,0.004977157493014,-83.62653023081955,0.050609823528041,-43.22690947350289,22.0,64.0
220,2024-09-08 11:41:43,quality_control_engineer_interview.txt,-999,0,0.0624287836630216,0.0,0.0132078290751531,0.0707746374070316,0.0155534504228024,-15.369748702168168,0.0,0.0,0.0159500015841685,-24.74221945267413,0.0364743133413402,-25.435760233813227,53.0,40.0
220,2024-09-08 11:41:43,restaurant_manager_interview.txt,-999,0,0.0598364598364598,0.0037037037037037,0.0074074074074074,0.0424769058623897,0.0138875926258032,-18.883977300173555,0.0064150029909958,0.0,0.0128300059819916,-57.79283348389039,0.0043504564912869,-55.24868357807652,58.0,86.0
220,2024-09-08 11:41:43,retail_manager_interview.txt,-999,0,0.0758071108654853,0.0,0.0075596122183459,0.0207524511111663,0.0432659891979006,2.766295709662444,0.0,0.0,0.0001813744648619,-56.92557542091257,0.0359442997061293,-78.13636640072222,21.0,98.0
220,2024-09-08 11:41:43,robotics_engineer_interview.txt,-999,0,0.0583835662416713,0.0,0.0128342245989304,0.0740966363403292,0.0118175020341139,-20.853561565977444,0.0,0.0,0.015058960257036,-26.87100560845181,0.0446363190310999,-21.9358860692752,63.0,34.0
220,2024-09-08 11:41:43,safety_engineer_interview.txt,-999,0,0.0873254090132493,0.0353818897376066,0.0136332209834932,0.0536626179032506,0.0092979049786215,18.380831338457867,0.0068416037276799,0.0,0.0129881041895934,-22.31835019283561,0.0179059943930516,-43.46403663211555,5.0,65.0
220,2024-09-08 11:41:43,sales_manager_interview.txt,-999,0,0.0542087542087542,0.0,0.0075757575757575,0.1058443047134455,0.0160454579898233,-26.51305660554307,0.0,0.0,0.0131215970270369,-56.83357969943335,0.0129077049842715,11.511699723022131,78.0,5.0
220,2024-09-08 11:41:43,seo_specialist_interview.txt,-999,0,0.0505356116645576,0.0,0.0030864197530864,0.0813374958646141,0.017786128989338,-31.49247408460323,0.0,0.0,0.0053458358258298,-82.41368061828766,0.0640496886430233,-14.307317340946923,88.0,23.0
220,2024-09-08 11:41:43,shop_assistant_interview.txt,-999,0,0.0489036708548903,0.0,0.0092592592592592,0.0794152865978313,0.0075805131521386,-33.704779894865794,0.0,0.0,0.0160375074774896,-47.241041854862985,0.0401423217191564,-16.33245060761253,91.0,24.0
220,2024-09-08 11:41:43,social_media_manager_interview.txt,-999,0,0.0321492028720944,0.0,0.0209090909090909,0.0848462323556859,0.0034634124109032,-56.41761766853172,0.0,0.0,0.0200618877188308,19.139320029563933,0.0735823879732686,-10.610706823650888,101.0,18.0
220,2024-09-08 11:41:43,software_quality_assurance_tester_interview.txt,-999,0,0.0627642535693474,0.0056598796076456,0.0115595846223948,0.0438768814903346,0.0181416985019682,-14.914976066704623,0.0049147827406753,0.0,0.0136025410689936,-34.133862743045,0.0023085626447115,-53.77374676153655,52.0,80.0
220,2024-09-08 11:41:43,speech_therapist_interview.txt,-999,0,0.0566419602666937,0.0,0.0063492063492063,0.0669799041283666,0.0087029981677694,-23.21453262252972,0.0,0.0,0.0109971479845643,-63.822428700477474,0.0210258350421744,-29.43368113324256,70.0,44.0
220,2024-09-08 11:41:43,structural_engineer_interview.txt,-999,0,0.0711577073524933,0.0,0.0109548637950015,0.0743825561569507,0.0137142117504206,-3.536569164551068,0.0,0.0,0.0044636901068712,-37.57954235181449,0.0477571339916643,-21.63465677949648,31.0,33.0
220,2024-09-08 11:41:43,supply_chain_manager_interview.txt,-999,0,0.05067002529167,0.0024509803921568,0.0032362459546925,0.0509030104831107,0.0073255610704311,-31.310259113032075,0.0042452225675707,0.0,0.0056053424193167,-81.5599757939327,0.0520217889794126,-46.37140623335371,87.0,71.0
220,2024-09-08 11:41:43,system_administrator_interview.txt,-999,0,0.0629987853478823,0.0,0.0130332506834509,0.059678546880821,0.0263361972264076,-14.597038054939476,0.0,0.0,0.0113197117684075,-25.73696145124717,0.0572030717304857,-37.125986913540174,51.0,57.0
220,2024-09-08 11:41:43,transportation_engineer_interview.txt,-999,0,0.0554076189688755,0.0026881720430107,0.0127870533967698,0.0877644376661939,0.0275509359613157,-24.88784112050588,0.0046560505579808,0.0,0.0045281626931149,-27.139785584340416,0.045840955633769,-7.536247265373319,75.0,13.0
220,2024-09-08 11:41:43,travel_agent_interview.txt,-999,0,0.0497028200548739,0.0,0.0186578693637728,0.0852174211265346,0.032474334301964,-32.621430297921265,0.0,0.0,0.0069876896278449,6.311932874798359,0.0389138725049479,-10.21964288433452,90.0,17.0
220,2024-09-08 11:41:43,veterinarian_interview.txt,-999,0,0.0435324160933917,0.0047619047619047,0.0086251824056702,0.0686500346355311,0.0095851012275583,-40.98620704398327,0.0082478609884232,0.0,0.008175181788188,-50.8539911462279,0.0287567468344603,-27.674124092196408,96.0,41.0
220,2024-09-08 11:41:43,warehouse_manager_interview.txt,-999,0,0.0671234125691957,0.0,0.0040160642570281,0.0650412265723094,0.0171348523519315,-9.005574986656327,0.0,0.0,0.006956027339634,-77.11659646716949,0.0177789052236073,-31.47616447777486,39.0,50.0
220,2024-09-08 11:41:43,water_resources_engineer_interview.txt,-999,0,0.0744840154715706,0.0062893081761006,0.0,0.0440006396611022,0.0417985788669561,0.9726696111240328,0.0108934013054646,0.0,0.0,-100.0,0.0503493136199581,-53.64336200428139,24.0,79.0
221,2024-09-08 11:52:25,restaurant_manager_interview.txt,1,0,0.0714285714285714,0.0,0.0,0.0466530557892966,,,,,,,,,,
221,2024-09-08 11:52:25,restaurant_manager_interview.txt,2,0,0.0636363636363636,0.0,0.0,0.0428067433298522,,,,,,,,,,
221,2024-09-08 11:52:25,restaurant_manager_interview.txt,3,0,0.0444444444444444,0.0111111111111111,0.0222222222222222,0.0379709184680204,,,,,,,,,,
221,2024-09-08 11:52:25,geneticist_interview.txt,1,0,0.0384615384615384,0.0288461538461538,0.0,0.0937095795782794,,,,,,,,,,
221,2024-09-08 11:52:25,geneticist_interview.txt,2,0,0.0526315789473684,0.0,0.0150375939849624,0.0882216505718651,,,,,,,,,,
221,2024-09-08 11:52:25,geneticist_interview.txt,3,0,0.0923076923076923,0.0,0.0153846153846153,0.1101429133385219,,,,,,,,,,
221,2024-09-08 11:52:25,speech_therapist_interview.txt,1,0,0.0510204081632653,0.0,0.0,0.0432621003107774,,,,,,,,,,
221,2024-09-08 11:52:25,speech_therapist_interview.txt,2,0,0.0522388059701492,0.0,0.0,0.0833315864428225,,,,,,,,,,
221,2024-09-08 11:52:25,speech_therapist_interview.txt,3,0,0.0666666666666666,0.0,0.019047619047619,0.0743460256315,,,,,,,,,,
221,2024-09-08 11:52:25,customer_service_representative_interview.txt,1,0,0.0545454545454545,0.0,0.009090909090909,0.0311974890850877,,,,,,,,,,
221,2024-09-08 11:52:25,customer_service_representative_interview.txt,2,0,0.0761904761904762,0.0,0.0,0.122813044651559,,,,,,,,,,
221,2024-09-08 11:52:25,customer_service_representative_interview.txt,3,0,0.043859649122807,0.0,0.0087719298245614,0.0473521337727738,,,,,,,,,,
221,2024-09-08 11:52:25,construction_manager_interview.txt,1,0,0.055045871559633,0.0,0.0091743119266055,0.0948117237060615,,,,,,,,,,
221,2024-09-08 11:52:25,construction_manager_interview.txt,2,0,0.0866141732283464,0.0,0.0236220472440944,0.1356095260762036,,,,,,,,,,
221,2024-09-08 11:52:25,construction_manager_interview.txt,3,0,0.112,0.0,0.024,0.0,,,,,,,,,,
221,2024-09-08 11:52:25,doctor_interview.txt,1,0,0.0545454545454545,0.0,0.0181818181818181,0.0673965703749538,,,,,,,,,,
221,2024-09-08 11:52:25,doctor_interview.txt,2,0,0.0705882352941176,0.0,0.0,0.0293397273927395,,,,,,,,,,
221,2024-09-08 11:52:25,doctor_interview.txt,3,0,0.0555555555555555,0.0,0.0111111111111111,0.0601346177173533,,,,,,,,,,
221,2024-09-08 11:52:25,human_resources_manager_interview.txt,1,0,0.0693069306930693,0.0,0.0198019801980198,0.1425669620819004,,,,,,,,,,
221,2024-09-08 11:52:25,human_resources_manager_interview.txt,2,0,0.0471698113207547,0.0,0.0188679245283018,0.0103852698901538,,,,,,,,,,
221,2024-09-08 11:52:25,human_resources_manager_interview.txt,3,0,0.075268817204301,0.0,0.032258064516129,0.0208324124809482,,,,,,,,,,
221,2024-09-08 11:52:25,water_resources_engineer_interview.txt,1,0,0.1226415094339622,0.0188679245283018,0.0,0.0,,,,,,,,,,
221,2024-09-08 11:52:25,water_resources_engineer_interview.txt,2,0,0.0476190476190476,0.0,0.0,0.0989100944553876,,,,,,,,,,
221,2024-09-08 11:52:25,water_resources_engineer_interview.txt,3,0,0.0531914893617021,0.0,0.0,0.0330918245279189,,,,,,,,,,
221,2024-09-08 11:52:25,project_manager_interview.txt,1,0,0.0515463917525773,0.0,0.0515463917525773,0.0555355117717458,,,,,,,,,,
221,2024-09-08 11:52:25,project_manager_interview.txt,2,0,0.0336134453781512,0.0,0.0336134453781512,0.1118805059888638,,,,,,,,,,
221,2024-09-08 11:52:25,project_manager_interview.txt,3,0,0.0353982300884955,0.0,0.0088495575221238,0.0126422445371434,,,,,,,,,,
221,2024-09-08 11:52:25,biologist_interview.txt,1,0,0.1,0.03,0.0,0.0628254664475309,,,,,,,,,,
221,2024-09-08 11:52:25,biologist_interview.txt,2,0,0.0666666666666666,0.0,0.019047619047619,0.084133944618843,,,,,,,,,,
221,2024-09-08 11:52:25,biologist_interview.txt,3,0,0.037593984962406,0.0,0.0,0.0,,,,,,,,,,
221,2024-09-08 11:52:25,occupational_therapist_interview.txt,1,0,0.0227272727272727,0.0,0.0227272727272727,0.0619600680328602,,,,,,,,,,
221,2024-09-08 11:52:25,occupational_therapist_interview.txt,2,0,0.0495049504950495,0.0,0.0297029702970297,0.0881724737587123,,,,,,,,,,
221,2024-09-08 11:52:25,occupational_therapist_interview.txt,3,0,0.0442477876106194,0.0,0.0,0.0344279946053444,,,,,,,,,,
221,2024-09-08 11:52:25,network_administrator_interview.txt,1,0,0.0543478260869565,0.0,0.0108695652173913,0.0181441553921881,,,,,,,,,,
221,2024-09-08 11:52:25,network_administrator_interview.txt,2,0,0.087719298245614,0.0350877192982456,0.0087719298245614,0.1009251180073442,,,,,,,,,,
221,2024-09-08 11:52:25,network_administrator_interview.txt,3,0,0.0412371134020618,0.0,0.0515463917525773,0.0842968160660713,,,,,,,,,,
221,2024-09-08 11:52:25,neuroscientist_interview.txt,1,0,0.0442477876106194,0.0,0.0176991150442477,0.0414359038364657,,,,,,,,,,
221,2024-09-08 11:52:25,neuroscientist_interview.txt,2,0,0.0614035087719298,0.0,0.0175438596491228,0.0,,,,,,,,,,
221,2024-09-08 11:52:25,neuroscientist_interview.txt,3,0,0.048,0.008,0.008,0.0860332125137391,,,,,,,,,,
221,2024-09-08 11:52:25,retail_manager_interview.txt,1,0,0.0661764705882353,0.0,0.0073529411764705,0.0,,,,,,,,,,
221,2024-09-08 11:52:25,retail_manager_interview.txt,2,0,0.123076923076923,0.0,0.0076923076923076,0.0,,,,,,,,,,
221,2024-09-08 11:52:25,retail_manager_interview.txt,3,0,0.0381679389312977,0.0,0.0076335877862595,0.0622573533334991,,,,,,,,,,
221,2024-09-08 11:52:25,agricultural_engineer_interview.txt,1,0,0.04,0.0,0.01,0.01754081509232,,,,,,,,,,
221,2024-09-08 11:52:25,agricultural_engineer_interview.txt,2,0,0.0434782608695652,0.0,0.0,0.016643353237249,,,,,,,,,,
221,2024-09-08 11:52:25,agricultural_engineer_interview.txt,3,0,0.0534351145038167,0.0,0.0229007633587786,0.0,,,,,,,,,,
221,2024-09-08 11:52:25,electrical_engineer_interview.txt,1,0,0.0813953488372093,0.0,0.0,0.0515248660596885,,,,,,,,,,
221,2024-09-08 11:52:25,electrical_engineer_interview.txt,2,0,0.0833333333333333,0.0,0.0104166666666666,0.0375765713355705,,,,,,,,,,
221,2024-09-08 11:52:25,electrical_engineer_interview.txt,3,0,0.1,0.02,0.0,0.030841143854229,,,,,,,,,,
221,2024-09-08 11:52:25,quality_control_engineer_interview.txt,1,0,0.0618556701030927,0.0,0.0309278350515463,0.0571315807160011,,,,,,,,,,
221,2024-09-08 11:52:25,quality_control_engineer_interview.txt,2,0,0.0471698113207547,0.0,0.0,0.0430885464951094,,,,,,,,,,
221,2024-09-08 11:52:25,quality_control_engineer_interview.txt,3,0,0.0782608695652174,0.0,0.008695652173913,0.1121037850099844,,,,,,,,,,
221,2024-09-08 11:52:25,machine_learning_engineer_interview.txt,1,0,0.0,0.0,0.0,0.0,,,,,,,,,,
221,2024-09-08 11:52:25,machine_learning_engineer_interview.txt,2,0,0.0610687022900763,0.0,0.0,0.0801136224824336,,,,,,,,,,
221,2024-09-08 11:52:25,machine_learning_engineer_interview.txt,3,0,0.0546875,0.0,0.0,0.0,,,,,,,,,,
221,2024-09-08 11:52:25,psychologist_interview.txt,1,0,0.048076923076923,0.0,0.0288461538461538,0.0323961959726534,,,,,,,,,,
221,2024-09-08 11:52:25,psychologist_interview.txt,2,0,0.072463768115942,0.0072463768115942,0.0289855072463768,0.0605596667072056,,,,,,,,,,
221,2024-09-08 11:52:25,psychologist_interview.txt,3,0,0.0412371134020618,0.0,0.0206185567010309,0.0271841949737927,,,,,,,,,,
221,2024-09-08 11:52:25,geologist_interview.txt,1,0,0.0725806451612903,0.0,0.0080645161290322,0.0759044861163816,,,,,,,,,,
221,2024-09-08 11:52:25,geologist_interview.txt,2,0,0.0869565217391304,0.0,0.017391304347826,0.1118851607455407,,,,,,,,,,
221,2024-09-08 11:52:25,geologist_interview.txt,3,0,0.1095890410958904,0.0,0.0,0.0,,,,,,,,,,
221,2024-09-08 11:52:25,chemical_engineer_interview.txt,1,0,0.078125,0.0,0.015625,0.0,,,,,,,,,,
221,2024-09-08 11:52:25,chemical_engineer_interview.txt,2,0,0.0736842105263157,0.0,0.0210526315789473,0.0747112850356365,,,,,,,,,,
221,2024-09-08 11:52:25,chemical_engineer_interview.txt,3,0,0.0714285714285714,0.0,0.010204081632653,0.1377422912155963,,,,,,,,,,
221,2024-09-08 11:52:25,machine_learning_engineer_interview copy.txt,1,0,0.053030303030303,0.0,0.0151515151515151,0.0691364256495546,,,,,,,,,,
221,2024-09-08 11:52:25,machine_learning_engineer_interview copy.txt,2,0,0.0610687022900763,0.0,0.0,0.0801136224824336,,,,,,,,,,
221,2024-09-08 11:52:25,machine_learning_engineer_interview copy.txt,3,0,0.0546875,0.0,0.0,0.0,,,,,,,,,,
221,2024-09-08 11:52:25,no_persona_interview.txt,1,0,0.0560747663551401,0.0,0.0373831775700934,0.0635731657580273,,,,,,,,,,
221,2024-09-08 11:52:25,no_persona_interview.txt,2,0,0.0888888888888888,0.0,0.0,0.1099189066092266,,,,,,,,,,
221,2024-09-08 11:52:25,no_persona_interview.txt,3,0,0.0763358778625954,0.0,0.015267175572519,0.111260931065605,,,,,,,,,,
221,2024-09-08 11:52:25,financial_analyst_interview.txt,1,0,0.0619469026548672,0.0088495575221238,0.0,0.0598254669070187,,,,,,,,,,
221,2024-09-08 11:52:25,financial_analyst_interview.txt,2,0,0.0606060606060606,0.0,0.0202020202020202,0.1530445380640685,,,,,,,,,,
221,2024-09-08 11:52:25,financial_analyst_interview.txt,3,0,0.0802919708029197,0.0,0.0145985401459854,0.1305219999659435,,,,,,,,,,
221,2024-09-08 11:52:25,civil_engineer_interview.txt,1,0,0.0601503759398496,0.0,0.0150375939849624,0.0831598154358535,,,,,,,,,,
221,2024-09-08 11:52:25,civil_engineer_interview.txt,2,0,0.0825688073394495,0.0,0.0091743119266055,0.0551022249278976,,,,,,,,,,
221,2024-09-08 11:52:25,civil_engineer_interview.txt,3,0,0.0818181818181818,0.0,0.009090909090909,0.0519288906523061,,,,,,,,,,
221,2024-09-08 11:52:25,meteorologist_interview.txt,1,0,0.0495867768595041,0.0,0.0165289256198347,0.0,,,,,,,,,,
221,2024-09-08 11:52:25,meteorologist_interview.txt,2,0,0.0746268656716417,0.0,0.0149253731343283,0.0,,,,,,,,,,
221,2024-09-08 11:52:25,meteorologist_interview.txt,3,0,0.0787401574803149,0.0,0.0157480314960629,0.1221578217011647,,,,,,,,,,
221,2024-09-08 11:52:25,shop_assistant_interview.txt,1,0,0.040650406504065,0.0,0.0,0.1223705927244681,,,,,,,,,,
221,2024-09-08 11:52:25,shop_assistant_interview.txt,2,0,0.0555555555555555,0.0,0.0277777777777777,0.0428532956412062,,,,,,,,,,
221,2024-09-08 11:52:25,shop_assistant_interview.txt,3,0,0.0505050505050505,0.0,0.0,0.0730219714278197,,,,,,,,,,
221,2024-09-08 11:52:25,social_media_manager_interview.txt,1,0,0.036144578313253,0.0,0.0,0.1233699304830566,,,,,,,,,,
221,2024-09-08 11:52:25,social_media_manager_interview.txt,2,0,0.03,0.0,0.04,0.0,,,,,,,,,,
221,2024-09-08 11:52:25,social_media_manager_interview.txt,3,0,0.0303030303030303,0.0,0.0227272727272727,0.1311687665840011,,,,,,,,,,
221,2024-09-08 11:52:25,marine_engineer_interview.txt,1,0,0.0761904761904762,0.0,0.0285714285714285,0.0835429425346109,,,,,,,,,,
221,2024-09-08 11:52:25,marine_engineer_interview.txt,2,0,0.0603448275862069,0.0,0.0,0.1072437583550084,,,,,,,,,,
221,2024-09-08 11:52:25,marine_engineer_interview.txt,3,0,0.0625,0.0078125,0.015625,0.0,,,,,,,,,,
221,2024-09-08 11:52:25,warehouse_manager_interview.txt,1,0,0.072289156626506,0.0,0.0120481927710843,0.081493124342657,,,,,,,,,,
221,2024-09-08 11:52:25,warehouse_manager_interview.txt,2,0,0.081081081081081,0.0,0.0,0.0461808634688753,,,,,,,,,,
221,2024-09-08 11:52:25,warehouse_manager_interview.txt,3,0,0.048,0.0,0.0,0.067449691905396,,,,,,,,,,
221,2024-09-08 11:52:25,business_intelligence_analyst_interview.txt,1,0,0.0761904761904762,0.0,0.019047619047619,0.0519120125435854,,,,,,,,,,
221,2024-09-08 11:52:25,business_intelligence_analyst_interview.txt,2,0,0.0784313725490196,0.0,0.0196078431372549,0.1619933830165744,,,,,,,,,,
221,2024-09-08 11:52:25,business_intelligence_analyst_interview.txt,3,0,0.0612244897959183,0.0,0.0,0.0872579957499813,,,,,,,,,,
221,2024-09-08 11:52:25,full_stack_developer_interview.txt,1,0,0.0393700787401574,0.0,0.0078740157480314,0.0425483283606354,,,,,,,,,,
221,2024-09-08 11:52:25,full_stack_developer_interview.txt,2,0,0.1703703703703703,0.037037037037037,0.0148148148148148,0.1023900784935733,,,,,,,,,,
221,2024-09-08 11:52:25,full_stack_developer_interview.txt,3,0,0.0472440944881889,0.0,0.0078740157480314,0.0,,,,,,,,,,
221,2024-09-08 11:52:25,focus_group_interview.txt,1,0,0.0588235294117647,0.0,0.0,0.0,,,,,,,,,,
221,2024-09-08 11:52:25,focus_group_interview.txt,2,0,0.0588235294117647,0.0,0.0,0.0,,,,,,,,,,
221,2024-09-08 11:52:25,focus_group_interview.txt,3,0,0.0588235294117647,0.0,0.0,0.0,,,,,,,,,,
221,2024-09-08 11:52:25,travel_agent_interview.txt,1,0,0.0531914893617021,0.0,0.0106382978723404,0.1283619363588929,,,,,,,,,,
221,2024-09-08 11:52:25,travel_agent_interview.txt,2,0,0.0802919708029197,0.0,0.0218978102189781,0.0745172643816199,,,,,,,,,,
221,2024-09-08 11:52:25,travel_agent_interview.txt,3,0,0.015625,0.0,0.0234375,0.0527730626390911,,,,,,,,,,
221,2024-09-08 11:52:25,robotics_engineer_interview.txt,1,0,0.0686274509803921,0.0,0.0294117647058823,0.0571924000726199,,,,,,,,,,
221,2024-09-08 11:52:25,robotics_engineer_interview.txt,2,0,0.0454545454545454,0.0,0.009090909090909,0.0403813965559999,,,,,,,,,,
221,2024-09-08 11:52:25,robotics_engineer_interview.txt,3,0,0.0610687022900763,0.0,0.0,0.1247161123923678,,,,,,,,,,
221,2024-09-08 11:52:25,biomedical_engineer_interview.txt,1,0,0.1,0.0,0.0,0.1025907901717319,,,,,,,,,,
221,2024-09-08 11:52:25,biomedical_engineer_interview.txt,2,0,0.0594059405940594,0.0,0.0099009900990099,0.0426668739812379,,,,,,,,,,
221,2024-09-08 11:52:25,biomedical_engineer_interview.txt,3,0,0.0975609756097561,0.0,0.0,0.0915016217502627,,,,,,,,,,
221,2024-09-08 11:52:25,marketing_manager_interview.txt,1,0,0.0459770114942528,0.0,0.0,0.0775670553173294,,,,,,,,,,
221,2024-09-08 11:52:25,marketing_manager_interview.txt,2,0,0.0655737704918032,0.0,0.0081967213114754,0.0418311722270583,,,,,,,,,,
221,2024-09-08 11:52:25,marketing_manager_interview.txt,3,0,0.0608695652173913,0.0,0.008695652173913,0.0106077077753049,,,,,,,,,,
221,2024-09-08 11:52:25,professor_of_classics_interview.txt,1,0,0.0909090909090909,0.0,0.0101010101010101,0.1139617522607703,,,,,,,,,,
221,2024-09-08 11:52:25,professor_of_classics_interview.txt,2,0,0.0504201680672268,0.0,0.0,0.0452051914403515,,,,,,,,,,
221,2024-09-08 11:52:25,professor_of_classics_interview.txt,3,0,0.0504201680672268,0.0,0.0084033613445378,0.0592791343979399,,,,,,,,,,
221,2024-09-08 11:52:25,environmental_engineer_interview.txt,1,0,0.0816326530612244,0.0,0.0,0.1026424642988634,,,,,,,,,,
221,2024-09-08 11:52:25,environmental_engineer_interview.txt,2,0,0.0818181818181818,0.0,0.0272727272727272,0.1246022964543093,,,,,,,,,,
221,2024-09-08 11:52:25,environmental_engineer_interview.txt,3,0,0.0916666666666666,0.0,0.0166666666666666,0.0,,,,,,,,,,
221,2024-09-08 11:52:25,physical_therapist_interview.txt,1,0,0.1079136690647482,0.0071942446043165,0.0,0.0976563572315262,,,,,,,,,,
221,2024-09-08 11:52:25,physical_therapist_interview.txt,2,0,0.0648148148148148,0.0,0.0092592592592592,0.0464390040542306,,,,,,,,,,
221,2024-09-08 11:52:25,physical_therapist_interview.txt,3,0,0.0602409638554216,0.0,0.0120481927710843,0.0820079849892669,,,,,,,,,,
221,2024-09-08 11:52:25,astronomer_interview.txt,1,0,0.0392156862745098,0.0,0.0,0.0357008884926808,,,,,,,,,,
221,2024-09-08 11:52:25,astronomer_interview.txt,2,0,0.0634920634920634,0.0158730158730158,0.0079365079365079,0.0,,,,,,,,,,
221,2024-09-08 11:52:25,astronomer_interview.txt,3,0,0.088235294117647,0.0,0.0098039215686274,0.0315139499500514,,,,,,,,,,
221,2024-09-08 11:52:25,ai_professor_interview.txt,1,0,0.0606060606060606,0.0,0.0101010101010101,0.0211330472249737,,,,,,,,,,
221,2024-09-08 11:52:25,ai_professor_interview.txt,2,0,0.0789473684210526,0.0,0.0175438596491228,0.0811136402882951,,,,,,,,,,
221,2024-09-08 11:52:25,ai_professor_interview.txt,3,0,0.0581395348837209,0.0,0.0116279069767441,0.0,,,,,,,,,,
221,2024-09-08 11:52:25,game_developer_interview.txt,1,0,0.0439560439560439,0.0,0.0219780219780219,0.0605193719036507,,,,,,,,,,
221,2024-09-08 11:52:25,game_developer_interview.txt,2,0,0.0606060606060606,0.0,0.0202020202020202,0.0593816587862705,,,,,,,,,,
221,2024-09-08 11:52:25,game_developer_interview.txt,3,0,0.0519480519480519,0.0,0.0129870129870129,0.0775393919155081,,,,,,,,,,
221,2024-09-08 11:52:25,fire_protection_engineer_interview.txt,1,0,0.1007751937984496,0.0465116279069767,0.0077519379844961,0.0,,,,,,,,,,
221,2024-09-08 11:52:25,fire_protection_engineer_interview.txt,2,0,0.0625,0.0178571428571428,0.0089285714285714,0.0407611697271842,,,,,,,,,,
221,2024-09-08 11:52:25,fire_protection_engineer_interview.txt,3,0,0.0697674418604651,0.0077519379844961,0.0155038759689922,0.0576589288513933,,,,,,,,,,
221,2024-09-08 11:52:25,safety_engineer_interview.txt,1,0,0.0948275862068965,0.043103448275862,0.0258620689655172,0.0454675110134519,,,,,,,,,,
221,2024-09-08 11:52:25,safety_engineer_interview.txt,2,0,0.0769230769230769,0.0329670329670329,0.0,0.0741995996381659,,,,,,,,,,
221,2024-09-08 11:52:25,safety_engineer_interview.txt,3,0,0.0902255639097744,0.0300751879699248,0.0150375939849624,0.0413207430581339,,,,,,,,,,
221,2024-09-08 11:52:25,environmental_scientist_interview.txt,1,0,0.0673076923076923,0.0,0.0096153846153846,0.0534300314907251,,,,,,,,,,
221,2024-09-08 11:52:25,environmental_scientist_interview.txt,2,0,0.0495049504950495,0.0,0.0396039603960396,0.0877567755185532,,,,,,,,,,
221,2024-09-08 11:52:25,environmental_scientist_interview.txt,3,0,0.0449438202247191,0.0,0.0,0.1066267081851516,,,,,,,,,,
221,2024-09-08 11:52:25,operations_manager_interview.txt,1,0,0.0990990990990991,0.0,0.036036036036036,0.0,,,,,,,,,,
221,2024-09-08 11:52:25,operations_manager_interview.txt,2,0,0.0816326530612244,0.0,0.0,0.047230742864624,,,,,,,,,,
221,2024-09-08 11:52:25,operations_manager_interview.txt,3,0,0.0677966101694915,0.0,0.0169491525423728,0.0929592690651228,,,,,,,,,,
221,2024-09-08 11:52:25,backend_developer_interview.txt,1,0,0.0578512396694214,0.0,0.0,0.1284026295844632,,,,,,,,,,
221,2024-09-08 11:52:25,backend_developer_interview.txt,2,0,0.0576923076923076,0.0,0.0096153846153846,0.0870056695430988,,,,,,,,,,
221,2024-09-08 11:52:25,backend_developer_interview.txt,3,0,0.042016806722689,0.0,0.0084033613445378,0.0437544042466496,,,,,,,,,,
221,2024-09-08 11:52:25,digital_marketing_specialist_interview.txt,1,0,0.0666666666666666,0.0,0.0111111111111111,0.1233454514559801,,,,,,,,,,
221,2024-09-08 11:52:25,digital_marketing_specialist_interview.txt,2,0,0.0353982300884955,0.0,0.0088495575221238,0.0,,,,,,,,,,
221,2024-09-08 11:52:25,digital_marketing_specialist_interview.txt,3,0,0.0679611650485436,0.0,0.0097087378640776,0.1264080048769068,,,,,,,,,,
221,2024-09-08 11:52:25,mechanical_engineer_interview.txt,1,0,0.0727272727272727,0.0,0.0,0.0662024475332696,,,,,,,,,,
221,2024-09-08 11:52:25,mechanical_engineer_interview.txt,2,0,0.0784313725490196,0.0,0.0,0.0445948178221984,,,,,,,,,,
221,2024-09-08 11:52:25,mechanical_engineer_interview.txt,3,0,0.0614035087719298,0.0,0.0087719298245614,0.0411470391941935,,,,,,,,,,
221,2024-09-08 11:52:25,software_quality_assurance_tester_interview.txt,1,0,0.045045045045045,0.0,0.0,0.0413513341749755,,,,,,,,,,
221,2024-09-08 11:52:25,software_quality_assurance_tester_interview.txt,2,0,0.0619469026548672,0.0088495575221238,0.0265486725663716,0.0458783496403244,,,,,,,,,,
221,2024-09-08 11:52:25,software_quality_assurance_tester_interview.txt,3,0,0.08130081300813,0.008130081300813,0.008130081300813,0.0444009606557039,,,,,,,,,,
221,2024-09-08 11:52:25,cybersecurity_specialist_interview.txt,1,0,0.0769230769230769,0.023076923076923,0.0,0.0,,,,,,,,,,
221,2024-09-08 11:52:25,cybersecurity_specialist_interview.txt,2,0,0.056,0.008,0.024,0.0433073475931765,,,,,,,,,,
221,2024-09-08 11:52:25,cybersecurity_specialist_interview.txt,3,0,0.099009900990099,0.0297029702970297,0.0,0.110208443279443,,,,,,,,,,
221,2024-09-08 11:52:25,product_manager_interview.txt,1,0,0.0608695652173913,0.0,0.008695652173913,0.0737688480628956,,,,,,,,,,
221,2024-09-08 11:52:25,product_manager_interview.txt,2,0,0.0353982300884955,0.0,0.0265486725663716,0.0829660006858995,,,,,,,,,,
221,2024-09-08 11:52:25,product_manager_interview.txt,3,0,0.110091743119266,0.0,0.0,0.0,,,,,,,,,,
221,2024-09-08 11:52:25,microbiologist_interview.txt,1,0,0.0823529411764705,0.0,0.0,0.1101574773451147,,,,,,,,,,
221,2024-09-08 11:52:25,microbiologist_interview.txt,2,0,0.087719298245614,0.0,0.0,0.0780188264815857,,,,,,,,,,
221,2024-09-08 11:52:25,microbiologist_interview.txt,3,0,0.0522388059701492,0.0,0.0074626865671641,0.0568260682794716,,,,,,,,,,
221,2024-09-08 11:52:25,it_manager_interview.txt,1,0,0.0310077519379844,0.0,0.0077519379844961,0.0830915813122366,,,,,,,,,,
221,2024-09-08 11:52:25,it_manager_interview.txt,2,0,0.0575539568345323,0.0,0.0,0.1798682693699755,,,,,,,,,,
221,2024-09-08 11:52:25,it_manager_interview.txt,3,0,0.053030303030303,0.0,0.0075757575757575,0.0382738723689206,,,,,,,,,,
221,2024-09-08 11:52:25,industrial_engineer_interview.txt,1,0,0.0671641791044776,0.0,0.0373134328358208,0.1047357166686011,,,,,,,,,,
221,2024-09-08 11:52:25,industrial_engineer_interview.txt,2,0,0.072,0.0,0.016,0.0643330291584199,,,,,,,,,,
221,2024-09-08 11:52:25,industrial_engineer_interview.txt,3,0,0.0967741935483871,0.0,0.0161290322580645,0.0,,,,,,,,,,
221,2024-09-08 11:52:25,barista_interview.txt,1,0,0.0875,0.0,0.0,0.0681953019972214,,,,,,,,,,
221,2024-09-08 11:52:25,barista_interview.txt,2,0,0.0504201680672268,0.0,0.0168067226890756,0.1017040566415273,,,,,,,,,,
221,2024-09-08 11:52:25,barista_interview.txt,3,0,0.0692307692307692,0.0,0.0076923076923076,0.0932079290911632,,,,,,,,,,
221,2024-09-08 11:52:25,petroleum_engineer_interview.txt,1,0,0.1308411214953271,0.0,0.0,0.0843069329113059,,,,,,,,,,
221,2024-09-08 11:52:25,petroleum_engineer_interview.txt,2,0,0.0471698113207547,0.0,0.0094339622641509,0.0564175341466152,,,,,,,,,,
221,2024-09-08 11:52:25,petroleum_engineer_interview.txt,3,0,0.079646017699115,0.0088495575221238,0.0,0.0720336357130974,,,,,,,,,,
221,2024-09-08 11:52:25,business_analyst_interview.txt,1,0,0.0542635658914728,0.0,0.0077519379844961,0.0,,,,,,,,,,
221,2024-09-08 11:52:25,business_analyst_interview.txt,2,0,0.0555555555555555,0.0,0.0092592592592592,0.0806541259927466,,,,,,,,,,
221,2024-09-08 11:52:25,business_analyst_interview.txt,3,0,0.0659340659340659,0.0,0.0109890109890109,0.0,,,,,,,,,,
221,2024-09-08 11:52:25,data_engineer_interview.txt,1,0,0.1240310077519379,0.0,0.0077519379844961,0.15220760143159,,,,,,,,,,
221,2024-09-08 11:52:25,data_engineer_interview.txt,2,0,0.0818181818181818,0.0,0.009090909090909,0.0452239103227598,,,,,,,,,,
221,2024-09-08 11:52:25,data_engineer_interview.txt,3,0,0.1538461538461538,0.0076923076923076,0.0,0.0,,,,,,,,,,
221,2024-09-08 11:52:25,aerospace_engineer_interview.txt,1,0,0.0588235294117647,0.0,0.0117647058823529,0.0598364515055597,,,,,,,,,,
221,2024-09-08 11:52:25,aerospace_engineer_interview.txt,2,0,0.0444444444444444,0.0,0.0111111111111111,0.0372874438364637,,,,,,,,,,
221,2024-09-08 11:52:25,aerospace_engineer_interview.txt,3,0,0.0612244897959183,0.0,0.0306122448979591,0.047097992667724,,,,,,,,,,
221,2024-09-08 11:52:25,bartender_interview.txt,1,0,0.0636363636363636,0.0,0.009090909090909,0.0802144581933062,,,,,,,,,,
221,2024-09-08 11:52:25,bartender_interview.txt,2,0,0.072072072072072,0.0,0.0,0.0542195723652842,,,,,,,,,,
221,2024-09-08 11:52:25,bartender_interview.txt,3,0,0.0588235294117647,0.0,0.0,0.0973387164224358,,,,,,,,,,
221,2024-09-08 11:52:25,natural_language_processing_engineer_interview.txt,1,0,0.05,0.0,0.025,0.0164392722606681,,,,,,,,,,
221,2024-09-08 11:52:25,natural_language_processing_engineer_interview.txt,2,0,0.0381679389312977,0.0,0.0229007633587786,0.0706681390294403,,,,,,,,,,
221,2024-09-08 11:52:25,natural_language_processing_engineer_interview.txt,3,0,0.1185185185185185,0.0074074074074074,0.0,0.0796851750714229,,,,,,,,,,
221,2024-09-08 11:52:25,cto_of_a_fintec_interview.txt,1,0,0.0714285714285714,0.0,0.0158730158730158,0.0542815808204184,,,,,,,,,,
221,2024-09-08 11:52:25,cto_of_a_fintec_interview.txt,2,0,0.056,0.008,0.008,0.0907334966492485,,,,,,,,,,
221,2024-09-08 11:52:25,cto_of_a_fintec_interview.txt,3,0,0.073170731707317,0.0,0.0,0.0552888252461915,,,,,,,,,,
221,2024-09-08 11:52:25,database_administrator_interview.txt,1,0,0.0660377358490566,0.0,0.0,0.0548225848771237,,,,,,,,,,
221,2024-09-08 11:52:25,database_administrator_interview.txt,2,0,0.0338983050847457,0.0,0.0,0.024114343310107,,,,,,,,,,
221,2024-09-08 11:52:25,database_administrator_interview.txt,3,0,0.0935251798561151,0.0287769784172661,0.0287769784172661,0.104152812248344,,,,,,,,,,
221,2024-09-08 11:52:25,nuclear_engineer_interview.txt,1,0,0.0892857142857142,0.0,0.0089285714285714,0.0449991497095448,,,,,,,,,,
221,2024-09-08 11:52:25,nuclear_engineer_interview.txt,2,0,0.0421052631578947,0.0,0.0,0.0757479536132003,,,,,,,,,,
221,2024-09-08 11:52:25,nuclear_engineer_interview.txt,3,0,0.0660377358490566,0.0,0.0283018867924528,0.1100773347441114,,,,,,,,,,
221,2024-09-08 11:52:25,pharmacist_interview.txt,1,0,0.0654205607476635,0.0,0.0093457943925233,0.0,,,,,,,,,,
221,2024-09-08 11:52:25,pharmacist_interview.txt,2,0,0.0441176470588235,0.0,0.0,0.0690132425340739,,,,,,,,,,
221,2024-09-08 11:52:25,pharmacist_interview.txt,3,0,0.0842105263157894,0.0421052631578947,0.0,0.0934611119352368,,,,,,,,,,
221,2024-09-08 11:52:25,chef_interview.txt,1,0,0.0588235294117647,0.0,0.0,0.0332256967857307,,,,,,,,,,
221,2024-09-08 11:52:25,chef_interview.txt,2,0,0.0642857142857142,0.0,0.0142857142857142,0.0765835105514407,,,,,,,,,,
221,2024-09-08 11:52:25,chef_interview.txt,3,0,0.0543478260869565,0.0,0.0,0.0449413215361284,,,,,,,,,,
221,2024-09-08 11:52:25,hotel_manager_interview.txt,1,0,0.040650406504065,0.0,0.008130081300813,0.1413053520565927,,,,,,,,,,
221,2024-09-08 11:52:25,hotel_manager_interview.txt,2,0,0.0948275862068965,0.0,0.0,0.1099607806113364,,,,,,,,,,
221,2024-09-08 11:52:25,hotel_manager_interview.txt,3,0,0.0873015873015873,0.0079365079365079,0.0,0.0983426079695328,,,,,,,,,,
221,2024-09-08 11:52:25,mobile_app_developer_interview.txt,1,0,0.0526315789473684,0.0,0.0,0.1013216232627603,,,,,,,,,,
221,2024-09-08 11:52:25,mobile_app_developer_interview.txt,2,0,0.024390243902439,0.0,0.016260162601626,0.0251933432248417,,,,,,,,,,
221,2024-09-08 11:52:25,mobile_app_developer_interview.txt,3,0,0.0465116279069767,0.0,0.0387596899224806,0.0713877057334111,,,,,,,,,,
221,2024-09-08 11:52:25,graphic_designer_interview.txt,1,0,0.0701754385964912,0.0,0.0087719298245614,0.0907194463199692,,,,,,,,,,
221,2024-09-08 11:52:25,graphic_designer_interview.txt,2,0,0.0338983050847457,0.0,0.0169491525423728,0.1235217831475955,,,,,,,,,,
221,2024-09-08 11:52:25,graphic_designer_interview.txt,3,0,0.0827067669172932,0.0,0.0,0.1745280411231842,,,,,,,,,,
221,2024-09-08 11:52:25,geotechnical_engineer_interview.txt,1,0,0.0512820512820512,0.0,0.0256410256410256,0.0319974506476605,,,,,,,,,,
221,2024-09-08 11:52:25,geotechnical_engineer_interview.txt,2,0,0.0806451612903225,0.0,0.0161290322580645,0.0214325208060958,,,,,,,,,,
221,2024-09-08 11:52:25,geotechnical_engineer_interview.txt,3,0,0.058252427184466,0.0,0.0097087378640776,0.0773230010696247,,,,,,,,,,
221,2024-09-08 11:52:25,gardener_interview.txt,1,0,0.048076923076923,0.0,0.0,0.0456965816968714,,,,,,,,,,
221,2024-09-08 11:52:25,gardener_interview.txt,2,0,0.0598290598290598,0.0,0.0085470085470085,0.1140851410160635,,,,,,,,,,
221,2024-09-08 11:52:25,gardener_interview.txt,3,0,0.0606060606060606,0.0,0.0075757575757575,0.0,,,,,,,,,,
221,2024-09-08 11:52:25,ai_software_developer_interview.txt,1,0,0.09,0.0,0.0,0.0111499229117319,,,,,,,,,,
221,2024-09-08 11:52:25,ai_software_developer_interview.txt,2,0,0.0542635658914728,0.0,0.0077519379844961,0.1105557259653508,,,,,,,,,,
221,2024-09-08 11:52:25,ai_software_developer_interview.txt,3,0,0.089430894308943,0.0,0.008130081300813,0.0,,,,,,,,,,
221,2024-09-08 11:52:25,supply_chain_manager_interview.txt,1,0,0.0485436893203883,0.0,0.0097087378640776,0.110396931184179,,,,,,,,,,
221,2024-09-08 11:52:25,supply_chain_manager_interview.txt,2,0,0.0446428571428571,0.0,0.0,0.0139712343151882,,,,,,,,,,
221,2024-09-08 11:52:25,supply_chain_manager_interview.txt,3,0,0.0588235294117647,0.0073529411764705,0.0,0.028340865949965,,,,,,,,,,
221,2024-09-08 11:52:25,cloud_architect_interview.txt,1,0,0.0285714285714285,0.0,0.0380952380952381,0.0391645933980824,,,,,,,,,,
221,2024-09-08 11:52:25,cloud_architect_interview.txt,2,0,0.0708661417322834,0.0,0.0157480314960629,0.0392796140007774,,,,,,,,,,
221,2024-09-08 11:52:25,cloud_architect_interview.txt,3,0,0.0546875,0.0,0.0078125,0.0877736868278276,,,,,,,,,,
221,2024-09-08 11:52:25,mining_engineer_interview.txt,1,0,0.043103448275862,0.0,0.0,0.0623291883426047,,,,,,,,,,
221,2024-09-08 11:52:25,mining_engineer_interview.txt,2,0,0.0526315789473684,0.0,0.0,0.0706375811030402,,,,,,,,,,
221,2024-09-08 11:52:25,mining_engineer_interview.txt,3,0,0.0444444444444444,0.0,0.0222222222222222,0.0358635620371859,,,,,,,,,,
221,2024-09-08 11:52:25,devops_engineer_interview.txt,1,0,0.0977443609022556,0.0601503759398496,0.0,0.07311065388755,,,,,,,,,,
221,2024-09-08 11:52:25,devops_engineer_interview.txt,2,0,0.0614035087719298,0.0,0.0263157894736842,0.148397515332583,,,,,,,,,,
221,2024-09-08 11:52:25,devops_engineer_interview.txt,3,0,0.0842105263157894,0.0,0.0105263157894736,0.0,,,,,,,,,,
221,2024-09-08 11:52:25,system_administrator_interview.txt,1,0,0.0408163265306122,0.0,0.0204081632653061,0.0332782663987651,,,,,,,,,,
221,2024-09-08 11:52:25,system_administrator_interview.txt,2,0,0.0560747663551401,0.0,0.0186915887850467,0.0204433907247207,,,,,,,,,,
221,2024-09-08 11:52:25,system_administrator_interview.txt,3,0,0.0921052631578947,0.0,0.0,0.1253139835189771,,,,,,,,,,
221,2024-09-08 11:52:25,content_writer_interview.txt,1,0,0.0769230769230769,0.0,0.0109890109890109,0.055124321075318,,,,,,,,,,
221,2024-09-08 11:52:25,content_writer_interview.txt,2,0,0.0454545454545454,0.0,0.0113636363636363,0.1019393483798434,,,,,,,,,,
221,2024-09-08 11:52:25,content_writer_interview.txt,3,0,0.0518518518518518,0.0,0.0222222222222222,0.0877565421919958,,,,,,,,,,
221,2024-09-08 11:52:25,transportation_engineer_interview.txt,1,0,0.0656934306569343,0.0,0.0145985401459854,0.1117562157628961,,,,,,,,,,
221,2024-09-08 11:52:25,transportation_engineer_interview.txt,2,0,0.0241935483870967,0.0080645161290322,0.0161290322580645,0.0349067186143281,,,,,,,,,,
221,2024-09-08 11:52:25,transportation_engineer_interview.txt,3,0,0.0763358778625954,0.0,0.0076335877862595,0.1166303786213575,,,,,,,,,,
221,2024-09-08 11:52:25,lorry_driver_interview.txt,1,0,0.0454545454545454,0.0,0.0,0.0916819840397446,,,,,,,,,,
221,2024-09-08 11:52:25,lorry_driver_interview.txt,2,0,0.0458015267175572,0.0,0.0076335877862595,0.0567176989464362,,,,,,,,,,
221,2024-09-08 11:52:25,lorry_driver_interview.txt,3,0,0.0413223140495867,0.0,0.0,0.1123148981401632,,,,,,,,,,
221,2024-09-08 11:52:25,dentist_interview.txt,1,0,0.0592592592592592,0.0,0.0074074074074074,0.0704318199356172,,,,,,,,,,
221,2024-09-08 11:52:25,dentist_interview.txt,2,0,0.0526315789473684,0.0,0.0087719298245614,0.0940702620980976,,,,,,,,,,
221,2024-09-08 11:52:25,dentist_interview.txt,3,0,0.0555555555555555,0.0,0.0,0.1371066698362683,,,,,,,,,,
221,2024-09-08 11:52:25,physicist_interview.txt,1,0,0.0608695652173913,0.0,0.008695652173913,0.1139810973689073,,,,,,,,,,
221,2024-09-08 11:52:25,physicist_interview.txt,2,0,0.0508474576271186,0.0,0.0423728813559322,0.1136156482515152,,,,,,,,,,
221,2024-09-08 11:52:25,physicist_interview.txt,3,0,0.0503597122302158,0.0,0.0071942446043165,0.062641834791487,,,,,,,,,,
221,2024-09-08 11:52:25,architect_interview.txt,1,0,0.0459770114942528,0.0,0.0229885057471264,0.0,,,,,,,,,,
221,2024-09-08 11:52:25,architect_interview.txt,2,0,0.0687022900763358,0.0,0.0229007633587786,0.0876209078759001,,,,,,,,,,
221,2024-09-08 11:52:25,architect_interview.txt,3,0,0.0606060606060606,0.0378787878787878,0.0227272727272727,0.0480218505844039,,,,,,,,,,
221,2024-09-08 11:52:25,materials_engineer_interview.txt,1,0,0.0454545454545454,0.0,0.0181818181818181,0.0329382443745014,,,,,,,,,,
221,2024-09-08 11:52:25,materials_engineer_interview.txt,2,0,0.057471264367816,0.0,0.0114942528735632,0.0418562922438496,,,,,,,,,,
221,2024-09-08 11:52:25,materials_engineer_interview.txt,3,0,0.059322033898305,0.0,0.0,0.0236745237289426,,,,,,,,,,
221,2024-09-08 11:52:25,computer_vision_engineer_interview.txt,1,0,0.0825688073394495,0.0,0.018348623853211,0.0651242189442417,,,,,,,,,,
221,2024-09-08 11:52:25,computer_vision_engineer_interview.txt,2,0,0.08,0.0,0.0,0.0806504300442508,,,,,,,,,,
221,2024-09-08 11:52:25,computer_vision_engineer_interview.txt,3,0,0.0564516129032258,0.0,0.0,0.0739659279494996,,,,,,,,,,
221,2024-09-08 11:52:25,data_scientist_interview.txt,1,0,0.0847457627118644,0.0,0.0084745762711864,0.0,,,,,,,,,,
221,2024-09-08 11:52:25,data_scientist_interview.txt,2,0,0.089430894308943,0.016260162601626,0.0,0.0524078414472835,,,,,,,,,,
221,2024-09-08 11:52:25,data_scientist_interview.txt,3,0,0.104,0.0,0.008,0.0,,,,,,,,,,
221,2024-09-08 11:52:25,structural_engineer_interview.txt,1,0,0.0827067669172932,0.0,0.0075187969924812,0.1294579871455792,,,,,,,,,,
221,2024-09-08 11:52:25,structural_engineer_interview.txt,2,0,0.056,0.0,0.016,0.0444434820554314,,,,,,,,,,
221,2024-09-08 11:52:25,structural_engineer_interview.txt,3,0,0.0747663551401869,0.0,0.0093457943925233,0.0492461992698414,,,,,,,,,,
221,2024-09-08 11:52:25,ai_ethicist_interview.txt,1,0,0.0671641791044776,0.0597014925373134,0.0,0.0,,,,,,,,,,
221,2024-09-08 11:52:25,ai_ethicist_interview.txt,2,0,0.0869565217391304,0.0608695652173913,0.0260869565217391,0.0463364020063631,,,,,,,,,,
221,2024-09-08 11:52:25,ai_ethicist_interview.txt,3,0,0.0962962962962963,0.0518518518518518,0.0,0.0627334709480612,,,,,,,,,,
221,2024-09-08 11:52:25,sales_manager_interview.txt,1,0,0.0454545454545454,0.0,0.0227272727272727,0.0927529785536527,,,,,,,,,,
221,2024-09-08 11:52:25,sales_manager_interview.txt,2,0,0.0727272727272727,0.0,0.0,0.1185601973267088,,,,,,,,,,
221,2024-09-08 11:52:25,sales_manager_interview.txt,3,0,0.0444444444444444,0.0,0.0,0.106219738259975,,,,,,,,,,
221,2024-09-08 11:52:25,frontend_developer_interview.txt,1,0,0.0338983050847457,0.0,0.0,0.0463880667322203,,,,,,,,,,
221,2024-09-08 11:52:25,frontend_developer_interview.txt,2,0,0.048076923076923,0.0,0.0192307692307692,0.0316033064174671,,,,,,,,,,
221,2024-09-08 11:52:25,frontend_developer_interview.txt,3,0,0.0677966101694915,0.0,0.0084745762711864,0.1521935579294296,,,,,,,,,,
221,2024-09-08 11:52:25,public_relations_specialist_interview.txt,1,0,0.0707070707070707,0.0,0.0,0.0612498751422564,,,,,,,,,,
221,2024-09-08 11:52:25,public_relations_specialist_interview.txt,2,0,0.1025641025641025,0.0341880341880341,0.0,0.0,,,,,,,,,,
221,2024-09-08 11:52:25,public_relations_specialist_interview.txt,3,0,0.0517241379310344,0.0,0.0086206896551724,0.1004132052736,,,,,,,,,,
221,2024-09-08 11:52:25,logistics_coordinator_interview.txt,1,0,0.0603448275862069,0.0,0.0344827586206896,0.0536258473420191,,,,,,,,,,
221,2024-09-08 11:52:25,logistics_coordinator_interview.txt,2,0,0.053763440860215,0.0,0.0,0.0355816989033996,,,,,,,,,,
221,2024-09-08 11:52:25,logistics_coordinator_interview.txt,3,0,0.054054054054054,0.0,0.0,0.041870378325629,,,,,,,,,,
221,2024-09-08 11:52:25,nurse_interview.txt,1,0,0.0652173913043478,0.0,0.0217391304347826,0.0792010942258981,,,,,,,,,,
221,2024-09-08 11:52:25,nurse_interview.txt,2,0,0.0514705882352941,0.0,0.0147058823529411,0.1370661560765469,,,,,,,,,,
221,2024-09-08 11:52:25,nurse_interview.txt,3,0,0.054054054054054,0.0,0.036036036036036,0.1152664333805689,,,,,,,,,,
221,2024-09-08 11:52:25,chemist_interview.txt,1,0,0.0727272727272727,0.0,0.0181818181818181,0.0527446151325422,,,,,,,,,,
221,2024-09-08 11:52:25,chemist_interview.txt,2,0,0.1075268817204301,0.0,0.0,0.1152384730306447,,,,,,,,,,
221,2024-09-08 11:52:25,chemist_interview.txt,3,0,0.0697674418604651,0.0,0.0077519379844961,0.0643850449549886,,,,,,,,,,
221,2024-09-08 11:52:25,manufacturing_engineer_interview.txt,1,0,0.0687022900763358,0.015267175572519,0.0229007633587786,0.0482168090314157,,,,,,,,,,
221,2024-09-08 11:52:25,manufacturing_engineer_interview.txt,2,0,0.0446428571428571,0.0,0.0089285714285714,0.0834938300109287,,,,,,,,,,
221,2024-09-08 11:52:25,manufacturing_engineer_interview.txt,3,0,0.0602409638554216,0.0,0.0,0.0635358168333495,,,,,,,,,,
221,2024-09-08 11:52:25,veterinarian_interview.txt,1,0,0.048076923076923,0.0,0.0096153846153846,0.0969298964109895,,,,,,,,,,
221,2024-09-08 11:52:25,veterinarian_interview.txt,2,0,0.05,0.0142857142857142,0.0,0.0695811870523281,,,,,,,,,,
221,2024-09-08 11:52:25,veterinarian_interview.txt,3,0,0.032520325203252,0.0,0.016260162601626,0.0394390204432756,,,,,,,,,,
221,2024-09-08 11:52:25,event_planner_interview.txt,1,0,0.0373134328358208,0.0,0.0,0.099059528098622,,,,,,,,,,
221,2024-09-08 11:52:25,event_planner_interview.txt,2,0,0.078125,0.0,0.0078125,0.0271201838699979,,,,,,,,,,
221,2024-09-08 11:52:25,event_planner_interview.txt,3,0,0.048076923076923,0.0,0.0,0.1572289573335409,,,,,,,,,,
221,2024-09-08 11:52:25,seo_specialist_interview.txt,1,0,0.0306122448979591,0.0,0.0,0.0418630458366323,,,,,,,,,,
221,2024-09-08 11:52:25,seo_specialist_interview.txt,2,0,0.0561797752808988,0.0,0.0,0.0469111864526693,,,,,,,,,,
221,2024-09-08 11:52:25,seo_specialist_interview.txt,3,0,0.0648148148148148,0.0,0.0092592592592592,0.1552382553045406,,,,,,,,,,
221,2024-09-08 11:52:25,procurement_specialist_interview.txt,1,0,0.1349206349206349,0.0079365079365079,0.0,0.0,,,,,,,,,,
221,2024-09-08 11:52:25,procurement_specialist_interview.txt,2,0,0.0467289719626168,0.0,0.0,0.0290324715415137,,,,,,,,,,
221,2024-09-08 11:52:25,procurement_specialist_interview.txt,3,0,0.0614035087719298,0.0,0.0087719298245614,0.0990984254553111,,,,,,,,,,
221,2024-09-08 11:52:25,aerospace_engineer_interview.txt,-999,0,0.0548308212173758,0.0,0.0178293539638077,0.0480739626699158,0.0090746222810393,-25.669764710767254,0.0,0.0,0.011075130789614,1.5910790693874617,0.0113061410215475,-49.35193438837489,76.0,76.0
221,2024-09-08 11:52:25,agricultural_engineer_interview.txt,-999,0,0.0456377917911273,0.0,0.0109669211195928,0.011394722776523,0.0069730377729906,-38.13209930839952,0.0,0.0,0.0114809600183229,-37.51084010840108,0.0098783166486343,-87.99515091413978,94.0,100.0
221,2024-09-08 11:52:25,ai_ethicist_interview.txt,-999,0,0.0834723323799681,0.0574743032021855,0.008695652173913,0.0363566243181414,0.014875306539273,13.157490042805776,0.0049040868504378,0.0,0.0150613113701641,-50.45245669848003,0.0325356583816519,-61.69667338376586,11.0,91.0
221,2024-09-08 11:52:25,ai_professor_interview.txt,-999,0,0.0658976546369447,0.0,0.0130909255756256,0.0340822291710896,0.0113684743774216,-10.66724762786393,0.0,0.0,0.0039311982797189,-25.408331791241707,0.0420786958568103,-64.09285019626586,42.0,92.0
221,2024-09-08 11:52:25,ai_software_developer_interview.txt,-999,0,0.0778981534001386,0.0,0.0052940064284363,0.0405685496256942,0.0204701310535737,5.600972997904805,0.0,0.0,0.0045886409905508,-69.8349235335802,0.0608665247425301,-57.25922205916984,17.0,88.0
221,2024-09-08 11:52:25,architect_interview.txt,-999,0,0.0584284540588831,0.0126262626262626,0.0228721806110592,0.0452142528201013,0.0115180748983522,-20.792710352355343,0.0218693283783949,0.0,0.0001329413508501,30.324941311064123,0.0438778740158845,-52.36476636767525,62.0,78.0
221,2024-09-08 11:52:25,astronomer_interview.txt,-999,0,0.0636476812947401,0.0052910052910052,0.0059134765017117,0.0224049461475774,0.0245101744373458,-13.717376081303383,0.0091642899871369,0.0,0.0052056422918386,-66.30520320142512,0.0195158607931298,-76.39538911533178,49.0,97.0
221,2024-09-08 11:52:25,backend_developer_interview.txt,-999,0,0.0525201180281394,0.0,0.0060062486533074,0.0863875677914038,0.0090964815246191,-28.80222028823532,0.0,0.0,0.0052367468209077,-65.77659049861344,0.0423274975700418,-8.986841139563666,83.0,16.0
221,2024-09-08 11:52:25,barista_interview.txt,-999,0,0.0690503124326653,0.0,0.0081663434604611,0.087702429243304,0.0185405746278981,-6.393414215569763,0.0,0.0,0.0084133830483931,-53.46844053443765,0.0174195882811321,-7.601575906837013,33.0,14.0
221,2024-09-08 11:52:25,bartender_interview.txt,-999,0,0.0648439883734001,0.0,0.003030303030303,0.0772575823270087,0.0067063208083585,-12.095627862679308,0.0,0.0,0.0052486388108147,-82.73343187977335,0.0217111142556495,-18.605688373125343,44.0,27.0
221,2024-09-08 11:52:25,biologist_interview.txt,-999,0,0.0680868838763575,0.01,0.0063492063492063,0.0489864703554579,0.0312272387653812,-7.699465623970511,0.0173205080756887,0.0,0.0109971479845643,-63.822428700477474,0.0437409249891785,-48.3905668088853,36.0,74.0
221,2024-09-08 11:52:25,biomedical_engineer_interview.txt,-999,0,0.0856556387346051,0.0,0.0033003300330033,0.0789197619677442,0.0227655924444408,16.117242814066884,0.0,0.0,0.0057163392989071,-81.19482679975314,0.0318817554345985,-16.854507924775135,8.0,25.0
221,2024-09-08 11:52:25,business_analyst_interview.txt,-999,0,0.0585843957936981,0.0,0.0093334027442554,0.0268847086642488,0.0063976986254578,-20.581311259967933,0.0,0.0,0.0016198096651814,-46.81857468852488,0.0465656813531662,-71.67575933513768,61.0,95.0
221,2024-09-08 11:52:25,business_intelligence_analyst_interview.txt,-999,0,0.0719487795118047,0.0,0.0128851540616246,0.1003877971033804,0.0093548488258834,-2.4641690358121764,0.0,0.0,0.0111623859076589,-26.580811186263105,0.0562029429299538,5.763025386719647,30.0,8.0
221,2024-09-08 11:52:25,chef_interview.txt,-999,0,0.0591523565948118,0.0,0.0047619047619047,0.0515835096244333,0.0049770976432038,-19.811367293335067,0.0,0.0,0.0082478609884232,-72.86682152535812,0.0224290882691609,-45.654470011661154,59.0,69.0
221,2024-09-08 11:52:25,chemical_engineer_interview.txt,-999,0,0.0744125939849624,0.0,0.0156272377372001,0.0708178587504109,0.0034071169264032,0.8758485935570519,0.0,0.0,0.0054242753193317,-10.95650757628681,0.0689536349550145,-25.390224619236847,25.0,39.0
221,2024-09-08 11:52:25,chemist_interview.txt,-999,0,0.0833405321027226,0.0,0.0086445853887714,0.0774560443727252,0.0209982089846374,12.978817803336623,0.0,0.0,0.0091237186848588,-50.74343357950845,0.0332341516828835,-18.396599748959304,12.0,26.0
221,2024-09-08 11:52:25,civil_engineer_interview.txt,-999,0,0.0748457883658269,0.0,0.011100938334159,0.0633969770053524,0.012732133342275,1.463099332114922,0.0,0.0,0.0034094988331135,-36.74721437808669,0.017188509235205,-33.20845479303192,23.0,52.0
221,2024-09-08 11:52:25,cloud_architect_interview.txt,-999,0,0.0513750234345706,0.0,0.0205519231971003,0.0554059647422291,0.0213410418229086,-30.354543391895504,0.0,0.0,0.0157025185318364,17.10419002185195,0.0280313285841514,-41.62734291725233,85.0,62.0
221,2024-09-08 11:52:25,computer_vision_engineer_interview.txt,-999,0,0.0730068067475584,0.0,0.0061162079510703,0.0732468589793307,0.01439463529251,-1.0298769418781577,0.0,0.0,0.0105935829209105,-65.1500459958728,0.0077880423033267,-22.831164451684472,29.0,36.0
221,2024-09-08 11:52:25,construction_manager_interview.txt,-999,0,0.0845533482626598,0.0,0.0189321197235666,0.076807083260755,0.0285329359907958,14.622946206471797,0.0,0.0,0.0084526221862361,7.874602506192673,0.0695745010677526,-19.0803092489258,10.0,29.0
221,2024-09-08 11:52:25,content_writer_interview.txt,-999,0,0.0580764914098247,0.0,0.0148582898582898,0.0816067372157191,0.0166320991283872,-21.269841023329874,0.0,0.0,0.0063801027372806,-15.337947583882524,0.0240057653765828,-14.02365955908776,65.0,22.0
221,2024-09-08 11:52:25,cto_of_a_fintec_interview.txt,-999,0,0.0668664343786295,0.0026666666666666,0.0079576719576719,0.0667679675719528,0.0094508374067066,-9.353941998947818,0.004618802153517,0.0,0.007936592592141,-54.65744397126511,0.0207608663908648,-29.656965755907265,40.0,45.0
221,2024-09-08 11:52:25,customer_service_representative_interview.txt,-999,0,0.0581985266195792,0.0,0.0059542796384901,0.0671208891698068,0.0164720762626921,-21.104406589680565,0.0,0.0,0.005159023304182,-66.07270825499324,0.0489025078385463,-29.28514709875597,64.0,43.0
221,2024-09-08 11:52:25,cybersecurity_specialist_interview.txt,-999,0,0.0773109926377253,0.0202599644579842,0.008,0.0511719302908732,0.0215075743575556,4.805001012554371,0.0111223276261782,0.0,0.013856406460551,-54.41626016260162,0.0555235444498658,-46.08808721175909,20.0,70.0
221,2024-09-08 11:52:25,data_engineer_interview.txt,-999,0,0.1198984478054245,0.0025641025641025,0.0056142823584684,0.0658105039181166,0.0361913764231097,62.537777810389,0.0044411559168432,0.0,0.0049079869301384,-68.01000169973511,0.0781642140642681,-30.665696454751668,1.0,48.0
221,2024-09-08 11:52:25,data_scientist_interview.txt,-999,0,0.0927255523402691,0.005420054200542,0.0054915254237288,0.0174692804824278,0.0100410403865582,25.701420656309736,0.0093878092551158,0.0,0.0047617165254651,-68.70946672178586,0.0302576813672363,-81.5953332131787,2.0,99.0
221,2024-09-08 11:52:25,database_administrator_interview.txt,-999,0,0.0644870735966391,0.0095923261390887,0.0095923261390887,0.0610299134785249,0.0298436670638168,-12.579471780129891,0.0166143962356726,0.0,0.0166143962356726,-45.34323760503791,0.0403786741209838,-35.70226188018239,46.0,55.0
221,2024-09-08 11:52:25,dentist_interview.txt,-999,0,0.0558154645873944,0.0,0.0053931124106562,0.1005362506233277,0.0033214757424644,-24.334953891879323,0.0,0.0,0.0047201405129731,-69.27022086985002,0.033804447311336,5.919427796693483,74.0,6.0
221,2024-09-08 11:52:25,devops_engineer_interview.txt,-999,0,0.0811194653299916,0.0200501253132832,0.0122807017543859,0.073836056406711,0.0183665559347143,9.967875925306274,0.0347278357407293,0.0,0.0132453235706504,-30.024960775923542,0.0742014170742861,-22.210418661181293,14.0,35.0
221,2024-09-08 11:52:25,digital_marketing_specialist_interview.txt,-999,0,0.0566753539345686,0.0,0.0098898021657708,0.0832511521109623,0.018437893884227,-23.169263207715147,0.0,0.0,0.001141597288879,-43.64822887902008,0.0721138721343955,-12.291195063101242,69.0,19.0
221,2024-09-08 11:52:25,doctor_interview.txt,-999,0,0.0602297484650425,0.0,0.0097643097643097,0.0522903051616822,0.0089849186448038,-18.350823944996904,0.0,0.0,0.0091654259857348,-44.36328050149187,0.0202047210831162,-44.90982936303435,57.0,67.0
221,2024-09-08 11:52:25,electrical_engineer_interview.txt,-999,0,0.0882428940568475,0.0066666666666666,0.0034722222222222,0.039980860416496,0.0102279568387673,19.62460040211357,0.0115470053837925,0.0,0.0060140653040586,-80.21539069557362,0.0105493860274732,-57.87837887449393,4.0,90.0
221,2024-09-08 11:52:25,environmental_engineer_interview.txt,-999,0,0.0850391671820243,0.0,0.0146464646464646,0.0757482535843909,0.0057403325072782,15.28153628013058,0.0,0.0,0.0137481389786022,-16.54492075223783,0.0665124574639047,-20.19583357730795,9.0,31.0
221,2024-09-08 11:52:25,environmental_scientist_interview.txt,-999,0,0.0539188210091536,0.0,0.0164064483371414,0.08260450506481,0.0118172493974848,-26.906098374132185,0.0,0.0,0.0206568954496431,-6.516590918003615,0.0269700022423844,-12.97246659143272,82.0,20.0
221,2024-09-08 11:52:25,event_planner_interview.txt,-999,0,0.0545051186375813,0.0,0.0026041666666666,0.0944695564340536,0.021151531321009,-26.111296477991004,0.0,0.0,0.0045105489780439,-85.16154302168022,0.0651757172032501,-0.4721053384833027,77.0,12.0
221,2024-09-08 11:52:25,financial_analyst_interview.txt,-999,0,0.0676149780212825,0.0029498525073746,0.0116001867826685,0.1144640016456769,0.0109990487697447,-8.339194748271481,0.0051092944176073,0.0,0.0104294293817635,-33.902512954201285,0.0486399351293362,20.59293520954837,38.0,3.0
221,2024-09-08 11:52:25,fire_protection_engineer_interview.txt,-999,0,0.0776808785529715,0.0240402362495385,0.0107281284606865,0.0328066995261925,0.0203276775675911,5.306428977702481,0.0201060034230084,0.0,0.0041775518863019,-38.87147291323412,0.029641073128454,-65.43667761461074,18.0,94.0
221,2024-09-08 11:52:25,focus_group_interview.txt,-999,0,0.0588235294117647,0.0,0.0,0.0,0.0,-20.25713486242709,0.0,0.0,0.0,-100.0,0.0,-100.0,60.0,101.0
221,2024-09-08 11:52:25,frontend_developer_interview.txt,-999,0,0.0499239461103867,0.0,0.0092351151673185,0.0767283103597056,0.0170244645281205,-32.32166546912747,0.0,0.0,0.0096379165726401,-47.37861410556739,0.0657715742358427,-19.163300016467915,89.0,30.0
221,2024-09-08 11:52:25,full_stack_developer_interview.txt,-999,0,0.0856615145329056,0.0123456790123456,0.0101876154369592,0.0483128022847362,0.0734655887063416,16.12520821492147,0.0213833433033194,0.0,0.0040072722095984,-41.95129854477313,0.0514378645862778,-49.10030619277265,7.0,75.0
221,2024-09-08 11:52:25,game_developer_interview.txt,-999,0,0.0521700521700521,0.0,0.0183890183890183,0.0658134742018097,0.0083272280313069,-29.27677961491757,0.0,0.0,0.0047618055766234,4.7800287637686125,0.0101708631617814,-30.662567128292565,84.0,47.0
221,2024-09-08 11:52:25,gardener_interview.txt,-999,0,0.0561706811706811,0.0,0.0053742553742553,0.0532605742376449,0.0070201583039181,-23.853412094253,0.0,0.0,0.0046795082789833,-69.37766765002537,0.057417465439807,-43.88760758036767,72.0,66.0
221,2024-09-08 11:52:25,geneticist_interview.txt,-999,0,0.0611336032388664,0.0096153846153846,0.0101407364565259,0.0973580478295555,0.0279117427581266,-17.125532466336153,0.0166543346881622,0.0,0.008783849262908,-42.21841345076261,0.0114069685173857,2.571049283957322,55.0,9.0
221,2024-09-08 11:52:25,geologist_interview.txt,-999,0,0.0897087359987703,0.0,0.0084852734922861,0.0625965489539741,0.0186570725171784,21.61173781900534,0.0,0.0,0.0087032835354668,-51.651187584807126,0.0571174070875316,-34.05174147488816,3.0,53.0
221,2024-09-08 11:52:25,geotechnical_engineer_interview.txt,-999,0,0.0633932132522799,0.0,0.0171595985877226,0.0435843241744603,0.0153417345298937,-14.062340264762668,0.0,0.0,0.0080159839490695,-2.225165282882997,0.0296922241439828,-54.08196895306461,50.0,82.0
221,2024-09-08 11:52:25,graphic_designer_interview.txt,-999,0,0.06226017019951,0.0,0.0085736941223114,0.129589756863583,0.0253486704180317,-15.598325953748244,0.0,0.0,0.0084763150024872,-51.14736971039053,0.0422325155476891,36.5285935192658,54.0,1.0
221,2024-09-08 11:52:25,hotel_manager_interview.txt,-999,0,0.0742598600041829,0.0026455026455026,0.002710027100271,0.1165362468791539,0.029348878825487,0.6687980246263123,0.0045821449935684,0.0,0.0046939046275579,-84.55835371361843,0.0222233416108369,22.77613806447352,26.0,2.0
221,2024-09-08 11:52:25,human_resources_manager_interview.txt,-999,0,0.0639151864060417,0.0,0.0236426564141502,0.0579282148176675,0.0148051245436644,-13.354738473063108,0.0,0.0,0.007475764681373,34.71508738095281,0.0734851947736557,-38.97003987388016,48.0,58.0
221,2024-09-08 11:52:25,industrial_engineer_interview.txt,-999,0,0.0786461242176215,0.0,0.0231474883646284,0.056356248609007,0.0158844724236964,6.614943710336263,0.0,0.0,0.01226823742033,31.8936359378038,0.0528215330852058,-40.62617644456724,16.0,59.0
221,2024-09-08 11:52:25,it_manager_interview.txt,-999,0,0.0471973372676066,0.0,0.0051092318534179,0.1004112410170443,0.0142018613496248,-36.0179346900839,0.0,0.0,0.0044256013696548,-70.88776305310621,0.072368648424168,5.787724596260446,92.0,7.0
221,2024-09-08 11:52:25,logistics_coordinator_interview.txt,-999,0,0.0560541075001586,0.0,0.0114942528735632,0.0436926415236826,0.0037187125661607,-24.01144270853316,0.0,0.0,0.019908629972056,-34.50612092327819,0.0091590559333901,-53.96785179055914,73.0,81.0
221,2024-09-08 11:52:25,lorry_driver_interview.txt,-999,0,0.0441927954072298,0.0,0.0025445292620865,0.086904860375448,0.0024919563434483,-40.09097788841164,0.0,0.0,0.0044072539632795,-85.50135501355014,0.0281047651195438,-8.44185031122339,95.0,15.0
221,2024-09-08 11:52:25,machine_learning_engineer_interview copy.txt,-999,0,0.0562621684401264,0.0,0.005050505050505,0.0497500160439961,0.0042442491900368,-23.72938932543694,0.0,0.0,0.0087477313513579,-71.2223864662889,0.0434329688699764,-47.5861373426463,71.0,73.0
221,2024-09-08 11:52:25,machine_learning_engineer_interview.txt,-999,0,0.0385854007633587,0.0,0.0,0.0267045408274778,0.0335679132464095,-47.69252304102073,0.0,0.0,0.0,-100.0,0.0462536215059891,-71.86557419355775,100.0,96.0
221,2024-09-08 11:52:25,manufacturing_engineer_interview.txt,-999,0,0.0578620370248715,0.005089058524173,0.01060977826245,0.0650821519585646,0.012204857554227,-21.56056154398705,0.0088145079265591,0.0,0.0115425769617275,-39.54582849399921,0.0176892740534159,-31.43304775651628,66.0,49.0
221,2024-09-08 11:52:25,marine_engineer_interview.txt,-999,0,0.0663451012588943,0.0026041666666666,0.0147321428571428,0.0635955669632064,0.0085941694008704,-10.060676142147244,0.0045105489780439,0.0,0.0143066253205018,-16.05672909407666,0.0563358613200052,-32.99923140771915,41.0,51.0
221,2024-09-08 11:52:25,marketing_manager_interview.txt,-999,0,0.0574734490678158,0.0,0.0056307911617961,0.0433353117732308,0.010230270987519,-22.08734253389796,0.0,0.0,0.0048827850487395,-67.91593507524526,0.0335050053371757,-54.34431463324448,67.0,83.0
221,2024-09-08 11:52:25,materials_engineer_interview.txt,-999,0,0.0540826145735555,0.0,0.0098920236851271,0.0328230201157645,0.0075292110812194,-26.68405511615161,0.0,0.0,0.0091961938799908,-43.63557073397275,0.0090914319034334,-65.41948314497358,79.0,93.0
221,2024-09-08 11:52:25,mechanical_engineer_interview.txt,-999,0,0.0708540513494073,0.0,0.0029239766081871,0.0506481015165538,0.0086671076461903,-3.948213959490204,0.0,0.0,0.005064476045523,-83.3392763752199,0.0135803186403236,-46.639964208318496,32.0,72.0
221,2024-09-08 11:52:25,meteorologist_interview.txt,-999,0,0.0676512666704869,0.0,0.0157341100834086,0.0407192739003882,0.0157789142996009,-8.290000813659404,0.0,0.0,0.000801866882806,-10.34755242311398,0.0705278512427857,-57.10042730770777,37.0,87.0
221,2024-09-08 11:52:25,microbiologist_interview.txt,-999,0,0.0741036817974113,0.0,0.0024875621890547,0.081667457368724,0.019124697206873,0.4570783640659641,0.0,0.0,0.00430858409843,-85.82595154309752,0.0268522658028084,-13.95968816745406,27.0,21.0
221,2024-09-08 11:52:25,mining_engineer_interview.txt,-999,0,0.0467264905558916,0.0,0.0074074074074074,0.0562767771609436,0.0051577242427647,-36.65622800924079,0.0,0.0,0.0128300059819916,-57.79283348389039,0.0181598970628145,-40.70990316257054,93.0,60.0
221,2024-09-08 11:52:25,mobile_app_developer_interview.txt,-999,0,0.041177816918928,0.0,0.0183399508413688,0.0659675574070043,0.0148569985536164,-44.17816927916228,0.0,0.0,0.019463363791065,4.500443472954331,0.0383524739918186,-30.50023359361124,97.0,46.0
221,2024-09-08 11:52:25,natural_language_processing_engineer_interview.txt,-999,0,0.0688954858166054,0.0024691358024691,0.0159669211195928,0.0555975287871771,0.043380104289694,-6.603301620960735,0.0042766686606638,0.0,0.0138675385756967,-9.02100271002709,0.0342104300673422,-41.42552164481066,34.0,61.0
221,2024-09-08 11:52:25,network_administrator_interview.txt,-999,0,0.0611014125782108,0.0116959064327485,0.0237292955981766,0.0677886964885345,0.0239657375189806,-17.169171050029092,0.0202579041820921,0.0,0.024113132260403,35.208754634001025,0.0437899583450664,-28.581582278708154,56.0,42.0
221,2024-09-08 11:52:25,neuroscientist_interview.txt,-999,0,0.0512170987941831,0.0026666666666666,0.0144143248977901,0.0424897054500683,0.0090189791900086,-30.56863056800105,0.004618802153517,0.0,0.0055555106858179,-17.867645490924716,0.0430262860033163,-55.23519864110567,86.0,85.0
221,2024-09-08 11:52:25,no_persona_interview.txt,-999,0,0.0737665110355415,0.0,0.0175501177142041,0.094917667810953,0.0165572610607534,0.0,0.0,0.0,0.018795860180529,0.0,0.027153427299694,0.0,28.0,11.0
221,2024-09-08 11:52:25,nuclear_engineer_interview.txt,-999,0,0.0658095710975552,0.0,0.0124101527403414,0.0769414793556188,0.0235910531032744,-10.786656202504346,0.0,0.0,0.0144685954856044,-29.287353267737515,0.0325555052122015,-18.938716963776685,43.0,28.0
221,2024-09-08 11:52:25,nurse_interview.txt,-999,0,0.0569140111978986,0.0,0.0241603496079199,0.110511227894338,0.00730603618957,-22.845732570330085,0.0,0.0,0.0108692497785903,37.66488636350152,0.0292241395109772,16.428511617502693,68.0,4.0
221,2024-09-08 11:52:25,occupational_therapist_interview.txt,-999,0,0.0388266702776472,0.0,0.0174767476747674,0.0615201787989723,0.0141881073971164,-47.36545116124561,0.0,0.0,0.0155319870303768,-0.4180600986927913,0.0268749397537979,-35.185745480491875,99.0,54.0
221,2024-09-08 11:52:25,operations_manager_interview.txt,-999,0,0.0828427874432717,0.0,0.0176617295261363,0.0467300039765822,0.0156862924942132,12.304060854060396,0.0,0.0,0.018028582799709,0.6359604747368337,0.0464816574667467,-50.76785486380242,13.0,77.0
221,2024-09-08 11:52:25,petroleum_engineer_interview.txt,-999,0,0.0858856501717322,0.0029498525073746,0.0031446540880503,0.0709193675903395,0.0421831932957591,16.429052921252634,0.0051092944176073,0.0,0.0054467006527323,-82.08186327146291,0.0139780483598758,-25.283280525192325,6.0,38.0
221,2024-09-08 11:52:25,pharmacist_interview.txt,-999,0,0.0645829113740921,0.0140350877192982,0.0031152647975077,0.0541581181564369,0.0200595609157627,-12.449551337767032,0.0243094850185105,0.0,0.0053957969083142,-82.24932249322492,0.0484690715946676,-42.942004997106174,45.0,63.0
221,2024-09-08 11:52:25,physical_therapist_interview.txt,-999,0,0.0776564825783282,0.0023980815347721,0.0071024840101145,0.0753677820916746,0.0263030992224335,5.273357094132464,0.0041535990589181,0.0,0.0063070196502622,-59.53027708545715,0.0262464004677375,-20.59667727847652,19.0,32.0
221,2024-09-08 11:52:25,physicist_interview.txt,-999,0,0.0540255783582419,0.0,0.0194209260447205,0.0967461934706365,0.0059320815056105,-26.76137504698872,0.0,0.0,0.019891147418598,10.659805027987248,0.0295358062180704,1.926433404711787,80.0,10.0
221,2024-09-08 11:52:25,procurement_specialist_interview.txt,-999,0,0.0810177052183938,0.0026455026455026,0.0029239766081871,0.0427102989989416,0.0472544165185173,9.82992699676231,0.0045821449935684,0.0,0.005064476045523,-83.3392763752199,0.0509454286947989,-55.00279349045167,15.0,84.0
221,2024-09-08 11:52:25,product_manager_interview.txt,-999,0,0.0687865128083843,0.0,0.0117481082467615,0.0522449495829317,0.0379708936764512,-6.7510285592303205,0.0,0.0,0.0135349961143919,-33.05966126225324,0.0454785440816327,-44.957613489842906,35.0,68.0
221,2024-09-08 11:52:25,professor_of_classics_interview.txt,-999,0,0.0639164756811815,0.0,0.0061681238151826,0.0728153593663539,0.0233762905019481,-13.352990694671846,0.0,0.0,0.0054087721688619,-64.85423109048168,0.0363220071548864,-23.285768555354807,47.0,37.0
221,2024-09-08 11:52:25,project_manager_interview.txt,-999,0,0.040186022406408,0.0,0.0313364648842841,0.0600194207659177,0.0098787579116307,-45.52267439211543,0.0,0.0,0.0214392955446953,78.55415783862236,0.0497708470280647,-36.76686105956788,98.0,56.0
221,2024-09-08 11:52:25,psychologist_interview.txt,-999,0,0.0539259348649756,0.002415458937198,0.0261500725978538,0.0400466858845506,0.0164144508079788,-26.89645462696,0.0041836976028233,0.0,0.0047909399839845,49.00226325370636,0.017954888617755,-57.80902880556296,81.0,89.0
221,2024-09-08 11:52:25,public_relations_specialist_interview.txt,-999,0,0.0749984370674025,0.0113960113960113,0.0028735632183908,0.0538876934719521,0.0256902193432022,1.670034294108774,0.0197384707415256,0.0,0.004977157493014,-83.62653023081955,0.050609823528041,-43.22690947350289,22.0,64.0
221,2024-09-08 11:52:25,quality_control_engineer_interview.txt,-999,0,0.0624287836630216,0.0,0.0132078290751531,0.0707746374070316,0.0155534504228024,-15.369748702168168,0.0,0.0,0.0159500015841685,-24.74221945267413,0.0364743133413402,-25.435760233813227,53.0,40.0
221,2024-09-08 11:52:25,restaurant_manager_interview.txt,-999,0,0.0598364598364598,0.0037037037037037,0.0074074074074074,0.0424769058623897,0.0138875926258032,-18.883977300173555,0.0064150029909958,0.0,0.0128300059819916,-57.79283348389039,0.0043504564912869,-55.24868357807652,58.0,86.0
221,2024-09-08 11:52:25,retail_manager_interview.txt,-999,0,0.0758071108654853,0.0,0.0075596122183459,0.0207524511111663,0.0432659891979006,2.766295709662444,0.0,0.0,0.0001813744648619,-56.92557542091257,0.0359442997061293,-78.13636640072222,21.0,98.0
221,2024-09-08 11:52:25,robotics_engineer_interview.txt,-999,0,0.0583835662416713,0.0,0.0128342245989304,0.0740966363403292,0.0118175020341139,-20.853561565977444,0.0,0.0,0.015058960257036,-26.87100560845181,0.0446363190310999,-21.9358860692752,63.0,34.0
221,2024-09-08 11:52:25,safety_engineer_interview.txt,-999,0,0.0873254090132493,0.0353818897376066,0.0136332209834932,0.0536626179032506,0.0092979049786215,18.380831338457867,0.0068416037276799,0.0,0.0129881041895934,-22.31835019283561,0.0179059943930516,-43.46403663211555,5.0,65.0
221,2024-09-08 11:52:25,sales_manager_interview.txt,-999,0,0.0542087542087542,0.0,0.0075757575757575,0.1058443047134455,0.0160454579898233,-26.51305660554307,0.0,0.0,0.0131215970270369,-56.83357969943335,0.0129077049842715,11.511699723022131,78.0,5.0
221,2024-09-08 11:52:25,seo_specialist_interview.txt,-999,0,0.0505356116645576,0.0,0.0030864197530864,0.0813374958646141,0.017786128989338,-31.49247408460323,0.0,0.0,0.0053458358258298,-82.41368061828766,0.0640496886430233,-14.307317340946923,88.0,23.0
221,2024-09-08 11:52:25,shop_assistant_interview.txt,-999,0,0.0489036708548903,0.0,0.0092592592592592,0.0794152865978313,0.0075805131521386,-33.704779894865794,0.0,0.0,0.0160375074774896,-47.241041854862985,0.0401423217191564,-16.33245060761253,91.0,24.0
221,2024-09-08 11:52:25,social_media_manager_interview.txt,-999,0,0.0321492028720944,0.0,0.0209090909090909,0.0848462323556859,0.0034634124109032,-56.41761766853172,0.0,0.0,0.0200618877188308,19.139320029563933,0.0735823879732686,-10.610706823650888,101.0,18.0
221,2024-09-08 11:52:25,software_quality_assurance_tester_interview.txt,-999,0,0.0627642535693474,0.0056598796076456,0.0115595846223948,0.0438768814903346,0.0181416985019682,-14.914976066704623,0.0049147827406753,0.0,0.0136025410689936,-34.133862743045,0.0023085626447115,-53.77374676153655,52.0,80.0
221,2024-09-08 11:52:25,speech_therapist_interview.txt,-999,0,0.0566419602666937,0.0,0.0063492063492063,0.0669799041283666,0.0087029981677694,-23.21453262252972,0.0,0.0,0.0109971479845643,-63.822428700477474,0.0210258350421744,-29.43368113324256,70.0,44.0
221,2024-09-08 11:52:25,structural_engineer_interview.txt,-999,0,0.0711577073524933,0.0,0.0109548637950015,0.0743825561569507,0.0137142117504206,-3.536569164551068,0.0,0.0,0.0044636901068712,-37.57954235181449,0.0477571339916643,-21.63465677949648,31.0,33.0
221,2024-09-08 11:52:25,supply_chain_manager_interview.txt,-999,0,0.05067002529167,0.0024509803921568,0.0032362459546925,0.0509030104831107,0.0073255610704311,-31.310259113032075,0.0042452225675707,0.0,0.0056053424193167,-81.5599757939327,0.0520217889794126,-46.37140623335371,87.0,71.0
221,2024-09-08 11:52:25,system_administrator_interview.txt,-999,0,0.0629987853478823,0.0,0.0130332506834509,0.059678546880821,0.0263361972264076,-14.597038054939476,0.0,0.0,0.0113197117684075,-25.73696145124717,0.0572030717304857,-37.125986913540174,51.0,57.0
221,2024-09-08 11:52:25,transportation_engineer_interview.txt,-999,0,0.0554076189688755,0.0026881720430107,0.0127870533967698,0.0877644376661939,0.0275509359613157,-24.88784112050588,0.0046560505579808,0.0,0.0045281626931149,-27.139785584340416,0.045840955633769,-7.536247265373319,75.0,13.0
221,2024-09-08 11:52:25,travel_agent_interview.txt,-999,0,0.0497028200548739,0.0,0.0186578693637728,0.0852174211265346,0.032474334301964,-32.621430297921265,0.0,0.0,0.0069876896278449,6.311932874798359,0.0389138725049479,-10.21964288433452,90.0,17.0
221,2024-09-08 11:52:25,veterinarian_interview.txt,-999,0,0.0435324160933917,0.0047619047619047,0.0086251824056702,0.0686500346355311,0.0095851012275583,-40.98620704398327,0.0082478609884232,0.0,0.008175181788188,-50.8539911462279,0.0287567468344603,-27.674124092196408,96.0,41.0
221,2024-09-08 11:52:25,warehouse_manager_interview.txt,-999,0,0.0671234125691957,0.0,0.0040160642570281,0.0650412265723094,0.0171348523519315,-9.005574986656327,0.0,0.0,0.006956027339634,-77.11659646716949,0.0177789052236073,-31.47616447777486,39.0,50.0
221,2024-09-08 11:52:25,water_resources_engineer_interview.txt,-999,0,0.0744840154715706,0.0062893081761006,0.0,0.0440006396611022,0.0417985788669561,0.9726696111240328,0.0108934013054646,0.0,0.0,-100.0,0.0503493136199581,-53.64336200428139,24.0,79.0
222,2024-09-08 11:56:08,restaurant_manager_interview.txt,1,0,0.0714285714285714,0.0,0.0,0.0466530557892966,,,,,,,,,,
222,2024-09-08 11:56:08,restaurant_manager_interview.txt,2,0,0.0636363636363636,0.0,0.0,0.0428067433298522,,,,,,,,,,
222,2024-09-08 11:56:08,restaurant_manager_interview.txt,3,0,0.0444444444444444,0.0111111111111111,0.0222222222222222,0.0379709184680204,,,,,,,,,,
222,2024-09-08 11:56:08,geneticist_interview.txt,1,0,0.0384615384615384,0.0288461538461538,0.0,0.0937095795782794,,,,,,,,,,
222,2024-09-08 11:56:08,geneticist_interview.txt,2,0,0.0526315789473684,0.0,0.0150375939849624,0.0882216505718651,,,,,,,,,,
222,2024-09-08 11:56:08,geneticist_interview.txt,3,0,0.0923076923076923,0.0,0.0153846153846153,0.1101429133385219,,,,,,,,,,
222,2024-09-08 11:56:08,speech_therapist_interview.txt,1,0,0.0510204081632653,0.0,0.0,0.0432621003107774,,,,,,,,,,
222,2024-09-08 11:56:08,speech_therapist_interview.txt,2,0,0.0522388059701492,0.0,0.0,0.0833315864428225,,,,,,,,,,
222,2024-09-08 11:56:08,speech_therapist_interview.txt,3,0,0.0666666666666666,0.0,0.019047619047619,0.0743460256315,,,,,,,,,,
222,2024-09-08 11:56:08,customer_service_representative_interview.txt,1,0,0.0545454545454545,0.0,0.009090909090909,0.0311974890850877,,,,,,,,,,
222,2024-09-08 11:56:08,customer_service_representative_interview.txt,2,0,0.0761904761904762,0.0,0.0,0.122813044651559,,,,,,,,,,
222,2024-09-08 11:56:08,customer_service_representative_interview.txt,3,0,0.043859649122807,0.0,0.0087719298245614,0.0473521337727738,,,,,,,,,,
222,2024-09-08 11:56:08,construction_manager_interview.txt,1,0,0.055045871559633,0.0,0.0091743119266055,0.0948117237060615,,,,,,,,,,
222,2024-09-08 11:56:08,construction_manager_interview.txt,2,0,0.0866141732283464,0.0,0.0236220472440944,0.1356095260762036,,,,,,,,,,
222,2024-09-08 11:56:08,construction_manager_interview.txt,3,0,0.112,0.0,0.024,0.0,,,,,,,,,,
222,2024-09-08 11:56:08,doctor_interview.txt,1,0,0.0545454545454545,0.0,0.0181818181818181,0.0673965703749538,,,,,,,,,,
222,2024-09-08 11:56:08,doctor_interview.txt,2,0,0.0705882352941176,0.0,0.0,0.0293397273927395,,,,,,,,,,
222,2024-09-08 11:56:08,doctor_interview.txt,3,0,0.0555555555555555,0.0,0.0111111111111111,0.0601346177173533,,,,,,,,,,
222,2024-09-08 11:56:08,human_resources_manager_interview.txt,1,0,0.0693069306930693,0.0,0.0198019801980198,0.1425669620819004,,,,,,,,,,
222,2024-09-08 11:56:08,human_resources_manager_interview.txt,2,0,0.0471698113207547,0.0,0.0188679245283018,0.0103852698901538,,,,,,,,,,
222,2024-09-08 11:56:08,human_resources_manager_interview.txt,3,0,0.075268817204301,0.0,0.032258064516129,0.0208324124809482,,,,,,,,,,
222,2024-09-08 11:56:08,water_resources_engineer_interview.txt,1,0,0.1226415094339622,0.0188679245283018,0.0,0.0,,,,,,,,,,
222,2024-09-08 11:56:08,water_resources_engineer_interview.txt,2,0,0.0380952380952381,0.0,0.0,0.0989100944553876,,,,,,,,,,
222,2024-09-08 11:56:08,water_resources_engineer_interview.txt,3,0,0.0531914893617021,0.0,0.0,0.0330918245279189,,,,,,,,,,
222,2024-09-08 11:56:08,project_manager_interview.txt,1,0,0.0515463917525773,0.0,0.0515463917525773,0.0555355117717458,,,,,,,,,,
222,2024-09-08 11:56:08,project_manager_interview.txt,2,0,0.0336134453781512,0.0,0.0336134453781512,0.1118805059888638,,,,,,,,,,
222,2024-09-08 11:56:08,project_manager_interview.txt,3,0,0.0353982300884955,0.0,0.0088495575221238,0.0126422445371434,,,,,,,,,,
222,2024-09-08 11:56:08,biologist_interview.txt,1,0,0.1,0.03,0.0,0.0628254664475309,,,,,,,,,,
222,2024-09-08 11:56:08,biologist_interview.txt,2,0,0.0666666666666666,0.0,0.019047619047619,0.084133944618843,,,,,,,,,,
222,2024-09-08 11:56:08,biologist_interview.txt,3,0,0.037593984962406,0.0,0.0,0.0,,,,,,,,,,
222,2024-09-08 11:56:08,occupational_therapist_interview.txt,1,0,0.0227272727272727,0.0,0.0227272727272727,0.0619600680328602,,,,,,,,,,
222,2024-09-08 11:56:08,occupational_therapist_interview.txt,2,0,0.0495049504950495,0.0,0.0297029702970297,0.0881724737587123,,,,,,,,,,
222,2024-09-08 11:56:08,occupational_therapist_interview.txt,3,0,0.0442477876106194,0.0,0.0,0.0344279946053444,,,,,,,,,,
222,2024-09-08 11:56:08,network_administrator_interview.txt,1,0,0.0543478260869565,0.0,0.0108695652173913,0.0181441553921881,,,,,,,,,,
222,2024-09-08 11:56:08,network_administrator_interview.txt,2,0,0.087719298245614,0.0350877192982456,0.0087719298245614,0.1009251180073442,,,,,,,,,,
222,2024-09-08 11:56:08,network_administrator_interview.txt,3,0,0.0412371134020618,0.0,0.0515463917525773,0.0842968160660713,,,,,,,,,,
222,2024-09-08 11:56:08,neuroscientist_interview.txt,1,0,0.0442477876106194,0.0,0.0176991150442477,0.0414359038364657,,,,,,,,,,
222,2024-09-08 11:56:08,neuroscientist_interview.txt,2,0,0.0614035087719298,0.0,0.0175438596491228,0.0,,,,,,,,,,
222,2024-09-08 11:56:08,neuroscientist_interview.txt,3,0,0.048,0.008,0.008,0.0860332125137391,,,,,,,,,,
222,2024-09-08 11:56:08,retail_manager_interview.txt,1,0,0.0661764705882353,0.0,0.0073529411764705,0.0,,,,,,,,,,
222,2024-09-08 11:56:08,retail_manager_interview.txt,2,0,0.123076923076923,0.0,0.0076923076923076,0.0,,,,,,,,,,
222,2024-09-08 11:56:08,retail_manager_interview.txt,3,0,0.0381679389312977,0.0,0.0076335877862595,0.0622573533334991,,,,,,,,,,
222,2024-09-08 11:56:08,agricultural_engineer_interview.txt,1,0,0.04,0.0,0.01,0.01754081509232,,,,,,,,,,
222,2024-09-08 11:56:08,agricultural_engineer_interview.txt,2,0,0.0434782608695652,0.0,0.0,0.016643353237249,,,,,,,,,,
222,2024-09-08 11:56:08,agricultural_engineer_interview.txt,3,0,0.0534351145038167,0.0,0.0229007633587786,0.0,,,,,,,,,,
222,2024-09-08 11:56:08,electrical_engineer_interview.txt,1,0,0.0581395348837209,0.0,0.0,0.0515248660596885,,,,,,,,,,
222,2024-09-08 11:56:08,electrical_engineer_interview.txt,2,0,0.0729166666666666,0.0,0.0104166666666666,0.0375765713355705,,,,,,,,,,
222,2024-09-08 11:56:08,electrical_engineer_interview.txt,3,0,0.1,0.02,0.0,0.030841143854229,,,,,,,,,,
222,2024-09-08 11:56:08,quality_control_engineer_interview.txt,1,0,0.0515463917525773,0.0,0.0309278350515463,0.0571315807160011,,,,,,,,,,
222,2024-09-08 11:56:08,quality_control_engineer_interview.txt,2,0,0.0377358490566037,0.0,0.0,0.0430885464951094,,,,,,,,,,
222,2024-09-08 11:56:08,quality_control_engineer_interview.txt,3,0,0.0434782608695652,0.0,0.008695652173913,0.1121037850099844,,,,,,,,,,
222,2024-09-08 11:56:08,machine_learning_engineer_interview.txt,1,0,0.0,0.0,0.0,0.0,,,,,,,,,,
222,2024-09-08 11:56:08,machine_learning_engineer_interview.txt,2,0,0.0381679389312977,0.0,0.0,0.0801136224824336,,,,,,,,,,
222,2024-09-08 11:56:08,machine_learning_engineer_interview.txt,3,0,0.046875,0.0,0.0,0.0,,,,,,,,,,
222,2024-09-08 11:56:08,psychologist_interview.txt,1,0,0.0384615384615384,0.0,0.0288461538461538,0.0323961959726534,,,,,,,,,,
222,2024-09-08 11:56:08,psychologist_interview.txt,2,0,0.072463768115942,0.0072463768115942,0.0289855072463768,0.0605596667072056,,,,,,,,,,
222,2024-09-08 11:56:08,psychologist_interview.txt,3,0,0.0412371134020618,0.0,0.0206185567010309,0.0271841949737927,,,,,,,,,,
222,2024-09-08 11:56:08,geologist_interview.txt,1,0,0.0725806451612903,0.0,0.0080645161290322,0.0759044861163816,,,,,,,,,,
222,2024-09-08 11:56:08,geologist_interview.txt,2,0,0.0869565217391304,0.0,0.017391304347826,0.1118851607455407,,,,,,,,,,
222,2024-09-08 11:56:08,geologist_interview.txt,3,0,0.1095890410958904,0.0,0.0,0.0,,,,,,,,,,
222,2024-09-08 11:56:08,chemical_engineer_interview.txt,1,0,0.046875,0.0,0.015625,0.0,,,,,,,,,,
222,2024-09-08 11:56:08,chemical_engineer_interview.txt,2,0,0.0631578947368421,0.0,0.0210526315789473,0.0747112850356365,,,,,,,,,,
222,2024-09-08 11:56:08,chemical_engineer_interview.txt,3,0,0.0612244897959183,0.0,0.010204081632653,0.1377422912155963,,,,,,,,,,
222,2024-09-08 11:56:08,machine_learning_engineer_interview copy.txt,1,0,0.0454545454545454,0.0,0.0151515151515151,0.0691364256495546,,,,,,,,,,
222,2024-09-08 11:56:08,machine_learning_engineer_interview copy.txt,2,0,0.0381679389312977,0.0,0.0,0.0801136224824336,,,,,,,,,,
222,2024-09-08 11:56:08,machine_learning_engineer_interview copy.txt,3,0,0.046875,0.0,0.0,0.0,,,,,,,,,,
222,2024-09-08 11:56:08,no_persona_interview.txt,1,0,0.0467289719626168,0.0,0.0373831775700934,0.0635731657580273,,,,,,,,,,
222,2024-09-08 11:56:08,no_persona_interview.txt,2,0,0.0888888888888888,0.0,0.0,0.1099189066092266,,,,,,,,,,
222,2024-09-08 11:56:08,no_persona_interview.txt,3,0,0.0763358778625954,0.0,0.015267175572519,0.111260931065605,,,,,,,,,,
222,2024-09-08 11:56:08,financial_analyst_interview.txt,1,0,0.0707964601769911,0.0088495575221238,0.0,0.0598254669070187,,,,,,,,,,
222,2024-09-08 11:56:08,financial_analyst_interview.txt,2,0,0.0606060606060606,0.0,0.0202020202020202,0.1530445380640685,,,,,,,,,,
222,2024-09-08 11:56:08,financial_analyst_interview.txt,3,0,0.0875912408759124,0.0,0.0145985401459854,0.1305219999659435,,,,,,,,,,
222,2024-09-08 11:56:08,civil_engineer_interview.txt,1,0,0.037593984962406,0.0,0.0150375939849624,0.0831598154358535,,,,,,,,,,
222,2024-09-08 11:56:08,civil_engineer_interview.txt,2,0,0.055045871559633,0.0,0.0091743119266055,0.0551022249278976,,,,,,,,,,
222,2024-09-08 11:56:08,civil_engineer_interview.txt,3,0,0.0636363636363636,0.0,0.009090909090909,0.0519288906523061,,,,,,,,,,
222,2024-09-08 11:56:08,meteorologist_interview.txt,1,0,0.0495867768595041,0.0,0.0165289256198347,0.0,,,,,,,,,,
222,2024-09-08 11:56:08,meteorologist_interview.txt,2,0,0.0746268656716417,0.0,0.0149253731343283,0.0,,,,,,,,,,
222,2024-09-08 11:56:08,meteorologist_interview.txt,3,0,0.0787401574803149,0.0,0.0157480314960629,0.1221578217011647,,,,,,,,,,
222,2024-09-08 11:56:08,shop_assistant_interview.txt,1,0,0.040650406504065,0.0,0.0,0.1223705927244681,,,,,,,,,,
222,2024-09-08 11:56:08,shop_assistant_interview.txt,2,0,0.0555555555555555,0.0,0.0277777777777777,0.0428532956412062,,,,,,,,,,
222,2024-09-08 11:56:08,shop_assistant_interview.txt,3,0,0.0505050505050505,0.0,0.0,0.0730219714278197,,,,,,,,,,
222,2024-09-08 11:56:08,social_media_manager_interview.txt,1,0,0.036144578313253,0.0,0.0,0.1233699304830566,,,,,,,,,,
222,2024-09-08 11:56:08,social_media_manager_interview.txt,2,0,0.03,0.0,0.04,0.0,,,,,,,,,,
222,2024-09-08 11:56:08,social_media_manager_interview.txt,3,0,0.0227272727272727,0.0,0.0227272727272727,0.1311687665840011,,,,,,,,,,
222,2024-09-08 11:56:08,marine_engineer_interview.txt,1,0,0.0666666666666666,0.0,0.0285714285714285,0.0835429425346109,,,,,,,,,,
222,2024-09-08 11:56:08,marine_engineer_interview.txt,2,0,0.043103448275862,0.0,0.0,0.1072437583550084,,,,,,,,,,
222,2024-09-08 11:56:08,marine_engineer_interview.txt,3,0,0.0625,0.0078125,0.015625,0.0,,,,,,,,,,
222,2024-09-08 11:56:08,warehouse_manager_interview.txt,1,0,0.072289156626506,0.0,0.0120481927710843,0.081493124342657,,,,,,,,,,
222,2024-09-08 11:56:08,warehouse_manager_interview.txt,2,0,0.081081081081081,0.0,0.0,0.0461808634688753,,,,,,,,,,
222,2024-09-08 11:56:08,warehouse_manager_interview.txt,3,0,0.048,0.0,0.0,0.067449691905396,,,,,,,,,,
222,2024-09-08 11:56:08,business_intelligence_analyst_interview.txt,1,0,0.0666666666666666,0.0,0.019047619047619,0.0519120125435854,,,,,,,,,,
222,2024-09-08 11:56:08,business_intelligence_analyst_interview.txt,2,0,0.0784313725490196,0.0,0.0196078431372549,0.1619933830165744,,,,,,,,,,
222,2024-09-08 11:56:08,business_intelligence_analyst_interview.txt,3,0,0.0612244897959183,0.0,0.0,0.0872579957499813,,,,,,,,,,
222,2024-09-08 11:56:08,full_stack_developer_interview.txt,1,0,0.0393700787401574,0.0,0.0078740157480314,0.0425483283606354,,,,,,,,,,
222,2024-09-08 11:56:08,full_stack_developer_interview.txt,2,0,0.1703703703703703,0.037037037037037,0.0148148148148148,0.1023900784935733,,,,,,,,,,
222,2024-09-08 11:56:08,full_stack_developer_interview.txt,3,0,0.0314960629921259,0.0,0.0078740157480314,0.0,,,,,,,,,,
222,2024-09-08 11:56:08,focus_group_interview.txt,1,0,0.0588235294117647,0.0,0.0,0.0,,,,,,,,,,
222,2024-09-08 11:56:08,focus_group_interview.txt,2,0,0.0588235294117647,0.0,0.0,0.0,,,,,,,,,,
222,2024-09-08 11:56:08,focus_group_interview.txt,3,0,0.0588235294117647,0.0,0.0,0.0,,,,,,,,,,
222,2024-09-08 11:56:08,travel_agent_interview.txt,1,0,0.0531914893617021,0.0,0.0106382978723404,0.1283619363588929,,,,,,,,,,
222,2024-09-08 11:56:08,travel_agent_interview.txt,2,0,0.0875912408759124,0.0,0.0218978102189781,0.0745172643816199,,,,,,,,,,
222,2024-09-08 11:56:08,travel_agent_interview.txt,3,0,0.015625,0.0,0.0234375,0.0527730626390911,,,,,,,,,,
222,2024-09-08 11:56:08,robotics_engineer_interview.txt,1,0,0.0490196078431372,0.0,0.0294117647058823,0.0571924000726199,,,,,,,,,,
222,2024-09-08 11:56:08,robotics_engineer_interview.txt,2,0,0.0454545454545454,0.0,0.009090909090909,0.0403813965559999,,,,,,,,,,
222,2024-09-08 11:56:08,robotics_engineer_interview.txt,3,0,0.0610687022900763,0.0,0.0,0.1247161123923678,,,,,,,,,,
222,2024-09-08 11:56:08,biomedical_engineer_interview.txt,1,0,0.0909090909090909,0.0,0.0,0.1025907901717319,,,,,,,,,,
222,2024-09-08 11:56:08,biomedical_engineer_interview.txt,2,0,0.0594059405940594,0.0,0.0099009900990099,0.0426668739812379,,,,,,,,,,
222,2024-09-08 11:56:08,biomedical_engineer_interview.txt,3,0,0.089430894308943,0.0,0.0,0.0915016217502627,,,,,,,,,,
222,2024-09-08 11:56:08,marketing_manager_interview.txt,1,0,0.0459770114942528,0.0,0.0,0.0775670553173294,,,,,,,,,,
222,2024-09-08 11:56:08,marketing_manager_interview.txt,2,0,0.0655737704918032,0.0,0.0081967213114754,0.0418311722270583,,,,,,,,,,
222,2024-09-08 11:56:08,marketing_manager_interview.txt,3,0,0.0608695652173913,0.0,0.008695652173913,0.0106077077753049,,,,,,,,,,
222,2024-09-08 11:56:08,professor_of_classics_interview.txt,1,0,0.0909090909090909,0.0,0.0101010101010101,0.1139617522607703,,,,,,,,,,
222,2024-09-08 11:56:08,professor_of_classics_interview.txt,2,0,0.0504201680672268,0.0,0.0,0.0452051914403515,,,,,,,,,,
222,2024-09-08 11:56:08,professor_of_classics_interview.txt,3,0,0.042016806722689,0.0,0.0084033613445378,0.0592791343979399,,,,,,,,,,
222,2024-09-08 11:56:08,environmental_engineer_interview.txt,1,0,0.0612244897959183,0.0,0.0,0.1026424642988634,,,,,,,,,,
222,2024-09-08 11:56:08,environmental_engineer_interview.txt,2,0,0.0636363636363636,0.0,0.0272727272727272,0.1246022964543093,,,,,,,,,,
222,2024-09-08 11:56:08,environmental_engineer_interview.txt,3,0,0.075,0.0,0.0166666666666666,0.0,,,,,,,,,,
222,2024-09-08 11:56:08,physical_therapist_interview.txt,1,0,0.1079136690647482,0.0071942446043165,0.0,0.0976563572315262,,,,,,,,,,
222,2024-09-08 11:56:08,physical_therapist_interview.txt,2,0,0.0648148148148148,0.0,0.0092592592592592,0.0464390040542306,,,,,,,,,,
222,2024-09-08 11:56:08,physical_therapist_interview.txt,3,0,0.0602409638554216,0.0,0.0120481927710843,0.0820079849892669,,,,,,,,,,
222,2024-09-08 11:56:08,astronomer_interview.txt,1,0,0.0392156862745098,0.0,0.0,0.0357008884926808,,,,,,,,,,
222,2024-09-08 11:56:08,astronomer_interview.txt,2,0,0.0634920634920634,0.0158730158730158,0.0079365079365079,0.0,,,,,,,,,,
222,2024-09-08 11:56:08,astronomer_interview.txt,3,0,0.0784313725490196,0.0,0.0098039215686274,0.0315139499500514,,,,,,,,,,
222,2024-09-08 11:56:08,ai_professor_interview.txt,1,0,0.0606060606060606,0.0,0.0101010101010101,0.0211330472249737,,,,,,,,,,
222,2024-09-08 11:56:08,ai_professor_interview.txt,2,0,0.0789473684210526,0.0,0.0175438596491228,0.0811136402882951,,,,,,,,,,
222,2024-09-08 11:56:08,ai_professor_interview.txt,3,0,0.0581395348837209,0.0,0.0116279069767441,0.0,,,,,,,,,,
222,2024-09-08 11:56:08,game_developer_interview.txt,1,0,0.0439560439560439,0.0,0.0219780219780219,0.0605193719036507,,,,,,,,,,
222,2024-09-08 11:56:08,game_developer_interview.txt,2,0,0.0606060606060606,0.0,0.0202020202020202,0.0593816587862705,,,,,,,,,,
222,2024-09-08 11:56:08,game_developer_interview.txt,3,0,0.0519480519480519,0.0,0.0129870129870129,0.0775393919155081,,,,,,,,,,
222,2024-09-08 11:56:08,fire_protection_engineer_interview.txt,1,0,0.0930232558139534,0.0465116279069767,0.0077519379844961,0.0,,,,,,,,,,
222,2024-09-08 11:56:08,fire_protection_engineer_interview.txt,2,0,0.0535714285714285,0.0178571428571428,0.0089285714285714,0.0407611697271842,,,,,,,,,,
222,2024-09-08 11:56:08,fire_protection_engineer_interview.txt,3,0,0.0620155038759689,0.0077519379844961,0.0155038759689922,0.0576589288513933,,,,,,,,,,
222,2024-09-08 11:56:08,safety_engineer_interview.txt,1,0,0.0603448275862069,0.043103448275862,0.0258620689655172,0.0454675110134519,,,,,,,,,,
222,2024-09-08 11:56:08,safety_engineer_interview.txt,2,0,0.0769230769230769,0.0329670329670329,0.0,0.0741995996381659,,,,,,,,,,
222,2024-09-08 11:56:08,safety_engineer_interview.txt,3,0,0.0827067669172932,0.0300751879699248,0.0150375939849624,0.0413207430581339,,,,,,,,,,
222,2024-09-08 11:56:08,environmental_scientist_interview.txt,1,0,0.0673076923076923,0.0,0.0096153846153846,0.0534300314907251,,,,,,,,,,
222,2024-09-08 11:56:08,environmental_scientist_interview.txt,2,0,0.0495049504950495,0.0,0.0396039603960396,0.0877567755185532,,,,,,,,,,
222,2024-09-08 11:56:08,environmental_scientist_interview.txt,3,0,0.0449438202247191,0.0,0.0,0.1066267081851516,,,,,,,,,,
222,2024-09-08 11:56:08,operations_manager_interview.txt,1,0,0.0990990990990991,0.0,0.036036036036036,0.0,,,,,,,,,,
222,2024-09-08 11:56:08,operations_manager_interview.txt,2,0,0.0714285714285714,0.0,0.0,0.047230742864624,,,,,,,,,,
222,2024-09-08 11:56:08,operations_manager_interview.txt,3,0,0.0677966101694915,0.0,0.0169491525423728,0.0929592690651228,,,,,,,,,,
222,2024-09-08 11:56:08,backend_developer_interview.txt,1,0,0.0578512396694214,0.0,0.0,0.1284026295844632,,,,,,,,,,
222,2024-09-08 11:56:08,backend_developer_interview.txt,2,0,0.0576923076923076,0.0,0.0096153846153846,0.0870056695430988,,,,,,,,,,
222,2024-09-08 11:56:08,backend_developer_interview.txt,3,0,0.042016806722689,0.0,0.0084033613445378,0.0437544042466496,,,,,,,,,,
222,2024-09-08 11:56:08,digital_marketing_specialist_interview.txt,1,0,0.0666666666666666,0.0,0.0111111111111111,0.1233454514559801,,,,,,,,,,
222,2024-09-08 11:56:08,digital_marketing_specialist_interview.txt,2,0,0.0353982300884955,0.0,0.0088495575221238,0.0,,,,,,,,,,
222,2024-09-08 11:56:08,digital_marketing_specialist_interview.txt,3,0,0.0679611650485436,0.0,0.0097087378640776,0.1264080048769068,,,,,,,,,,
222,2024-09-08 11:56:08,mechanical_engineer_interview.txt,1,0,0.0636363636363636,0.0,0.0,0.0662024475332696,,,,,,,,,,
222,2024-09-08 11:56:08,mechanical_engineer_interview.txt,2,0,0.0686274509803921,0.0,0.0,0.0445948178221984,,,,,,,,,,
222,2024-09-08 11:56:08,mechanical_engineer_interview.txt,3,0,0.043859649122807,0.0,0.0087719298245614,0.0411470391941935,,,,,,,,,,
222,2024-09-08 11:56:08,software_quality_assurance_tester_interview.txt,1,0,0.045045045045045,0.0,0.0,0.0413513341749755,,,,,,,,,,
222,2024-09-08 11:56:08,software_quality_assurance_tester_interview.txt,2,0,0.0619469026548672,0.0088495575221238,0.0265486725663716,0.0458783496403244,,,,,,,,,,
222,2024-09-08 11:56:08,software_quality_assurance_tester_interview.txt,3,0,0.08130081300813,0.008130081300813,0.008130081300813,0.0444009606557039,,,,,,,,,,
222,2024-09-08 11:56:08,cybersecurity_specialist_interview.txt,1,0,0.0769230769230769,0.023076923076923,0.0,0.0,,,,,,,,,,
222,2024-09-08 11:56:08,cybersecurity_specialist_interview.txt,2,0,0.056,0.008,0.024,0.0433073475931765,,,,,,,,,,
222,2024-09-08 11:56:08,cybersecurity_specialist_interview.txt,3,0,0.099009900990099,0.0297029702970297,0.0,0.110208443279443,,,,,,,,,,
222,2024-09-08 11:56:08,product_manager_interview.txt,1,0,0.0608695652173913,0.0,0.008695652173913,0.0737688480628956,,,,,,,,,,
222,2024-09-08 11:56:08,product_manager_interview.txt,2,0,0.0353982300884955,0.0,0.0265486725663716,0.0829660006858995,,,,,,,,,,
222,2024-09-08 11:56:08,product_manager_interview.txt,3,0,0.110091743119266,0.0,0.0,0.0,,,,,,,,,,
222,2024-09-08 11:56:08,microbiologist_interview.txt,1,0,0.0823529411764705,0.0,0.0,0.1101574773451147,,,,,,,,,,
222,2024-09-08 11:56:08,microbiologist_interview.txt,2,0,0.087719298245614,0.0,0.0,0.0780188264815857,,,,,,,,,,
222,2024-09-08 11:56:08,microbiologist_interview.txt,3,0,0.044776119402985,0.0,0.0074626865671641,0.0568260682794716,,,,,,,,,,
222,2024-09-08 11:56:08,it_manager_interview.txt,1,0,0.0310077519379844,0.0,0.0077519379844961,0.0830915813122366,,,,,,,,,,
222,2024-09-08 11:56:08,it_manager_interview.txt,2,0,0.0575539568345323,0.0,0.0,0.1798682693699755,,,,,,,,,,
222,2024-09-08 11:56:08,it_manager_interview.txt,3,0,0.053030303030303,0.0,0.0075757575757575,0.0382738723689206,,,,,,,,,,
222,2024-09-08 11:56:08,industrial_engineer_interview.txt,1,0,0.0597014925373134,0.0,0.0373134328358208,0.1047357166686011,,,,,,,,,,
222,2024-09-08 11:56:08,industrial_engineer_interview.txt,2,0,0.056,0.0,0.016,0.0643330291584199,,,,,,,,,,
222,2024-09-08 11:56:08,industrial_engineer_interview.txt,3,0,0.0967741935483871,0.0,0.0161290322580645,0.0,,,,,,,,,,
222,2024-09-08 11:56:08,barista_interview.txt,1,0,0.0875,0.0,0.0,0.0681953019972214,,,,,,,,,,
222,2024-09-08 11:56:08,barista_interview.txt,2,0,0.0504201680672268,0.0,0.0168067226890756,0.1017040566415273,,,,,,,,,,
222,2024-09-08 11:56:08,barista_interview.txt,3,0,0.0692307692307692,0.0,0.0076923076923076,0.0932079290911632,,,,,,,,,,
222,2024-09-08 11:56:08,petroleum_engineer_interview.txt,1,0,0.1121495327102803,0.0,0.0,0.0843069329113059,,,,,,,,,,
222,2024-09-08 11:56:08,petroleum_engineer_interview.txt,2,0,0.0377358490566037,0.0,0.0094339622641509,0.0564175341466152,,,,,,,,,,
222,2024-09-08 11:56:08,petroleum_engineer_interview.txt,3,0,0.0707964601769911,0.0088495575221238,0.0,0.0720336357130974,,,,,,,,,,
222,2024-09-08 11:56:08,business_analyst_interview.txt,1,0,0.0542635658914728,0.0,0.0077519379844961,0.0,,,,,,,,,,
222,2024-09-08 11:56:08,business_analyst_interview.txt,2,0,0.0462962962962962,0.0,0.0092592592592592,0.0806541259927466,,,,,,,,,,
222,2024-09-08 11:56:08,business_analyst_interview.txt,3,0,0.0659340659340659,0.0,0.0109890109890109,0.0,,,,,,,,,,
222,2024-09-08 11:56:08,data_engineer_interview.txt,1,0,0.1240310077519379,0.0,0.0077519379844961,0.15220760143159,,,,,,,,,,
222,2024-09-08 11:56:08,data_engineer_interview.txt,2,0,0.0636363636363636,0.0,0.009090909090909,0.0452239103227598,,,,,,,,,,
222,2024-09-08 11:56:08,data_engineer_interview.txt,3,0,0.1307692307692307,0.0076923076923076,0.0,0.0,,,,,,,,,,
222,2024-09-08 11:56:08,aerospace_engineer_interview.txt,1,0,0.0470588235294117,0.0,0.0117647058823529,0.0598364515055597,,,,,,,,,,
222,2024-09-08 11:56:08,aerospace_engineer_interview.txt,2,0,0.0333333333333333,0.0,0.0111111111111111,0.0372874438364637,,,,,,,,,,
222,2024-09-08 11:56:08,aerospace_engineer_interview.txt,3,0,0.0510204081632653,0.0,0.0306122448979591,0.047097992667724,,,,,,,,,,
222,2024-09-08 11:56:08,bartender_interview.txt,1,0,0.0636363636363636,0.0,0.009090909090909,0.0802144581933062,,,,,,,,,,
222,2024-09-08 11:56:08,bartender_interview.txt,2,0,0.072072072072072,0.0,0.0,0.0542195723652842,,,,,,,,,,
222,2024-09-08 11:56:08,bartender_interview.txt,3,0,0.0588235294117647,0.0,0.0,0.0973387164224358,,,,,,,,,,
222,2024-09-08 11:56:08,natural_language_processing_engineer_interview.txt,1,0,0.0375,0.0,0.025,0.0164392722606681,,,,,,,,,,
222,2024-09-08 11:56:08,natural_language_processing_engineer_interview.txt,2,0,0.0381679389312977,0.0,0.0229007633587786,0.0706681390294403,,,,,,,,,,
222,2024-09-08 11:56:08,natural_language_processing_engineer_interview.txt,3,0,0.1111111111111111,0.0074074074074074,0.0,0.0796851750714229,,,,,,,,,,
222,2024-09-08 11:56:08,cto_of_a_fintec_interview.txt,1,0,0.0714285714285714,0.0,0.0158730158730158,0.0542815808204184,,,,,,,,,,
222,2024-09-08 11:56:08,cto_of_a_fintec_interview.txt,2,0,0.056,0.008,0.008,0.0907334966492485,,,,,,,,,,
222,2024-09-08 11:56:08,cto_of_a_fintec_interview.txt,3,0,0.073170731707317,0.0,0.0,0.0552888252461915,,,,,,,,,,
222,2024-09-08 11:56:08,database_administrator_interview.txt,1,0,0.0660377358490566,0.0,0.0,0.0548225848771237,,,,,,,,,,
222,2024-09-08 11:56:08,database_administrator_interview.txt,2,0,0.0254237288135593,0.0,0.0,0.024114343310107,,,,,,,,,,
222,2024-09-08 11:56:08,database_administrator_interview.txt,3,0,0.0863309352517985,0.0287769784172661,0.0287769784172661,0.104152812248344,,,,,,,,,,
222,2024-09-08 11:56:08,nuclear_engineer_interview.txt,1,0,0.0714285714285714,0.0,0.0089285714285714,0.0449991497095448,,,,,,,,,,
222,2024-09-08 11:56:08,nuclear_engineer_interview.txt,2,0,0.031578947368421,0.0,0.0,0.0757479536132003,,,,,,,,,,
222,2024-09-08 11:56:08,nuclear_engineer_interview.txt,3,0,0.0471698113207547,0.0,0.0283018867924528,0.1100773347441114,,,,,,,,,,
222,2024-09-08 11:56:08,pharmacist_interview.txt,1,0,0.0654205607476635,0.0,0.0093457943925233,0.0,,,,,,,,,,
222,2024-09-08 11:56:08,pharmacist_interview.txt,2,0,0.0441176470588235,0.0,0.0,0.0690132425340739,,,,,,,,,,
222,2024-09-08 11:56:08,pharmacist_interview.txt,3,0,0.0842105263157894,0.0421052631578947,0.0,0.0934611119352368,,,,,,,,,,
222,2024-09-08 11:56:08,chef_interview.txt,1,0,0.0588235294117647,0.0,0.0,0.0332256967857307,,,,,,,,,,
222,2024-09-08 11:56:08,chef_interview.txt,2,0,0.0642857142857142,0.0,0.0142857142857142,0.0765835105514407,,,,,,,,,,
222,2024-09-08 11:56:08,chef_interview.txt,3,0,0.0543478260869565,0.0,0.0,0.0449413215361284,,,,,,,,,,
222,2024-09-08 11:56:08,hotel_manager_interview.txt,1,0,0.040650406504065,0.0,0.008130081300813,0.1413053520565927,,,,,,,,,,
222,2024-09-08 11:56:08,hotel_manager_interview.txt,2,0,0.0948275862068965,0.0,0.0,0.1099607806113364,,,,,,,,,,
222,2024-09-08 11:56:08,hotel_manager_interview.txt,3,0,0.0873015873015873,0.0079365079365079,0.0,0.0983426079695328,,,,,,,,,,
222,2024-09-08 11:56:08,mobile_app_developer_interview.txt,1,0,0.0526315789473684,0.0,0.0,0.1013216232627603,,,,,,,,,,
222,2024-09-08 11:56:08,mobile_app_developer_interview.txt,2,0,0.024390243902439,0.0,0.016260162601626,0.0251933432248417,,,,,,,,,,
222,2024-09-08 11:56:08,mobile_app_developer_interview.txt,3,0,0.0465116279069767,0.0,0.0387596899224806,0.0713877057334111,,,,,,,,,,
222,2024-09-08 11:56:08,graphic_designer_interview.txt,1,0,0.0701754385964912,0.0,0.0087719298245614,0.0907194463199692,,,,,,,,,,
222,2024-09-08 11:56:08,graphic_designer_interview.txt,2,0,0.0338983050847457,0.0,0.0169491525423728,0.1235217831475955,,,,,,,,,,
222,2024-09-08 11:56:08,graphic_designer_interview.txt,3,0,0.0827067669172932,0.0,0.0,0.1745280411231842,,,,,,,,,,
222,2024-09-08 11:56:08,geotechnical_engineer_interview.txt,1,0,0.0341880341880341,0.0,0.0256410256410256,0.0319974506476605,,,,,,,,,,
222,2024-09-08 11:56:08,geotechnical_engineer_interview.txt,2,0,0.064516129032258,0.0,0.0161290322580645,0.0214325208060958,,,,,,,,,,
222,2024-09-08 11:56:08,geotechnical_engineer_interview.txt,3,0,0.0485436893203883,0.0,0.0097087378640776,0.0773230010696247,,,,,,,,,,
222,2024-09-08 11:56:08,gardener_interview.txt,1,0,0.048076923076923,0.0,0.0,0.0456965816968714,,,,,,,,,,
222,2024-09-08 11:56:08,gardener_interview.txt,2,0,0.0598290598290598,0.0,0.0085470085470085,0.1140851410160635,,,,,,,,,,
222,2024-09-08 11:56:08,gardener_interview.txt,3,0,0.0606060606060606,0.0,0.0075757575757575,0.0,,,,,,,,,,
222,2024-09-08 11:56:08,ai_software_developer_interview.txt,1,0,0.09,0.0,0.0,0.0111499229117319,,,,,,,,,,
222,2024-09-08 11:56:08,ai_software_developer_interview.txt,2,0,0.0542635658914728,0.0,0.0077519379844961,0.1105557259653508,,,,,,,,,,
222,2024-09-08 11:56:08,ai_software_developer_interview.txt,3,0,0.089430894308943,0.0,0.008130081300813,0.0,,,,,,,,,,
222,2024-09-08 11:56:08,supply_chain_manager_interview.txt,1,0,0.0485436893203883,0.0,0.0097087378640776,0.110396931184179,,,,,,,,,,
222,2024-09-08 11:56:08,supply_chain_manager_interview.txt,2,0,0.0446428571428571,0.0,0.0,0.0139712343151882,,,,,,,,,,
222,2024-09-08 11:56:08,supply_chain_manager_interview.txt,3,0,0.0588235294117647,0.0073529411764705,0.0,0.028340865949965,,,,,,,,,,
222,2024-09-08 11:56:08,cloud_architect_interview.txt,1,0,0.0285714285714285,0.0,0.0380952380952381,0.0391645933980824,,,,,,,,,,
222,2024-09-08 11:56:08,cloud_architect_interview.txt,2,0,0.0708661417322834,0.0,0.0157480314960629,0.0392796140007774,,,,,,,,,,
222,2024-09-08 11:56:08,cloud_architect_interview.txt,3,0,0.0546875,0.0,0.0078125,0.0877736868278276,,,,,,,,,,
222,2024-09-08 11:56:08,mining_engineer_interview.txt,1,0,0.043103448275862,0.0,0.0,0.0623291883426047,,,,,,,,,,
222,2024-09-08 11:56:08,mining_engineer_interview.txt,2,0,0.0526315789473684,0.0,0.0,0.0706375811030402,,,,,,,,,,
222,2024-09-08 11:56:08,mining_engineer_interview.txt,3,0,0.0333333333333333,0.0,0.0222222222222222,0.0358635620371859,,,,,,,,,,
222,2024-09-08 11:56:08,devops_engineer_interview.txt,1,0,0.0977443609022556,0.0601503759398496,0.0,0.07311065388755,,,,,,,,,,
222,2024-09-08 11:56:08,devops_engineer_interview.txt,2,0,0.0526315789473684,0.0,0.0263157894736842,0.148397515332583,,,,,,,,,,
222,2024-09-08 11:56:08,devops_engineer_interview.txt,3,0,0.0842105263157894,0.0,0.0105263157894736,0.0,,,,,,,,,,
222,2024-09-08 11:56:08,system_administrator_interview.txt,1,0,0.0408163265306122,0.0,0.0204081632653061,0.0332782663987651,,,,,,,,,,
222,2024-09-08 11:56:08,system_administrator_interview.txt,2,0,0.0560747663551401,0.0,0.0186915887850467,0.0204433907247207,,,,,,,,,,
222,2024-09-08 11:56:08,system_administrator_interview.txt,3,0,0.0921052631578947,0.0,0.0,0.1253139835189771,,,,,,,,,,
222,2024-09-08 11:56:08,content_writer_interview.txt,1,0,0.0769230769230769,0.0,0.0109890109890109,0.055124321075318,,,,,,,,,,
222,2024-09-08 11:56:08,content_writer_interview.txt,2,0,0.0454545454545454,0.0,0.0113636363636363,0.1019393483798434,,,,,,,,,,
222,2024-09-08 11:56:08,content_writer_interview.txt,3,0,0.0518518518518518,0.0,0.0222222222222222,0.0877565421919958,,,,,,,,,,
222,2024-09-08 11:56:08,transportation_engineer_interview.txt,1,0,0.0510948905109489,0.0,0.0145985401459854,0.1117562157628961,,,,,,,,,,
222,2024-09-08 11:56:08,transportation_engineer_interview.txt,2,0,0.0241935483870967,0.0080645161290322,0.0161290322580645,0.0349067186143281,,,,,,,,,,
222,2024-09-08 11:56:08,transportation_engineer_interview.txt,3,0,0.0687022900763358,0.0,0.0076335877862595,0.1166303786213575,,,,,,,,,,
222,2024-09-08 11:56:08,lorry_driver_interview.txt,1,0,0.0454545454545454,0.0,0.0,0.0916819840397446,,,,,,,,,,
222,2024-09-08 11:56:08,lorry_driver_interview.txt,2,0,0.0458015267175572,0.0,0.0076335877862595,0.0567176989464362,,,,,,,,,,
222,2024-09-08 11:56:08,lorry_driver_interview.txt,3,0,0.0413223140495867,0.0,0.0,0.1123148981401632,,,,,,,,,,
222,2024-09-08 11:56:08,dentist_interview.txt,1,0,0.0592592592592592,0.0,0.0074074074074074,0.0704318199356172,,,,,,,,,,
222,2024-09-08 11:56:08,dentist_interview.txt,2,0,0.0526315789473684,0.0,0.0087719298245614,0.0940702620980976,,,,,,,,,,
222,2024-09-08 11:56:08,dentist_interview.txt,3,0,0.0555555555555555,0.0,0.0,0.1371066698362683,,,,,,,,,,
222,2024-09-08 11:56:08,physicist_interview.txt,1,0,0.0608695652173913,0.0,0.008695652173913,0.1139810973689073,,,,,,,,,,
222,2024-09-08 11:56:08,physicist_interview.txt,2,0,0.0508474576271186,0.0,0.0423728813559322,0.1136156482515152,,,,,,,,,,
222,2024-09-08 11:56:08,physicist_interview.txt,3,0,0.0503597122302158,0.0,0.0071942446043165,0.062641834791487,,,,,,,,,,
222,2024-09-08 11:56:08,architect_interview.txt,1,0,0.0459770114942528,0.0,0.0229885057471264,0.0,,,,,,,,,,
222,2024-09-08 11:56:08,architect_interview.txt,2,0,0.0687022900763358,0.0,0.0229007633587786,0.0876209078759001,,,,,,,,,,
222,2024-09-08 11:56:08,architect_interview.txt,3,0,0.0606060606060606,0.0378787878787878,0.0227272727272727,0.0480218505844039,,,,,,,,,,
222,2024-09-08 11:56:08,materials_engineer_interview.txt,1,0,0.0454545454545454,0.0,0.0181818181818181,0.0329382443745014,,,,,,,,,,
222,2024-09-08 11:56:08,materials_engineer_interview.txt,2,0,0.0459770114942528,0.0,0.0114942528735632,0.0418562922438496,,,,,,,,,,
222,2024-09-08 11:56:08,materials_engineer_interview.txt,3,0,0.0508474576271186,0.0,0.0,0.0236745237289426,,,,,,,,,,
222,2024-09-08 11:56:08,computer_vision_engineer_interview.txt,1,0,0.0642201834862385,0.0,0.018348623853211,0.0651242189442417,,,,,,,,,,
222,2024-09-08 11:56:08,computer_vision_engineer_interview.txt,2,0,0.07,0.0,0.0,0.0806504300442508,,,,,,,,,,
222,2024-09-08 11:56:08,computer_vision_engineer_interview.txt,3,0,0.0564516129032258,0.0,0.0,0.0739659279494996,,,,,,,,,,
222,2024-09-08 11:56:08,data_scientist_interview.txt,1,0,0.0847457627118644,0.0,0.0084745762711864,0.0,,,,,,,,,,
222,2024-09-08 11:56:08,data_scientist_interview.txt,2,0,0.089430894308943,0.016260162601626,0.0,0.0524078414472835,,,,,,,,,,
222,2024-09-08 11:56:08,data_scientist_interview.txt,3,0,0.104,0.0,0.008,0.0,,,,,,,,,,
222,2024-09-08 11:56:08,structural_engineer_interview.txt,1,0,0.075187969924812,0.0,0.0075187969924812,0.1294579871455792,,,,,,,,,,
222,2024-09-08 11:56:08,structural_engineer_interview.txt,2,0,0.048,0.0,0.016,0.0444434820554314,,,,,,,,,,
222,2024-09-08 11:56:08,structural_engineer_interview.txt,3,0,0.0654205607476635,0.0,0.0093457943925233,0.0492461992698414,,,,,,,,,,
222,2024-09-08 11:56:08,ai_ethicist_interview.txt,1,0,0.0671641791044776,0.0597014925373134,0.0,0.0,,,,,,,,,,
222,2024-09-08 11:56:08,ai_ethicist_interview.txt,2,0,0.0869565217391304,0.0608695652173913,0.0260869565217391,0.0463364020063631,,,,,,,,,,
222,2024-09-08 11:56:08,ai_ethicist_interview.txt,3,0,0.0962962962962963,0.0518518518518518,0.0,0.0627334709480612,,,,,,,,,,
222,2024-09-08 11:56:08,sales_manager_interview.txt,1,0,0.0454545454545454,0.0,0.0227272727272727,0.0927529785536527,,,,,,,,,,
222,2024-09-08 11:56:08,sales_manager_interview.txt,2,0,0.0727272727272727,0.0,0.0,0.1185601973267088,,,,,,,,,,
222,2024-09-08 11:56:08,sales_manager_interview.txt,3,0,0.0444444444444444,0.0,0.0,0.106219738259975,,,,,,,,,,
222,2024-09-08 11:56:08,frontend_developer_interview.txt,1,0,0.0338983050847457,0.0,0.0,0.0463880667322203,,,,,,,,,,
222,2024-09-08 11:56:08,frontend_developer_interview.txt,2,0,0.048076923076923,0.0,0.0192307692307692,0.0316033064174671,,,,,,,,,,
222,2024-09-08 11:56:08,frontend_developer_interview.txt,3,0,0.0677966101694915,0.0,0.0084745762711864,0.1521935579294296,,,,,,,,,,
222,2024-09-08 11:56:08,public_relations_specialist_interview.txt,1,0,0.0707070707070707,0.0,0.0,0.0612498751422564,,,,,,,,,,
222,2024-09-08 11:56:08,public_relations_specialist_interview.txt,2,0,0.1025641025641025,0.0341880341880341,0.0,0.0,,,,,,,,,,
222,2024-09-08 11:56:08,public_relations_specialist_interview.txt,3,0,0.0517241379310344,0.0,0.0086206896551724,0.1004132052736,,,,,,,,,,
222,2024-09-08 11:56:08,logistics_coordinator_interview.txt,1,0,0.0603448275862069,0.0,0.0344827586206896,0.0536258473420191,,,,,,,,,,
222,2024-09-08 11:56:08,logistics_coordinator_interview.txt,2,0,0.043010752688172,0.0,0.0,0.0355816989033996,,,,,,,,,,
222,2024-09-08 11:56:08,logistics_coordinator_interview.txt,3,0,0.054054054054054,0.0,0.0,0.041870378325629,,,,,,,,,,
222,2024-09-08 11:56:08,nurse_interview.txt,1,0,0.0652173913043478,0.0,0.0217391304347826,0.0792010942258981,,,,,,,,,,
222,2024-09-08 11:56:08,nurse_interview.txt,2,0,0.0514705882352941,0.0,0.0147058823529411,0.1370661560765469,,,,,,,,,,
222,2024-09-08 11:56:08,nurse_interview.txt,3,0,0.054054054054054,0.0,0.036036036036036,0.1152664333805689,,,,,,,,,,
222,2024-09-08 11:56:08,chemist_interview.txt,1,0,0.0727272727272727,0.0,0.0181818181818181,0.0527446151325422,,,,,,,,,,
222,2024-09-08 11:56:08,chemist_interview.txt,2,0,0.1075268817204301,0.0,0.0,0.1152384730306447,,,,,,,,,,
222,2024-09-08 11:56:08,chemist_interview.txt,3,0,0.0697674418604651,0.0,0.0077519379844961,0.0643850449549886,,,,,,,,,,
222,2024-09-08 11:56:08,manufacturing_engineer_interview.txt,1,0,0.0687022900763358,0.015267175572519,0.0229007633587786,0.0482168090314157,,,,,,,,,,
222,2024-09-08 11:56:08,manufacturing_engineer_interview.txt,2,0,0.0446428571428571,0.0,0.0089285714285714,0.0834938300109287,,,,,,,,,,
222,2024-09-08 11:56:08,manufacturing_engineer_interview.txt,3,0,0.0602409638554216,0.0,0.0,0.0635358168333495,,,,,,,,,,
222,2024-09-08 11:56:08,veterinarian_interview.txt,1,0,0.048076923076923,0.0,0.0096153846153846,0.0969298964109895,,,,,,,,,,
222,2024-09-08 11:56:08,veterinarian_interview.txt,2,0,0.05,0.0142857142857142,0.0,0.0695811870523281,,,,,,,,,,
222,2024-09-08 11:56:08,veterinarian_interview.txt,3,0,0.032520325203252,0.0,0.016260162601626,0.0394390204432756,,,,,,,,,,
222,2024-09-08 11:56:08,event_planner_interview.txt,1,0,0.0373134328358208,0.0,0.0,0.099059528098622,,,,,,,,,,
222,2024-09-08 11:56:08,event_planner_interview.txt,2,0,0.078125,0.0,0.0078125,0.0271201838699979,,,,,,,,,,
222,2024-09-08 11:56:08,event_planner_interview.txt,3,0,0.048076923076923,0.0,0.0,0.1572289573335409,,,,,,,,,,
222,2024-09-08 11:56:08,seo_specialist_interview.txt,1,0,0.0306122448979591,0.0,0.0,0.0418630458366323,,,,,,,,,,
222,2024-09-08 11:56:08,seo_specialist_interview.txt,2,0,0.0561797752808988,0.0,0.0,0.0469111864526693,,,,,,,,,,
222,2024-09-08 11:56:08,seo_specialist_interview.txt,3,0,0.0648148148148148,0.0,0.0092592592592592,0.1552382553045406,,,,,,,,,,
222,2024-09-08 11:56:08,procurement_specialist_interview.txt,1,0,0.1349206349206349,0.0079365079365079,0.0,0.0,,,,,,,,,,
222,2024-09-08 11:56:08,procurement_specialist_interview.txt,2,0,0.0467289719626168,0.0,0.0,0.0290324715415137,,,,,,,,,,
222,2024-09-08 11:56:08,procurement_specialist_interview.txt,3,0,0.0614035087719298,0.0,0.0087719298245614,0.0990984254553111,,,,,,,,,,
222,2024-09-08 11:56:08,aerospace_engineer_interview.txt,-999,0,0.0438041883420034,0.0,0.0178293539638077,0.0480739626699158,0.0092818447337929,-37.9994116530922,0.0,0.0,0.011075130789614,1.5910790693874617,0.0113061410215475,-49.35193438837489,93.0,76.0
222,2024-09-08 11:56:08,agricultural_engineer_interview.txt,-999,0,0.0456377917911273,0.0,0.0109669211195928,0.011394722776523,0.0069730377729906,-35.404123463912626,0.0,0.0,0.0114809600183229,-37.51084010840108,0.0098783166486343,-87.99515091413978,90.0,100.0
222,2024-09-08 11:56:08,ai_ethicist_interview.txt,-999,0,0.0834723323799681,0.0574743032021855,0.008695652173913,0.0363566243181414,0.014875306539273,18.14700635108176,0.0049040868504378,0.0,0.0150613113701641,-50.45245669848003,0.0325356583816519,-61.69667338376586,5.0,91.0
222,2024-09-08 11:56:08,ai_professor_interview.txt,-999,0,0.0658976546369447,0.0,0.0130909255756256,0.0340822291710896,0.0113684743774216,-6.728248763048711,0.0,0.0,0.0039311982797189,-25.408331791241707,0.0420786958568103,-64.09285019626586,35.0,92.0
222,2024-09-08 11:56:08,ai_software_developer_interview.txt,-999,0,0.0778981534001386,0.0,0.0052940064284363,0.0405685496256942,0.0204701310535737,10.257295586392232,0.0,0.0,0.0045886409905508,-69.8349235335802,0.0608665247425301,-57.25922205916984,12.0,88.0
222,2024-09-08 11:56:08,architect_interview.txt,-999,0,0.0584284540588831,0.0126262626262626,0.0228721806110592,0.0452142528201013,0.0115180748983522,-17.300179161695667,0.0218693283783949,0.0,0.0001329413508501,30.324941311064123,0.0438778740158845,-52.36476636767525,55.0,78.0
222,2024-09-08 11:56:08,astronomer_interview.txt,-999,0,0.0603797074385309,0.0052910052910052,0.0059134765017117,0.0224049461475774,0.019792235413115,-14.538368884388149,0.0091642899871369,0.0,0.0052056422918386,-66.30520320142512,0.0195158607931298,-76.39538911533178,48.0,97.0
222,2024-09-08 11:56:08,backend_developer_interview.txt,-999,0,0.0525201180281394,0.0,0.0060062486533074,0.0863875677914038,0.0090964815246191,-25.6628568855078,0.0,0.0,0.0052367468209077,-65.77659049861344,0.0423274975700418,-8.986841139563666,72.0,16.0
222,2024-09-08 11:56:08,barista_interview.txt,-999,0,0.0690503124326653,0.0,0.0081663434604611,0.087702429243304,0.0185405746278981,-2.265966830895792,0.0,0.0,0.0084133830483931,-53.46844053443765,0.0174195882811321,-7.601575906837013,27.0,14.0
222,2024-09-08 11:56:08,bartender_interview.txt,-999,0,0.0648439883734001,0.0,0.003030303030303,0.0772575823270087,0.0067063208083585,-8.219611364063041,0.0,0.0,0.0052486388108147,-82.73343187977335,0.0217111142556495,-18.605688373125343,36.0,27.0
222,2024-09-08 11:56:08,biologist_interview.txt,-999,0,0.0680868838763575,0.01,0.0063492063492063,0.0489864703554579,0.0312272387653812,-3.629606692338399,0.0173205080756887,0.0,0.0109971479845643,-63.822428700477474,0.0437409249891785,-48.3905668088853,30.0,74.0
222,2024-09-08 11:56:08,biomedical_engineer_interview.txt,-999,0,0.0799153086040311,0.0,0.0033003300330033,0.0789197619677442,0.017777004765244,13.112383516612752,0.0,0.0,0.0057163392989071,-81.19482679975314,0.0318817554345985,-16.854507924775135,9.0,25.0
222,2024-09-08 11:56:08,business_analyst_interview.txt,-999,0,0.0554979760406117,0.0,0.0093334027442554,0.0268847086642488,0.0098769086964874,-21.44798712590089,0.0,0.0,0.0016198096651814,-46.81857468852488,0.0465656813531662,-71.67575933513768,67.0,95.0
222,2024-09-08 11:56:08,business_intelligence_analyst_interview.txt,-999,0,0.0687741763372015,0.0,0.0128851540616246,0.1003877971033804,0.0087949076901518,-2.6568107440144217,0.0,0.0,0.0111623859076589,-26.580811186263105,0.0562029429299538,5.763025386719647,29.0,8.0
222,2024-09-08 11:56:08,chef_interview.txt,-999,0,0.0591523565948118,0.0,0.0047619047619047,0.0515835096244333,0.0049770976432038,-16.27556519594934,0.0,0.0,0.0082478609884232,-72.86682152535812,0.0224290882691609,-45.654470011661154,52.0,69.0
222,2024-09-08 11:56:08,chemical_engineer_interview.txt,-999,0,0.0570857948442534,0.0,0.0156272377372001,0.0708178587504109,0.0088954911151646,-19.20058331041517,0.0,0.0,0.0054242753193317,-10.95650757628681,0.0689536349550145,-25.390224619236847,61.0,39.0
222,2024-09-08 11:56:08,chemist_interview.txt,-999,0,0.0833405321027226,0.0,0.0086445853887714,0.0774560443727252,0.0209982089846374,17.960455816924977,0.0,0.0,0.0091237186848588,-50.74343357950845,0.0332341516828835,-18.396599748959304,6.0,26.0
222,2024-09-08 11:56:08,civil_engineer_interview.txt,-999,0,0.0520920733861342,0.0,0.011100938334159,0.0633969770053524,0.0132700815553927,-26.26871264148845,0.0,0.0,0.0034094988331135,-36.74721437808669,0.017188509235205,-33.20845479303192,76.0,52.0
222,2024-09-08 11:56:08,cloud_architect_interview.txt,-999,0,0.0513750234345706,0.0,0.0205519231971003,0.0554059647422291,0.0213410418229086,-27.283627437396945,0.0,0.0,0.0157025185318364,17.10419002185195,0.0280313285841514,-41.62734291725233,78.0,62.0
222,2024-09-08 11:56:08,computer_vision_engineer_interview.txt,-999,0,0.0635572654631547,0.0,0.0061162079510703,0.0732468589793307,0.0067984772898058,-10.040843088568238,0.0,0.0,0.0105935829209105,-65.1500459958728,0.0077880423033267,-22.831164451684472,39.0,36.0
222,2024-09-08 11:56:08,construction_manager_interview.txt,-999,0,0.0845533482626598,0.0,0.0189321197235666,0.076807083260755,0.0285329359907958,19.67707969055212,0.0,0.0,0.0084526221862361,7.874602506192673,0.0695745010677526,-19.0803092489258,4.0,29.0
222,2024-09-08 11:56:08,content_writer_interview.txt,-999,0,0.0580764914098247,0.0,0.0148582898582898,0.0816067372157191,0.0166320991283872,-17.798348221407025,0.0,0.0,0.0063801027372806,-15.337947583882524,0.0240057653765828,-14.02365955908776,57.0,22.0
222,2024-09-08 11:56:08,cto_of_a_fintec_interview.txt,-999,0,0.0668664343786295,0.0026666666666666,0.0079576719576719,0.0667679675719528,0.0094508374067066,-5.35703481670042,0.004618802153517,0.0,0.007936592592141,-54.65744397126511,0.0207608663908648,-29.656965755907265,33.0,45.0
222,2024-09-08 11:56:08,customer_service_representative_interview.txt,-999,0,0.0581985266195792,0.0,0.0059542796384901,0.0671208891698068,0.0164720762626921,-17.6256191950239,0.0,0.0,0.005159023304182,-66.07270825499324,0.0489025078385463,-29.28514709875597,56.0,43.0
222,2024-09-08 11:56:08,cybersecurity_specialist_interview.txt,-999,0,0.0773109926377253,0.0202599644579842,0.008,0.0511719302908732,0.0215075743575556,9.426226364435236,0.0111223276261782,0.0,0.013856406460551,-54.41626016260162,0.0555235444498658,-46.08808721175909,14.0,70.0
222,2024-09-08 11:56:08,data_engineer_interview.txt,-999,0,0.1061455340525108,0.0025641025641025,0.0056142823584684,0.0658105039181166,0.036967865632999,50.23872854965924,0.0044411559168432,0.0,0.0049079869301384,-68.01000169973511,0.0781642140642681,-30.665696454751668,1.0,48.0
222,2024-09-08 11:56:08,data_scientist_interview.txt,-999,0,0.0927255523402691,0.005420054200542,0.0054915254237288,0.0174692804824278,0.0100410403865582,31.244043491977635,0.0093878092551158,0.0,0.0047617165254651,-68.70946672178586,0.0302576813672363,-81.5953332131787,2.0,99.0
222,2024-09-08 11:56:08,database_administrator_interview.txt,-999,0,0.0592641333048048,0.0095923261390887,0.0095923261390887,0.0610299134785249,0.0310134360817725,-16.1173560829545,0.0166143962356726,0.0,0.0166143962356726,-45.34323760503791,0.0403786741209838,-35.70226188018239,51.0,55.0
222,2024-09-08 11:56:08,dentist_interview.txt,-999,0,0.0558154645873944,0.0,0.0053931124106562,0.1005362506233277,0.0033214757424644,-20.998612820863087,0.0,0.0,0.0047201405129731,-69.27022086985002,0.033804447311336,5.919427796693483,66.0,6.0
222,2024-09-08 11:56:08,devops_engineer_interview.txt,-999,0,0.0781954887218045,0.0200501253132832,0.0122807017543859,0.073836056406711,0.0231500816817152,10.67814495211195,0.0347278357407293,0.0,0.0132453235706504,-30.024960775923542,0.0742014170742861,-22.210418661181293,11.0,35.0
222,2024-09-08 11:56:08,digital_marketing_specialist_interview.txt,-999,0,0.0566753539345686,0.0,0.0098898021657708,0.0832511521109623,0.018437893884227,-19.78152268733997,0.0,0.0,0.001141597288879,-43.64822887902008,0.0721138721343955,-12.291195063101242,63.0,19.0
222,2024-09-08 11:56:08,doctor_interview.txt,-999,0,0.0602297484650425,0.0,0.0097643097643097,0.0522903051616822,0.0089849186448038,-14.750621295312598,0.0,0.0,0.0091654259857348,-44.36328050149187,0.0202047210831162,-44.90982936303435,49.0,67.0
222,2024-09-08 11:56:08,electrical_engineer_interview.txt,-999,0,0.0770187338501292,0.0066666666666666,0.0034722222222222,0.039980860416496,0.0212295749208747,9.012562341282049,0.0115470053837925,0.0,0.0060140653040586,-80.21539069557362,0.0105493860274732,-57.87837887449393,15.0,90.0
222,2024-09-08 11:56:08,environmental_engineer_interview.txt,-999,0,0.0666202844774273,0.0,0.0146464646464646,0.0757482535843909,0.0073565622429902,-5.705436174509245,0.0,0.0,0.0137481389786022,-16.54492075223783,0.0665124574639047,-20.19583357730795,34.0,31.0
222,2024-09-08 11:56:08,environmental_scientist_interview.txt,-999,0,0.0539188210091536,0.0,0.0164064483371414,0.08260450506481,0.0118172493974848,-23.683128210514862,0.0,0.0,0.0206568954496431,-6.516590918003615,0.0269700022423844,-12.97246659143272,71.0,20.0
222,2024-09-08 11:56:08,event_planner_interview.txt,-999,0,0.0545051186375813,0.0,0.0026041666666666,0.0944695564340536,0.021151531321009,-22.85328067116309,0.0,0.0,0.0045105489780439,-85.16154302168022,0.0651757172032501,-0.4721053384833027,68.0,12.0
222,2024-09-08 11:56:08,financial_analyst_interview.txt,-999,0,0.072997920552988,0.0029498525073746,0.0116001867826685,0.1144640016456769,0.0136266213490143,3.321490334435253,0.0051092944176073,0.0,0.0104294293817635,-33.902512954201285,0.0486399351293362,20.59293520954837,21.0,3.0
222,2024-09-08 11:56:08,fire_protection_engineer_interview.txt,-999,0,0.0695367294204503,0.0240402362495385,0.0107281284606865,0.0328066995261925,0.0207734997884739,-1.57749066991461,0.0201060034230084,0.0,0.0041775518863019,-38.87147291323412,0.029641073128454,-65.43667761461074,26.0,94.0
222,2024-09-08 11:56:08,focus_group_interview.txt,-999,0,0.0588235294117647,0.0,0.0,0.0,0.0,-16.74098824303796,0.0,0.0,0.0,-100.0,0.0,-100.0,53.0,101.0
222,2024-09-08 11:56:08,frontend_developer_interview.txt,-999,0,0.0499239461103867,0.0,0.0092351151673185,0.0767283103597056,0.0170244645281205,-29.337486925303224,0.0,0.0,0.0096379165726401,-47.37861410556739,0.0657715742358427,-19.163300016467915,84.0,30.0
222,2024-09-08 11:56:08,full_stack_developer_interview.txt,-999,0,0.0804121707008846,0.0123456790123456,0.0101876154369592,0.0483128022847362,0.0780055017087343,13.815643718392453,0.0213833433033194,0.0,0.0040072722095984,-41.95129854477313,0.0514378645862778,-49.10030619277265,8.0,75.0
222,2024-09-08 11:56:08,game_developer_interview.txt,-999,0,0.0521700521700521,0.0,0.0183890183890183,0.0658134742018097,0.0083272280313069,-26.15834122120914,0.0,0.0,0.0047618055766234,4.7800287637686125,0.0101708631617814,-30.662567128292565,74.0,47.0
222,2024-09-08 11:56:08,gardener_interview.txt,-999,0,0.0561706811706811,0.0,0.0053742553742553,0.0532605742376449,0.0070201583039181,-20.49583813223272,0.0,0.0,0.0046795082789833,-69.37766765002537,0.057417465439807,-43.88760758036767,65.0,66.0
222,2024-09-08 11:56:08,geneticist_interview.txt,-999,0,0.0611336032388664,0.0096153846153846,0.0101407364565259,0.0973580478295555,0.0279117427581266,-13.471302356226062,0.0166543346881622,0.0,0.008783849262908,-42.21841345076261,0.0114069685173857,2.571049283957322,45.0,9.0
222,2024-09-08 11:56:08,geologist_interview.txt,-999,0,0.0897087359987703,0.0,0.0084852734922861,0.0625965489539741,0.0186570725171784,26.97403198880508,0.0,0.0,0.0087032835354668,-51.651187584807126,0.0571174070875316,-34.05174147488816,3.0,53.0
222,2024-09-08 11:56:08,geotechnical_engineer_interview.txt,-999,0,0.0490826175135601,0.0,0.0171595985877226,0.0435843241744603,0.0151712282600357,-30.528306113392333,0.0,0.0,0.0080159839490695,-2.225165282882997,0.0296922241439828,-54.08196895306461,85.0,82.0
222,2024-09-08 11:56:08,graphic_designer_interview.txt,-999,0,0.06226017019951,0.0,0.0085736941223114,0.129589756863583,0.0253486704180317,-11.87675587526506,0.0,0.0,0.0084763150024872,-51.14736971039053,0.0422325155476891,36.5285935192658,43.0,1.0
222,2024-09-08 11:56:08,hotel_manager_interview.txt,-999,0,0.0742598600041829,0.0026455026455026,0.002710027100271,0.1165362468791539,0.029348878825487,5.107643471696633,0.0045821449935684,0.0,0.0046939046275579,-84.55835371361843,0.0222233416108369,22.77613806447352,18.0,2.0
222,2024-09-08 11:56:08,human_resources_manager_interview.txt,-999,0,0.0639151864060417,0.0,0.0236426564141502,0.0579282148176675,0.0148051245436644,-9.534240640706187,0.0,0.0,0.007475764681373,34.71508738095281,0.0734851947736557,-38.97003987388016,38.0,58.0
222,2024-09-08 11:56:08,industrial_engineer_interview.txt,-999,0,0.0708252286952335,0.0,0.0231474883646284,0.056356248609007,0.0225485441761457,0.2462553266415597,0.0,0.0,0.01226823742033,31.8936359378038,0.0528215330852058,-40.62617644456724,24.0,59.0
222,2024-09-08 11:56:08,it_manager_interview.txt,-999,0,0.0471973372676066,0.0,0.0051092318534179,0.1004112410170443,0.0142018613496248,-33.1967378061636,0.0,0.0,0.0044256013696548,-70.88776305310621,0.072368648424168,5.787724596260446,89.0,7.0
222,2024-09-08 11:56:08,logistics_coordinator_interview.txt,-999,0,0.0524698781094776,0.0,0.0114942528735632,0.0436926415236826,0.008774950040325,-25.733966627142763,0.0,0.0,0.019908629972056,-34.50612092327819,0.0091590559333901,-53.96785179055914,73.0,81.0
222,2024-09-08 11:56:08,lorry_driver_interview.txt,-999,0,0.0441927954072298,0.0,0.0025445292620865,0.086904860375448,0.0024919563434483,-37.44937596947936,0.0,0.0,0.0044072539632795,-85.50135501355014,0.0281047651195438,-8.44185031122339,92.0,15.0
222,2024-09-08 11:56:08,machine_learning_engineer_interview copy.txt,-999,0,0.0434991614619477,0.0,0.005050505050505,0.0497500160439961,0.0046712817333584,-38.43114767516897,0.0,0.0,0.0087477313513579,-71.2223864662889,0.0434329688699764,-47.5861373426463,95.0,73.0
222,2024-09-08 11:56:08,machine_learning_engineer_interview.txt,-999,0,0.0283476463104325,0.0,0.0,0.0267045408274778,0.0249328100425837,-59.87665070347737,0.0,0.0,0.0,-100.0,0.0462536215059891,-71.86557419355775,101.0,96.0
222,2024-09-08 11:56:08,manufacturing_engineer_interview.txt,-999,0,0.0578620370248715,0.005089058524173,0.01060977826245,0.0650821519585646,0.012204857554227,-18.101887644095555,0.0088145079265591,0.0,0.0115425769617275,-39.54582849399921,0.0176892740534159,-31.43304775651628,58.0,49.0
222,2024-09-08 11:56:08,marine_engineer_interview.txt,-999,0,0.0574233716475095,0.0026041666666666,0.0147321428571428,0.0635955669632064,0.0125751911240016,-18.72277602288517,0.0045105489780439,0.0,0.0143066253205018,-16.05672909407666,0.0563358613200052,-32.99923140771915,60.0,51.0
222,2024-09-08 11:56:08,marketing_manager_interview.txt,-999,0,0.0574734490678158,0.0,0.0056307911617961,0.0433353117732308,0.010230270987519,-18.65189628194257,0.0,0.0,0.0048827850487395,-67.91593507524526,0.0335050053371757,-54.34431463324448,59.0,83.0
222,2024-09-08 11:56:08,materials_engineer_interview.txt,-999,0,0.0474263381919723,0.0,0.0098920236851271,0.0328230201157645,0.0029742707228518,-32.87260916504361,0.0,0.0,0.0091961938799908,-43.63557073397275,0.0090914319034334,-65.41948314497358,88.0,93.0
222,2024-09-08 11:56:08,mechanical_engineer_interview.txt,-999,0,0.0587078212465209,0.0,0.0029239766081871,0.0506481015165538,0.0130988129149364,-16.904761950374876,0.0,0.0,0.005064476045523,-83.3392763752199,0.0135803186403236,-46.639964208318496,54.0,72.0
222,2024-09-08 11:56:08,meteorologist_interview.txt,-999,0,0.0676512666704869,0.0,0.0157341100834086,0.0407192739003882,0.0157789142996009,-4.246180679445359,0.0,0.0,0.000801866882806,-10.34755242311398,0.0705278512427857,-57.10042730770777,31.0,87.0
222,2024-09-08 11:56:08,microbiologist_interview.txt,-999,0,0.0716161196083565,0.0,0.0024875621890547,0.081667457368724,0.023398475491293,1.3656848558227068,0.0,0.0,0.00430858409843,-85.82595154309752,0.0268522658028084,-13.95968816745406,22.0,21.0
222,2024-09-08 11:56:08,mining_engineer_interview.txt,-999,0,0.0430227868521879,0.0,0.0074074074074074,0.0562767771609436,0.009649375660832,-39.105409822159,0.0,0.0,0.0128300059819916,-57.79283348389039,0.0181598970628145,-40.70990316257054,96.0,60.0
222,2024-09-08 11:56:08,mobile_app_developer_interview.txt,-999,0,0.041177816918928,0.0,0.0183399508413688,0.0659675574070043,0.0148569985536164,-41.71678616935595,0.0,0.0,0.019463363791065,4.500443472954331,0.0383524739918186,-30.50023359361124,97.0,46.0
222,2024-09-08 11:56:08,natural_language_processing_engineer_interview.txt,-999,0,0.0622596833474696,0.0024691358024691,0.0159669211195928,0.0555975287871771,0.0423078956167013,-11.877444967201,0.0042766686606638,0.0,0.0138675385756967,-9.02100271002709,0.0342104300673422,-41.42552164481066,44.0,61.0
222,2024-09-08 11:56:08,network_administrator_interview.txt,-999,0,0.0611014125782108,0.0116959064327485,0.0237292955981766,0.0677886964885345,0.0239657375189806,-13.516865120323883,0.0202579041820921,0.0,0.024113132260403,35.208754634001025,0.0437899583450664,-28.581582278708154,47.0,42.0
222,2024-09-08 11:56:08,neuroscientist_interview.txt,-999,0,0.0512170987941831,0.0026666666666666,0.0144143248977901,0.0424897054500683,0.0090189791900086,-27.50715447873958,0.004618802153517,0.0,0.0055555106858179,-17.867645490924716,0.0430262860033163,-55.23519864110567,79.0,85.0
222,2024-09-08 11:56:08,no_persona_interview.txt,-999,0,0.0706512462380337,0.0,0.0175501177142041,0.094917667810953,0.0216471921120907,0.0,0.0,0.0,0.018795860180529,0.0,0.027153427299694,0.0,25.0,11.0
222,2024-09-08 11:56:08,nuclear_engineer_interview.txt,-999,0,0.050059110039249,0.0,0.0124101527403414,0.0769414793556188,0.0200813139447434,-29.146175467884788,0.0,0.0,0.0144685954856044,-29.287353267737515,0.0325555052122015,-18.938716963776685,83.0,28.0
222,2024-09-08 11:56:08,nurse_interview.txt,-999,0,0.0569140111978986,0.0,0.0241603496079199,0.110511227894338,0.00730603618957,-19.443726433150843,0.0,0.0,0.0108692497785903,37.66488636350152,0.0292241395109772,16.428511617502693,62.0,4.0
222,2024-09-08 11:56:08,occupational_therapist_interview.txt,-999,0,0.0388266702776472,0.0,0.0174767476747674,0.0615201787989723,0.0141881073971164,-45.044606648784544,0.0,0.0,0.0155319870303768,-0.4180600986927913,0.0268749397537979,-35.185745480491875,99.0,54.0
222,2024-09-08 11:56:08,operations_manager_interview.txt,-999,0,0.079441426899054,0.0,0.0176617295261363,0.0467300039765822,0.01712062624118,12.441649835029068,0.0,0.0,0.018028582799709,0.6359604747368337,0.0464816574667467,-50.76785486380242,10.0,77.0
222,2024-09-08 11:56:08,petroleum_engineer_interview.txt,-999,0,0.0735606139812917,0.0029498525073746,0.0031446540880503,0.0709193675903395,0.0372837697720836,4.117928413401216,0.0051092944176073,0.0,0.0054467006527323,-82.08186327146291,0.0139780483598758,-25.283280525192325,19.0,38.0
222,2024-09-08 11:56:08,pharmacist_interview.txt,-999,0,0.0645829113740921,0.0140350877192982,0.0031152647975077,0.0541581181564369,0.0200595609157627,-8.58914058429555,0.0243094850185105,0.0,0.0053957969083142,-82.24932249322492,0.0484690715946676,-42.942004997106174,37.0,63.0
222,2024-09-08 11:56:08,physical_therapist_interview.txt,-999,0,0.0776564825783282,0.0023980815347721,0.0071024840101145,0.0753677820916746,0.0263030992224335,9.915233931886933,0.0041535990589181,0.0,0.0063070196502622,-59.53027708545715,0.0262464004677375,-20.59667727847652,13.0,32.0
222,2024-09-08 11:56:08,physicist_interview.txt,-999,0,0.0540255783582419,0.0,0.0194209260447205,0.0967461934706365,0.0059320815056105,-23.532023517005825,0.0,0.0,0.019891147418598,10.659805027987248,0.0295358062180704,1.926433404711787,70.0,10.0
222,2024-09-08 11:56:08,procurement_specialist_interview.txt,-999,0,0.0810177052183938,0.0026455026455026,0.0029239766081871,0.0427102989989416,0.0472544165185173,14.672719212105775,0.0045821449935684,0.0,0.005064476045523,-83.3392763752199,0.0509454286947989,-55.00279349045167,7.0,84.0
222,2024-09-08 11:56:08,product_manager_interview.txt,-999,0,0.0687865128083843,0.0,0.0117481082467615,0.0522449495829317,0.0379708936764512,-2.6393496632272644,0.0,0.0,0.0135349961143919,-33.05966126225324,0.0454785440816327,-44.957613489842906,28.0,68.0
222,2024-09-08 11:56:08,professor_of_classics_interview.txt,-999,0,0.0611153552330022,0.0,0.0061681238151826,0.0728153593663539,0.0261419994381492,-13.49713064211734,0.0,0.0,0.0054087721688619,-64.85423109048168,0.0363220071548864,-23.285768555354807,46.0,37.0
222,2024-09-08 11:56:08,project_manager_interview.txt,-999,0,0.040186022406408,0.0,0.0313364648842841,0.0600194207659177,0.0098787579116307,-43.12057529598863,0.0,0.0,0.0214392955446953,78.55415783862236,0.0497708470280647,-36.76686105956788,98.0,56.0
222,2024-09-08 11:56:08,psychologist_interview.txt,-999,0,0.0507208066598474,0.002415458937198,0.0261500725978538,0.0400466858845506,0.0188810284074656,-28.20960795374773,0.0041836976028233,0.0,0.0047909399839845,49.00226325370636,0.017954888617755,-57.80902880556296,80.0,89.0
222,2024-09-08 11:56:08,public_relations_specialist_interview.txt,-999,0,0.0749984370674025,0.0113960113960113,0.0028735632183908,0.0538876934719521,0.0256902193432022,6.153027810327046,0.0197384707415256,0.0,0.004977157493014,-83.62653023081955,0.050609823528041,-43.22690947350289,17.0,64.0
222,2024-09-08 11:56:08,quality_control_engineer_interview.txt,-999,0,0.0442535005595821,0.0,0.0132078290751531,0.0707746374070316,0.0069378325017299,-37.36345370259146,0.0,0.0,0.0159500015841685,-24.74221945267413,0.0364743133413402,-25.435760233813227,91.0,40.0
222,2024-09-08 11:56:08,restaurant_manager_interview.txt,-999,0,0.0598364598364598,0.0037037037037037,0.0074074074074074,0.0424769058623897,0.0138875926258032,-15.307283278680444,0.0064150029909958,0.0,0.0128300059819916,-57.79283348389039,0.0043504564912869,-55.24868357807652,50.0,86.0
222,2024-09-08 11:56:08,retail_manager_interview.txt,-999,0,0.0758071108654853,0.0,0.0075596122183459,0.0207524511111663,0.0432659891979006,7.297627291783115,0.0,0.0,0.0001813744648619,-56.92557542091257,0.0359442997061293,-78.13636640072222,16.0,98.0
222,2024-09-08 11:56:08,robotics_engineer_interview.txt,-999,0,0.051847618529253,0.0,0.0128342245989304,0.0740966363403292,0.0081822189381443,-26.61471482814148,0.0,0.0,0.015058960257036,-26.87100560845181,0.0446363190310999,-21.9358860692752,77.0,34.0
222,2024-09-08 11:56:08,safety_engineer_interview.txt,-999,0,0.0733248904755256,0.0353818897376066,0.0136332209834932,0.0536626179032506,0.0116070793891186,3.784284609055732,0.0068416037276799,0.0,0.0129881041895934,-22.31835019283561,0.0179059943930516,-43.46403663211555,20.0,65.0
222,2024-09-08 11:56:08,sales_manager_interview.txt,-999,0,0.0542087542087542,0.0,0.0075757575757575,0.1058443047134455,0.0160454579898233,-23.27275583205214,0.0,0.0,0.0131215970270369,-56.83357969943335,0.0129077049842715,11.511699723022131,69.0,5.0
222,2024-09-08 11:56:08,seo_specialist_interview.txt,-999,0,0.0505356116645576,0.0,0.0030864197530864,0.0813374958646141,0.017786128989338,-28.47173354268058,0.0,0.0,0.0053458358258298,-82.41368061828766,0.0640496886430233,-14.307317340946923,82.0,23.0
222,2024-09-08 11:56:08,shop_assistant_interview.txt,-999,0,0.0489036708548903,0.0,0.0092592592592592,0.0794152865978313,0.0075805131521386,-30.781587786679367,0.0,0.0,0.0160375074774896,-47.241041854862985,0.0401423217191564,-16.33245060761253,86.0,24.0
222,2024-09-08 11:56:08,social_media_manager_interview.txt,-999,0,0.0296239503468419,0.0,0.0209090909090909,0.0848462323556859,0.0067165528586563,-58.07016588633869,0.0,0.0,0.0200618877188308,19.139320029563933,0.0735823879732686,-10.610706823650888,100.0,18.0
222,2024-09-08 11:56:08,software_quality_assurance_tester_interview.txt,-999,0,0.0627642535693474,0.0056598796076456,0.0115595846223948,0.0438768814903346,0.0181416985019682,-11.163274660596784,0.0049147827406753,0.0,0.0136025410689936,-34.133862743045,0.0023085626447115,-53.77374676153655,42.0,80.0
222,2024-09-08 11:56:08,speech_therapist_interview.txt,-999,0,0.0566419602666937,0.0,0.0063492063492063,0.0669799041283666,0.0087029981677694,-19.828788191705456,0.0,0.0,0.0109971479845643,-63.822428700477474,0.0210258350421744,-29.43368113324256,64.0,44.0
222,2024-09-08 11:56:08,structural_engineer_interview.txt,-999,0,0.0628695102241585,0.0,0.0109548637950015,0.0743825561569507,0.0137723389893738,-11.01429405456976,0.0,0.0,0.0044636901068712,-37.57954235181449,0.0477571339916643,-21.63465677949648,41.0,33.0
222,2024-09-08 11:56:08,supply_chain_manager_interview.txt,-999,0,0.05067002529167,0.0024509803921568,0.0032362459546925,0.0509030104831107,0.0073255610704311,-28.281484064759724,0.0042452225675707,0.0,0.0056053424193167,-81.5599757939327,0.0520217889794126,-46.37140623335371,81.0,71.0
222,2024-09-08 11:56:08,system_administrator_interview.txt,-999,0,0.0629987853478823,0.0,0.0130332506834509,0.059678546880821,0.0263361972264076,-10.831317630787623,0.0,0.0,0.0113197117684075,-25.73696145124717,0.0572030717304857,-37.125986913540174,40.0,57.0
222,2024-09-08 11:56:08,transportation_engineer_interview.txt,-999,0,0.0479969096581271,0.0026881720430107,0.0127870533967698,0.0877644376661939,0.022415511051796,-32.065020486094426,0.0046560505579808,0.0,0.0045281626931149,-27.139785584340416,0.045840955633769,-7.536247265373319,87.0,13.0
222,2024-09-08 11:56:08,travel_agent_interview.txt,-999,0,0.0521359100792048,0.0,0.0186578693637728,0.0852174211265346,0.0359947307556076,-26.20666604584464,0.0,0.0,0.0069876896278449,6.311932874798359,0.0389138725049479,-10.21964288433452,75.0,17.0
222,2024-09-08 11:56:08,veterinarian_interview.txt,-999,0,0.0435324160933917,0.0047619047619047,0.0086251824056702,0.0686500346355311,0.0095851012275583,-38.38407896341272,0.0082478609884232,0.0,0.008175181788188,-50.8539911462279,0.0287567468344603,-27.674124092196408,94.0,41.0
222,2024-09-08 11:56:08,warehouse_manager_interview.txt,-999,0,0.0671234125691957,0.0,0.0040160642570281,0.0650412265723094,0.0171348523519315,-4.993307063476649,0.0,0.0,0.006956027339634,-77.11659646716949,0.0177789052236073,-31.47616447777486,32.0,50.0
222,2024-09-08 11:56:08,water_resources_engineer_interview.txt,-999,0,0.0713094122969675,0.0062893081761006,0.0,0.0440006396611022,0.0450911559835901,0.9315703458595976,0.0108934013054646,0.0,0.0,-100.0,0.0503493136199581,-53.64336200428139,23.0,79.0
223,2024-09-08 11:58:59,restaurant_manager_interview.txt,1,0,0.0714285714285714,0.0,0.0,0.0466530557892966,,,,,,,,,,
223,2024-09-08 11:58:59,restaurant_manager_interview.txt,2,0,0.0636363636363636,0.0,0.0,0.0428067433298522,,,,,,,,,,
223,2024-09-08 11:58:59,restaurant_manager_interview.txt,3,0,0.0444444444444444,0.0111111111111111,0.0222222222222222,0.0379709184680204,,,,,,,,,,
223,2024-09-08 11:58:59,geneticist_interview.txt,1,0,0.0384615384615384,0.0288461538461538,0.0,0.0937095795782794,,,,,,,,,,
223,2024-09-08 11:58:59,geneticist_interview.txt,2,0,0.0526315789473684,0.0,0.0150375939849624,0.0882216505718651,,,,,,,,,,
223,2024-09-08 11:58:59,geneticist_interview.txt,3,0,0.0923076923076923,0.0,0.0153846153846153,0.1101429133385219,,,,,,,,,,
223,2024-09-08 11:58:59,speech_therapist_interview.txt,1,0,0.0510204081632653,0.0,0.0,0.0432621003107774,,,,,,,,,,
223,2024-09-08 11:58:59,speech_therapist_interview.txt,2,0,0.0522388059701492,0.0,0.0,0.0833315864428225,,,,,,,,,,
223,2024-09-08 11:58:59,speech_therapist_interview.txt,3,0,0.0666666666666666,0.0,0.019047619047619,0.0743460256315,,,,,,,,,,
223,2024-09-08 11:58:59,customer_service_representative_interview.txt,1,0,0.0545454545454545,0.0,0.009090909090909,0.0311974890850877,,,,,,,,,,
223,2024-09-08 11:58:59,customer_service_representative_interview.txt,2,0,0.0761904761904762,0.0,0.0,0.122813044651559,,,,,,,,,,
223,2024-09-08 11:58:59,customer_service_representative_interview.txt,3,0,0.043859649122807,0.0,0.0087719298245614,0.0473521337727738,,,,,,,,,,
223,2024-09-08 11:58:59,construction_manager_interview.txt,1,0,0.055045871559633,0.0,0.0091743119266055,0.0948117237060615,,,,,,,,,,
223,2024-09-08 11:58:59,construction_manager_interview.txt,2,0,0.0866141732283464,0.0,0.0236220472440944,0.1356095260762036,,,,,,,,,,
223,2024-09-08 11:58:59,construction_manager_interview.txt,3,0,0.112,0.0,0.024,0.0,,,,,,,,,,
223,2024-09-08 11:58:59,doctor_interview.txt,1,0,0.0545454545454545,0.0,0.0181818181818181,0.0673965703749538,,,,,,,,,,
223,2024-09-08 11:58:59,doctor_interview.txt,2,0,0.0705882352941176,0.0,0.0,0.0293397273927395,,,,,,,,,,
223,2024-09-08 11:58:59,doctor_interview.txt,3,0,0.0555555555555555,0.0,0.0111111111111111,0.0601346177173533,,,,,,,,,,
223,2024-09-08 11:58:59,human_resources_manager_interview.txt,1,0,0.0693069306930693,0.0,0.0198019801980198,0.1425669620819004,,,,,,,,,,
223,2024-09-08 11:58:59,human_resources_manager_interview.txt,2,0,0.0471698113207547,0.0,0.0188679245283018,0.0103852698901538,,,,,,,,,,
223,2024-09-08 11:58:59,human_resources_manager_interview.txt,3,0,0.075268817204301,0.0,0.032258064516129,0.0208324124809482,,,,,,,,,,
223,2024-09-08 11:58:59,water_resources_engineer_interview.txt,1,0,0.1226415094339622,0.0188679245283018,0.0,0.0,,,,,,,,,,
223,2024-09-08 11:58:59,water_resources_engineer_interview.txt,2,0,0.0380952380952381,0.0,0.0,0.0989100944553876,,,,,,,,,,
223,2024-09-08 11:58:59,water_resources_engineer_interview.txt,3,0,0.0531914893617021,0.0,0.0,0.0330918245279189,,,,,,,,,,
223,2024-09-08 11:58:59,project_manager_interview.txt,1,0,0.0515463917525773,0.0,0.0515463917525773,0.0555355117717458,,,,,,,,,,
223,2024-09-08 11:58:59,project_manager_interview.txt,2,0,0.0336134453781512,0.0,0.0336134453781512,0.1118805059888638,,,,,,,,,,
223,2024-09-08 11:58:59,project_manager_interview.txt,3,0,0.0353982300884955,0.0,0.0088495575221238,0.0126422445371434,,,,,,,,,,
223,2024-09-08 11:58:59,biologist_interview.txt,1,0,0.1,0.03,0.0,0.0628254664475309,,,,,,,,,,
223,2024-09-08 11:58:59,biologist_interview.txt,2,0,0.0666666666666666,0.0,0.019047619047619,0.084133944618843,,,,,,,,,,
223,2024-09-08 11:58:59,biologist_interview.txt,3,0,0.037593984962406,0.0,0.0,0.0,,,,,,,,,,
223,2024-09-08 11:58:59,occupational_therapist_interview.txt,1,0,0.0227272727272727,0.0,0.0227272727272727,0.0619600680328602,,,,,,,,,,
223,2024-09-08 11:58:59,occupational_therapist_interview.txt,2,0,0.0495049504950495,0.0,0.0297029702970297,0.0881724737587123,,,,,,,,,,
223,2024-09-08 11:58:59,occupational_therapist_interview.txt,3,0,0.0442477876106194,0.0,0.0,0.0344279946053444,,,,,,,,,,
223,2024-09-08 11:58:59,network_administrator_interview.txt,1,0,0.0543478260869565,0.0,0.0108695652173913,0.0181441553921881,,,,,,,,,,
223,2024-09-08 11:58:59,network_administrator_interview.txt,2,0,0.087719298245614,0.0350877192982456,0.0087719298245614,0.1009251180073442,,,,,,,,,,
223,2024-09-08 11:58:59,network_administrator_interview.txt,3,0,0.0412371134020618,0.0,0.0515463917525773,0.0842968160660713,,,,,,,,,,
223,2024-09-08 11:58:59,neuroscientist_interview.txt,1,0,0.0442477876106194,0.0,0.0176991150442477,0.0414359038364657,,,,,,,,,,
223,2024-09-08 11:58:59,neuroscientist_interview.txt,2,0,0.0614035087719298,0.0,0.0175438596491228,0.0,,,,,,,,,,
223,2024-09-08 11:58:59,neuroscientist_interview.txt,3,0,0.048,0.008,0.008,0.0860332125137391,,,,,,,,,,
223,2024-09-08 11:58:59,retail_manager_interview.txt,1,0,0.0661764705882353,0.0,0.0073529411764705,0.0,,,,,,,,,,
223,2024-09-08 11:58:59,retail_manager_interview.txt,2,0,0.123076923076923,0.0,0.0076923076923076,0.0,,,,,,,,,,
223,2024-09-08 11:58:59,retail_manager_interview.txt,3,0,0.0381679389312977,0.0,0.0076335877862595,0.0622573533334991,,,,,,,,,,
223,2024-09-08 11:58:59,agricultural_engineer_interview.txt,1,0,0.04,0.0,0.01,0.01754081509232,,,,,,,,,,
223,2024-09-08 11:58:59,agricultural_engineer_interview.txt,2,0,0.0434782608695652,0.0,0.0,0.016643353237249,,,,,,,,,,
223,2024-09-08 11:58:59,agricultural_engineer_interview.txt,3,0,0.0534351145038167,0.0,0.0229007633587786,0.0,,,,,,,,,,
223,2024-09-08 11:58:59,electrical_engineer_interview.txt,1,0,0.0581395348837209,0.0,0.0,0.0515248660596885,,,,,,,,,,
223,2024-09-08 11:58:59,electrical_engineer_interview.txt,2,0,0.0729166666666666,0.0,0.0104166666666666,0.0375765713355705,,,,,,,,,,
223,2024-09-08 11:58:59,electrical_engineer_interview.txt,3,0,0.1,0.02,0.0,0.030841143854229,,,,,,,,,,
223,2024-09-08 11:58:59,quality_control_engineer_interview.txt,1,0,0.0515463917525773,0.0,0.0309278350515463,0.0571315807160011,,,,,,,,,,
223,2024-09-08 11:58:59,quality_control_engineer_interview.txt,2,0,0.0377358490566037,0.0,0.0,0.0430885464951094,,,,,,,,,,
223,2024-09-08 11:58:59,quality_control_engineer_interview.txt,3,0,0.0434782608695652,0.0,0.008695652173913,0.1121037850099844,,,,,,,,,,
223,2024-09-08 11:58:59,machine_learning_engineer_interview.txt,1,0,0.0,0.0,0.0,0.0,,,,,,,,,,
223,2024-09-08 11:58:59,machine_learning_engineer_interview.txt,2,0,0.0381679389312977,0.0,0.0,0.0801136224824336,,,,,,,,,,
223,2024-09-08 11:58:59,machine_learning_engineer_interview.txt,3,0,0.046875,0.0,0.0,0.0,,,,,,,,,,
223,2024-09-08 11:58:59,psychologist_interview.txt,1,0,0.0384615384615384,0.0,0.0288461538461538,0.0323961959726534,,,,,,,,,,
223,2024-09-08 11:58:59,psychologist_interview.txt,2,0,0.072463768115942,0.0072463768115942,0.0289855072463768,0.0605596667072056,,,,,,,,,,
223,2024-09-08 11:58:59,psychologist_interview.txt,3,0,0.0412371134020618,0.0,0.0206185567010309,0.0271841949737927,,,,,,,,,,
223,2024-09-08 11:58:59,geologist_interview.txt,1,0,0.0725806451612903,0.0,0.0080645161290322,0.0759044861163816,,,,,,,,,,
223,2024-09-08 11:58:59,geologist_interview.txt,2,0,0.0869565217391304,0.0,0.017391304347826,0.1118851607455407,,,,,,,,,,
223,2024-09-08 11:58:59,geologist_interview.txt,3,0,0.1095890410958904,0.0,0.0,0.0,,,,,,,,,,
223,2024-09-08 11:58:59,chemical_engineer_interview.txt,1,0,0.046875,0.0,0.015625,0.0,,,,,,,,,,
223,2024-09-08 11:58:59,chemical_engineer_interview.txt,2,0,0.0631578947368421,0.0,0.0210526315789473,0.0747112850356365,,,,,,,,,,
223,2024-09-08 11:58:59,chemical_engineer_interview.txt,3,0,0.0612244897959183,0.0,0.010204081632653,0.1377422912155963,,,,,,,,,,
223,2024-09-08 11:58:59,machine_learning_engineer_interview copy.txt,1,0,0.0454545454545454,0.0,0.0151515151515151,0.0691364256495546,,,,,,,,,,
223,2024-09-08 11:58:59,machine_learning_engineer_interview copy.txt,2,0,0.0381679389312977,0.0,0.0,0.0801136224824336,,,,,,,,,,
223,2024-09-08 11:58:59,machine_learning_engineer_interview copy.txt,3,0,0.046875,0.0,0.0,0.0,,,,,,,,,,
223,2024-09-08 11:58:59,no_persona_interview.txt,1,0,0.0467289719626168,0.0,0.0373831775700934,0.0635731657580273,,,,,,,,,,
223,2024-09-08 11:58:59,no_persona_interview.txt,2,0,0.0888888888888888,0.0,0.0,0.1099189066092266,,,,,,,,,,
223,2024-09-08 11:58:59,no_persona_interview.txt,3,0,0.0763358778625954,0.0,0.015267175572519,0.111260931065605,,,,,,,,,,
223,2024-09-08 11:58:59,financial_analyst_interview.txt,1,0,0.0707964601769911,0.0088495575221238,0.0,0.0598254669070187,,,,,,,,,,
223,2024-09-08 11:58:59,financial_analyst_interview.txt,2,0,0.0606060606060606,0.0,0.0202020202020202,0.1530445380640685,,,,,,,,,,
223,2024-09-08 11:58:59,financial_analyst_interview.txt,3,0,0.0875912408759124,0.0,0.0145985401459854,0.1305219999659435,,,,,,,,,,
223,2024-09-08 11:58:59,civil_engineer_interview.txt,1,0,0.037593984962406,0.0,0.0150375939849624,0.0831598154358535,,,,,,,,,,
223,2024-09-08 11:58:59,civil_engineer_interview.txt,2,0,0.055045871559633,0.0,0.0091743119266055,0.0551022249278976,,,,,,,,,,
223,2024-09-08 11:58:59,civil_engineer_interview.txt,3,0,0.0636363636363636,0.0,0.009090909090909,0.0519288906523061,,,,,,,,,,
223,2024-09-08 11:58:59,meteorologist_interview.txt,1,0,0.0495867768595041,0.0,0.0165289256198347,0.0,,,,,,,,,,
223,2024-09-08 11:58:59,meteorologist_interview.txt,2,0,0.0746268656716417,0.0,0.0149253731343283,0.0,,,,,,,,,,
223,2024-09-08 11:58:59,meteorologist_interview.txt,3,0,0.0787401574803149,0.0,0.0157480314960629,0.1221578217011647,,,,,,,,,,
223,2024-09-08 11:58:59,shop_assistant_interview.txt,1,0,0.040650406504065,0.0,0.0,0.1223705927244681,,,,,,,,,,
223,2024-09-08 11:58:59,shop_assistant_interview.txt,2,0,0.0555555555555555,0.0,0.0277777777777777,0.0428532956412062,,,,,,,,,,
223,2024-09-08 11:58:59,shop_assistant_interview.txt,3,0,0.0505050505050505,0.0,0.0,0.0730219714278197,,,,,,,,,,
223,2024-09-08 11:58:59,social_media_manager_interview.txt,1,0,0.036144578313253,0.0,0.0,0.1233699304830566,,,,,,,,,,
223,2024-09-08 11:58:59,social_media_manager_interview.txt,2,0,0.03,0.0,0.04,0.0,,,,,,,,,,
223,2024-09-08 11:58:59,social_media_manager_interview.txt,3,0,0.0227272727272727,0.0,0.0227272727272727,0.1311687665840011,,,,,,,,,,
223,2024-09-08 11:58:59,marine_engineer_interview.txt,1,0,0.0666666666666666,0.0,0.0285714285714285,0.0835429425346109,,,,,,,,,,
223,2024-09-08 11:58:59,marine_engineer_interview.txt,2,0,0.043103448275862,0.0,0.0,0.1072437583550084,,,,,,,,,,
223,2024-09-08 11:58:59,marine_engineer_interview.txt,3,0,0.0625,0.0078125,0.015625,0.0,,,,,,,,,,
223,2024-09-08 11:58:59,warehouse_manager_interview.txt,1,0,0.072289156626506,0.0,0.0120481927710843,0.081493124342657,,,,,,,,,,
223,2024-09-08 11:58:59,warehouse_manager_interview.txt,2,0,0.081081081081081,0.0,0.0,0.0461808634688753,,,,,,,,,,
223,2024-09-08 11:58:59,warehouse_manager_interview.txt,3,0,0.048,0.0,0.0,0.067449691905396,,,,,,,,,,
223,2024-09-08 11:58:59,business_intelligence_analyst_interview.txt,1,0,0.0666666666666666,0.0,0.019047619047619,0.0519120125435854,,,,,,,,,,
223,2024-09-08 11:58:59,business_intelligence_analyst_interview.txt,2,0,0.0784313725490196,0.0,0.0196078431372549,0.1619933830165744,,,,,,,,,,
223,2024-09-08 11:58:59,business_intelligence_analyst_interview.txt,3,0,0.0612244897959183,0.0,0.0,0.0872579957499813,,,,,,,,,,
223,2024-09-08 11:58:59,full_stack_developer_interview.txt,1,0,0.0393700787401574,0.0,0.0078740157480314,0.0425483283606354,,,,,,,,,,
223,2024-09-08 11:58:59,full_stack_developer_interview.txt,2,0,0.1703703703703703,0.037037037037037,0.0148148148148148,0.1023900784935733,,,,,,,,,,
223,2024-09-08 11:58:59,full_stack_developer_interview.txt,3,0,0.0314960629921259,0.0,0.0078740157480314,0.0,,,,,,,,,,
223,2024-09-08 11:58:59,focus_group_interview.txt,1,0,0.0588235294117647,0.0,0.0,0.0,,,,,,,,,,
223,2024-09-08 11:58:59,focus_group_interview.txt,2,0,0.0588235294117647,0.0,0.0,0.0,,,,,,,,,,
223,2024-09-08 11:58:59,focus_group_interview.txt,3,0,0.0588235294117647,0.0,0.0,0.0,,,,,,,,,,
223,2024-09-08 11:58:59,travel_agent_interview.txt,1,0,0.0531914893617021,0.0,0.0106382978723404,0.1283619363588929,,,,,,,,,,
223,2024-09-08 11:58:59,travel_agent_interview.txt,2,0,0.0875912408759124,0.0,0.0218978102189781,0.0745172643816199,,,,,,,,,,
223,2024-09-08 11:58:59,travel_agent_interview.txt,3,0,0.015625,0.0,0.0234375,0.0527730626390911,,,,,,,,,,
223,2024-09-08 11:58:59,robotics_engineer_interview.txt,1,0,0.0490196078431372,0.0,0.0294117647058823,0.0571924000726199,,,,,,,,,,
223,2024-09-08 11:58:59,robotics_engineer_interview.txt,2,0,0.0454545454545454,0.0,0.009090909090909,0.0403813965559999,,,,,,,,,,
223,2024-09-08 11:58:59,robotics_engineer_interview.txt,3,0,0.0610687022900763,0.0,0.0,0.1247161123923678,,,,,,,,,,
223,2024-09-08 11:58:59,biomedical_engineer_interview.txt,1,0,0.0909090909090909,0.0,0.0,0.1025907901717319,,,,,,,,,,
223,2024-09-08 11:58:59,biomedical_engineer_interview.txt,2,0,0.0594059405940594,0.0,0.0099009900990099,0.0426668739812379,,,,,,,,,,
223,2024-09-08 11:58:59,biomedical_engineer_interview.txt,3,0,0.089430894308943,0.0,0.0,0.0915016217502627,,,,,,,,,,
223,2024-09-08 11:58:59,marketing_manager_interview.txt,1,0,0.0459770114942528,0.0,0.0,0.0775670553173294,,,,,,,,,,
223,2024-09-08 11:58:59,marketing_manager_interview.txt,2,0,0.0655737704918032,0.0,0.0081967213114754,0.0418311722270583,,,,,,,,,,
223,2024-09-08 11:58:59,marketing_manager_interview.txt,3,0,0.0608695652173913,0.0,0.008695652173913,0.0106077077753049,,,,,,,,,,
223,2024-09-08 11:58:59,professor_of_classics_interview.txt,1,0,0.0909090909090909,0.0,0.0101010101010101,0.1139617522607703,,,,,,,,,,
223,2024-09-08 11:58:59,professor_of_classics_interview.txt,2,0,0.0504201680672268,0.0,0.0,0.0452051914403515,,,,,,,,,,
223,2024-09-08 11:58:59,professor_of_classics_interview.txt,3,0,0.042016806722689,0.0,0.0084033613445378,0.0592791343979399,,,,,,,,,,
223,2024-09-08 11:58:59,environmental_engineer_interview.txt,1,0,0.0612244897959183,0.0,0.0,0.1026424642988634,,,,,,,,,,
223,2024-09-08 11:58:59,environmental_engineer_interview.txt,2,0,0.0636363636363636,0.0,0.0272727272727272,0.1246022964543093,,,,,,,,,,
223,2024-09-08 11:58:59,environmental_engineer_interview.txt,3,0,0.075,0.0,0.0166666666666666,0.0,,,,,,,,,,
223,2024-09-08 11:58:59,physical_therapist_interview.txt,1,0,0.1079136690647482,0.0071942446043165,0.0,0.0976563572315262,,,,,,,,,,
223,2024-09-08 11:58:59,physical_therapist_interview.txt,2,0,0.0648148148148148,0.0,0.0092592592592592,0.0464390040542306,,,,,,,,,,
223,2024-09-08 11:58:59,physical_therapist_interview.txt,3,0,0.0602409638554216,0.0,0.0120481927710843,0.0820079849892669,,,,,,,,,,
223,2024-09-08 11:58:59,astronomer_interview.txt,1,0,0.0392156862745098,0.0,0.0,0.0357008884926808,,,,,,,,,,
223,2024-09-08 11:58:59,astronomer_interview.txt,2,0,0.0634920634920634,0.0158730158730158,0.0079365079365079,0.0,,,,,,,,,,
223,2024-09-08 11:58:59,astronomer_interview.txt,3,0,0.0784313725490196,0.0,0.0098039215686274,0.0315139499500514,,,,,,,,,,
223,2024-09-08 11:58:59,ai_professor_interview.txt,1,0,0.0606060606060606,0.0,0.0101010101010101,0.0211330472249737,,,,,,,,,,
223,2024-09-08 11:58:59,ai_professor_interview.txt,2,0,0.0789473684210526,0.0,0.0175438596491228,0.0811136402882951,,,,,,,,,,
223,2024-09-08 11:58:59,ai_professor_interview.txt,3,0,0.0581395348837209,0.0,0.0116279069767441,0.0,,,,,,,,,,
223,2024-09-08 11:58:59,game_developer_interview.txt,1,0,0.0439560439560439,0.0,0.0219780219780219,0.0605193719036507,,,,,,,,,,
223,2024-09-08 11:58:59,game_developer_interview.txt,2,0,0.0606060606060606,0.0,0.0202020202020202,0.0593816587862705,,,,,,,,,,
223,2024-09-08 11:58:59,game_developer_interview.txt,3,0,0.0519480519480519,0.0,0.0129870129870129,0.0775393919155081,,,,,,,,,,
223,2024-09-08 11:58:59,fire_protection_engineer_interview.txt,1,0,0.0930232558139534,0.0465116279069767,0.0077519379844961,0.0,,,,,,,,,,
223,2024-09-08 11:58:59,fire_protection_engineer_interview.txt,2,0,0.0535714285714285,0.0178571428571428,0.0089285714285714,0.0407611697271842,,,,,,,,,,
223,2024-09-08 11:58:59,fire_protection_engineer_interview.txt,3,0,0.0620155038759689,0.0077519379844961,0.0155038759689922,0.0576589288513933,,,,,,,,,,
223,2024-09-08 11:58:59,safety_engineer_interview.txt,1,0,0.0603448275862069,0.043103448275862,0.0258620689655172,0.0454675110134519,,,,,,,,,,
223,2024-09-08 11:58:59,safety_engineer_interview.txt,2,0,0.0769230769230769,0.0329670329670329,0.0,0.0741995996381659,,,,,,,,,,
223,2024-09-08 11:58:59,safety_engineer_interview.txt,3,0,0.0827067669172932,0.0300751879699248,0.0150375939849624,0.0413207430581339,,,,,,,,,,
223,2024-09-08 11:58:59,environmental_scientist_interview.txt,1,0,0.0673076923076923,0.0,0.0096153846153846,0.0534300314907251,,,,,,,,,,
223,2024-09-08 11:58:59,environmental_scientist_interview.txt,2,0,0.0495049504950495,0.0,0.0396039603960396,0.0877567755185532,,,,,,,,,,
223,2024-09-08 11:58:59,environmental_scientist_interview.txt,3,0,0.0449438202247191,0.0,0.0,0.1066267081851516,,,,,,,,,,
223,2024-09-08 11:58:59,operations_manager_interview.txt,1,0,0.0990990990990991,0.0,0.036036036036036,0.0,,,,,,,,,,
223,2024-09-08 11:58:59,operations_manager_interview.txt,2,0,0.0714285714285714,0.0,0.0,0.047230742864624,,,,,,,,,,
223,2024-09-08 11:58:59,operations_manager_interview.txt,3,0,0.0677966101694915,0.0,0.0169491525423728,0.0929592690651228,,,,,,,,,,
223,2024-09-08 11:58:59,backend_developer_interview.txt,1,0,0.0578512396694214,0.0,0.0,0.1284026295844632,,,,,,,,,,
223,2024-09-08 11:58:59,backend_developer_interview.txt,2,0,0.0576923076923076,0.0,0.0096153846153846,0.0870056695430988,,,,,,,,,,
223,2024-09-08 11:58:59,backend_developer_interview.txt,3,0,0.042016806722689,0.0,0.0084033613445378,0.0437544042466496,,,,,,,,,,
223,2024-09-08 11:58:59,digital_marketing_specialist_interview.txt,1,0,0.0666666666666666,0.0,0.0111111111111111,0.1233454514559801,,,,,,,,,,
223,2024-09-08 11:58:59,digital_marketing_specialist_interview.txt,2,0,0.0353982300884955,0.0,0.0088495575221238,0.0,,,,,,,,,,
223,2024-09-08 11:58:59,digital_marketing_specialist_interview.txt,3,0,0.0679611650485436,0.0,0.0097087378640776,0.1264080048769068,,,,,,,,,,
223,2024-09-08 11:58:59,mechanical_engineer_interview.txt,1,0,0.0636363636363636,0.0,0.0,0.0662024475332696,,,,,,,,,,
223,2024-09-08 11:58:59,mechanical_engineer_interview.txt,2,0,0.0686274509803921,0.0,0.0,0.0445948178221984,,,,,,,,,,
223,2024-09-08 11:58:59,mechanical_engineer_interview.txt,3,0,0.043859649122807,0.0,0.0087719298245614,0.0411470391941935,,,,,,,,,,
223,2024-09-08 11:58:59,software_quality_assurance_tester_interview.txt,1,0,0.045045045045045,0.0,0.0,0.0413513341749755,,,,,,,,,,
223,2024-09-08 11:58:59,software_quality_assurance_tester_interview.txt,2,0,0.0619469026548672,0.0088495575221238,0.0265486725663716,0.0458783496403244,,,,,,,,,,
223,2024-09-08 11:58:59,software_quality_assurance_tester_interview.txt,3,0,0.08130081300813,0.008130081300813,0.008130081300813,0.0444009606557039,,,,,,,,,,
223,2024-09-08 11:58:59,cybersecurity_specialist_interview.txt,1,0,0.0769230769230769,0.023076923076923,0.0,0.0,,,,,,,,,,
223,2024-09-08 11:58:59,cybersecurity_specialist_interview.txt,2,0,0.056,0.008,0.024,0.0433073475931765,,,,,,,,,,
223,2024-09-08 11:58:59,cybersecurity_specialist_interview.txt,3,0,0.099009900990099,0.0297029702970297,0.0,0.110208443279443,,,,,,,,,,
223,2024-09-08 11:58:59,product_manager_interview.txt,1,0,0.0608695652173913,0.0,0.008695652173913,0.0737688480628956,,,,,,,,,,
223,2024-09-08 11:58:59,product_manager_interview.txt,2,0,0.0353982300884955,0.0,0.0265486725663716,0.0829660006858995,,,,,,,,,,
223,2024-09-08 11:58:59,product_manager_interview.txt,3,0,0.110091743119266,0.0,0.0,0.0,,,,,,,,,,
223,2024-09-08 11:58:59,microbiologist_interview.txt,1,0,0.0823529411764705,0.0,0.0,0.1101574773451147,,,,,,,,,,
223,2024-09-08 11:58:59,microbiologist_interview.txt,2,0,0.087719298245614,0.0,0.0,0.0780188264815857,,,,,,,,,,
223,2024-09-08 11:58:59,microbiologist_interview.txt,3,0,0.044776119402985,0.0,0.0074626865671641,0.0568260682794716,,,,,,,,,,
223,2024-09-08 11:58:59,it_manager_interview.txt,1,0,0.0310077519379844,0.0,0.0077519379844961,0.0830915813122366,,,,,,,,,,
223,2024-09-08 11:58:59,it_manager_interview.txt,2,0,0.0575539568345323,0.0,0.0,0.1798682693699755,,,,,,,,,,
223,2024-09-08 11:58:59,it_manager_interview.txt,3,0,0.053030303030303,0.0,0.0075757575757575,0.0382738723689206,,,,,,,,,,
223,2024-09-08 11:58:59,industrial_engineer_interview.txt,1,0,0.0597014925373134,0.0,0.0373134328358208,0.1047357166686011,,,,,,,,,,
223,2024-09-08 11:58:59,industrial_engineer_interview.txt,2,0,0.056,0.0,0.016,0.0643330291584199,,,,,,,,,,
223,2024-09-08 11:58:59,industrial_engineer_interview.txt,3,0,0.0967741935483871,0.0,0.0161290322580645,0.0,,,,,,,,,,
223,2024-09-08 11:58:59,barista_interview.txt,1,0,0.0875,0.0,0.0,0.0681953019972214,,,,,,,,,,
223,2024-09-08 11:58:59,barista_interview.txt,2,0,0.0504201680672268,0.0,0.0168067226890756,0.1017040566415273,,,,,,,,,,
223,2024-09-08 11:58:59,barista_interview.txt,3,0,0.0692307692307692,0.0,0.0076923076923076,0.0932079290911632,,,,,,,,,,
223,2024-09-08 11:58:59,petroleum_engineer_interview.txt,1,0,0.1121495327102803,0.0,0.0,0.0843069329113059,,,,,,,,,,
223,2024-09-08 11:58:59,petroleum_engineer_interview.txt,2,0,0.0377358490566037,0.0,0.0094339622641509,0.0564175341466152,,,,,,,,,,
223,2024-09-08 11:58:59,petroleum_engineer_interview.txt,3,0,0.0707964601769911,0.0088495575221238,0.0,0.0720336357130974,,,,,,,,,,
223,2024-09-08 11:58:59,business_analyst_interview.txt,1,0,0.0542635658914728,0.0,0.0077519379844961,0.0,,,,,,,,,,
223,2024-09-08 11:58:59,business_analyst_interview.txt,2,0,0.0462962962962962,0.0,0.0092592592592592,0.0806541259927466,,,,,,,,,,
223,2024-09-08 11:58:59,business_analyst_interview.txt,3,0,0.0659340659340659,0.0,0.0109890109890109,0.0,,,,,,,,,,
223,2024-09-08 11:58:59,data_engineer_interview.txt,1,0,0.1240310077519379,0.0,0.0077519379844961,0.15220760143159,,,,,,,,,,
223,2024-09-08 11:58:59,data_engineer_interview.txt,2,0,0.0636363636363636,0.0,0.009090909090909,0.0452239103227598,,,,,,,,,,
223,2024-09-08 11:58:59,data_engineer_interview.txt,3,0,0.1307692307692307,0.0076923076923076,0.0,0.0,,,,,,,,,,
223,2024-09-08 11:58:59,aerospace_engineer_interview.txt,1,0,0.0470588235294117,0.0,0.0117647058823529,0.0598364515055597,,,,,,,,,,
223,2024-09-08 11:58:59,aerospace_engineer_interview.txt,2,0,0.0333333333333333,0.0,0.0111111111111111,0.0372874438364637,,,,,,,,,,
223,2024-09-08 11:58:59,aerospace_engineer_interview.txt,3,0,0.0510204081632653,0.0,0.0306122448979591,0.047097992667724,,,,,,,,,,
223,2024-09-08 11:58:59,bartender_interview.txt,1,0,0.0636363636363636,0.0,0.009090909090909,0.0802144581933062,,,,,,,,,,
223,2024-09-08 11:58:59,bartender_interview.txt,2,0,0.072072072072072,0.0,0.0,0.0542195723652842,,,,,,,,,,
223,2024-09-08 11:58:59,bartender_interview.txt,3,0,0.0588235294117647,0.0,0.0,0.0973387164224358,,,,,,,,,,
223,2024-09-08 11:58:59,natural_language_processing_engineer_interview.txt,1,0,0.0375,0.0,0.025,0.0164392722606681,,,,,,,,,,
223,2024-09-08 11:58:59,natural_language_processing_engineer_interview.txt,2,0,0.0381679389312977,0.0,0.0229007633587786,0.0706681390294403,,,,,,,,,,
223,2024-09-08 11:58:59,natural_language_processing_engineer_interview.txt,3,0,0.1111111111111111,0.0074074074074074,0.0,0.0796851750714229,,,,,,,,,,
223,2024-09-08 11:58:59,cto_of_a_fintec_interview.txt,1,0,0.0714285714285714,0.0,0.0158730158730158,0.0542815808204184,,,,,,,,,,
223,2024-09-08 11:58:59,cto_of_a_fintec_interview.txt,2,0,0.056,0.008,0.008,0.0907334966492485,,,,,,,,,,
223,2024-09-08 11:58:59,cto_of_a_fintec_interview.txt,3,0,0.073170731707317,0.0,0.0,0.0552888252461915,,,,,,,,,,
223,2024-09-08 11:58:59,database_administrator_interview.txt,1,0,0.0660377358490566,0.0,0.0,0.0548225848771237,,,,,,,,,,
223,2024-09-08 11:58:59,database_administrator_interview.txt,2,0,0.0254237288135593,0.0,0.0,0.024114343310107,,,,,,,,,,
223,2024-09-08 11:58:59,database_administrator_interview.txt,3,0,0.0863309352517985,0.0287769784172661,0.0287769784172661,0.104152812248344,,,,,,,,,,
223,2024-09-08 11:58:59,nuclear_engineer_interview.txt,1,0,0.0714285714285714,0.0,0.0089285714285714,0.0449991497095448,,,,,,,,,,
223,2024-09-08 11:58:59,nuclear_engineer_interview.txt,2,0,0.031578947368421,0.0,0.0,0.0757479536132003,,,,,,,,,,
223,2024-09-08 11:58:59,nuclear_engineer_interview.txt,3,0,0.0471698113207547,0.0,0.0283018867924528,0.1100773347441114,,,,,,,,,,
223,2024-09-08 11:58:59,pharmacist_interview.txt,1,0,0.0654205607476635,0.0,0.0093457943925233,0.0,,,,,,,,,,
223,2024-09-08 11:58:59,pharmacist_interview.txt,2,0,0.0441176470588235,0.0,0.0,0.0690132425340739,,,,,,,,,,
223,2024-09-08 11:58:59,pharmacist_interview.txt,3,0,0.0842105263157894,0.0421052631578947,0.0,0.0934611119352368,,,,,,,,,,
223,2024-09-08 11:58:59,chef_interview.txt,1,0,0.0588235294117647,0.0,0.0,0.0332256967857307,,,,,,,,,,
223,2024-09-08 11:58:59,chef_interview.txt,2,0,0.0642857142857142,0.0,0.0142857142857142,0.0765835105514407,,,,,,,,,,
223,2024-09-08 11:58:59,chef_interview.txt,3,0,0.0543478260869565,0.0,0.0,0.0449413215361284,,,,,,,,,,
223,2024-09-08 11:58:59,hotel_manager_interview.txt,1,0,0.040650406504065,0.0,0.008130081300813,0.1413053520565927,,,,,,,,,,
223,2024-09-08 11:58:59,hotel_manager_interview.txt,2,0,0.0948275862068965,0.0,0.0,0.1099607806113364,,,,,,,,,,
223,2024-09-08 11:58:59,hotel_manager_interview.txt,3,0,0.0873015873015873,0.0079365079365079,0.0,0.0983426079695328,,,,,,,,,,
223,2024-09-08 11:58:59,mobile_app_developer_interview.txt,1,0,0.0526315789473684,0.0,0.0,0.1013216232627603,,,,,,,,,,
223,2024-09-08 11:58:59,mobile_app_developer_interview.txt,2,0,0.024390243902439,0.0,0.016260162601626,0.0251933432248417,,,,,,,,,,
223,2024-09-08 11:58:59,mobile_app_developer_interview.txt,3,0,0.0465116279069767,0.0,0.0387596899224806,0.0713877057334111,,,,,,,,,,
223,2024-09-08 11:58:59,graphic_designer_interview.txt,1,0,0.0701754385964912,0.0,0.0087719298245614,0.0907194463199692,,,,,,,,,,
223,2024-09-08 11:58:59,graphic_designer_interview.txt,2,0,0.0338983050847457,0.0,0.0169491525423728,0.1235217831475955,,,,,,,,,,
223,2024-09-08 11:58:59,graphic_designer_interview.txt,3,0,0.0827067669172932,0.0,0.0,0.1745280411231842,,,,,,,,,,
223,2024-09-08 11:58:59,geotechnical_engineer_interview.txt,1,0,0.0341880341880341,0.0,0.0256410256410256,0.0319974506476605,,,,,,,,,,
223,2024-09-08 11:58:59,geotechnical_engineer_interview.txt,2,0,0.064516129032258,0.0,0.0161290322580645,0.0214325208060958,,,,,,,,,,
223,2024-09-08 11:58:59,geotechnical_engineer_interview.txt,3,0,0.0485436893203883,0.0,0.0097087378640776,0.0773230010696247,,,,,,,,,,
223,2024-09-08 11:58:59,gardener_interview.txt,1,0,0.048076923076923,0.0,0.0,0.0456965816968714,,,,,,,,,,
223,2024-09-08 11:58:59,gardener_interview.txt,2,0,0.0598290598290598,0.0,0.0085470085470085,0.1140851410160635,,,,,,,,,,
223,2024-09-08 11:58:59,gardener_interview.txt,3,0,0.0606060606060606,0.0,0.0075757575757575,0.0,,,,,,,,,,
223,2024-09-08 11:58:59,ai_software_developer_interview.txt,1,0,0.09,0.0,0.0,0.0111499229117319,,,,,,,,,,
223,2024-09-08 11:58:59,ai_software_developer_interview.txt,2,0,0.0542635658914728,0.0,0.0077519379844961,0.1105557259653508,,,,,,,,,,
223,2024-09-08 11:58:59,ai_software_developer_interview.txt,3,0,0.089430894308943,0.0,0.008130081300813,0.0,,,,,,,,,,
223,2024-09-08 11:58:59,supply_chain_manager_interview.txt,1,0,0.0485436893203883,0.0,0.0097087378640776,0.110396931184179,,,,,,,,,,
223,2024-09-08 11:58:59,supply_chain_manager_interview.txt,2,0,0.0446428571428571,0.0,0.0,0.0139712343151882,,,,,,,,,,
223,2024-09-08 11:58:59,supply_chain_manager_interview.txt,3,0,0.0588235294117647,0.0073529411764705,0.0,0.028340865949965,,,,,,,,,,
223,2024-09-08 11:58:59,cloud_architect_interview.txt,1,0,0.0285714285714285,0.0,0.0380952380952381,0.0391645933980824,,,,,,,,,,
223,2024-09-08 11:58:59,cloud_architect_interview.txt,2,0,0.0708661417322834,0.0,0.0157480314960629,0.0392796140007774,,,,,,,,,,
223,2024-09-08 11:58:59,cloud_architect_interview.txt,3,0,0.0546875,0.0,0.0078125,0.0877736868278276,,,,,,,,,,
223,2024-09-08 11:58:59,mining_engineer_interview.txt,1,0,0.043103448275862,0.0,0.0,0.0623291883426047,,,,,,,,,,
223,2024-09-08 11:58:59,mining_engineer_interview.txt,2,0,0.0526315789473684,0.0,0.0,0.0706375811030402,,,,,,,,,,
223,2024-09-08 11:58:59,mining_engineer_interview.txt,3,0,0.0333333333333333,0.0,0.0222222222222222,0.0358635620371859,,,,,,,,,,
223,2024-09-08 11:58:59,devops_engineer_interview.txt,1,0,0.0977443609022556,0.0601503759398496,0.0,0.07311065388755,,,,,,,,,,
223,2024-09-08 11:58:59,devops_engineer_interview.txt,2,0,0.0526315789473684,0.0,0.0263157894736842,0.148397515332583,,,,,,,,,,
223,2024-09-08 11:58:59,devops_engineer_interview.txt,3,0,0.0842105263157894,0.0,0.0105263157894736,0.0,,,,,,,,,,
223,2024-09-08 11:58:59,system_administrator_interview.txt,1,0,0.0408163265306122,0.0,0.0204081632653061,0.0332782663987651,,,,,,,,,,
223,2024-09-08 11:58:59,system_administrator_interview.txt,2,0,0.0560747663551401,0.0,0.0186915887850467,0.0204433907247207,,,,,,,,,,
223,2024-09-08 11:58:59,system_administrator_interview.txt,3,0,0.0921052631578947,0.0,0.0,0.1253139835189771,,,,,,,,,,
223,2024-09-08 11:58:59,content_writer_interview.txt,1,0,0.0769230769230769,0.0,0.0109890109890109,0.055124321075318,,,,,,,,,,
223,2024-09-08 11:58:59,content_writer_interview.txt,2,0,0.0454545454545454,0.0,0.0113636363636363,0.1019393483798434,,,,,,,,,,
223,2024-09-08 11:58:59,content_writer_interview.txt,3,0,0.0518518518518518,0.0,0.0222222222222222,0.0877565421919958,,,,,,,,,,
223,2024-09-08 11:58:59,transportation_engineer_interview.txt,1,0,0.0510948905109489,0.0,0.0145985401459854,0.1117562157628961,,,,,,,,,,
223,2024-09-08 11:58:59,transportation_engineer_interview.txt,2,0,0.0241935483870967,0.0080645161290322,0.0161290322580645,0.0349067186143281,,,,,,,,,,
223,2024-09-08 11:58:59,transportation_engineer_interview.txt,3,0,0.0687022900763358,0.0,0.0076335877862595,0.1166303786213575,,,,,,,,,,
223,2024-09-08 11:58:59,lorry_driver_interview.txt,1,0,0.0454545454545454,0.0,0.0,0.0916819840397446,,,,,,,,,,
223,2024-09-08 11:58:59,lorry_driver_interview.txt,2,0,0.0458015267175572,0.0,0.0076335877862595,0.0567176989464362,,,,,,,,,,
223,2024-09-08 11:58:59,lorry_driver_interview.txt,3,0,0.0413223140495867,0.0,0.0,0.1123148981401632,,,,,,,,,,
223,2024-09-08 11:58:59,dentist_interview.txt,1,0,0.0592592592592592,0.0,0.0074074074074074,0.0704318199356172,,,,,,,,,,
223,2024-09-08 11:58:59,dentist_interview.txt,2,0,0.0526315789473684,0.0,0.0087719298245614,0.0940702620980976,,,,,,,,,,
223,2024-09-08 11:58:59,dentist_interview.txt,3,0,0.0555555555555555,0.0,0.0,0.1371066698362683,,,,,,,,,,
223,2024-09-08 11:58:59,physicist_interview.txt,1,0,0.0608695652173913,0.0,0.008695652173913,0.1139810973689073,,,,,,,,,,
223,2024-09-08 11:58:59,physicist_interview.txt,2,0,0.0508474576271186,0.0,0.0423728813559322,0.1136156482515152,,,,,,,,,,
223,2024-09-08 11:58:59,physicist_interview.txt,3,0,0.0503597122302158,0.0,0.0071942446043165,0.062641834791487,,,,,,,,,,
223,2024-09-08 11:58:59,architect_interview.txt,1,0,0.0459770114942528,0.0,0.0229885057471264,0.0,,,,,,,,,,
223,2024-09-08 11:58:59,architect_interview.txt,2,0,0.0687022900763358,0.0,0.0229007633587786,0.0876209078759001,,,,,,,,,,
223,2024-09-08 11:58:59,architect_interview.txt,3,0,0.0606060606060606,0.0378787878787878,0.0227272727272727,0.0480218505844039,,,,,,,,,,
223,2024-09-08 11:58:59,materials_engineer_interview.txt,1,0,0.0454545454545454,0.0,0.0181818181818181,0.0329382443745014,,,,,,,,,,
223,2024-09-08 11:58:59,materials_engineer_interview.txt,2,0,0.0459770114942528,0.0,0.0114942528735632,0.0418562922438496,,,,,,,,,,
223,2024-09-08 11:58:59,materials_engineer_interview.txt,3,0,0.0508474576271186,0.0,0.0,0.0236745237289426,,,,,,,,,,
223,2024-09-08 11:58:59,computer_vision_engineer_interview.txt,1,0,0.0642201834862385,0.0,0.018348623853211,0.0651242189442417,,,,,,,,,,
223,2024-09-08 11:58:59,computer_vision_engineer_interview.txt,2,0,0.07,0.0,0.0,0.0806504300442508,,,,,,,,,,
223,2024-09-08 11:58:59,computer_vision_engineer_interview.txt,3,0,0.0564516129032258,0.0,0.0,0.0739659279494996,,,,,,,,,,
223,2024-09-08 11:58:59,data_scientist_interview.txt,1,0,0.0847457627118644,0.0,0.0084745762711864,0.0,,,,,,,,,,
223,2024-09-08 11:58:59,data_scientist_interview.txt,2,0,0.089430894308943,0.016260162601626,0.0,0.0524078414472835,,,,,,,,,,
223,2024-09-08 11:58:59,data_scientist_interview.txt,3,0,0.104,0.0,0.008,0.0,,,,,,,,,,
223,2024-09-08 11:58:59,structural_engineer_interview.txt,1,0,0.075187969924812,0.0,0.0075187969924812,0.1294579871455792,,,,,,,,,,
223,2024-09-08 11:58:59,structural_engineer_interview.txt,2,0,0.048,0.0,0.016,0.0444434820554314,,,,,,,,,,
223,2024-09-08 11:58:59,structural_engineer_interview.txt,3,0,0.0654205607476635,0.0,0.0093457943925233,0.0492461992698414,,,,,,,,,,
223,2024-09-08 11:58:59,ai_ethicist_interview.txt,1,0,0.0671641791044776,0.0597014925373134,0.0,0.0,,,,,,,,,,
223,2024-09-08 11:58:59,ai_ethicist_interview.txt,2,0,0.0869565217391304,0.0608695652173913,0.0260869565217391,0.0463364020063631,,,,,,,,,,
223,2024-09-08 11:58:59,ai_ethicist_interview.txt,3,0,0.0962962962962963,0.0518518518518518,0.0,0.0627334709480612,,,,,,,,,,
223,2024-09-08 11:58:59,sales_manager_interview.txt,1,0,0.0454545454545454,0.0,0.0227272727272727,0.0927529785536527,,,,,,,,,,
223,2024-09-08 11:58:59,sales_manager_interview.txt,2,0,0.0727272727272727,0.0,0.0,0.1185601973267088,,,,,,,,,,
223,2024-09-08 11:58:59,sales_manager_interview.txt,3,0,0.0444444444444444,0.0,0.0,0.106219738259975,,,,,,,,,,
223,2024-09-08 11:58:59,frontend_developer_interview.txt,1,0,0.0338983050847457,0.0,0.0,0.0463880667322203,,,,,,,,,,
223,2024-09-08 11:58:59,frontend_developer_interview.txt,2,0,0.048076923076923,0.0,0.0192307692307692,0.0316033064174671,,,,,,,,,,
223,2024-09-08 11:58:59,frontend_developer_interview.txt,3,0,0.0677966101694915,0.0,0.0084745762711864,0.1521935579294296,,,,,,,,,,
223,2024-09-08 11:58:59,public_relations_specialist_interview.txt,1,0,0.0707070707070707,0.0,0.0,0.0612498751422564,,,,,,,,,,
223,2024-09-08 11:58:59,public_relations_specialist_interview.txt,2,0,0.1025641025641025,0.0341880341880341,0.0,0.0,,,,,,,,,,
223,2024-09-08 11:58:59,public_relations_specialist_interview.txt,3,0,0.0517241379310344,0.0,0.0086206896551724,0.1004132052736,,,,,,,,,,
223,2024-09-08 11:58:59,logistics_coordinator_interview.txt,1,0,0.0603448275862069,0.0,0.0344827586206896,0.0536258473420191,,,,,,,,,,
223,2024-09-08 11:58:59,logistics_coordinator_interview.txt,2,0,0.043010752688172,0.0,0.0,0.0355816989033996,,,,,,,,,,
223,2024-09-08 11:58:59,logistics_coordinator_interview.txt,3,0,0.054054054054054,0.0,0.0,0.041870378325629,,,,,,,,,,
223,2024-09-08 11:58:59,nurse_interview.txt,1,0,0.0652173913043478,0.0,0.0217391304347826,0.0792010942258981,,,,,,,,,,
223,2024-09-08 11:58:59,nurse_interview.txt,2,0,0.0514705882352941,0.0,0.0147058823529411,0.1370661560765469,,,,,,,,,,
223,2024-09-08 11:58:59,nurse_interview.txt,3,0,0.054054054054054,0.0,0.036036036036036,0.1152664333805689,,,,,,,,,,
223,2024-09-08 11:58:59,chemist_interview.txt,1,0,0.0727272727272727,0.0,0.0181818181818181,0.0527446151325422,,,,,,,,,,
223,2024-09-08 11:58:59,chemist_interview.txt,2,0,0.1075268817204301,0.0,0.0,0.1152384730306447,,,,,,,,,,
223,2024-09-08 11:58:59,chemist_interview.txt,3,0,0.0697674418604651,0.0,0.0077519379844961,0.0643850449549886,,,,,,,,,,
223,2024-09-08 11:58:59,manufacturing_engineer_interview.txt,1,0,0.0687022900763358,0.015267175572519,0.0229007633587786,0.0482168090314157,,,,,,,,,,
223,2024-09-08 11:58:59,manufacturing_engineer_interview.txt,2,0,0.0446428571428571,0.0,0.0089285714285714,0.0834938300109287,,,,,,,,,,
223,2024-09-08 11:58:59,manufacturing_engineer_interview.txt,3,0,0.0602409638554216,0.0,0.0,0.0635358168333495,,,,,,,,,,
223,2024-09-08 11:58:59,veterinarian_interview.txt,1,0,0.048076923076923,0.0,0.0096153846153846,0.0969298964109895,,,,,,,,,,
223,2024-09-08 11:58:59,veterinarian_interview.txt,2,0,0.05,0.0142857142857142,0.0,0.0695811870523281,,,,,,,,,,
223,2024-09-08 11:58:59,veterinarian_interview.txt,3,0,0.032520325203252,0.0,0.016260162601626,0.0394390204432756,,,,,,,,,,
223,2024-09-08 11:58:59,event_planner_interview.txt,1,0,0.0373134328358208,0.0,0.0,0.099059528098622,,,,,,,,,,
223,2024-09-08 11:58:59,event_planner_interview.txt,2,0,0.078125,0.0,0.0078125,0.0271201838699979,,,,,,,,,,
223,2024-09-08 11:58:59,event_planner_interview.txt,3,0,0.048076923076923,0.0,0.0,0.1572289573335409,,,,,,,,,,
223,2024-09-08 11:58:59,seo_specialist_interview.txt,1,0,0.0306122448979591,0.0,0.0,0.0418630458366323,,,,,,,,,,
223,2024-09-08 11:58:59,seo_specialist_interview.txt,2,0,0.0561797752808988,0.0,0.0,0.0469111864526693,,,,,,,,,,
223,2024-09-08 11:58:59,seo_specialist_interview.txt,3,0,0.0648148148148148,0.0,0.0092592592592592,0.1552382553045406,,,,,,,,,,
223,2024-09-08 11:58:59,procurement_specialist_interview.txt,1,0,0.1349206349206349,0.0079365079365079,0.0,0.0,,,,,,,,,,
223,2024-09-08 11:58:59,procurement_specialist_interview.txt,2,0,0.0467289719626168,0.0,0.0,0.0290324715415137,,,,,,,,,,
223,2024-09-08 11:58:59,procurement_specialist_interview.txt,3,0,0.0614035087719298,0.0,0.0087719298245614,0.0990984254553111,,,,,,,,,,
223,2024-09-08 11:58:59,aerospace_engineer_interview.txt,-999,0,0.0438041883420034,0.0,0.0178293539638077,0.0480739626699158,0.0092818447337929,-37.9994116530922,0.0,0.0,0.011075130789614,1.5910790693874617,0.0113061410215475,-49.35193438837489,93.0,76.0
223,2024-09-08 11:58:59,agricultural_engineer_interview.txt,-999,0,0.0456377917911273,0.0,0.0109669211195928,0.011394722776523,0.0069730377729906,-35.404123463912626,0.0,0.0,0.0114809600183229,-37.51084010840108,0.0098783166486343,-87.99515091413978,90.0,100.0
223,2024-09-08 11:58:59,ai_ethicist_interview.txt,-999,0,0.0834723323799681,0.0574743032021855,0.008695652173913,0.0363566243181414,0.014875306539273,18.14700635108176,0.0049040868504378,0.0,0.0150613113701641,-50.45245669848003,0.0325356583816519,-61.69667338376586,5.0,91.0
223,2024-09-08 11:58:59,ai_professor_interview.txt,-999,0,0.0658976546369447,0.0,0.0130909255756256,0.0340822291710896,0.0113684743774216,-6.728248763048711,0.0,0.0,0.0039311982797189,-25.408331791241707,0.0420786958568103,-64.09285019626586,35.0,92.0
223,2024-09-08 11:58:59,ai_software_developer_interview.txt,-999,0,0.0778981534001386,0.0,0.0052940064284363,0.0405685496256942,0.0204701310535737,10.257295586392232,0.0,0.0,0.0045886409905508,-69.8349235335802,0.0608665247425301,-57.25922205916984,12.0,88.0
223,2024-09-08 11:58:59,architect_interview.txt,-999,0,0.0584284540588831,0.0126262626262626,0.0228721806110592,0.0452142528201013,0.0115180748983522,-17.300179161695667,0.0218693283783949,0.0,0.0001329413508501,30.324941311064123,0.0438778740158845,-52.36476636767525,55.0,78.0
223,2024-09-08 11:58:59,astronomer_interview.txt,-999,0,0.0603797074385309,0.0052910052910052,0.0059134765017117,0.0224049461475774,0.019792235413115,-14.538368884388149,0.0091642899871369,0.0,0.0052056422918386,-66.30520320142512,0.0195158607931298,-76.39538911533178,48.0,97.0
223,2024-09-08 11:58:59,backend_developer_interview.txt,-999,0,0.0525201180281394,0.0,0.0060062486533074,0.0863875677914038,0.0090964815246191,-25.6628568855078,0.0,0.0,0.0052367468209077,-65.77659049861344,0.0423274975700418,-8.986841139563666,72.0,16.0
223,2024-09-08 11:58:59,barista_interview.txt,-999,0,0.0690503124326653,0.0,0.0081663434604611,0.087702429243304,0.0185405746278981,-2.265966830895792,0.0,0.0,0.0084133830483931,-53.46844053443765,0.0174195882811321,-7.601575906837013,27.0,14.0
223,2024-09-08 11:58:59,bartender_interview.txt,-999,0,0.0648439883734001,0.0,0.003030303030303,0.0772575823270087,0.0067063208083585,-8.219611364063041,0.0,0.0,0.0052486388108147,-82.73343187977335,0.0217111142556495,-18.605688373125343,36.0,27.0
223,2024-09-08 11:58:59,biologist_interview.txt,-999,0,0.0680868838763575,0.01,0.0063492063492063,0.0489864703554579,0.0312272387653812,-3.629606692338399,0.0173205080756887,0.0,0.0109971479845643,-63.822428700477474,0.0437409249891785,-48.3905668088853,30.0,74.0
223,2024-09-08 11:58:59,biomedical_engineer_interview.txt,-999,0,0.0799153086040311,0.0,0.0033003300330033,0.0789197619677442,0.017777004765244,13.112383516612752,0.0,0.0,0.0057163392989071,-81.19482679975314,0.0318817554345985,-16.854507924775135,9.0,25.0
223,2024-09-08 11:58:59,business_analyst_interview.txt,-999,0,0.0554979760406117,0.0,0.0093334027442554,0.0268847086642488,0.0098769086964874,-21.44798712590089,0.0,0.0,0.0016198096651814,-46.81857468852488,0.0465656813531662,-71.67575933513768,67.0,95.0
223,2024-09-08 11:58:59,business_intelligence_analyst_interview.txt,-999,0,0.0687741763372015,0.0,0.0128851540616246,0.1003877971033804,0.0087949076901518,-2.6568107440144217,0.0,0.0,0.0111623859076589,-26.580811186263105,0.0562029429299538,5.763025386719647,29.0,8.0
223,2024-09-08 11:58:59,chef_interview.txt,-999,0,0.0591523565948118,0.0,0.0047619047619047,0.0515835096244333,0.0049770976432038,-16.27556519594934,0.0,0.0,0.0082478609884232,-72.86682152535812,0.0224290882691609,-45.654470011661154,52.0,69.0
223,2024-09-08 11:58:59,chemical_engineer_interview.txt,-999,0,0.0570857948442534,0.0,0.0156272377372001,0.0708178587504109,0.0088954911151646,-19.20058331041517,0.0,0.0,0.0054242753193317,-10.95650757628681,0.0689536349550145,-25.390224619236847,61.0,39.0
223,2024-09-08 11:58:59,chemist_interview.txt,-999,0,0.0833405321027226,0.0,0.0086445853887714,0.0774560443727252,0.0209982089846374,17.960455816924977,0.0,0.0,0.0091237186848588,-50.74343357950845,0.0332341516828835,-18.396599748959304,6.0,26.0
223,2024-09-08 11:58:59,civil_engineer_interview.txt,-999,0,0.0520920733861342,0.0,0.011100938334159,0.0633969770053524,0.0132700815553927,-26.26871264148845,0.0,0.0,0.0034094988331135,-36.74721437808669,0.017188509235205,-33.20845479303192,76.0,52.0
223,2024-09-08 11:58:59,cloud_architect_interview.txt,-999,0,0.0513750234345706,0.0,0.0205519231971003,0.0554059647422291,0.0213410418229086,-27.283627437396945,0.0,0.0,0.0157025185318364,17.10419002185195,0.0280313285841514,-41.62734291725233,78.0,62.0
223,2024-09-08 11:58:59,computer_vision_engineer_interview.txt,-999,0,0.0635572654631547,0.0,0.0061162079510703,0.0732468589793307,0.0067984772898058,-10.040843088568238,0.0,0.0,0.0105935829209105,-65.1500459958728,0.0077880423033267,-22.831164451684472,39.0,36.0
223,2024-09-08 11:58:59,construction_manager_interview.txt,-999,0,0.0845533482626598,0.0,0.0189321197235666,0.076807083260755,0.0285329359907958,19.67707969055212,0.0,0.0,0.0084526221862361,7.874602506192673,0.0695745010677526,-19.0803092489258,4.0,29.0
223,2024-09-08 11:58:59,content_writer_interview.txt,-999,0,0.0580764914098247,0.0,0.0148582898582898,0.0816067372157191,0.0166320991283872,-17.798348221407025,0.0,0.0,0.0063801027372806,-15.337947583882524,0.0240057653765828,-14.02365955908776,57.0,22.0
223,2024-09-08 11:58:59,cto_of_a_fintec_interview.txt,-999,0,0.0668664343786295,0.0026666666666666,0.0079576719576719,0.0667679675719528,0.0094508374067066,-5.35703481670042,0.004618802153517,0.0,0.007936592592141,-54.65744397126511,0.0207608663908648,-29.656965755907265,33.0,45.0
223,2024-09-08 11:58:59,customer_service_representative_interview.txt,-999,0,0.0581985266195792,0.0,0.0059542796384901,0.0671208891698068,0.0164720762626921,-17.6256191950239,0.0,0.0,0.005159023304182,-66.07270825499324,0.0489025078385463,-29.28514709875597,56.0,43.0
223,2024-09-08 11:58:59,cybersecurity_specialist_interview.txt,-999,0,0.0773109926377253,0.0202599644579842,0.008,0.0511719302908732,0.0215075743575556,9.426226364435236,0.0111223276261782,0.0,0.013856406460551,-54.41626016260162,0.0555235444498658,-46.08808721175909,14.0,70.0
223,2024-09-08 11:58:59,data_engineer_interview.txt,-999,0,0.1061455340525108,0.0025641025641025,0.0056142823584684,0.0658105039181166,0.036967865632999,50.23872854965924,0.0044411559168432,0.0,0.0049079869301384,-68.01000169973511,0.0781642140642681,-30.665696454751668,1.0,48.0
223,2024-09-08 11:58:59,data_scientist_interview.txt,-999,0,0.0927255523402691,0.005420054200542,0.0054915254237288,0.0174692804824278,0.0100410403865582,31.244043491977635,0.0093878092551158,0.0,0.0047617165254651,-68.70946672178586,0.0302576813672363,-81.5953332131787,2.0,99.0
223,2024-09-08 11:58:59,database_administrator_interview.txt,-999,0,0.0592641333048048,0.0095923261390887,0.0095923261390887,0.0610299134785249,0.0310134360817725,-16.1173560829545,0.0166143962356726,0.0,0.0166143962356726,-45.34323760503791,0.0403786741209838,-35.70226188018239,51.0,55.0
223,2024-09-08 11:58:59,dentist_interview.txt,-999,0,0.0558154645873944,0.0,0.0053931124106562,0.1005362506233277,0.0033214757424644,-20.998612820863087,0.0,0.0,0.0047201405129731,-69.27022086985002,0.033804447311336,5.919427796693483,66.0,6.0
223,2024-09-08 11:58:59,devops_engineer_interview.txt,-999,0,0.0781954887218045,0.0200501253132832,0.0122807017543859,0.073836056406711,0.0231500816817152,10.67814495211195,0.0347278357407293,0.0,0.0132453235706504,-30.024960775923542,0.0742014170742861,-22.210418661181293,11.0,35.0
223,2024-09-08 11:58:59,digital_marketing_specialist_interview.txt,-999,0,0.0566753539345686,0.0,0.0098898021657708,0.0832511521109623,0.018437893884227,-19.78152268733997,0.0,0.0,0.001141597288879,-43.64822887902008,0.0721138721343955,-12.291195063101242,63.0,19.0
223,2024-09-08 11:58:59,doctor_interview.txt,-999,0,0.0602297484650425,0.0,0.0097643097643097,0.0522903051616822,0.0089849186448038,-14.750621295312598,0.0,0.0,0.0091654259857348,-44.36328050149187,0.0202047210831162,-44.90982936303435,49.0,67.0
223,2024-09-08 11:58:59,electrical_engineer_interview.txt,-999,0,0.0770187338501292,0.0066666666666666,0.0034722222222222,0.039980860416496,0.0212295749208747,9.012562341282049,0.0115470053837925,0.0,0.0060140653040586,-80.21539069557362,0.0105493860274732,-57.87837887449393,15.0,90.0
223,2024-09-08 11:58:59,environmental_engineer_interview.txt,-999,0,0.0666202844774273,0.0,0.0146464646464646,0.0757482535843909,0.0073565622429902,-5.705436174509245,0.0,0.0,0.0137481389786022,-16.54492075223783,0.0665124574639047,-20.19583357730795,34.0,31.0
223,2024-09-08 11:58:59,environmental_scientist_interview.txt,-999,0,0.0539188210091536,0.0,0.0164064483371414,0.08260450506481,0.0118172493974848,-23.683128210514862,0.0,0.0,0.0206568954496431,-6.516590918003615,0.0269700022423844,-12.97246659143272,71.0,20.0
223,2024-09-08 11:58:59,event_planner_interview.txt,-999,0,0.0545051186375813,0.0,0.0026041666666666,0.0944695564340536,0.021151531321009,-22.85328067116309,0.0,0.0,0.0045105489780439,-85.16154302168022,0.0651757172032501,-0.4721053384833027,68.0,12.0
223,2024-09-08 11:58:59,financial_analyst_interview.txt,-999,0,0.072997920552988,0.0029498525073746,0.0116001867826685,0.1144640016456769,0.0136266213490143,3.321490334435253,0.0051092944176073,0.0,0.0104294293817635,-33.902512954201285,0.0486399351293362,20.59293520954837,21.0,3.0
223,2024-09-08 11:58:59,fire_protection_engineer_interview.txt,-999,0,0.0695367294204503,0.0240402362495385,0.0107281284606865,0.0328066995261925,0.0207734997884739,-1.57749066991461,0.0201060034230084,0.0,0.0041775518863019,-38.87147291323412,0.029641073128454,-65.43667761461074,26.0,94.0
223,2024-09-08 11:58:59,focus_group_interview.txt,-999,0,0.0588235294117647,0.0,0.0,0.0,0.0,-16.74098824303796,0.0,0.0,0.0,-100.0,0.0,-100.0,53.0,101.0
223,2024-09-08 11:58:59,frontend_developer_interview.txt,-999,0,0.0499239461103867,0.0,0.0092351151673185,0.0767283103597056,0.0170244645281205,-29.337486925303224,0.0,0.0,0.0096379165726401,-47.37861410556739,0.0657715742358427,-19.163300016467915,84.0,30.0
223,2024-09-08 11:58:59,full_stack_developer_interview.txt,-999,0,0.0804121707008846,0.0123456790123456,0.0101876154369592,0.0483128022847362,0.0780055017087343,13.815643718392453,0.0213833433033194,0.0,0.0040072722095984,-41.95129854477313,0.0514378645862778,-49.10030619277265,8.0,75.0
223,2024-09-08 11:58:59,game_developer_interview.txt,-999,0,0.0521700521700521,0.0,0.0183890183890183,0.0658134742018097,0.0083272280313069,-26.15834122120914,0.0,0.0,0.0047618055766234,4.7800287637686125,0.0101708631617814,-30.662567128292565,74.0,47.0
223,2024-09-08 11:58:59,gardener_interview.txt,-999,0,0.0561706811706811,0.0,0.0053742553742553,0.0532605742376449,0.0070201583039181,-20.49583813223272,0.0,0.0,0.0046795082789833,-69.37766765002537,0.057417465439807,-43.88760758036767,65.0,66.0
223,2024-09-08 11:58:59,geneticist_interview.txt,-999,0,0.0611336032388664,0.0096153846153846,0.0101407364565259,0.0973580478295555,0.0279117427581266,-13.471302356226062,0.0166543346881622,0.0,0.008783849262908,-42.21841345076261,0.0114069685173857,2.571049283957322,45.0,9.0
223,2024-09-08 11:58:59,geologist_interview.txt,-999,0,0.0897087359987703,0.0,0.0084852734922861,0.0625965489539741,0.0186570725171784,26.97403198880508,0.0,0.0,0.0087032835354668,-51.651187584807126,0.0571174070875316,-34.05174147488816,3.0,53.0
223,2024-09-08 11:58:59,geotechnical_engineer_interview.txt,-999,0,0.0490826175135601,0.0,0.0171595985877226,0.0435843241744603,0.0151712282600357,-30.528306113392333,0.0,0.0,0.0080159839490695,-2.225165282882997,0.0296922241439828,-54.08196895306461,85.0,82.0
223,2024-09-08 11:58:59,graphic_designer_interview.txt,-999,0,0.06226017019951,0.0,0.0085736941223114,0.129589756863583,0.0253486704180317,-11.87675587526506,0.0,0.0,0.0084763150024872,-51.14736971039053,0.0422325155476891,36.5285935192658,43.0,1.0
223,2024-09-08 11:58:59,hotel_manager_interview.txt,-999,0,0.0742598600041829,0.0026455026455026,0.002710027100271,0.1165362468791539,0.029348878825487,5.107643471696633,0.0045821449935684,0.0,0.0046939046275579,-84.55835371361843,0.0222233416108369,22.77613806447352,18.0,2.0
223,2024-09-08 11:58:59,human_resources_manager_interview.txt,-999,0,0.0639151864060417,0.0,0.0236426564141502,0.0579282148176675,0.0148051245436644,-9.534240640706187,0.0,0.0,0.007475764681373,34.71508738095281,0.0734851947736557,-38.97003987388016,38.0,58.0
223,2024-09-08 11:58:59,industrial_engineer_interview.txt,-999,0,0.0708252286952335,0.0,0.0231474883646284,0.056356248609007,0.0225485441761457,0.2462553266415597,0.0,0.0,0.01226823742033,31.8936359378038,0.0528215330852058,-40.62617644456724,24.0,59.0
223,2024-09-08 11:58:59,it_manager_interview.txt,-999,0,0.0471973372676066,0.0,0.0051092318534179,0.1004112410170443,0.0142018613496248,-33.1967378061636,0.0,0.0,0.0044256013696548,-70.88776305310621,0.072368648424168,5.787724596260446,89.0,7.0
223,2024-09-08 11:58:59,logistics_coordinator_interview.txt,-999,0,0.0524698781094776,0.0,0.0114942528735632,0.0436926415236826,0.008774950040325,-25.733966627142763,0.0,0.0,0.019908629972056,-34.50612092327819,0.0091590559333901,-53.96785179055914,73.0,81.0
223,2024-09-08 11:58:59,lorry_driver_interview.txt,-999,0,0.0441927954072298,0.0,0.0025445292620865,0.086904860375448,0.0024919563434483,-37.44937596947936,0.0,0.0,0.0044072539632795,-85.50135501355014,0.0281047651195438,-8.44185031122339,92.0,15.0
223,2024-09-08 11:58:59,machine_learning_engineer_interview copy.txt,-999,0,0.0434991614619477,0.0,0.005050505050505,0.0497500160439961,0.0046712817333584,-38.43114767516897,0.0,0.0,0.0087477313513579,-71.2223864662889,0.0434329688699764,-47.5861373426463,95.0,73.0
223,2024-09-08 11:58:59,machine_learning_engineer_interview.txt,-999,0,0.0283476463104325,0.0,0.0,0.0267045408274778,0.0249328100425837,-59.87665070347737,0.0,0.0,0.0,-100.0,0.0462536215059891,-71.86557419355775,101.0,96.0
223,2024-09-08 11:58:59,manufacturing_engineer_interview.txt,-999,0,0.0578620370248715,0.005089058524173,0.01060977826245,0.0650821519585646,0.012204857554227,-18.101887644095555,0.0088145079265591,0.0,0.0115425769617275,-39.54582849399921,0.0176892740534159,-31.43304775651628,58.0,49.0
223,2024-09-08 11:58:59,marine_engineer_interview.txt,-999,0,0.0574233716475095,0.0026041666666666,0.0147321428571428,0.0635955669632064,0.0125751911240016,-18.72277602288517,0.0045105489780439,0.0,0.0143066253205018,-16.05672909407666,0.0563358613200052,-32.99923140771915,60.0,51.0
223,2024-09-08 11:58:59,marketing_manager_interview.txt,-999,0,0.0574734490678158,0.0,0.0056307911617961,0.0433353117732308,0.010230270987519,-18.65189628194257,0.0,0.0,0.0048827850487395,-67.91593507524526,0.0335050053371757,-54.34431463324448,59.0,83.0
223,2024-09-08 11:58:59,materials_engineer_interview.txt,-999,0,0.0474263381919723,0.0,0.0098920236851271,0.0328230201157645,0.0029742707228518,-32.87260916504361,0.0,0.0,0.0091961938799908,-43.63557073397275,0.0090914319034334,-65.41948314497358,88.0,93.0
223,2024-09-08 11:58:59,mechanical_engineer_interview.txt,-999,0,0.0587078212465209,0.0,0.0029239766081871,0.0506481015165538,0.0130988129149364,-16.904761950374876,0.0,0.0,0.005064476045523,-83.3392763752199,0.0135803186403236,-46.639964208318496,54.0,72.0
223,2024-09-08 11:58:59,meteorologist_interview.txt,-999,0,0.0676512666704869,0.0,0.0157341100834086,0.0407192739003882,0.0157789142996009,-4.246180679445359,0.0,0.0,0.000801866882806,-10.34755242311398,0.0705278512427857,-57.10042730770777,31.0,87.0
223,2024-09-08 11:58:59,microbiologist_interview.txt,-999,0,0.0716161196083565,0.0,0.0024875621890547,0.081667457368724,0.023398475491293,1.3656848558227068,0.0,0.0,0.00430858409843,-85.82595154309752,0.0268522658028084,-13.95968816745406,22.0,21.0
223,2024-09-08 11:58:59,mining_engineer_interview.txt,-999,0,0.0430227868521879,0.0,0.0074074074074074,0.0562767771609436,0.009649375660832,-39.105409822159,0.0,0.0,0.0128300059819916,-57.79283348389039,0.0181598970628145,-40.70990316257054,96.0,60.0
223,2024-09-08 11:58:59,mobile_app_developer_interview.txt,-999,0,0.041177816918928,0.0,0.0183399508413688,0.0659675574070043,0.0148569985536164,-41.71678616935595,0.0,0.0,0.019463363791065,4.500443472954331,0.0383524739918186,-30.50023359361124,97.0,46.0
223,2024-09-08 11:58:59,natural_language_processing_engineer_interview.txt,-999,0,0.0622596833474696,0.0024691358024691,0.0159669211195928,0.0555975287871771,0.0423078956167013,-11.877444967201,0.0042766686606638,0.0,0.0138675385756967,-9.02100271002709,0.0342104300673422,-41.42552164481066,44.0,61.0
223,2024-09-08 11:58:59,network_administrator_interview.txt,-999,0,0.0611014125782108,0.0116959064327485,0.0237292955981766,0.0677886964885345,0.0239657375189806,-13.516865120323883,0.0202579041820921,0.0,0.024113132260403,35.208754634001025,0.0437899583450664,-28.581582278708154,47.0,42.0
223,2024-09-08 11:58:59,neuroscientist_interview.txt,-999,0,0.0512170987941831,0.0026666666666666,0.0144143248977901,0.0424897054500683,0.0090189791900086,-27.50715447873958,0.004618802153517,0.0,0.0055555106858179,-17.867645490924716,0.0430262860033163,-55.23519864110567,79.0,85.0
223,2024-09-08 11:58:59,no_persona_interview.txt,-999,0,0.0706512462380337,0.0,0.0175501177142041,0.094917667810953,0.0216471921120907,0.0,0.0,0.0,0.018795860180529,0.0,0.027153427299694,0.0,25.0,11.0
223,2024-09-08 11:58:59,nuclear_engineer_interview.txt,-999,0,0.050059110039249,0.0,0.0124101527403414,0.0769414793556188,0.0200813139447434,-29.146175467884788,0.0,0.0,0.0144685954856044,-29.287353267737515,0.0325555052122015,-18.938716963776685,83.0,28.0
223,2024-09-08 11:58:59,nurse_interview.txt,-999,0,0.0569140111978986,0.0,0.0241603496079199,0.110511227894338,0.00730603618957,-19.443726433150843,0.0,0.0,0.0108692497785903,37.66488636350152,0.0292241395109772,16.428511617502693,62.0,4.0
223,2024-09-08 11:58:59,occupational_therapist_interview.txt,-999,0,0.0388266702776472,0.0,0.0174767476747674,0.0615201787989723,0.0141881073971164,-45.044606648784544,0.0,0.0,0.0155319870303768,-0.4180600986927913,0.0268749397537979,-35.185745480491875,99.0,54.0
223,2024-09-08 11:58:59,operations_manager_interview.txt,-999,0,0.079441426899054,0.0,0.0176617295261363,0.0467300039765822,0.01712062624118,12.441649835029068,0.0,0.0,0.018028582799709,0.6359604747368337,0.0464816574667467,-50.76785486380242,10.0,77.0
223,2024-09-08 11:58:59,petroleum_engineer_interview.txt,-999,0,0.0735606139812917,0.0029498525073746,0.0031446540880503,0.0709193675903395,0.0372837697720836,4.117928413401216,0.0051092944176073,0.0,0.0054467006527323,-82.08186327146291,0.0139780483598758,-25.283280525192325,19.0,38.0
223,2024-09-08 11:58:59,pharmacist_interview.txt,-999,0,0.0645829113740921,0.0140350877192982,0.0031152647975077,0.0541581181564369,0.0200595609157627,-8.58914058429555,0.0243094850185105,0.0,0.0053957969083142,-82.24932249322492,0.0484690715946676,-42.942004997106174,37.0,63.0
223,2024-09-08 11:58:59,physical_therapist_interview.txt,-999,0,0.0776564825783282,0.0023980815347721,0.0071024840101145,0.0753677820916746,0.0263030992224335,9.915233931886933,0.0041535990589181,0.0,0.0063070196502622,-59.53027708545715,0.0262464004677375,-20.59667727847652,13.0,32.0
223,2024-09-08 11:58:59,physicist_interview.txt,-999,0,0.0540255783582419,0.0,0.0194209260447205,0.0967461934706365,0.0059320815056105,-23.532023517005825,0.0,0.0,0.019891147418598,10.659805027987248,0.0295358062180704,1.926433404711787,70.0,10.0
223,2024-09-08 11:58:59,procurement_specialist_interview.txt,-999,0,0.0810177052183938,0.0026455026455026,0.0029239766081871,0.0427102989989416,0.0472544165185173,14.672719212105775,0.0045821449935684,0.0,0.005064476045523,-83.3392763752199,0.0509454286947989,-55.00279349045167,7.0,84.0
223,2024-09-08 11:58:59,product_manager_interview.txt,-999,0,0.0687865128083843,0.0,0.0117481082467615,0.0522449495829317,0.0379708936764512,-2.6393496632272644,0.0,0.0,0.0135349961143919,-33.05966126225324,0.0454785440816327,-44.957613489842906,28.0,68.0
223,2024-09-08 11:58:59,professor_of_classics_interview.txt,-999,0,0.0611153552330022,0.0,0.0061681238151826,0.0728153593663539,0.0261419994381492,-13.49713064211734,0.0,0.0,0.0054087721688619,-64.85423109048168,0.0363220071548864,-23.285768555354807,46.0,37.0
223,2024-09-08 11:58:59,project_manager_interview.txt,-999,0,0.040186022406408,0.0,0.0313364648842841,0.0600194207659177,0.0098787579116307,-43.12057529598863,0.0,0.0,0.0214392955446953,78.55415783862236,0.0497708470280647,-36.76686105956788,98.0,56.0
223,2024-09-08 11:58:59,psychologist_interview.txt,-999,0,0.0507208066598474,0.002415458937198,0.0261500725978538,0.0400466858845506,0.0188810284074656,-28.20960795374773,0.0041836976028233,0.0,0.0047909399839845,49.00226325370636,0.017954888617755,-57.80902880556296,80.0,89.0
223,2024-09-08 11:58:59,public_relations_specialist_interview.txt,-999,0,0.0749984370674025,0.0113960113960113,0.0028735632183908,0.0538876934719521,0.0256902193432022,6.153027810327046,0.0197384707415256,0.0,0.004977157493014,-83.62653023081955,0.050609823528041,-43.22690947350289,17.0,64.0
223,2024-09-08 11:58:59,quality_control_engineer_interview.txt,-999,0,0.0442535005595821,0.0,0.0132078290751531,0.0707746374070316,0.0069378325017299,-37.36345370259146,0.0,0.0,0.0159500015841685,-24.74221945267413,0.0364743133413402,-25.435760233813227,91.0,40.0
223,2024-09-08 11:58:59,restaurant_manager_interview.txt,-999,0,0.0598364598364598,0.0037037037037037,0.0074074074074074,0.0424769058623897,0.0138875926258032,-15.307283278680444,0.0064150029909958,0.0,0.0128300059819916,-57.79283348389039,0.0043504564912869,-55.24868357807652,50.0,86.0
223,2024-09-08 11:58:59,retail_manager_interview.txt,-999,0,0.0758071108654853,0.0,0.0075596122183459,0.0207524511111663,0.0432659891979006,7.297627291783115,0.0,0.0,0.0001813744648619,-56.92557542091257,0.0359442997061293,-78.13636640072222,16.0,98.0
223,2024-09-08 11:58:59,robotics_engineer_interview.txt,-999,0,0.051847618529253,0.0,0.0128342245989304,0.0740966363403292,0.0081822189381443,-26.61471482814148,0.0,0.0,0.015058960257036,-26.87100560845181,0.0446363190310999,-21.9358860692752,77.0,34.0
223,2024-09-08 11:58:59,safety_engineer_interview.txt,-999,0,0.0733248904755256,0.0353818897376066,0.0136332209834932,0.0536626179032506,0.0116070793891186,3.784284609055732,0.0068416037276799,0.0,0.0129881041895934,-22.31835019283561,0.0179059943930516,-43.46403663211555,20.0,65.0
223,2024-09-08 11:58:59,sales_manager_interview.txt,-999,0,0.0542087542087542,0.0,0.0075757575757575,0.1058443047134455,0.0160454579898233,-23.27275583205214,0.0,0.0,0.0131215970270369,-56.83357969943335,0.0129077049842715,11.511699723022131,69.0,5.0
223,2024-09-08 11:58:59,seo_specialist_interview.txt,-999,0,0.0505356116645576,0.0,0.0030864197530864,0.0813374958646141,0.017786128989338,-28.47173354268058,0.0,0.0,0.0053458358258298,-82.41368061828766,0.0640496886430233,-14.307317340946923,82.0,23.0
223,2024-09-08 11:58:59,shop_assistant_interview.txt,-999,0,0.0489036708548903,0.0,0.0092592592592592,0.0794152865978313,0.0075805131521386,-30.781587786679367,0.0,0.0,0.0160375074774896,-47.241041854862985,0.0401423217191564,-16.33245060761253,86.0,24.0
223,2024-09-08 11:58:59,social_media_manager_interview.txt,-999,0,0.0296239503468419,0.0,0.0209090909090909,0.0848462323556859,0.0067165528586563,-58.07016588633869,0.0,0.0,0.0200618877188308,19.139320029563933,0.0735823879732686,-10.610706823650888,100.0,18.0
223,2024-09-08 11:58:59,software_quality_assurance_tester_interview.txt,-999,0,0.0627642535693474,0.0056598796076456,0.0115595846223948,0.0438768814903346,0.0181416985019682,-11.163274660596784,0.0049147827406753,0.0,0.0136025410689936,-34.133862743045,0.0023085626447115,-53.77374676153655,42.0,80.0
223,2024-09-08 11:58:59,speech_therapist_interview.txt,-999,0,0.0566419602666937,0.0,0.0063492063492063,0.0669799041283666,0.0087029981677694,-19.828788191705456,0.0,0.0,0.0109971479845643,-63.822428700477474,0.0210258350421744,-29.43368113324256,64.0,44.0
223,2024-09-08 11:58:59,structural_engineer_interview.txt,-999,0,0.0628695102241585,0.0,0.0109548637950015,0.0743825561569507,0.0137723389893738,-11.01429405456976,0.0,0.0,0.0044636901068712,-37.57954235181449,0.0477571339916643,-21.63465677949648,41.0,33.0
223,2024-09-08 11:58:59,supply_chain_manager_interview.txt,-999,0,0.05067002529167,0.0024509803921568,0.0032362459546925,0.0509030104831107,0.0073255610704311,-28.281484064759724,0.0042452225675707,0.0,0.0056053424193167,-81.5599757939327,0.0520217889794126,-46.37140623335371,81.0,71.0
223,2024-09-08 11:58:59,system_administrator_interview.txt,-999,0,0.0629987853478823,0.0,0.0130332506834509,0.059678546880821,0.0263361972264076,-10.831317630787623,0.0,0.0,0.0113197117684075,-25.73696145124717,0.0572030717304857,-37.125986913540174,40.0,57.0
223,2024-09-08 11:58:59,transportation_engineer_interview.txt,-999,0,0.0479969096581271,0.0026881720430107,0.0127870533967698,0.0877644376661939,0.022415511051796,-32.065020486094426,0.0046560505579808,0.0,0.0045281626931149,-27.139785584340416,0.045840955633769,-7.536247265373319,87.0,13.0
223,2024-09-08 11:58:59,travel_agent_interview.txt,-999,0,0.0521359100792048,0.0,0.0186578693637728,0.0852174211265346,0.0359947307556076,-26.20666604584464,0.0,0.0,0.0069876896278449,6.311932874798359,0.0389138725049479,-10.21964288433452,75.0,17.0
223,2024-09-08 11:58:59,veterinarian_interview.txt,-999,0,0.0435324160933917,0.0047619047619047,0.0086251824056702,0.0686500346355311,0.0095851012275583,-38.38407896341272,0.0082478609884232,0.0,0.008175181788188,-50.8539911462279,0.0287567468344603,-27.674124092196408,94.0,41.0
223,2024-09-08 11:58:59,warehouse_manager_interview.txt,-999,0,0.0671234125691957,0.0,0.0040160642570281,0.0650412265723094,0.0171348523519315,-4.993307063476649,0.0,0.0,0.006956027339634,-77.11659646716949,0.0177789052236073,-31.47616447777486,32.0,50.0
223,2024-09-08 11:58:59,water_resources_engineer_interview.txt,-999,0,0.0713094122969675,0.0062893081761006,0.0,0.0440006396611022,0.0450911559835901,0.9315703458595976,0.0108934013054646,0.0,0.0,-100.0,0.0503493136199581,-53.64336200428139,23.0,79.0
224,2024-09-08 12:07:00,restaurant_manager_interview.txt,1,0,0.0714285714285714,0.0,0.0,0.0466530557892966,,,,,,,,,,
224,2024-09-08 12:07:00,restaurant_manager_interview.txt,2,0,0.0636363636363636,0.0,0.0,0.0428067433298522,,,,,,,,,,
224,2024-09-08 12:07:00,restaurant_manager_interview.txt,3,0,0.0444444444444444,0.0111111111111111,0.0222222222222222,0.0379709184680204,,,,,,,,,,
224,2024-09-08 12:07:00,geneticist_interview.txt,1,0,0.0384615384615384,0.0288461538461538,0.0,0.0937095795782794,,,,,,,,,,
224,2024-09-08 12:07:00,geneticist_interview.txt,2,0,0.0526315789473684,0.0,0.0150375939849624,0.0882216505718651,,,,,,,,,,
224,2024-09-08 12:07:00,geneticist_interview.txt,3,0,0.0923076923076923,0.0,0.0153846153846153,0.1101429133385219,,,,,,,,,,
224,2024-09-08 12:07:00,speech_therapist_interview.txt,1,0,0.0510204081632653,0.0,0.0,0.0432621003107774,,,,,,,,,,
224,2024-09-08 12:07:00,speech_therapist_interview.txt,2,0,0.0522388059701492,0.0,0.0,0.0833315864428225,,,,,,,,,,
224,2024-09-08 12:07:00,speech_therapist_interview.txt,3,0,0.0666666666666666,0.0,0.019047619047619,0.0743460256315,,,,,,,,,,
224,2024-09-08 12:07:00,customer_service_representative_interview.txt,1,0,0.0545454545454545,0.0,0.009090909090909,0.0311974890850877,,,,,,,,,,
224,2024-09-08 12:07:00,customer_service_representative_interview.txt,2,0,0.0761904761904762,0.0,0.0,0.122813044651559,,,,,,,,,,
224,2024-09-08 12:07:00,customer_service_representative_interview.txt,3,0,0.043859649122807,0.0,0.0087719298245614,0.0473521337727738,,,,,,,,,,
224,2024-09-08 12:07:00,construction_manager_interview.txt,1,0,0.055045871559633,0.0,0.0091743119266055,0.0948117237060615,,,,,,,,,,
224,2024-09-08 12:07:00,construction_manager_interview.txt,2,0,0.0866141732283464,0.0,0.0236220472440944,0.1356095260762036,,,,,,,,,,
224,2024-09-08 12:07:00,construction_manager_interview.txt,3,0,0.112,0.0,0.024,0.0,,,,,,,,,,
224,2024-09-08 12:07:00,doctor_interview.txt,1,0,0.0545454545454545,0.0,0.0181818181818181,0.0673965703749538,,,,,,,,,,
224,2024-09-08 12:07:00,doctor_interview.txt,2,0,0.0705882352941176,0.0,0.0,0.0293397273927395,,,,,,,,,,
224,2024-09-08 12:07:00,doctor_interview.txt,3,0,0.0555555555555555,0.0,0.0111111111111111,0.0601346177173533,,,,,,,,,,
224,2024-09-08 12:07:00,human_resources_manager_interview.txt,1,0,0.0693069306930693,0.0,0.0198019801980198,0.1425669620819004,,,,,,,,,,
224,2024-09-08 12:07:00,human_resources_manager_interview.txt,2,0,0.0471698113207547,0.0,0.0188679245283018,0.0103852698901538,,,,,,,,,,
224,2024-09-08 12:07:00,human_resources_manager_interview.txt,3,0,0.075268817204301,0.0,0.032258064516129,0.0208324124809482,,,,,,,,,,
224,2024-09-08 12:07:00,water_resources_engineer_interview.txt,1,0,0.1226415094339622,0.0188679245283018,0.0,0.0,,,,,,,,,,
224,2024-09-08 12:07:00,water_resources_engineer_interview.txt,2,0,0.0476190476190476,0.0,0.0,0.0989100944553876,,,,,,,,,,
224,2024-09-08 12:07:00,water_resources_engineer_interview.txt,3,0,0.0531914893617021,0.0,0.0,0.0330918245279189,,,,,,,,,,
224,2024-09-08 12:07:00,project_manager_interview.txt,1,0,0.0515463917525773,0.0,0.0515463917525773,0.0555355117717458,,,,,,,,,,
224,2024-09-08 12:07:00,project_manager_interview.txt,2,0,0.0336134453781512,0.0,0.0336134453781512,0.1118805059888638,,,,,,,,,,
224,2024-09-08 12:07:00,project_manager_interview.txt,3,0,0.0353982300884955,0.0,0.0088495575221238,0.0126422445371434,,,,,,,,,,
224,2024-09-08 12:07:00,biologist_interview.txt,1,0,0.1,0.03,0.0,0.0628254664475309,,,,,,,,,,
224,2024-09-08 12:07:00,biologist_interview.txt,2,0,0.0666666666666666,0.0,0.019047619047619,0.084133944618843,,,,,,,,,,
224,2024-09-08 12:07:00,biologist_interview.txt,3,0,0.037593984962406,0.0,0.0,0.0,,,,,,,,,,
224,2024-09-08 12:07:00,occupational_therapist_interview.txt,1,0,0.0227272727272727,0.0,0.0227272727272727,0.0619600680328602,,,,,,,,,,
224,2024-09-08 12:07:00,occupational_therapist_interview.txt,2,0,0.0495049504950495,0.0,0.0297029702970297,0.0881724737587123,,,,,,,,,,
224,2024-09-08 12:07:00,occupational_therapist_interview.txt,3,0,0.0442477876106194,0.0,0.0,0.0344279946053444,,,,,,,,,,
224,2024-09-08 12:07:00,network_administrator_interview.txt,1,0,0.0543478260869565,0.0,0.0108695652173913,0.0181441553921881,,,,,,,,,,
224,2024-09-08 12:07:00,network_administrator_interview.txt,2,0,0.087719298245614,0.0350877192982456,0.0087719298245614,0.1009251180073442,,,,,,,,,,
224,2024-09-08 12:07:00,network_administrator_interview.txt,3,0,0.0412371134020618,0.0,0.0515463917525773,0.0842968160660713,,,,,,,,,,
224,2024-09-08 12:07:00,neuroscientist_interview.txt,1,0,0.0442477876106194,0.0,0.0176991150442477,0.0414359038364657,,,,,,,,,,
224,2024-09-08 12:07:00,neuroscientist_interview.txt,2,0,0.0614035087719298,0.0,0.0175438596491228,0.0,,,,,,,,,,
224,2024-09-08 12:07:00,neuroscientist_interview.txt,3,0,0.048,0.008,0.008,0.0860332125137391,,,,,,,,,,
224,2024-09-08 12:07:00,retail_manager_interview.txt,1,0,0.0661764705882353,0.0,0.0073529411764705,0.0,,,,,,,,,,
224,2024-09-08 12:07:00,retail_manager_interview.txt,2,0,0.123076923076923,0.0,0.0076923076923076,0.0,,,,,,,,,,
224,2024-09-08 12:07:00,retail_manager_interview.txt,3,0,0.0381679389312977,0.0,0.0076335877862595,0.0622573533334991,,,,,,,,,,
224,2024-09-08 12:07:00,agricultural_engineer_interview.txt,1,0,0.04,0.0,0.01,0.01754081509232,,,,,,,,,,
224,2024-09-08 12:07:00,agricultural_engineer_interview.txt,2,0,0.0434782608695652,0.0,0.0,0.016643353237249,,,,,,,,,,
224,2024-09-08 12:07:00,agricultural_engineer_interview.txt,3,0,0.0534351145038167,0.0,0.0229007633587786,0.0,,,,,,,,,,
224,2024-09-08 12:07:00,electrical_engineer_interview.txt,1,0,0.0813953488372093,0.0,0.0,0.0515248660596885,,,,,,,,,,
224,2024-09-08 12:07:00,electrical_engineer_interview.txt,2,0,0.0833333333333333,0.0,0.0104166666666666,0.0375765713355705,,,,,,,,,,
224,2024-09-08 12:07:00,electrical_engineer_interview.txt,3,0,0.1,0.02,0.0,0.030841143854229,,,,,,,,,,
224,2024-09-08 12:07:00,quality_control_engineer_interview.txt,1,0,0.0618556701030927,0.0,0.0309278350515463,0.0571315807160011,,,,,,,,,,
224,2024-09-08 12:07:00,quality_control_engineer_interview.txt,2,0,0.0471698113207547,0.0,0.0,0.0430885464951094,,,,,,,,,,
224,2024-09-08 12:07:00,quality_control_engineer_interview.txt,3,0,0.0782608695652174,0.0,0.008695652173913,0.1121037850099844,,,,,,,,,,
224,2024-09-08 12:07:00,machine_learning_engineer_interview.txt,1,0,0.0,0.0,0.0,0.0,,,,,,,,,,
224,2024-09-08 12:07:00,machine_learning_engineer_interview.txt,2,0,0.0610687022900763,0.0,0.0,0.0801136224824336,,,,,,,,,,
224,2024-09-08 12:07:00,machine_learning_engineer_interview.txt,3,0,0.0546875,0.0,0.0,0.0,,,,,,,,,,
224,2024-09-08 12:07:00,psychologist_interview.txt,1,0,0.048076923076923,0.0,0.0288461538461538,0.0323961959726534,,,,,,,,,,
224,2024-09-08 12:07:00,psychologist_interview.txt,2,0,0.072463768115942,0.0072463768115942,0.0289855072463768,0.0605596667072056,,,,,,,,,,
224,2024-09-08 12:07:00,psychologist_interview.txt,3,0,0.0412371134020618,0.0,0.0206185567010309,0.0271841949737927,,,,,,,,,,
224,2024-09-08 12:07:00,geologist_interview.txt,1,0,0.0725806451612903,0.0,0.0080645161290322,0.0759044861163816,,,,,,,,,,
224,2024-09-08 12:07:00,geologist_interview.txt,2,0,0.0869565217391304,0.0,0.017391304347826,0.1118851607455407,,,,,,,,,,
224,2024-09-08 12:07:00,geologist_interview.txt,3,0,0.1095890410958904,0.0,0.0,0.0,,,,,,,,,,
224,2024-09-08 12:07:00,chemical_engineer_interview.txt,1,0,0.078125,0.0,0.015625,0.0,,,,,,,,,,
224,2024-09-08 12:07:00,chemical_engineer_interview.txt,2,0,0.0736842105263157,0.0,0.0210526315789473,0.0747112850356365,,,,,,,,,,
224,2024-09-08 12:07:00,chemical_engineer_interview.txt,3,0,0.0714285714285714,0.0,0.010204081632653,0.1377422912155963,,,,,,,,,,
224,2024-09-08 12:07:00,machine_learning_engineer_interview copy.txt,1,0,0.053030303030303,0.0,0.0151515151515151,0.0691364256495546,,,,,,,,,,
224,2024-09-08 12:07:00,machine_learning_engineer_interview copy.txt,2,0,0.0610687022900763,0.0,0.0,0.0801136224824336,,,,,,,,,,
224,2024-09-08 12:07:00,machine_learning_engineer_interview copy.txt,3,0,0.0546875,0.0,0.0,0.0,,,,,,,,,,
224,2024-09-08 12:07:00,no_persona_interview.txt,1,0,0.0560747663551401,0.0,0.0373831775700934,0.0635731657580273,,,,,,,,,,
224,2024-09-08 12:07:00,no_persona_interview.txt,2,0,0.0888888888888888,0.0,0.0,0.1099189066092266,,,,,,,,,,
224,2024-09-08 12:07:00,no_persona_interview.txt,3,0,0.0763358778625954,0.0,0.015267175572519,0.111260931065605,,,,,,,,,,
224,2024-09-08 12:07:00,financial_analyst_interview.txt,1,0,0.0619469026548672,0.0088495575221238,0.0,0.0598254669070187,,,,,,,,,,
224,2024-09-08 12:07:00,financial_analyst_interview.txt,2,0,0.0606060606060606,0.0,0.0202020202020202,0.1530445380640685,,,,,,,,,,
224,2024-09-08 12:07:00,financial_analyst_interview.txt,3,0,0.0802919708029197,0.0,0.0145985401459854,0.1305219999659435,,,,,,,,,,
224,2024-09-08 12:07:00,civil_engineer_interview.txt,1,0,0.0601503759398496,0.0,0.0150375939849624,0.0831598154358535,,,,,,,,,,
224,2024-09-08 12:07:00,civil_engineer_interview.txt,2,0,0.0825688073394495,0.0,0.0091743119266055,0.0551022249278976,,,,,,,,,,
224,2024-09-08 12:07:00,civil_engineer_interview.txt,3,0,0.0818181818181818,0.0,0.009090909090909,0.0519288906523061,,,,,,,,,,
224,2024-09-08 12:07:00,meteorologist_interview.txt,1,0,0.0495867768595041,0.0,0.0165289256198347,0.0,,,,,,,,,,
224,2024-09-08 12:07:00,meteorologist_interview.txt,2,0,0.0746268656716417,0.0,0.0149253731343283,0.0,,,,,,,,,,
224,2024-09-08 12:07:00,meteorologist_interview.txt,3,0,0.0787401574803149,0.0,0.0157480314960629,0.1221578217011647,,,,,,,,,,
224,2024-09-08 12:07:00,shop_assistant_interview.txt,1,0,0.040650406504065,0.0,0.0,0.1223705927244681,,,,,,,,,,
224,2024-09-08 12:07:00,shop_assistant_interview.txt,2,0,0.0555555555555555,0.0,0.0277777777777777,0.0428532956412062,,,,,,,,,,
224,2024-09-08 12:07:00,shop_assistant_interview.txt,3,0,0.0505050505050505,0.0,0.0,0.0730219714278197,,,,,,,,,,
224,2024-09-08 12:07:00,social_media_manager_interview.txt,1,0,0.036144578313253,0.0,0.0,0.1233699304830566,,,,,,,,,,
224,2024-09-08 12:07:00,social_media_manager_interview.txt,2,0,0.03,0.0,0.04,0.0,,,,,,,,,,
224,2024-09-08 12:07:00,social_media_manager_interview.txt,3,0,0.0303030303030303,0.0,0.0227272727272727,0.1311687665840011,,,,,,,,,,
224,2024-09-08 12:07:00,marine_engineer_interview.txt,1,0,0.0761904761904762,0.0,0.0285714285714285,0.0835429425346109,,,,,,,,,,
224,2024-09-08 12:07:00,marine_engineer_interview.txt,2,0,0.0603448275862069,0.0,0.0,0.1072437583550084,,,,,,,,,,
224,2024-09-08 12:07:00,marine_engineer_interview.txt,3,0,0.0625,0.0078125,0.015625,0.0,,,,,,,,,,
224,2024-09-08 12:07:00,warehouse_manager_interview.txt,1,0,0.072289156626506,0.0,0.0120481927710843,0.081493124342657,,,,,,,,,,
224,2024-09-08 12:07:00,warehouse_manager_interview.txt,2,0,0.081081081081081,0.0,0.0,0.0461808634688753,,,,,,,,,,
224,2024-09-08 12:07:00,warehouse_manager_interview.txt,3,0,0.048,0.0,0.0,0.067449691905396,,,,,,,,,,
224,2024-09-08 12:07:00,business_intelligence_analyst_interview.txt,1,0,0.0761904761904762,0.0,0.019047619047619,0.0519120125435854,,,,,,,,,,
224,2024-09-08 12:07:00,business_intelligence_analyst_interview.txt,2,0,0.0784313725490196,0.0,0.0196078431372549,0.1619933830165744,,,,,,,,,,
224,2024-09-08 12:07:00,business_intelligence_analyst_interview.txt,3,0,0.0612244897959183,0.0,0.0,0.0872579957499813,,,,,,,,,,
224,2024-09-08 12:07:00,full_stack_developer_interview.txt,1,0,0.0393700787401574,0.0,0.0078740157480314,0.0425483283606354,,,,,,,,,,
224,2024-09-08 12:07:00,full_stack_developer_interview.txt,2,0,0.1703703703703703,0.037037037037037,0.0148148148148148,0.1023900784935733,,,,,,,,,,
224,2024-09-08 12:07:00,full_stack_developer_interview.txt,3,0,0.0472440944881889,0.0,0.0078740157480314,0.0,,,,,,,,,,
224,2024-09-08 12:07:00,focus_group_interview.txt,1,0,0.0588235294117647,0.0,0.0,0.0,,,,,,,,,,
224,2024-09-08 12:07:00,focus_group_interview.txt,2,0,0.0588235294117647,0.0,0.0,0.0,,,,,,,,,,
224,2024-09-08 12:07:00,focus_group_interview.txt,3,0,0.0588235294117647,0.0,0.0,0.0,,,,,,,,,,
224,2024-09-08 12:07:00,travel_agent_interview.txt,1,0,0.0531914893617021,0.0,0.0106382978723404,0.1283619363588929,,,,,,,,,,
224,2024-09-08 12:07:00,travel_agent_interview.txt,2,0,0.0802919708029197,0.0,0.0218978102189781,0.0745172643816199,,,,,,,,,,
224,2024-09-08 12:07:00,travel_agent_interview.txt,3,0,0.015625,0.0,0.0234375,0.0527730626390911,,,,,,,,,,
224,2024-09-08 12:07:00,robotics_engineer_interview.txt,1,0,0.0686274509803921,0.0,0.0294117647058823,0.0571924000726199,,,,,,,,,,
224,2024-09-08 12:07:00,robotics_engineer_interview.txt,2,0,0.0454545454545454,0.0,0.009090909090909,0.0403813965559999,,,,,,,,,,
224,2024-09-08 12:07:00,robotics_engineer_interview.txt,3,0,0.0610687022900763,0.0,0.0,0.1247161123923678,,,,,,,,,,
224,2024-09-08 12:07:00,biomedical_engineer_interview.txt,1,0,0.1,0.0,0.0,0.1025907901717319,,,,,,,,,,
224,2024-09-08 12:07:00,biomedical_engineer_interview.txt,2,0,0.0594059405940594,0.0,0.0099009900990099,0.0426668739812379,,,,,,,,,,
224,2024-09-08 12:07:00,biomedical_engineer_interview.txt,3,0,0.0975609756097561,0.0,0.0,0.0915016217502627,,,,,,,,,,
224,2024-09-08 12:07:00,marketing_manager_interview.txt,1,0,0.0459770114942528,0.0,0.0,0.0775670553173294,,,,,,,,,,
224,2024-09-08 12:07:00,marketing_manager_interview.txt,2,0,0.0655737704918032,0.0,0.0081967213114754,0.0418311722270583,,,,,,,,,,
224,2024-09-08 12:07:00,marketing_manager_interview.txt,3,0,0.0608695652173913,0.0,0.008695652173913,0.0106077077753049,,,,,,,,,,
224,2024-09-08 12:07:00,professor_of_classics_interview.txt,1,0,0.0909090909090909,0.0,0.0101010101010101,0.1139617522607703,,,,,,,,,,
224,2024-09-08 12:07:00,professor_of_classics_interview.txt,2,0,0.0504201680672268,0.0,0.0,0.0452051914403515,,,,,,,,,,
224,2024-09-08 12:07:00,professor_of_classics_interview.txt,3,0,0.0504201680672268,0.0,0.0084033613445378,0.0592791343979399,,,,,,,,,,
224,2024-09-08 12:07:00,environmental_engineer_interview.txt,1,0,0.0816326530612244,0.0,0.0,0.1026424642988634,,,,,,,,,,
224,2024-09-08 12:07:00,environmental_engineer_interview.txt,2,0,0.0818181818181818,0.0,0.0272727272727272,0.1246022964543093,,,,,,,,,,
224,2024-09-08 12:07:00,environmental_engineer_interview.txt,3,0,0.0916666666666666,0.0,0.0166666666666666,0.0,,,,,,,,,,
224,2024-09-08 12:07:00,physical_therapist_interview.txt,1,0,0.1079136690647482,0.0071942446043165,0.0,0.0976563572315262,,,,,,,,,,
224,2024-09-08 12:07:00,physical_therapist_interview.txt,2,0,0.0648148148148148,0.0,0.0092592592592592,0.0464390040542306,,,,,,,,,,
224,2024-09-08 12:07:00,physical_therapist_interview.txt,3,0,0.0602409638554216,0.0,0.0120481927710843,0.0820079849892669,,,,,,,,,,
224,2024-09-08 12:07:00,astronomer_interview.txt,1,0,0.0392156862745098,0.0,0.0,0.0357008884926808,,,,,,,,,,
224,2024-09-08 12:07:00,astronomer_interview.txt,2,0,0.0634920634920634,0.0158730158730158,0.0079365079365079,0.0,,,,,,,,,,
224,2024-09-08 12:07:00,astronomer_interview.txt,3,0,0.088235294117647,0.0,0.0098039215686274,0.0315139499500514,,,,,,,,,,
224,2024-09-08 12:07:00,ai_professor_interview.txt,1,0,0.0606060606060606,0.0,0.0101010101010101,0.0211330472249737,,,,,,,,,,
224,2024-09-08 12:07:00,ai_professor_interview.txt,2,0,0.0789473684210526,0.0,0.0175438596491228,0.0811136402882951,,,,,,,,,,
224,2024-09-08 12:07:00,ai_professor_interview.txt,3,0,0.0581395348837209,0.0,0.0116279069767441,0.0,,,,,,,,,,
224,2024-09-08 12:07:00,game_developer_interview.txt,1,0,0.0439560439560439,0.0,0.0219780219780219,0.0605193719036507,,,,,,,,,,
224,2024-09-08 12:07:00,game_developer_interview.txt,2,0,0.0606060606060606,0.0,0.0202020202020202,0.0593816587862705,,,,,,,,,,
224,2024-09-08 12:07:00,game_developer_interview.txt,3,0,0.0519480519480519,0.0,0.0129870129870129,0.0775393919155081,,,,,,,,,,
224,2024-09-08 12:07:00,fire_protection_engineer_interview.txt,1,0,0.1007751937984496,0.0465116279069767,0.0077519379844961,0.0,,,,,,,,,,
224,2024-09-08 12:07:00,fire_protection_engineer_interview.txt,2,0,0.0625,0.0178571428571428,0.0089285714285714,0.0407611697271842,,,,,,,,,,
224,2024-09-08 12:07:00,fire_protection_engineer_interview.txt,3,0,0.0697674418604651,0.0077519379844961,0.0155038759689922,0.0576589288513933,,,,,,,,,,
224,2024-09-08 12:07:00,safety_engineer_interview.txt,1,0,0.0948275862068965,0.043103448275862,0.0258620689655172,0.0454675110134519,,,,,,,,,,
224,2024-09-08 12:07:00,safety_engineer_interview.txt,2,0,0.0769230769230769,0.0329670329670329,0.0,0.0741995996381659,,,,,,,,,,
224,2024-09-08 12:07:00,safety_engineer_interview.txt,3,0,0.0902255639097744,0.0300751879699248,0.0150375939849624,0.0413207430581339,,,,,,,,,,
224,2024-09-08 12:07:00,environmental_scientist_interview.txt,1,0,0.0673076923076923,0.0,0.0096153846153846,0.0534300314907251,,,,,,,,,,
224,2024-09-08 12:07:00,environmental_scientist_interview.txt,2,0,0.0495049504950495,0.0,0.0396039603960396,0.0877567755185532,,,,,,,,,,
224,2024-09-08 12:07:00,environmental_scientist_interview.txt,3,0,0.0449438202247191,0.0,0.0,0.1066267081851516,,,,,,,,,,
224,2024-09-08 12:07:00,operations_manager_interview.txt,1,0,0.0990990990990991,0.0,0.036036036036036,0.0,,,,,,,,,,
224,2024-09-08 12:07:00,operations_manager_interview.txt,2,0,0.0816326530612244,0.0,0.0,0.047230742864624,,,,,,,,,,
224,2024-09-08 12:07:00,operations_manager_interview.txt,3,0,0.0677966101694915,0.0,0.0169491525423728,0.0929592690651228,,,,,,,,,,
224,2024-09-08 12:07:00,backend_developer_interview.txt,1,0,0.0578512396694214,0.0,0.0,0.1284026295844632,,,,,,,,,,
224,2024-09-08 12:07:00,backend_developer_interview.txt,2,0,0.0576923076923076,0.0,0.0096153846153846,0.0870056695430988,,,,,,,,,,
224,2024-09-08 12:07:00,backend_developer_interview.txt,3,0,0.042016806722689,0.0,0.0084033613445378,0.0437544042466496,,,,,,,,,,
224,2024-09-08 12:07:00,digital_marketing_specialist_interview.txt,1,0,0.0666666666666666,0.0,0.0111111111111111,0.1233454514559801,,,,,,,,,,
224,2024-09-08 12:07:00,digital_marketing_specialist_interview.txt,2,0,0.0353982300884955,0.0,0.0088495575221238,0.0,,,,,,,,,,
224,2024-09-08 12:07:00,digital_marketing_specialist_interview.txt,3,0,0.0679611650485436,0.0,0.0097087378640776,0.1264080048769068,,,,,,,,,,
224,2024-09-08 12:07:00,mechanical_engineer_interview.txt,1,0,0.0727272727272727,0.0,0.0,0.0662024475332696,,,,,,,,,,
224,2024-09-08 12:07:00,mechanical_engineer_interview.txt,2,0,0.0784313725490196,0.0,0.0,0.0445948178221984,,,,,,,,,,
224,2024-09-08 12:07:00,mechanical_engineer_interview.txt,3,0,0.0614035087719298,0.0,0.0087719298245614,0.0411470391941935,,,,,,,,,,
224,2024-09-08 12:07:00,software_quality_assurance_tester_interview.txt,1,0,0.045045045045045,0.0,0.0,0.0413513341749755,,,,,,,,,,
224,2024-09-08 12:07:00,software_quality_assurance_tester_interview.txt,2,0,0.0619469026548672,0.0088495575221238,0.0265486725663716,0.0458783496403244,,,,,,,,,,
224,2024-09-08 12:07:00,software_quality_assurance_tester_interview.txt,3,0,0.08130081300813,0.008130081300813,0.008130081300813,0.0444009606557039,,,,,,,,,,
224,2024-09-08 12:07:00,cybersecurity_specialist_interview.txt,1,0,0.0769230769230769,0.023076923076923,0.0,0.0,,,,,,,,,,
224,2024-09-08 12:07:00,cybersecurity_specialist_interview.txt,2,0,0.056,0.008,0.024,0.0433073475931765,,,,,,,,,,
224,2024-09-08 12:07:00,cybersecurity_specialist_interview.txt,3,0,0.099009900990099,0.0297029702970297,0.0,0.110208443279443,,,,,,,,,,
224,2024-09-08 12:07:00,product_manager_interview.txt,1,0,0.0608695652173913,0.0,0.008695652173913,0.0737688480628956,,,,,,,,,,
224,2024-09-08 12:07:00,product_manager_interview.txt,2,0,0.0353982300884955,0.0,0.0265486725663716,0.0829660006858995,,,,,,,,,,
224,2024-09-08 12:07:00,product_manager_interview.txt,3,0,0.110091743119266,0.0,0.0,0.0,,,,,,,,,,
224,2024-09-08 12:07:00,microbiologist_interview.txt,1,0,0.0823529411764705,0.0,0.0,0.1101574773451147,,,,,,,,,,
224,2024-09-08 12:07:00,microbiologist_interview.txt,2,0,0.087719298245614,0.0,0.0,0.0780188264815857,,,,,,,,,,
224,2024-09-08 12:07:00,microbiologist_interview.txt,3,0,0.0522388059701492,0.0,0.0074626865671641,0.0568260682794716,,,,,,,,,,
224,2024-09-08 12:07:00,it_manager_interview.txt,1,0,0.0310077519379844,0.0,0.0077519379844961,0.0830915813122366,,,,,,,,,,
224,2024-09-08 12:07:00,it_manager_interview.txt,2,0,0.0575539568345323,0.0,0.0,0.1798682693699755,,,,,,,,,,
224,2024-09-08 12:07:00,it_manager_interview.txt,3,0,0.053030303030303,0.0,0.0075757575757575,0.0382738723689206,,,,,,,,,,
224,2024-09-08 12:07:00,industrial_engineer_interview.txt,1,0,0.0671641791044776,0.0,0.0373134328358208,0.1047357166686011,,,,,,,,,,
224,2024-09-08 12:07:00,industrial_engineer_interview.txt,2,0,0.072,0.0,0.016,0.0643330291584199,,,,,,,,,,
224,2024-09-08 12:07:00,industrial_engineer_interview.txt,3,0,0.0967741935483871,0.0,0.0161290322580645,0.0,,,,,,,,,,
224,2024-09-08 12:07:00,barista_interview.txt,1,0,0.0875,0.0,0.0,0.0681953019972214,,,,,,,,,,
224,2024-09-08 12:07:00,barista_interview.txt,2,0,0.0504201680672268,0.0,0.0168067226890756,0.1017040566415273,,,,,,,,,,
224,2024-09-08 12:07:00,barista_interview.txt,3,0,0.0692307692307692,0.0,0.0076923076923076,0.0932079290911632,,,,,,,,,,
224,2024-09-08 12:07:00,petroleum_engineer_interview.txt,1,0,0.1308411214953271,0.0,0.0,0.0843069329113059,,,,,,,,,,
224,2024-09-08 12:07:00,petroleum_engineer_interview.txt,2,0,0.0471698113207547,0.0,0.0094339622641509,0.0564175341466152,,,,,,,,,,
224,2024-09-08 12:07:00,petroleum_engineer_interview.txt,3,0,0.079646017699115,0.0088495575221238,0.0,0.0720336357130974,,,,,,,,,,
224,2024-09-08 12:07:00,business_analyst_interview.txt,1,0,0.0542635658914728,0.0,0.0077519379844961,0.0,,,,,,,,,,
224,2024-09-08 12:07:00,business_analyst_interview.txt,2,0,0.0555555555555555,0.0,0.0092592592592592,0.0806541259927466,,,,,,,,,,
224,2024-09-08 12:07:00,business_analyst_interview.txt,3,0,0.0659340659340659,0.0,0.0109890109890109,0.0,,,,,,,,,,
224,2024-09-08 12:07:00,data_engineer_interview.txt,1,0,0.1240310077519379,0.0,0.0077519379844961,0.15220760143159,,,,,,,,,,
224,2024-09-08 12:07:00,data_engineer_interview.txt,2,0,0.0818181818181818,0.0,0.009090909090909,0.0452239103227598,,,,,,,,,,
224,2024-09-08 12:07:00,data_engineer_interview.txt,3,0,0.1538461538461538,0.0076923076923076,0.0,0.0,,,,,,,,,,
224,2024-09-08 12:07:00,aerospace_engineer_interview.txt,1,0,0.0588235294117647,0.0,0.0117647058823529,0.0598364515055597,,,,,,,,,,
224,2024-09-08 12:07:00,aerospace_engineer_interview.txt,2,0,0.0444444444444444,0.0,0.0111111111111111,0.0372874438364637,,,,,,,,,,
224,2024-09-08 12:07:00,aerospace_engineer_interview.txt,3,0,0.0612244897959183,0.0,0.0306122448979591,0.047097992667724,,,,,,,,,,
224,2024-09-08 12:07:00,bartender_interview.txt,1,0,0.0636363636363636,0.0,0.009090909090909,0.0802144581933062,,,,,,,,,,
224,2024-09-08 12:07:00,bartender_interview.txt,2,0,0.072072072072072,0.0,0.0,0.0542195723652842,,,,,,,,,,
224,2024-09-08 12:07:00,bartender_interview.txt,3,0,0.0588235294117647,0.0,0.0,0.0973387164224358,,,,,,,,,,
224,2024-09-08 12:07:00,natural_language_processing_engineer_interview.txt,1,0,0.05,0.0,0.025,0.0164392722606681,,,,,,,,,,
224,2024-09-08 12:07:00,natural_language_processing_engineer_interview.txt,2,0,0.0381679389312977,0.0,0.0229007633587786,0.0706681390294403,,,,,,,,,,
224,2024-09-08 12:07:00,natural_language_processing_engineer_interview.txt,3,0,0.1185185185185185,0.0074074074074074,0.0,0.0796851750714229,,,,,,,,,,
224,2024-09-08 12:07:00,cto_of_a_fintec_interview.txt,1,0,0.0714285714285714,0.0,0.0158730158730158,0.0542815808204184,,,,,,,,,,
224,2024-09-08 12:07:00,cto_of_a_fintec_interview.txt,2,0,0.056,0.008,0.008,0.0907334966492485,,,,,,,,,,
224,2024-09-08 12:07:00,cto_of_a_fintec_interview.txt,3,0,0.073170731707317,0.0,0.0,0.0552888252461915,,,,,,,,,,
224,2024-09-08 12:07:00,database_administrator_interview.txt,1,0,0.0660377358490566,0.0,0.0,0.0548225848771237,,,,,,,,,,
224,2024-09-08 12:07:00,database_administrator_interview.txt,2,0,0.0338983050847457,0.0,0.0,0.024114343310107,,,,,,,,,,
224,2024-09-08 12:07:00,database_administrator_interview.txt,3,0,0.0935251798561151,0.0287769784172661,0.0287769784172661,0.104152812248344,,,,,,,,,,
224,2024-09-08 12:07:00,nuclear_engineer_interview.txt,1,0,0.0892857142857142,0.0,0.0089285714285714,0.0449991497095448,,,,,,,,,,
224,2024-09-08 12:07:00,nuclear_engineer_interview.txt,2,0,0.0421052631578947,0.0,0.0,0.0757479536132003,,,,,,,,,,
224,2024-09-08 12:07:00,nuclear_engineer_interview.txt,3,0,0.0660377358490566,0.0,0.0283018867924528,0.1100773347441114,,,,,,,,,,
224,2024-09-08 12:07:00,pharmacist_interview.txt,1,0,0.0654205607476635,0.0,0.0093457943925233,0.0,,,,,,,,,,
224,2024-09-08 12:07:00,pharmacist_interview.txt,2,0,0.0441176470588235,0.0,0.0,0.0690132425340739,,,,,,,,,,
224,2024-09-08 12:07:00,pharmacist_interview.txt,3,0,0.0842105263157894,0.0421052631578947,0.0,0.0934611119352368,,,,,,,,,,
224,2024-09-08 12:07:00,chef_interview.txt,1,0,0.0588235294117647,0.0,0.0,0.0332256967857307,,,,,,,,,,
224,2024-09-08 12:07:00,chef_interview.txt,2,0,0.0642857142857142,0.0,0.0142857142857142,0.0765835105514407,,,,,,,,,,
224,2024-09-08 12:07:00,chef_interview.txt,3,0,0.0543478260869565,0.0,0.0,0.0449413215361284,,,,,,,,,,
224,2024-09-08 12:07:00,hotel_manager_interview.txt,1,0,0.040650406504065,0.0,0.008130081300813,0.1413053520565927,,,,,,,,,,
224,2024-09-08 12:07:00,hotel_manager_interview.txt,2,0,0.0948275862068965,0.0,0.0,0.1099607806113364,,,,,,,,,,
224,2024-09-08 12:07:00,hotel_manager_interview.txt,3,0,0.0873015873015873,0.0079365079365079,0.0,0.0983426079695328,,,,,,,,,,
224,2024-09-08 12:07:00,mobile_app_developer_interview.txt,1,0,0.0526315789473684,0.0,0.0,0.1013216232627603,,,,,,,,,,
224,2024-09-08 12:07:00,mobile_app_developer_interview.txt,2,0,0.024390243902439,0.0,0.016260162601626,0.0251933432248417,,,,,,,,,,
224,2024-09-08 12:07:00,mobile_app_developer_interview.txt,3,0,0.0465116279069767,0.0,0.0387596899224806,0.0713877057334111,,,,,,,,,,
224,2024-09-08 12:07:00,graphic_designer_interview.txt,1,0,0.0701754385964912,0.0,0.0087719298245614,0.0907194463199692,,,,,,,,,,
224,2024-09-08 12:07:00,graphic_designer_interview.txt,2,0,0.0338983050847457,0.0,0.0169491525423728,0.1235217831475955,,,,,,,,,,
224,2024-09-08 12:07:00,graphic_designer_interview.txt,3,0,0.0827067669172932,0.0,0.0,0.1745280411231842,,,,,,,,,,
224,2024-09-08 12:07:00,geotechnical_engineer_interview.txt,1,0,0.0512820512820512,0.0,0.0256410256410256,0.0319974506476605,,,,,,,,,,
224,2024-09-08 12:07:00,geotechnical_engineer_interview.txt,2,0,0.0806451612903225,0.0,0.0161290322580645,0.0214325208060958,,,,,,,,,,
224,2024-09-08 12:07:00,geotechnical_engineer_interview.txt,3,0,0.058252427184466,0.0,0.0097087378640776,0.0773230010696247,,,,,,,,,,
224,2024-09-08 12:07:00,gardener_interview.txt,1,0,0.048076923076923,0.0,0.0,0.0456965816968714,,,,,,,,,,
224,2024-09-08 12:07:00,gardener_interview.txt,2,0,0.0598290598290598,0.0,0.0085470085470085,0.1140851410160635,,,,,,,,,,
224,2024-09-08 12:07:00,gardener_interview.txt,3,0,0.0606060606060606,0.0,0.0075757575757575,0.0,,,,,,,,,,
224,2024-09-08 12:07:00,ai_software_developer_interview.txt,1,0,0.09,0.0,0.0,0.0111499229117319,,,,,,,,,,
224,2024-09-08 12:07:00,ai_software_developer_interview.txt,2,0,0.0542635658914728,0.0,0.0077519379844961,0.1105557259653508,,,,,,,,,,
224,2024-09-08 12:07:00,ai_software_developer_interview.txt,3,0,0.089430894308943,0.0,0.008130081300813,0.0,,,,,,,,,,
224,2024-09-08 12:07:00,supply_chain_manager_interview.txt,1,0,0.0485436893203883,0.0,0.0097087378640776,0.110396931184179,,,,,,,,,,
224,2024-09-08 12:07:00,supply_chain_manager_interview.txt,2,0,0.0446428571428571,0.0,0.0,0.0139712343151882,,,,,,,,,,
224,2024-09-08 12:07:00,supply_chain_manager_interview.txt,3,0,0.0588235294117647,0.0073529411764705,0.0,0.028340865949965,,,,,,,,,,
224,2024-09-08 12:07:00,cloud_architect_interview.txt,1,0,0.0285714285714285,0.0,0.0380952380952381,0.0391645933980824,,,,,,,,,,
224,2024-09-08 12:07:00,cloud_architect_interview.txt,2,0,0.0708661417322834,0.0,0.0157480314960629,0.0392796140007774,,,,,,,,,,
224,2024-09-08 12:07:00,cloud_architect_interview.txt,3,0,0.0546875,0.0,0.0078125,0.0877736868278276,,,,,,,,,,
224,2024-09-08 12:07:00,mining_engineer_interview.txt,1,0,0.043103448275862,0.0,0.0,0.0623291883426047,,,,,,,,,,
224,2024-09-08 12:07:00,mining_engineer_interview.txt,2,0,0.0526315789473684,0.0,0.0,0.0706375811030402,,,,,,,,,,
224,2024-09-08 12:07:00,mining_engineer_interview.txt,3,0,0.0444444444444444,0.0,0.0222222222222222,0.0358635620371859,,,,,,,,,,
224,2024-09-08 12:07:00,devops_engineer_interview.txt,1,0,0.0977443609022556,0.0601503759398496,0.0,0.07311065388755,,,,,,,,,,
224,2024-09-08 12:07:00,devops_engineer_interview.txt,2,0,0.0614035087719298,0.0,0.0263157894736842,0.148397515332583,,,,,,,,,,
224,2024-09-08 12:07:00,devops_engineer_interview.txt,3,0,0.0842105263157894,0.0,0.0105263157894736,0.0,,,,,,,,,,
224,2024-09-08 12:07:00,system_administrator_interview.txt,1,0,0.0408163265306122,0.0,0.0204081632653061,0.0332782663987651,,,,,,,,,,
224,2024-09-08 12:07:00,system_administrator_interview.txt,2,0,0.0560747663551401,0.0,0.0186915887850467,0.0204433907247207,,,,,,,,,,
224,2024-09-08 12:07:00,system_administrator_interview.txt,3,0,0.0921052631578947,0.0,0.0,0.1253139835189771,,,,,,,,,,
224,2024-09-08 12:07:00,content_writer_interview.txt,1,0,0.0769230769230769,0.0,0.0109890109890109,0.055124321075318,,,,,,,,,,
224,2024-09-08 12:07:00,content_writer_interview.txt,2,0,0.0454545454545454,0.0,0.0113636363636363,0.1019393483798434,,,,,,,,,,
224,2024-09-08 12:07:00,content_writer_interview.txt,3,0,0.0518518518518518,0.0,0.0222222222222222,0.0877565421919958,,,,,,,,,,
224,2024-09-08 12:07:00,transportation_engineer_interview.txt,1,0,0.0656934306569343,0.0,0.0145985401459854,0.1117562157628961,,,,,,,,,,
224,2024-09-08 12:07:00,transportation_engineer_interview.txt,2,0,0.0241935483870967,0.0080645161290322,0.0161290322580645,0.0349067186143281,,,,,,,,,,
224,2024-09-08 12:07:00,transportation_engineer_interview.txt,3,0,0.0763358778625954,0.0,0.0076335877862595,0.1166303786213575,,,,,,,,,,
224,2024-09-08 12:07:00,lorry_driver_interview.txt,1,0,0.0454545454545454,0.0,0.0,0.0916819840397446,,,,,,,,,,
224,2024-09-08 12:07:00,lorry_driver_interview.txt,2,0,0.0458015267175572,0.0,0.0076335877862595,0.0567176989464362,,,,,,,,,,
224,2024-09-08 12:07:00,lorry_driver_interview.txt,3,0,0.0413223140495867,0.0,0.0,0.1123148981401632,,,,,,,,,,
224,2024-09-08 12:07:00,dentist_interview.txt,1,0,0.0592592592592592,0.0,0.0074074074074074,0.0704318199356172,,,,,,,,,,
224,2024-09-08 12:07:00,dentist_interview.txt,2,0,0.0526315789473684,0.0,0.0087719298245614,0.0940702620980976,,,,,,,,,,
224,2024-09-08 12:07:00,dentist_interview.txt,3,0,0.0555555555555555,0.0,0.0,0.1371066698362683,,,,,,,,,,
224,2024-09-08 12:07:00,physicist_interview.txt,1,0,0.0608695652173913,0.0,0.008695652173913,0.1139810973689073,,,,,,,,,,
224,2024-09-08 12:07:00,physicist_interview.txt,2,0,0.0508474576271186,0.0,0.0423728813559322,0.1136156482515152,,,,,,,,,,
224,2024-09-08 12:07:00,physicist_interview.txt,3,0,0.0503597122302158,0.0,0.0071942446043165,0.062641834791487,,,,,,,,,,
224,2024-09-08 12:07:00,architect_interview.txt,1,0,0.0459770114942528,0.0,0.0229885057471264,0.0,,,,,,,,,,
224,2024-09-08 12:07:00,architect_interview.txt,2,0,0.0687022900763358,0.0,0.0229007633587786,0.0876209078759001,,,,,,,,,,
224,2024-09-08 12:07:00,architect_interview.txt,3,0,0.0606060606060606,0.0378787878787878,0.0227272727272727,0.0480218505844039,,,,,,,,,,
224,2024-09-08 12:07:00,materials_engineer_interview.txt,1,0,0.0454545454545454,0.0,0.0181818181818181,0.0329382443745014,,,,,,,,,,
224,2024-09-08 12:07:00,materials_engineer_interview.txt,2,0,0.057471264367816,0.0,0.0114942528735632,0.0418562922438496,,,,,,,,,,
224,2024-09-08 12:07:00,materials_engineer_interview.txt,3,0,0.059322033898305,0.0,0.0,0.0236745237289426,,,,,,,,,,
224,2024-09-08 12:07:00,computer_vision_engineer_interview.txt,1,0,0.0825688073394495,0.0,0.018348623853211,0.0651242189442417,,,,,,,,,,
224,2024-09-08 12:07:00,computer_vision_engineer_interview.txt,2,0,0.08,0.0,0.0,0.0806504300442508,,,,,,,,,,
224,2024-09-08 12:07:00,computer_vision_engineer_interview.txt,3,0,0.0564516129032258,0.0,0.0,0.0739659279494996,,,,,,,,,,
224,2024-09-08 12:07:00,data_scientist_interview.txt,1,0,0.0847457627118644,0.0,0.0084745762711864,0.0,,,,,,,,,,
224,2024-09-08 12:07:00,data_scientist_interview.txt,2,0,0.089430894308943,0.016260162601626,0.0,0.0524078414472835,,,,,,,,,,
224,2024-09-08 12:07:00,data_scientist_interview.txt,3,0,0.104,0.0,0.008,0.0,,,,,,,,,,
224,2024-09-08 12:07:00,structural_engineer_interview.txt,1,0,0.0827067669172932,0.0,0.0075187969924812,0.1294579871455792,,,,,,,,,,
224,2024-09-08 12:07:00,structural_engineer_interview.txt,2,0,0.056,0.0,0.016,0.0444434820554314,,,,,,,,,,
224,2024-09-08 12:07:00,structural_engineer_interview.txt,3,0,0.0747663551401869,0.0,0.0093457943925233,0.0492461992698414,,,,,,,,,,
224,2024-09-08 12:07:00,ai_ethicist_interview.txt,1,0,0.0671641791044776,0.0597014925373134,0.0,0.0,,,,,,,,,,
224,2024-09-08 12:07:00,ai_ethicist_interview.txt,2,0,0.0869565217391304,0.0608695652173913,0.0260869565217391,0.0463364020063631,,,,,,,,,,
224,2024-09-08 12:07:00,ai_ethicist_interview.txt,3,0,0.0962962962962963,0.0518518518518518,0.0,0.0627334709480612,,,,,,,,,,
224,2024-09-08 12:07:00,sales_manager_interview.txt,1,0,0.0454545454545454,0.0,0.0227272727272727,0.0927529785536527,,,,,,,,,,
224,2024-09-08 12:07:00,sales_manager_interview.txt,2,0,0.0727272727272727,0.0,0.0,0.1185601973267088,,,,,,,,,,
224,2024-09-08 12:07:00,sales_manager_interview.txt,3,0,0.0444444444444444,0.0,0.0,0.106219738259975,,,,,,,,,,
224,2024-09-08 12:07:00,frontend_developer_interview.txt,1,0,0.0338983050847457,0.0,0.0,0.0463880667322203,,,,,,,,,,
224,2024-09-08 12:07:00,frontend_developer_interview.txt,2,0,0.048076923076923,0.0,0.0192307692307692,0.0316033064174671,,,,,,,,,,
224,2024-09-08 12:07:00,frontend_developer_interview.txt,3,0,0.0677966101694915,0.0,0.0084745762711864,0.1521935579294296,,,,,,,,,,
224,2024-09-08 12:07:00,public_relations_specialist_interview.txt,1,0,0.0707070707070707,0.0,0.0,0.0612498751422564,,,,,,,,,,
224,2024-09-08 12:07:00,public_relations_specialist_interview.txt,2,0,0.1025641025641025,0.0341880341880341,0.0,0.0,,,,,,,,,,
224,2024-09-08 12:07:00,public_relations_specialist_interview.txt,3,0,0.0517241379310344,0.0,0.0086206896551724,0.1004132052736,,,,,,,,,,
224,2024-09-08 12:07:00,logistics_coordinator_interview.txt,1,0,0.0603448275862069,0.0,0.0344827586206896,0.0536258473420191,,,,,,,,,,
224,2024-09-08 12:07:00,logistics_coordinator_interview.txt,2,0,0.053763440860215,0.0,0.0,0.0355816989033996,,,,,,,,,,
224,2024-09-08 12:07:00,logistics_coordinator_interview.txt,3,0,0.054054054054054,0.0,0.0,0.041870378325629,,,,,,,,,,
224,2024-09-08 12:07:00,nurse_interview.txt,1,0,0.0652173913043478,0.0,0.0217391304347826,0.0792010942258981,,,,,,,,,,
224,2024-09-08 12:07:00,nurse_interview.txt,2,0,0.0514705882352941,0.0,0.0147058823529411,0.1370661560765469,,,,,,,,,,
224,2024-09-08 12:07:00,nurse_interview.txt,3,0,0.054054054054054,0.0,0.036036036036036,0.1152664333805689,,,,,,,,,,
224,2024-09-08 12:07:00,chemist_interview.txt,1,0,0.0727272727272727,0.0,0.0181818181818181,0.0527446151325422,,,,,,,,,,
224,2024-09-08 12:07:00,chemist_interview.txt,2,0,0.1075268817204301,0.0,0.0,0.1152384730306447,,,,,,,,,,
224,2024-09-08 12:07:00,chemist_interview.txt,3,0,0.0697674418604651,0.0,0.0077519379844961,0.0643850449549886,,,,,,,,,,
224,2024-09-08 12:07:00,manufacturing_engineer_interview.txt,1,0,0.0687022900763358,0.015267175572519,0.0229007633587786,0.0482168090314157,,,,,,,,,,
224,2024-09-08 12:07:00,manufacturing_engineer_interview.txt,2,0,0.0446428571428571,0.0,0.0089285714285714,0.0834938300109287,,,,,,,,,,
224,2024-09-08 12:07:00,manufacturing_engineer_interview.txt,3,0,0.0602409638554216,0.0,0.0,0.0635358168333495,,,,,,,,,,
224,2024-09-08 12:07:00,veterinarian_interview.txt,1,0,0.048076923076923,0.0,0.0096153846153846,0.0969298964109895,,,,,,,,,,
224,2024-09-08 12:07:00,veterinarian_interview.txt,2,0,0.05,0.0142857142857142,0.0,0.0695811870523281,,,,,,,,,,
224,2024-09-08 12:07:00,veterinarian_interview.txt,3,0,0.032520325203252,0.0,0.016260162601626,0.0394390204432756,,,,,,,,,,
224,2024-09-08 12:07:00,event_planner_interview.txt,1,0,0.0373134328358208,0.0,0.0,0.099059528098622,,,,,,,,,,
224,2024-09-08 12:07:00,event_planner_interview.txt,2,0,0.078125,0.0,0.0078125,0.0271201838699979,,,,,,,,,,
224,2024-09-08 12:07:00,event_planner_interview.txt,3,0,0.048076923076923,0.0,0.0,0.1572289573335409,,,,,,,,,,
224,2024-09-08 12:07:00,seo_specialist_interview.txt,1,0,0.0306122448979591,0.0,0.0,0.0418630458366323,,,,,,,,,,
224,2024-09-08 12:07:00,seo_specialist_interview.txt,2,0,0.0561797752808988,0.0,0.0,0.0469111864526693,,,,,,,,,,
224,2024-09-08 12:07:00,seo_specialist_interview.txt,3,0,0.0648148148148148,0.0,0.0092592592592592,0.1552382553045406,,,,,,,,,,
224,2024-09-08 12:07:00,procurement_specialist_interview.txt,1,0,0.1349206349206349,0.0079365079365079,0.0,0.0,,,,,,,,,,
224,2024-09-08 12:07:00,procurement_specialist_interview.txt,2,0,0.0467289719626168,0.0,0.0,0.0290324715415137,,,,,,,,,,
224,2024-09-08 12:07:00,procurement_specialist_interview.txt,3,0,0.0614035087719298,0.0,0.0087719298245614,0.0990984254553111,,,,,,,,,,
224,2024-09-08 12:07:00,aerospace_engineer_interview.txt,-999,0,0.0548308212173758,0.0,0.0178293539638077,0.0480739626699158,0.0090746222810393,-25.669764710767254,0.0,0.0,0.011075130789614,1.5910790693874617,0.0113061410215475,-49.35193438837489,76.0,76.0
224,2024-09-08 12:07:00,agricultural_engineer_interview.txt,-999,0,0.0456377917911273,0.0,0.0109669211195928,0.011394722776523,0.0069730377729906,-38.13209930839952,0.0,0.0,0.0114809600183229,-37.51084010840108,0.0098783166486343,-87.99515091413978,94.0,100.0
224,2024-09-08 12:07:00,ai_ethicist_interview.txt,-999,0,0.0834723323799681,0.0574743032021855,0.008695652173913,0.0363566243181414,0.014875306539273,13.157490042805776,0.0049040868504378,0.0,0.0150613113701641,-50.45245669848003,0.0325356583816519,-61.69667338376586,11.0,91.0
224,2024-09-08 12:07:00,ai_professor_interview.txt,-999,0,0.0658976546369447,0.0,0.0130909255756256,0.0340822291710896,0.0113684743774216,-10.66724762786393,0.0,0.0,0.0039311982797189,-25.408331791241707,0.0420786958568103,-64.09285019626586,42.0,92.0
224,2024-09-08 12:07:00,ai_software_developer_interview.txt,-999,0,0.0778981534001386,0.0,0.0052940064284363,0.0405685496256942,0.0204701310535737,5.600972997904805,0.0,0.0,0.0045886409905508,-69.8349235335802,0.0608665247425301,-57.25922205916984,17.0,88.0
224,2024-09-08 12:07:00,architect_interview.txt,-999,0,0.0584284540588831,0.0126262626262626,0.0228721806110592,0.0452142528201013,0.0115180748983522,-20.792710352355343,0.0218693283783949,0.0,0.0001329413508501,30.324941311064123,0.0438778740158845,-52.36476636767525,62.0,78.0
224,2024-09-08 12:07:00,astronomer_interview.txt,-999,0,0.0636476812947401,0.0052910052910052,0.0059134765017117,0.0224049461475774,0.0245101744373458,-13.717376081303383,0.0091642899871369,0.0,0.0052056422918386,-66.30520320142512,0.0195158607931298,-76.39538911533178,49.0,97.0
224,2024-09-08 12:07:00,backend_developer_interview.txt,-999,0,0.0525201180281394,0.0,0.0060062486533074,0.0863875677914038,0.0090964815246191,-28.80222028823532,0.0,0.0,0.0052367468209077,-65.77659049861344,0.0423274975700418,-8.986841139563666,83.0,16.0
224,2024-09-08 12:07:00,barista_interview.txt,-999,0,0.0690503124326653,0.0,0.0081663434604611,0.087702429243304,0.0185405746278981,-6.393414215569763,0.0,0.0,0.0084133830483931,-53.46844053443765,0.0174195882811321,-7.601575906837013,33.0,14.0
224,2024-09-08 12:07:00,bartender_interview.txt,-999,0,0.0648439883734001,0.0,0.003030303030303,0.0772575823270087,0.0067063208083585,-12.095627862679308,0.0,0.0,0.0052486388108147,-82.73343187977335,0.0217111142556495,-18.605688373125343,44.0,27.0
224,2024-09-08 12:07:00,biologist_interview.txt,-999,0,0.0680868838763575,0.01,0.0063492063492063,0.0489864703554579,0.0312272387653812,-7.699465623970511,0.0173205080756887,0.0,0.0109971479845643,-63.822428700477474,0.0437409249891785,-48.3905668088853,36.0,74.0
224,2024-09-08 12:07:00,biomedical_engineer_interview.txt,-999,0,0.0856556387346051,0.0,0.0033003300330033,0.0789197619677442,0.0227655924444408,16.117242814066884,0.0,0.0,0.0057163392989071,-81.19482679975314,0.0318817554345985,-16.854507924775135,8.0,25.0
224,2024-09-08 12:07:00,business_analyst_interview.txt,-999,0,0.0585843957936981,0.0,0.0093334027442554,0.0268847086642488,0.0063976986254578,-20.581311259967933,0.0,0.0,0.0016198096651814,-46.81857468852488,0.0465656813531662,-71.67575933513768,61.0,95.0
224,2024-09-08 12:07:00,business_intelligence_analyst_interview.txt,-999,0,0.0719487795118047,0.0,0.0128851540616246,0.1003877971033804,0.0093548488258834,-2.4641690358121764,0.0,0.0,0.0111623859076589,-26.580811186263105,0.0562029429299538,5.763025386719647,30.0,8.0
224,2024-09-08 12:07:00,chef_interview.txt,-999,0,0.0591523565948118,0.0,0.0047619047619047,0.0515835096244333,0.0049770976432038,-19.811367293335067,0.0,0.0,0.0082478609884232,-72.86682152535812,0.0224290882691609,-45.654470011661154,59.0,69.0
224,2024-09-08 12:07:00,chemical_engineer_interview.txt,-999,0,0.0744125939849624,0.0,0.0156272377372001,0.0708178587504109,0.0034071169264032,0.8758485935570519,0.0,0.0,0.0054242753193317,-10.95650757628681,0.0689536349550145,-25.390224619236847,25.0,39.0
224,2024-09-08 12:07:00,chemist_interview.txt,-999,0,0.0833405321027226,0.0,0.0086445853887714,0.0774560443727252,0.0209982089846374,12.978817803336623,0.0,0.0,0.0091237186848588,-50.74343357950845,0.0332341516828835,-18.396599748959304,12.0,26.0
224,2024-09-08 12:07:00,civil_engineer_interview.txt,-999,0,0.0748457883658269,0.0,0.011100938334159,0.0633969770053524,0.012732133342275,1.463099332114922,0.0,0.0,0.0034094988331135,-36.74721437808669,0.017188509235205,-33.20845479303192,23.0,52.0
224,2024-09-08 12:07:00,cloud_architect_interview.txt,-999,0,0.0513750234345706,0.0,0.0205519231971003,0.0554059647422291,0.0213410418229086,-30.354543391895504,0.0,0.0,0.0157025185318364,17.10419002185195,0.0280313285841514,-41.62734291725233,85.0,62.0
224,2024-09-08 12:07:00,computer_vision_engineer_interview.txt,-999,0,0.0730068067475584,0.0,0.0061162079510703,0.0732468589793307,0.01439463529251,-1.0298769418781577,0.0,0.0,0.0105935829209105,-65.1500459958728,0.0077880423033267,-22.831164451684472,29.0,36.0
224,2024-09-08 12:07:00,construction_manager_interview.txt,-999,0,0.0845533482626598,0.0,0.0189321197235666,0.076807083260755,0.0285329359907958,14.622946206471797,0.0,0.0,0.0084526221862361,7.874602506192673,0.0695745010677526,-19.0803092489258,10.0,29.0
224,2024-09-08 12:07:00,content_writer_interview.txt,-999,0,0.0580764914098247,0.0,0.0148582898582898,0.0816067372157191,0.0166320991283872,-21.269841023329874,0.0,0.0,0.0063801027372806,-15.337947583882524,0.0240057653765828,-14.02365955908776,65.0,22.0
224,2024-09-08 12:07:00,cto_of_a_fintec_interview.txt,-999,0,0.0668664343786295,0.0026666666666666,0.0079576719576719,0.0667679675719528,0.0094508374067066,-9.353941998947818,0.004618802153517,0.0,0.007936592592141,-54.65744397126511,0.0207608663908648,-29.656965755907265,40.0,45.0
224,2024-09-08 12:07:00,customer_service_representative_interview.txt,-999,0,0.0581985266195792,0.0,0.0059542796384901,0.0671208891698068,0.0164720762626921,-21.104406589680565,0.0,0.0,0.005159023304182,-66.07270825499324,0.0489025078385463,-29.28514709875597,64.0,43.0
224,2024-09-08 12:07:00,cybersecurity_specialist_interview.txt,-999,0,0.0773109926377253,0.0202599644579842,0.008,0.0511719302908732,0.0215075743575556,4.805001012554371,0.0111223276261782,0.0,0.013856406460551,-54.41626016260162,0.0555235444498658,-46.08808721175909,20.0,70.0
224,2024-09-08 12:07:00,data_engineer_interview.txt,-999,0,0.1198984478054245,0.0025641025641025,0.0056142823584684,0.0658105039181166,0.0361913764231097,62.537777810389,0.0044411559168432,0.0,0.0049079869301384,-68.01000169973511,0.0781642140642681,-30.665696454751668,1.0,48.0
224,2024-09-08 12:07:00,data_scientist_interview.txt,-999,0,0.0927255523402691,0.005420054200542,0.0054915254237288,0.0174692804824278,0.0100410403865582,25.701420656309736,0.0093878092551158,0.0,0.0047617165254651,-68.70946672178586,0.0302576813672363,-81.5953332131787,2.0,99.0
224,2024-09-08 12:07:00,database_administrator_interview.txt,-999,0,0.0644870735966391,0.0095923261390887,0.0095923261390887,0.0610299134785249,0.0298436670638168,-12.579471780129891,0.0166143962356726,0.0,0.0166143962356726,-45.34323760503791,0.0403786741209838,-35.70226188018239,46.0,55.0
224,2024-09-08 12:07:00,dentist_interview.txt,-999,0,0.0558154645873944,0.0,0.0053931124106562,0.1005362506233277,0.0033214757424644,-24.334953891879323,0.0,0.0,0.0047201405129731,-69.27022086985002,0.033804447311336,5.919427796693483,74.0,6.0
224,2024-09-08 12:07:00,devops_engineer_interview.txt,-999,0,0.0811194653299916,0.0200501253132832,0.0122807017543859,0.073836056406711,0.0183665559347143,9.967875925306274,0.0347278357407293,0.0,0.0132453235706504,-30.024960775923542,0.0742014170742861,-22.210418661181293,14.0,35.0
224,2024-09-08 12:07:00,digital_marketing_specialist_interview.txt,-999,0,0.0566753539345686,0.0,0.0098898021657708,0.0832511521109623,0.018437893884227,-23.169263207715147,0.0,0.0,0.001141597288879,-43.64822887902008,0.0721138721343955,-12.291195063101242,69.0,19.0
224,2024-09-08 12:07:00,doctor_interview.txt,-999,0,0.0602297484650425,0.0,0.0097643097643097,0.0522903051616822,0.0089849186448038,-18.350823944996904,0.0,0.0,0.0091654259857348,-44.36328050149187,0.0202047210831162,-44.90982936303435,57.0,67.0
224,2024-09-08 12:07:00,electrical_engineer_interview.txt,-999,0,0.0882428940568475,0.0066666666666666,0.0034722222222222,0.039980860416496,0.0102279568387673,19.62460040211357,0.0115470053837925,0.0,0.0060140653040586,-80.21539069557362,0.0105493860274732,-57.87837887449393,4.0,90.0
224,2024-09-08 12:07:00,environmental_engineer_interview.txt,-999,0,0.0850391671820243,0.0,0.0146464646464646,0.0757482535843909,0.0057403325072782,15.28153628013058,0.0,0.0,0.0137481389786022,-16.54492075223783,0.0665124574639047,-20.19583357730795,9.0,31.0
224,2024-09-08 12:07:00,environmental_scientist_interview.txt,-999,0,0.0539188210091536,0.0,0.0164064483371414,0.08260450506481,0.0118172493974848,-26.906098374132185,0.0,0.0,0.0206568954496431,-6.516590918003615,0.0269700022423844,-12.97246659143272,82.0,20.0
224,2024-09-08 12:07:00,event_planner_interview.txt,-999,0,0.0545051186375813,0.0,0.0026041666666666,0.0944695564340536,0.021151531321009,-26.111296477991004,0.0,0.0,0.0045105489780439,-85.16154302168022,0.0651757172032501,-0.4721053384833027,77.0,12.0
224,2024-09-08 12:07:00,financial_analyst_interview.txt,-999,0,0.0676149780212825,0.0029498525073746,0.0116001867826685,0.1144640016456769,0.0109990487697447,-8.339194748271481,0.0051092944176073,0.0,0.0104294293817635,-33.902512954201285,0.0486399351293362,20.59293520954837,38.0,3.0
224,2024-09-08 12:07:00,fire_protection_engineer_interview.txt,-999,0,0.0776808785529715,0.0240402362495385,0.0107281284606865,0.0328066995261925,0.0203276775675911,5.306428977702481,0.0201060034230084,0.0,0.0041775518863019,-38.87147291323412,0.029641073128454,-65.43667761461074,18.0,94.0
224,2024-09-08 12:07:00,focus_group_interview.txt,-999,0,0.0588235294117647,0.0,0.0,0.0,0.0,-20.25713486242709,0.0,0.0,0.0,-100.0,0.0,-100.0,60.0,101.0
224,2024-09-08 12:07:00,frontend_developer_interview.txt,-999,0,0.0499239461103867,0.0,0.0092351151673185,0.0767283103597056,0.0170244645281205,-32.32166546912747,0.0,0.0,0.0096379165726401,-47.37861410556739,0.0657715742358427,-19.163300016467915,89.0,30.0
224,2024-09-08 12:07:00,full_stack_developer_interview.txt,-999,0,0.0856615145329056,0.0123456790123456,0.0101876154369592,0.0483128022847362,0.0734655887063416,16.12520821492147,0.0213833433033194,0.0,0.0040072722095984,-41.95129854477313,0.0514378645862778,-49.10030619277265,7.0,75.0
224,2024-09-08 12:07:00,game_developer_interview.txt,-999,0,0.0521700521700521,0.0,0.0183890183890183,0.0658134742018097,0.0083272280313069,-29.27677961491757,0.0,0.0,0.0047618055766234,4.7800287637686125,0.0101708631617814,-30.662567128292565,84.0,47.0
224,2024-09-08 12:07:00,gardener_interview.txt,-999,0,0.0561706811706811,0.0,0.0053742553742553,0.0532605742376449,0.0070201583039181,-23.853412094253,0.0,0.0,0.0046795082789833,-69.37766765002537,0.057417465439807,-43.88760758036767,72.0,66.0
224,2024-09-08 12:07:00,geneticist_interview.txt,-999,0,0.0611336032388664,0.0096153846153846,0.0101407364565259,0.0973580478295555,0.0279117427581266,-17.125532466336153,0.0166543346881622,0.0,0.008783849262908,-42.21841345076261,0.0114069685173857,2.571049283957322,55.0,9.0
224,2024-09-08 12:07:00,geologist_interview.txt,-999,0,0.0897087359987703,0.0,0.0084852734922861,0.0625965489539741,0.0186570725171784,21.61173781900534,0.0,0.0,0.0087032835354668,-51.651187584807126,0.0571174070875316,-34.05174147488816,3.0,53.0
224,2024-09-08 12:07:00,geotechnical_engineer_interview.txt,-999,0,0.0633932132522799,0.0,0.0171595985877226,0.0435843241744603,0.0153417345298937,-14.062340264762668,0.0,0.0,0.0080159839490695,-2.225165282882997,0.0296922241439828,-54.08196895306461,50.0,82.0
224,2024-09-08 12:07:00,graphic_designer_interview.txt,-999,0,0.06226017019951,0.0,0.0085736941223114,0.129589756863583,0.0253486704180317,-15.598325953748244,0.0,0.0,0.0084763150024872,-51.14736971039053,0.0422325155476891,36.5285935192658,54.0,1.0
224,2024-09-08 12:07:00,hotel_manager_interview.txt,-999,0,0.0742598600041829,0.0026455026455026,0.002710027100271,0.1165362468791539,0.029348878825487,0.6687980246263123,0.0045821449935684,0.0,0.0046939046275579,-84.55835371361843,0.0222233416108369,22.77613806447352,26.0,2.0
224,2024-09-08 12:07:00,human_resources_manager_interview.txt,-999,0,0.0639151864060417,0.0,0.0236426564141502,0.0579282148176675,0.0148051245436644,-13.354738473063108,0.0,0.0,0.007475764681373,34.71508738095281,0.0734851947736557,-38.97003987388016,48.0,58.0
224,2024-09-08 12:07:00,industrial_engineer_interview.txt,-999,0,0.0786461242176215,0.0,0.0231474883646284,0.056356248609007,0.0158844724236964,6.614943710336263,0.0,0.0,0.01226823742033,31.8936359378038,0.0528215330852058,-40.62617644456724,16.0,59.0
224,2024-09-08 12:07:00,it_manager_interview.txt,-999,0,0.0471973372676066,0.0,0.0051092318534179,0.1004112410170443,0.0142018613496248,-36.0179346900839,0.0,0.0,0.0044256013696548,-70.88776305310621,0.072368648424168,5.787724596260446,92.0,7.0
224,2024-09-08 12:07:00,logistics_coordinator_interview.txt,-999,0,0.0560541075001586,0.0,0.0114942528735632,0.0436926415236826,0.0037187125661607,-24.01144270853316,0.0,0.0,0.019908629972056,-34.50612092327819,0.0091590559333901,-53.96785179055914,73.0,81.0
224,2024-09-08 12:07:00,lorry_driver_interview.txt,-999,0,0.0441927954072298,0.0,0.0025445292620865,0.086904860375448,0.0024919563434483,-40.09097788841164,0.0,0.0,0.0044072539632795,-85.50135501355014,0.0281047651195438,-8.44185031122339,95.0,15.0
224,2024-09-08 12:07:00,machine_learning_engineer_interview copy.txt,-999,0,0.0562621684401264,0.0,0.005050505050505,0.0497500160439961,0.0042442491900368,-23.72938932543694,0.0,0.0,0.0087477313513579,-71.2223864662889,0.0434329688699764,-47.5861373426463,71.0,73.0
224,2024-09-08 12:07:00,machine_learning_engineer_interview.txt,-999,0,0.0385854007633587,0.0,0.0,0.0267045408274778,0.0335679132464095,-47.69252304102073,0.0,0.0,0.0,-100.0,0.0462536215059891,-71.86557419355775,100.0,96.0
224,2024-09-08 12:07:00,manufacturing_engineer_interview.txt,-999,0,0.0578620370248715,0.005089058524173,0.01060977826245,0.0650821519585646,0.012204857554227,-21.56056154398705,0.0088145079265591,0.0,0.0115425769617275,-39.54582849399921,0.0176892740534159,-31.43304775651628,66.0,49.0
224,2024-09-08 12:07:00,marine_engineer_interview.txt,-999,0,0.0663451012588943,0.0026041666666666,0.0147321428571428,0.0635955669632064,0.0085941694008704,-10.060676142147244,0.0045105489780439,0.0,0.0143066253205018,-16.05672909407666,0.0563358613200052,-32.99923140771915,41.0,51.0
224,2024-09-08 12:07:00,marketing_manager_interview.txt,-999,0,0.0574734490678158,0.0,0.0056307911617961,0.0433353117732308,0.010230270987519,-22.08734253389796,0.0,0.0,0.0048827850487395,-67.91593507524526,0.0335050053371757,-54.34431463324448,67.0,83.0
224,2024-09-08 12:07:00,materials_engineer_interview.txt,-999,0,0.0540826145735555,0.0,0.0098920236851271,0.0328230201157645,0.0075292110812194,-26.68405511615161,0.0,0.0,0.0091961938799908,-43.63557073397275,0.0090914319034334,-65.41948314497358,79.0,93.0
224,2024-09-08 12:07:00,mechanical_engineer_interview.txt,-999,0,0.0708540513494073,0.0,0.0029239766081871,0.0506481015165538,0.0086671076461903,-3.948213959490204,0.0,0.0,0.005064476045523,-83.3392763752199,0.0135803186403236,-46.639964208318496,32.0,72.0
224,2024-09-08 12:07:00,meteorologist_interview.txt,-999,0,0.0676512666704869,0.0,0.0157341100834086,0.0407192739003882,0.0157789142996009,-8.290000813659404,0.0,0.0,0.000801866882806,-10.34755242311398,0.0705278512427857,-57.10042730770777,37.0,87.0
224,2024-09-08 12:07:00,microbiologist_interview.txt,-999,0,0.0741036817974113,0.0,0.0024875621890547,0.081667457368724,0.019124697206873,0.4570783640659641,0.0,0.0,0.00430858409843,-85.82595154309752,0.0268522658028084,-13.95968816745406,27.0,21.0
224,2024-09-08 12:07:00,mining_engineer_interview.txt,-999,0,0.0467264905558916,0.0,0.0074074074074074,0.0562767771609436,0.0051577242427647,-36.65622800924079,0.0,0.0,0.0128300059819916,-57.79283348389039,0.0181598970628145,-40.70990316257054,93.0,60.0
224,2024-09-08 12:07:00,mobile_app_developer_interview.txt,-999,0,0.041177816918928,0.0,0.0183399508413688,0.0659675574070043,0.0148569985536164,-44.17816927916228,0.0,0.0,0.019463363791065,4.500443472954331,0.0383524739918186,-30.50023359361124,97.0,46.0
224,2024-09-08 12:07:00,natural_language_processing_engineer_interview.txt,-999,0,0.0688954858166054,0.0024691358024691,0.0159669211195928,0.0555975287871771,0.043380104289694,-6.603301620960735,0.0042766686606638,0.0,0.0138675385756967,-9.02100271002709,0.0342104300673422,-41.42552164481066,34.0,61.0
224,2024-09-08 12:07:00,network_administrator_interview.txt,-999,0,0.0611014125782108,0.0116959064327485,0.0237292955981766,0.0677886964885345,0.0239657375189806,-17.169171050029092,0.0202579041820921,0.0,0.024113132260403,35.208754634001025,0.0437899583450664,-28.581582278708154,56.0,42.0
224,2024-09-08 12:07:00,neuroscientist_interview.txt,-999,0,0.0512170987941831,0.0026666666666666,0.0144143248977901,0.0424897054500683,0.0090189791900086,-30.56863056800105,0.004618802153517,0.0,0.0055555106858179,-17.867645490924716,0.0430262860033163,-55.23519864110567,86.0,85.0
224,2024-09-08 12:07:00,no_persona_interview.txt,-999,0,0.0737665110355415,0.0,0.0175501177142041,0.094917667810953,0.0165572610607534,0.0,0.0,0.0,0.018795860180529,0.0,0.027153427299694,0.0,28.0,11.0
224,2024-09-08 12:07:00,nuclear_engineer_interview.txt,-999,0,0.0658095710975552,0.0,0.0124101527403414,0.0769414793556188,0.0235910531032744,-10.786656202504346,0.0,0.0,0.0144685954856044,-29.287353267737515,0.0325555052122015,-18.938716963776685,43.0,28.0
224,2024-09-08 12:07:00,nurse_interview.txt,-999,0,0.0569140111978986,0.0,0.0241603496079199,0.110511227894338,0.00730603618957,-22.845732570330085,0.0,0.0,0.0108692497785903,37.66488636350152,0.0292241395109772,16.428511617502693,68.0,4.0
224,2024-09-08 12:07:00,occupational_therapist_interview.txt,-999,0,0.0388266702776472,0.0,0.0174767476747674,0.0615201787989723,0.0141881073971164,-47.36545116124561,0.0,0.0,0.0155319870303768,-0.4180600986927913,0.0268749397537979,-35.185745480491875,99.0,54.0
224,2024-09-08 12:07:00,operations_manager_interview.txt,-999,0,0.0828427874432717,0.0,0.0176617295261363,0.0467300039765822,0.0156862924942132,12.304060854060396,0.0,0.0,0.018028582799709,0.6359604747368337,0.0464816574667467,-50.76785486380242,13.0,77.0
224,2024-09-08 12:07:00,petroleum_engineer_interview.txt,-999,0,0.0858856501717322,0.0029498525073746,0.0031446540880503,0.0709193675903395,0.0421831932957591,16.429052921252634,0.0051092944176073,0.0,0.0054467006527323,-82.08186327146291,0.0139780483598758,-25.283280525192325,6.0,38.0
224,2024-09-08 12:07:00,pharmacist_interview.txt,-999,0,0.0645829113740921,0.0140350877192982,0.0031152647975077,0.0541581181564369,0.0200595609157627,-12.449551337767032,0.0243094850185105,0.0,0.0053957969083142,-82.24932249322492,0.0484690715946676,-42.942004997106174,45.0,63.0
224,2024-09-08 12:07:00,physical_therapist_interview.txt,-999,0,0.0776564825783282,0.0023980815347721,0.0071024840101145,0.0753677820916746,0.0263030992224335,5.273357094132464,0.0041535990589181,0.0,0.0063070196502622,-59.53027708545715,0.0262464004677375,-20.59667727847652,19.0,32.0
224,2024-09-08 12:07:00,physicist_interview.txt,-999,0,0.0540255783582419,0.0,0.0194209260447205,0.0967461934706365,0.0059320815056105,-26.76137504698872,0.0,0.0,0.019891147418598,10.659805027987248,0.0295358062180704,1.926433404711787,80.0,10.0
224,2024-09-08 12:07:00,procurement_specialist_interview.txt,-999,0,0.0810177052183938,0.0026455026455026,0.0029239766081871,0.0427102989989416,0.0472544165185173,9.82992699676231,0.0045821449935684,0.0,0.005064476045523,-83.3392763752199,0.0509454286947989,-55.00279349045167,15.0,84.0
224,2024-09-08 12:07:00,product_manager_interview.txt,-999,0,0.0687865128083843,0.0,0.0117481082467615,0.0522449495829317,0.0379708936764512,-6.7510285592303205,0.0,0.0,0.0135349961143919,-33.05966126225324,0.0454785440816327,-44.957613489842906,35.0,68.0
224,2024-09-08 12:07:00,professor_of_classics_interview.txt,-999,0,0.0639164756811815,0.0,0.0061681238151826,0.0728153593663539,0.0233762905019481,-13.352990694671846,0.0,0.0,0.0054087721688619,-64.85423109048168,0.0363220071548864,-23.285768555354807,47.0,37.0
224,2024-09-08 12:07:00,project_manager_interview.txt,-999,0,0.040186022406408,0.0,0.0313364648842841,0.0600194207659177,0.0098787579116307,-45.52267439211543,0.0,0.0,0.0214392955446953,78.55415783862236,0.0497708470280647,-36.76686105956788,98.0,56.0
224,2024-09-08 12:07:00,psychologist_interview.txt,-999,0,0.0539259348649756,0.002415458937198,0.0261500725978538,0.0400466858845506,0.0164144508079788,-26.89645462696,0.0041836976028233,0.0,0.0047909399839845,49.00226325370636,0.017954888617755,-57.80902880556296,81.0,89.0
224,2024-09-08 12:07:00,public_relations_specialist_interview.txt,-999,0,0.0749984370674025,0.0113960113960113,0.0028735632183908,0.0538876934719521,0.0256902193432022,1.670034294108774,0.0197384707415256,0.0,0.004977157493014,-83.62653023081955,0.050609823528041,-43.22690947350289,22.0,64.0
224,2024-09-08 12:07:00,quality_control_engineer_interview.txt,-999,0,0.0624287836630216,0.0,0.0132078290751531,0.0707746374070316,0.0155534504228024,-15.369748702168168,0.0,0.0,0.0159500015841685,-24.74221945267413,0.0364743133413402,-25.435760233813227,53.0,40.0
224,2024-09-08 12:07:00,restaurant_manager_interview.txt,-999,0,0.0598364598364598,0.0037037037037037,0.0074074074074074,0.0424769058623897,0.0138875926258032,-18.883977300173555,0.0064150029909958,0.0,0.0128300059819916,-57.79283348389039,0.0043504564912869,-55.24868357807652,58.0,86.0
224,2024-09-08 12:07:00,retail_manager_interview.txt,-999,0,0.0758071108654853,0.0,0.0075596122183459,0.0207524511111663,0.0432659891979006,2.766295709662444,0.0,0.0,0.0001813744648619,-56.92557542091257,0.0359442997061293,-78.13636640072222,21.0,98.0
224,2024-09-08 12:07:00,robotics_engineer_interview.txt,-999,0,0.0583835662416713,0.0,0.0128342245989304,0.0740966363403292,0.0118175020341139,-20.853561565977444,0.0,0.0,0.015058960257036,-26.87100560845181,0.0446363190310999,-21.9358860692752,63.0,34.0
224,2024-09-08 12:07:00,safety_engineer_interview.txt,-999,0,0.0873254090132493,0.0353818897376066,0.0136332209834932,0.0536626179032506,0.0092979049786215,18.380831338457867,0.0068416037276799,0.0,0.0129881041895934,-22.31835019283561,0.0179059943930516,-43.46403663211555,5.0,65.0
224,2024-09-08 12:07:00,sales_manager_interview.txt,-999,0,0.0542087542087542,0.0,0.0075757575757575,0.1058443047134455,0.0160454579898233,-26.51305660554307,0.0,0.0,0.0131215970270369,-56.83357969943335,0.0129077049842715,11.511699723022131,78.0,5.0
224,2024-09-08 12:07:00,seo_specialist_interview.txt,-999,0,0.0505356116645576,0.0,0.0030864197530864,0.0813374958646141,0.017786128989338,-31.49247408460323,0.0,0.0,0.0053458358258298,-82.41368061828766,0.0640496886430233,-14.307317340946923,88.0,23.0
224,2024-09-08 12:07:00,shop_assistant_interview.txt,-999,0,0.0489036708548903,0.0,0.0092592592592592,0.0794152865978313,0.0075805131521386,-33.704779894865794,0.0,0.0,0.0160375074774896,-47.241041854862985,0.0401423217191564,-16.33245060761253,91.0,24.0
224,2024-09-08 12:07:00,social_media_manager_interview.txt,-999,0,0.0321492028720944,0.0,0.0209090909090909,0.0848462323556859,0.0034634124109032,-56.41761766853172,0.0,0.0,0.0200618877188308,19.139320029563933,0.0735823879732686,-10.610706823650888,101.0,18.0
224,2024-09-08 12:07:00,software_quality_assurance_tester_interview.txt,-999,0,0.0627642535693474,0.0056598796076456,0.0115595846223948,0.0438768814903346,0.0181416985019682,-14.914976066704623,0.0049147827406753,0.0,0.0136025410689936,-34.133862743045,0.0023085626447115,-53.77374676153655,52.0,80.0
224,2024-09-08 12:07:00,speech_therapist_interview.txt,-999,0,0.0566419602666937,0.0,0.0063492063492063,0.0669799041283666,0.0087029981677694,-23.21453262252972,0.0,0.0,0.0109971479845643,-63.822428700477474,0.0210258350421744,-29.43368113324256,70.0,44.0
224,2024-09-08 12:07:00,structural_engineer_interview.txt,-999,0,0.0711577073524933,0.0,0.0109548637950015,0.0743825561569507,0.0137142117504206,-3.536569164551068,0.0,0.0,0.0044636901068712,-37.57954235181449,0.0477571339916643,-21.63465677949648,31.0,33.0
224,2024-09-08 12:07:00,supply_chain_manager_interview.txt,-999,0,0.05067002529167,0.0024509803921568,0.0032362459546925,0.0509030104831107,0.0073255610704311,-31.310259113032075,0.0042452225675707,0.0,0.0056053424193167,-81.5599757939327,0.0520217889794126,-46.37140623335371,87.0,71.0
224,2024-09-08 12:07:00,system_administrator_interview.txt,-999,0,0.0629987853478823,0.0,0.0130332506834509,0.059678546880821,0.0263361972264076,-14.597038054939476,0.0,0.0,0.0113197117684075,-25.73696145124717,0.0572030717304857,-37.125986913540174,51.0,57.0
224,2024-09-08 12:07:00,transportation_engineer_interview.txt,-999,0,0.0554076189688755,0.0026881720430107,0.0127870533967698,0.0877644376661939,0.0275509359613157,-24.88784112050588,0.0046560505579808,0.0,0.0045281626931149,-27.139785584340416,0.045840955633769,-7.536247265373319,75.0,13.0
224,2024-09-08 12:07:00,travel_agent_interview.txt,-999,0,0.0497028200548739,0.0,0.0186578693637728,0.0852174211265346,0.032474334301964,-32.621430297921265,0.0,0.0,0.0069876896278449,6.311932874798359,0.0389138725049479,-10.21964288433452,90.0,17.0
224,2024-09-08 12:07:00,veterinarian_interview.txt,-999,0,0.0435324160933917,0.0047619047619047,0.0086251824056702,0.0686500346355311,0.0095851012275583,-40.98620704398327,0.0082478609884232,0.0,0.008175181788188,-50.8539911462279,0.0287567468344603,-27.674124092196408,96.0,41.0
224,2024-09-08 12:07:00,warehouse_manager_interview.txt,-999,0,0.0671234125691957,0.0,0.0040160642570281,0.0650412265723094,0.0171348523519315,-9.005574986656327,0.0,0.0,0.006956027339634,-77.11659646716949,0.0177789052236073,-31.47616447777486,39.0,50.0
224,2024-09-08 12:07:00,water_resources_engineer_interview.txt,-999,0,0.0744840154715706,0.0062893081761006,0.0,0.0440006396611022,0.0417985788669561,0.9726696111240328,0.0108934013054646,0.0,0.0,-100.0,0.0503493136199581,-53.64336200428139,24.0,79.0
225,2024-09-08 12:17:54,restaurant_manager_interview.txt,1,0,0.0727272727272727,0.009090909090909,0.0181818181818181,0.0466530557892966,,,,,,,,,,
225,2024-09-08 12:17:54,restaurant_manager_interview.txt,2,0,0.058252427184466,0.0,0.0485436893203883,0.0428067433298522,,,,,,,,,,
225,2024-09-08 12:17:54,restaurant_manager_interview.txt,3,0,0.1136363636363636,0.0227272727272727,0.0454545454545454,0.0379709184680204,,,,,,,,,,
225,2024-09-08 12:17:54,geneticist_interview.txt,1,0,0.1078431372549019,0.0588235294117647,0.0196078431372549,0.0937095795782794,,,,,,,,,,
225,2024-09-08 12:17:54,geneticist_interview.txt,2,0,0.0952380952380952,0.0,0.0476190476190476,0.0882216505718651,,,,,,,,,,
225,2024-09-08 12:17:54,geneticist_interview.txt,3,0,0.1065573770491803,0.0245901639344262,0.0327868852459016,0.1101429133385219,,,,,,,,,,
225,2024-09-08 12:17:54,speech_therapist_interview.txt,1,0,0.0833333333333333,0.0104166666666666,0.0208333333333333,0.0432621003107774,,,,,,,,,,
225,2024-09-08 12:17:54,speech_therapist_interview.txt,2,0,0.053030303030303,0.0,0.0606060606060606,0.0833315864428225,,,,,,,,,,
225,2024-09-08 12:17:54,speech_therapist_interview.txt,3,0,0.1067961165048543,0.0,0.029126213592233,0.0743460256315,,,,,,,,,,
225,2024-09-08 12:17:54,customer_service_representative_interview.txt,1,0,0.1018518518518518,0.0185185185185185,0.037037037037037,0.0311974890850877,,,,,,,,,,
225,2024-09-08 12:17:54,customer_service_representative_interview.txt,2,0,0.0679611650485436,0.0097087378640776,0.029126213592233,0.122813044651559,,,,,,,,,,
225,2024-09-08 12:17:54,customer_service_representative_interview.txt,3,0,0.0982142857142857,0.0089285714285714,0.0446428571428571,0.0473521337727738,,,,,,,,,,
225,2024-09-08 12:17:54,construction_manager_interview.txt,1,0,0.0934579439252336,0.0,0.0186915887850467,0.0948117237060615,,,,,,,,,,
225,2024-09-08 12:17:54,construction_manager_interview.txt,2,0,0.104,0.008,0.024,0.1356095260762036,,,,,,,,,,
225,2024-09-08 12:17:54,construction_manager_interview.txt,3,0,0.1138211382113821,0.016260162601626,0.024390243902439,0.0,,,,,,,,,,
225,2024-09-08 12:17:54,doctor_interview.txt,1,0,0.0648148148148148,0.0,0.074074074074074,0.0673965703749538,,,,,,,,,,
225,2024-09-08 12:17:54,doctor_interview.txt,2,0,0.0602409638554216,0.0,0.0240963855421686,0.0293397273927395,,,,,,,,,,
225,2024-09-08 12:17:54,doctor_interview.txt,3,0,0.1022727272727272,0.0113636363636363,0.034090909090909,0.0601346177173533,,,,,,,,,,
225,2024-09-08 12:17:54,human_resources_manager_interview.txt,1,0,0.0851063829787234,0.0106382978723404,0.0425531914893617,0.1425669620819004,,,,,,,,,,
225,2024-09-08 12:17:54,human_resources_manager_interview.txt,2,0,0.0961538461538461,0.0192307692307692,0.0576923076923076,0.0103852698901538,,,,,,,,,,
225,2024-09-08 12:17:54,human_resources_manager_interview.txt,3,0,0.1098901098901098,0.0109890109890109,0.0659340659340659,0.0208324124809482,,,,,,,,,,
225,2024-09-08 12:17:54,water_resources_engineer_interview.txt,1,0,0.1057692307692307,0.0384615384615384,0.0192307692307692,0.0,,,,,,,,,,
225,2024-09-08 12:17:54,water_resources_engineer_interview.txt,2,0,0.1067961165048543,0.0,0.0194174757281553,0.0989100944553876,,,,,,,,,,
225,2024-09-08 12:17:54,water_resources_engineer_interview.txt,3,0,0.1413043478260869,0.0,0.0217391304347826,0.0330918245279189,,,,,,,,,,
225,2024-09-08 12:17:54,project_manager_interview.txt,1,0,0.0421052631578947,0.0,0.0526315789473684,0.0555355117717458,,,,,,,,,,
225,2024-09-08 12:17:54,project_manager_interview.txt,2,0,0.0427350427350427,0.0,0.0256410256410256,0.1118805059888638,,,,,,,,,,
225,2024-09-08 12:17:54,project_manager_interview.txt,3,0,0.063063063063063,0.0,0.036036036036036,0.0126422445371434,,,,,,,,,,
225,2024-09-08 12:17:54,biologist_interview.txt,1,0,0.1122448979591836,0.010204081632653,0.0204081632653061,0.0628254664475309,,,,,,,,,,
225,2024-09-08 12:17:54,biologist_interview.txt,2,0,0.0970873786407767,0.0,0.058252427184466,0.084133944618843,,,,,,,,,,
225,2024-09-08 12:17:54,biologist_interview.txt,3,0,0.0534351145038167,0.0,0.0229007633587786,0.0,,,,,,,,,,
225,2024-09-08 12:17:54,occupational_therapist_interview.txt,1,0,0.0461538461538461,0.0,0.0461538461538461,0.0619600680328602,,,,,,,,,,
225,2024-09-08 12:17:54,occupational_therapist_interview.txt,2,0,0.0808080808080808,0.0101010101010101,0.0707070707070707,0.0881724737587123,,,,,,,,,,
225,2024-09-08 12:17:54,occupational_therapist_interview.txt,3,0,0.0761904761904762,0.0,0.0285714285714285,0.0344279946053444,,,,,,,,,,
225,2024-09-08 12:17:54,network_administrator_interview.txt,1,0,0.1111111111111111,0.0111111111111111,0.0777777777777777,0.0181441553921881,,,,,,,,,,
225,2024-09-08 12:17:54,network_administrator_interview.txt,2,0,0.0714285714285714,0.0357142857142857,0.0357142857142857,0.1009251180073442,,,,,,,,,,
225,2024-09-08 12:17:54,network_administrator_interview.txt,3,0,0.1157894736842105,0.0105263157894736,0.0631578947368421,0.0842968160660713,,,,,,,,,,
225,2024-09-08 12:17:54,neuroscientist_interview.txt,1,0,0.081081081081081,0.0,0.054054054054054,0.0414359038364657,,,,,,,,,,
225,2024-09-08 12:17:54,neuroscientist_interview.txt,2,0,0.0803571428571428,0.0089285714285714,0.0625,0.0,,,,,,,,,,
225,2024-09-08 12:17:54,neuroscientist_interview.txt,3,0,0.08130081300813,0.032520325203252,0.040650406504065,0.0860332125137391,,,,,,,,,,
225,2024-09-08 12:17:54,retail_manager_interview.txt,1,0,0.0671641791044776,0.0,0.0149253731343283,0.0,,,,,,,,,,
225,2024-09-08 12:17:54,retail_manager_interview.txt,2,0,0.1015625,0.0,0.03125,0.0,,,,,,,,,,
225,2024-09-08 12:17:54,retail_manager_interview.txt,3,0,0.0465116279069767,0.0,0.0387596899224806,0.0622573533334991,,,,,,,,,,
225,2024-09-08 12:17:54,agricultural_engineer_interview.txt,1,0,0.0612244897959183,0.0,0.0306122448979591,0.01754081509232,,,,,,,,,,
225,2024-09-08 12:17:54,agricultural_engineer_interview.txt,2,0,0.1,0.0,0.0444444444444444,0.016643353237249,,,,,,,,,,
225,2024-09-08 12:17:54,agricultural_engineer_interview.txt,3,0,0.0697674418604651,0.0,0.0465116279069767,0.0,,,,,,,,,,
225,2024-09-08 12:17:54,electrical_engineer_interview.txt,1,0,0.1309523809523809,0.0119047619047619,0.0476190476190476,0.0515248660596885,,,,,,,,,,
225,2024-09-08 12:17:54,electrical_engineer_interview.txt,2,0,0.1595744680851064,0.0106382978723404,0.0425531914893617,0.0375765713355705,,,,,,,,,,
225,2024-09-08 12:17:54,electrical_engineer_interview.txt,3,0,0.1182795698924731,0.021505376344086,0.032258064516129,0.030841143854229,,,,,,,,,,
225,2024-09-08 12:17:54,quality_control_engineer_interview.txt,1,0,0.0947368421052631,0.0105263157894736,0.0631578947368421,0.0571315807160011,,,,,,,,,,
225,2024-09-08 12:17:54,quality_control_engineer_interview.txt,2,0,0.1057692307692307,0.0,0.048076923076923,0.0430885464951094,,,,,,,,,,
225,2024-09-08 12:17:54,quality_control_engineer_interview.txt,3,0,0.0973451327433628,0.0088495575221238,0.0265486725663716,0.1121037850099844,,,,,,,,,,
225,2024-09-08 12:17:54,machine_learning_engineer_interview.txt,1,0,0.25,0.0,0.0,0.0,,,,,,,,,,
225,2024-09-08 12:17:54,machine_learning_engineer_interview.txt,2,0,0.0930232558139534,0.0,0.0310077519379844,0.0801136224824336,,,,,,,,,,
225,2024-09-08 12:17:54,machine_learning_engineer_interview.txt,3,0,0.0952380952380952,0.0079365079365079,0.0317460317460317,0.0,,,,,,,,,,
225,2024-09-08 12:17:54,psychologist_interview.txt,1,0,0.0686274509803921,0.0098039215686274,0.0588235294117647,0.0323961959726534,,,,,,,,,,
225,2024-09-08 12:17:54,psychologist_interview.txt,2,0,0.088235294117647,0.0073529411764705,0.0367647058823529,0.0605596667072056,,,,,,,,,,
225,2024-09-08 12:17:54,psychologist_interview.txt,3,0,0.0526315789473684,0.0,0.0526315789473684,0.0271841949737927,,,,,,,,,,
225,2024-09-08 12:17:54,geologist_interview.txt,1,0,0.0901639344262295,0.0081967213114754,0.040983606557377,0.0759044861163816,,,,,,,,,,
225,2024-09-08 12:17:54,geologist_interview.txt,2,0,0.0707964601769911,0.0,0.0353982300884955,0.1118851607455407,,,,,,,,,,
225,2024-09-08 12:17:54,geologist_interview.txt,3,0,0.1641791044776119,0.0149253731343283,0.0149253731343283,0.0,,,,,,,,,,
225,2024-09-08 12:17:54,chemical_engineer_interview.txt,1,0,0.0634920634920634,0.0,0.0634920634920634,0.0,,,,,,,,,,
225,2024-09-08 12:17:54,chemical_engineer_interview.txt,2,0,0.086021505376344,0.0,0.043010752688172,0.0747112850356365,,,,,,,,,,
225,2024-09-08 12:17:54,chemical_engineer_interview.txt,3,0,0.1304347826086956,0.0108695652173913,0.0326086956521739,0.1377422912155963,,,,,,,,,,
225,2024-09-08 12:17:54,machine_learning_engineer_interview copy.txt,1,0,0.1307692307692307,0.0,0.0461538461538461,0.0691364256495546,,,,,,,,,,
225,2024-09-08 12:17:54,machine_learning_engineer_interview copy.txt,2,0,0.0930232558139534,0.0,0.0310077519379844,0.0801136224824336,,,,,,,,,,
225,2024-09-08 12:17:54,machine_learning_engineer_interview copy.txt,3,0,0.0952380952380952,0.0079365079365079,0.0317460317460317,0.0,,,,,,,,,,
225,2024-09-08 12:17:54,no_persona_interview.txt,1,0,0.1047619047619047,0.0095238095238095,0.0571428571428571,0.0635731657580273,,,,,,,,,,
225,2024-09-08 12:17:54,no_persona_interview.txt,2,0,0.125,0.0113636363636363,0.0454545454545454,0.1099189066092266,,,,,,,,,,
225,2024-09-08 12:17:54,no_persona_interview.txt,3,0,0.1240310077519379,0.0,0.0387596899224806,0.111260931065605,,,,,,,,,,
225,2024-09-08 12:17:54,financial_analyst_interview.txt,1,0,0.1171171171171171,0.009009009009009,0.018018018018018,0.0598254669070187,,,,,,,,,,
225,2024-09-08 12:17:54,financial_analyst_interview.txt,2,0,0.1030927835051546,0.0103092783505154,0.0206185567010309,0.1530445380640685,,,,,,,,,,
225,2024-09-08 12:17:54,financial_analyst_interview.txt,3,0,0.0923076923076923,0.0,0.0384615384615384,0.1305219999659435,,,,,,,,,,
225,2024-09-08 12:17:54,civil_engineer_interview.txt,1,0,0.0610687022900763,0.0,0.0381679389312977,0.0831598154358535,,,,,,,,,,
225,2024-09-08 12:17:54,civil_engineer_interview.txt,2,0,0.1401869158878504,0.0093457943925233,0.0186915887850467,0.0551022249278976,,,,,,,,,,
225,2024-09-08 12:17:54,civil_engineer_interview.txt,3,0,0.074074074074074,0.0,0.0462962962962962,0.0519288906523061,,,,,,,,,,
225,2024-09-08 12:17:54,meteorologist_interview.txt,1,0,0.0504201680672268,0.0,0.0588235294117647,0.0,,,,,,,,,,
225,2024-09-08 12:17:54,meteorologist_interview.txt,2,0,0.0476190476190476,0.0,0.0396825396825396,0.0,,,,,,,,,,
225,2024-09-08 12:17:54,meteorologist_interview.txt,3,0,0.072,0.0,0.04,0.1221578217011647,,,,,,,,,,
225,2024-09-08 12:17:54,shop_assistant_interview.txt,1,0,0.0495867768595041,0.0,0.0330578512396694,0.1223705927244681,,,,,,,,,,
225,2024-09-08 12:17:54,shop_assistant_interview.txt,2,0,0.0471698113207547,0.0,0.0566037735849056,0.0428532956412062,,,,,,,,,,
225,2024-09-08 12:17:54,shop_assistant_interview.txt,3,0,0.0618556701030927,0.0,0.0515463917525773,0.0730219714278197,,,,,,,,,,
225,2024-09-08 12:17:54,social_media_manager_interview.txt,1,0,0.0617283950617283,0.0,0.0246913580246913,0.1233699304830566,,,,,,,,,,
225,2024-09-08 12:17:54,social_media_manager_interview.txt,2,0,0.0612244897959183,0.0,0.0510204081632653,0.0,,,,,,,,,,
225,2024-09-08 12:17:54,social_media_manager_interview.txt,3,0,0.0769230769230769,0.0,0.0384615384615384,0.1311687665840011,,,,,,,,,,
225,2024-09-08 12:17:54,marine_engineer_interview.txt,1,0,0.087378640776699,0.0194174757281553,0.0485436893203883,0.0835429425346109,,,,,,,,,,
225,2024-09-08 12:17:54,marine_engineer_interview.txt,2,0,0.1009174311926605,0.0091743119266055,0.055045871559633,0.1072437583550084,,,,,,,,,,
225,2024-09-08 12:17:54,marine_engineer_interview.txt,3,0,0.0952380952380952,0.0158730158730158,0.0396825396825396,0.0,,,,,,,,,,
225,2024-09-08 12:17:54,warehouse_manager_interview.txt,1,0,0.0987654320987654,0.0123456790123456,0.0493827160493827,0.081493124342657,,,,,,,,,,
225,2024-09-08 12:17:54,warehouse_manager_interview.txt,2,0,0.128440366972477,0.0091743119266055,0.0275229357798165,0.0461808634688753,,,,,,,,,,
225,2024-09-08 12:17:54,warehouse_manager_interview.txt,3,0,0.08130081300813,0.0,0.040650406504065,0.067449691905396,,,,,,,,,,
225,2024-09-08 12:17:54,business_intelligence_analyst_interview.txt,1,0,0.087378640776699,0.0,0.0485436893203883,0.0519120125435854,,,,,,,,,,
225,2024-09-08 12:17:54,business_intelligence_analyst_interview.txt,2,0,0.1354166666666666,0.0104166666666666,0.0520833333333333,0.1619933830165744,,,,,,,,,,
225,2024-09-08 12:17:54,business_intelligence_analyst_interview.txt,3,0,0.1041666666666666,0.0,0.0208333333333333,0.0872579957499813,,,,,,,,,,
225,2024-09-08 12:17:54,full_stack_developer_interview.txt,1,0,0.112,0.008,0.024,0.0425483283606354,,,,,,,,,,
225,2024-09-08 12:17:54,full_stack_developer_interview.txt,2,0,0.0902255639097744,0.0451127819548872,0.0300751879699248,0.1023900784935733,,,,,,,,,,
225,2024-09-08 12:17:54,full_stack_developer_interview.txt,3,0,0.08,0.0,0.056,0.0,,,,,,,,,,
225,2024-09-08 12:17:54,focus_group_interview.txt,1,0,0.2,0.0,0.0,0.0,,,,,,,,,,
225,2024-09-08 12:17:54,focus_group_interview.txt,2,0,0.2,0.0,0.0,0.0,,,,,,,,,,
225,2024-09-08 12:17:54,focus_group_interview.txt,3,0,0.2,0.0,0.0,0.0,,,,,,,,,,
225,2024-09-08 12:17:54,travel_agent_interview.txt,1,0,0.0760869565217391,0.0217391304347826,0.0652173913043478,0.1283619363588929,,,,,,,,,,
225,2024-09-08 12:17:54,travel_agent_interview.txt,2,0,0.1037037037037037,0.0074074074074074,0.0444444444444444,0.0745172643816199,,,,,,,,,,
225,2024-09-08 12:17:54,travel_agent_interview.txt,3,0,0.0238095238095238,0.0,0.0634920634920634,0.0527730626390911,,,,,,,,,,
225,2024-09-08 12:17:54,robotics_engineer_interview.txt,1,0,0.14,0.02,0.06,0.0571924000726199,,,,,,,,,,
225,2024-09-08 12:17:54,robotics_engineer_interview.txt,2,0,0.1203703703703703,0.0092592592592592,0.0648148148148148,0.0403813965559999,,,,,,,,,,
225,2024-09-08 12:17:54,robotics_engineer_interview.txt,3,0,0.064516129032258,0.0,0.0403225806451612,0.1247161123923678,,,,,,,,,,
225,2024-09-08 12:17:54,biomedical_engineer_interview.txt,1,0,0.1296296296296296,0.0092592592592592,0.0185185185185185,0.1025907901717319,,,,,,,,,,
225,2024-09-08 12:17:54,biomedical_engineer_interview.txt,2,0,0.0909090909090909,0.0,0.0606060606060606,0.0426668739812379,,,,,,,,,,
225,2024-09-08 12:17:54,biomedical_engineer_interview.txt,3,0,0.1157024793388429,0.0165289256198347,0.024793388429752,0.0915016217502627,,,,,,,,,,
225,2024-09-08 12:17:54,marketing_manager_interview.txt,1,0,0.0823529411764705,0.0,0.0352941176470588,0.0775670553173294,,,,,,,,,,
225,2024-09-08 12:17:54,marketing_manager_interview.txt,2,0,0.0583333333333333,0.0,0.0416666666666666,0.0418311722270583,,,,,,,,,,
225,2024-09-08 12:17:54,marketing_manager_interview.txt,3,0,0.079646017699115,0.0,0.0353982300884955,0.0106077077753049,,,,,,,,,,
225,2024-09-08 12:17:54,professor_of_classics_interview.txt,1,0,0.0721649484536082,0.0,0.0515463917525773,0.1139617522607703,,,,,,,,,,
225,2024-09-08 12:17:54,professor_of_classics_interview.txt,2,0,0.0341880341880341,0.0,0.0341880341880341,0.0452051914403515,,,,,,,,,,
225,2024-09-08 12:17:54,professor_of_classics_interview.txt,3,0,0.094017094017094,0.0085470085470085,0.0512820512820512,0.0592791343979399,,,,,,,,,,
225,2024-09-08 12:17:54,environmental_engineer_interview.txt,1,0,0.09375,0.0,0.0208333333333333,0.1026424642988634,,,,,,,,,,
225,2024-09-08 12:17:54,environmental_engineer_interview.txt,2,0,0.1018518518518518,0.0,0.037037037037037,0.1246022964543093,,,,,,,,,,
225,2024-09-08 12:17:54,environmental_engineer_interview.txt,3,0,0.0762711864406779,0.0,0.0423728813559322,0.0,,,,,,,,,,
225,2024-09-08 12:17:54,physical_therapist_interview.txt,1,0,0.072992700729927,0.0072992700729927,0.0218978102189781,0.0976563572315262,,,,,,,,,,
225,2024-09-08 12:17:54,physical_therapist_interview.txt,2,0,0.0754716981132075,0.0,0.0471698113207547,0.0464390040542306,,,,,,,,,,
225,2024-09-08 12:17:54,physical_therapist_interview.txt,3,0,0.0987654320987654,0.0,0.037037037037037,0.0820079849892669,,,,,,,,,,
225,2024-09-08 12:17:54,astronomer_interview.txt,1,0,0.09,0.0,0.05,0.0357008884926808,,,,,,,,,,
225,2024-09-08 12:17:54,astronomer_interview.txt,2,0,0.0967741935483871,0.032258064516129,0.0241935483870967,0.0,,,,,,,,,,
225,2024-09-08 12:17:54,astronomer_interview.txt,3,0,0.11,0.0,0.05,0.0315139499500514,,,,,,,,,,
225,2024-09-08 12:17:54,ai_professor_interview.txt,1,0,0.0824742268041237,0.0,0.0412371134020618,0.0211330472249737,,,,,,,,,,
225,2024-09-08 12:17:54,ai_professor_interview.txt,2,0,0.1339285714285714,0.0089285714285714,0.0446428571428571,0.0811136402882951,,,,,,,,,,
225,2024-09-08 12:17:54,ai_professor_interview.txt,3,0,0.1428571428571428,0.0357142857142857,0.0476190476190476,0.0,,,,,,,,,,
225,2024-09-08 12:17:54,game_developer_interview.txt,1,0,0.0449438202247191,0.0112359550561797,0.0561797752808988,0.0605193719036507,,,,,,,,,,
225,2024-09-08 12:17:54,game_developer_interview.txt,2,0,0.1030927835051546,0.0,0.0412371134020618,0.0593816587862705,,,,,,,,,,
225,2024-09-08 12:17:54,game_developer_interview.txt,3,0,0.0666666666666666,0.0,0.0533333333333333,0.0775393919155081,,,,,,,,,,
225,2024-09-08 12:17:54,fire_protection_engineer_interview.txt,1,0,0.1239669421487603,0.0330578512396694,0.0330578512396694,0.0,,,,,,,,,,
225,2024-09-08 12:17:54,fire_protection_engineer_interview.txt,2,0,0.0909090909090909,0.0181818181818181,0.0545454545454545,0.0407611697271842,,,,,,,,,,
225,2024-09-08 12:17:54,fire_protection_engineer_interview.txt,3,0,0.1023622047244094,0.0157480314960629,0.0314960629921259,0.0576589288513933,,,,,,,,,,
225,2024-09-08 12:17:54,safety_engineer_interview.txt,1,0,0.1052631578947368,0.0350877192982456,0.0526315789473684,0.0454675110134519,,,,,,,,,,
225,2024-09-08 12:17:54,safety_engineer_interview.txt,2,0,0.1235955056179775,0.0561797752808988,0.0224719101123595,0.0741995996381659,,,,,,,,,,
225,2024-09-08 12:17:54,safety_engineer_interview.txt,3,0,0.1068702290076335,0.0458015267175572,0.0381679389312977,0.0413207430581339,,,,,,,,,,
225,2024-09-08 12:17:54,environmental_scientist_interview.txt,1,0,0.0686274509803921,0.0,0.0294117647058823,0.0534300314907251,,,,,,,,,,
225,2024-09-08 12:17:54,environmental_scientist_interview.txt,2,0,0.1414141414141414,0.0101010101010101,0.0606060606060606,0.0877567755185532,,,,,,,,,,
225,2024-09-08 12:17:54,environmental_scientist_interview.txt,3,0,0.1034482758620689,0.0,0.0344827586206896,0.1066267081851516,,,,,,,,,,
225,2024-09-08 12:17:54,operations_manager_interview.txt,1,0,0.091743119266055,0.0275229357798165,0.055045871559633,0.0,,,,,,,,,,
225,2024-09-08 12:17:54,operations_manager_interview.txt,2,0,0.1145833333333333,0.0,0.0416666666666666,0.047230742864624,,,,,,,,,,
225,2024-09-08 12:17:54,operations_manager_interview.txt,3,0,0.0990990990990991,0.009009009009009,0.045045045045045,0.0929592690651228,,,,,,,,,,
225,2024-09-08 12:17:54,backend_developer_interview.txt,1,0,0.1008403361344537,0.0084033613445378,0.0252100840336134,0.1284026295844632,,,,,,,,,,
225,2024-09-08 12:17:54,backend_developer_interview.txt,2,0,0.088235294117647,0.0098039215686274,0.0294117647058823,0.0870056695430988,,,,,,,,,,
225,2024-09-08 12:17:54,backend_developer_interview.txt,3,0,0.0683760683760683,0.0,0.0512820512820512,0.0437544042466496,,,,,,,,,,
225,2024-09-08 12:17:54,digital_marketing_specialist_interview.txt,1,0,0.1022727272727272,0.0,0.034090909090909,0.1233454514559801,,,,,,,,,,
225,2024-09-08 12:17:54,digital_marketing_specialist_interview.txt,2,0,0.054054054054054,0.0,0.045045045045045,0.0,,,,,,,,,,
225,2024-09-08 12:17:54,digital_marketing_specialist_interview.txt,3,0,0.0693069306930693,0.0,0.0495049504950495,0.1264080048769068,,,,,,,,,,
225,2024-09-08 12:17:54,mechanical_engineer_interview.txt,1,0,0.1018518518518518,0.0,0.037037037037037,0.0662024475332696,,,,,,,,,,
225,2024-09-08 12:17:54,mechanical_engineer_interview.txt,2,0,0.11,0.01,0.02,0.0445948178221984,,,,,,,,,,
225,2024-09-08 12:17:54,mechanical_engineer_interview.txt,3,0,0.1607142857142857,0.0,0.0267857142857142,0.0411470391941935,,,,,,,,,,
225,2024-09-08 12:17:54,software_quality_assurance_tester_interview.txt,1,0,0.073394495412844,0.0091743119266055,0.036697247706422,0.0413513341749755,,,,,,,,,,
225,2024-09-08 12:17:54,software_quality_assurance_tester_interview.txt,2,0,0.1441441441441441,0.009009009009009,0.054054054054054,0.0458783496403244,,,,,,,,,,
225,2024-09-08 12:17:54,software_quality_assurance_tester_interview.txt,3,0,0.0743801652892562,0.0413223140495867,0.024793388429752,0.0444009606557039,,,,,,,,,,
225,2024-09-08 12:17:54,cybersecurity_specialist_interview.txt,1,0,0.0625,0.0234375,0.03125,0.0,,,,,,,,,,
225,2024-09-08 12:17:54,cybersecurity_specialist_interview.txt,2,0,0.0975609756097561,0.016260162601626,0.048780487804878,0.0433073475931765,,,,,,,,,,
225,2024-09-08 12:17:54,cybersecurity_specialist_interview.txt,3,0,0.0808080808080808,0.0202020202020202,0.0202020202020202,0.110208443279443,,,,,,,,,,
225,2024-09-08 12:17:54,product_manager_interview.txt,1,0,0.1150442477876106,0.0088495575221238,0.0353982300884955,0.0737688480628956,,,,,,,,,,
225,2024-09-08 12:17:54,product_manager_interview.txt,2,0,0.0990990990990991,0.009009009009009,0.045045045045045,0.0829660006858995,,,,,,,,,,
225,2024-09-08 12:17:54,product_manager_interview.txt,3,0,0.0747663551401869,0.0093457943925233,0.0373831775700934,0.0,,,,,,,,,,
225,2024-09-08 12:17:54,microbiologist_interview.txt,1,0,0.1325301204819277,0.0120481927710843,0.036144578313253,0.1101574773451147,,,,,,,,,,
225,2024-09-08 12:17:54,microbiologist_interview.txt,2,0,0.0714285714285714,0.0089285714285714,0.0267857142857142,0.0780188264815857,,,,,,,,,,
225,2024-09-08 12:17:54,microbiologist_interview.txt,3,0,0.0757575757575757,0.0,0.0454545454545454,0.0568260682794716,,,,,,,,,,
225,2024-09-08 12:17:54,it_manager_interview.txt,1,0,0.1102362204724409,0.0078740157480314,0.0393700787401574,0.0830915813122366,,,,,,,,,,
225,2024-09-08 12:17:54,it_manager_interview.txt,2,0,0.0909090909090909,0.0075757575757575,0.0303030303030303,0.1798682693699755,,,,,,,,,,
225,2024-09-08 12:17:54,it_manager_interview.txt,3,0,0.1,0.0076923076923076,0.0461538461538461,0.0382738723689206,,,,,,,,,,
225,2024-09-08 12:17:54,industrial_engineer_interview.txt,1,0,0.0708661417322834,0.0,0.0393700787401574,0.1047357166686011,,,,,,,,,,
225,2024-09-08 12:17:54,industrial_engineer_interview.txt,2,0,0.0975609756097561,0.0,0.040650406504065,0.0643330291584199,,,,,,,,,,
225,2024-09-08 12:17:54,industrial_engineer_interview.txt,3,0,0.0491803278688524,0.0163934426229508,0.0573770491803278,0.0,,,,,,,,,,
225,2024-09-08 12:17:54,barista_interview.txt,1,0,0.0897435897435897,0.0,0.0128205128205128,0.0681953019972214,,,,,,,,,,
225,2024-09-08 12:17:54,barista_interview.txt,2,0,0.0427350427350427,0.0,0.0256410256410256,0.1017040566415273,,,,,,,,,,
225,2024-09-08 12:17:54,barista_interview.txt,3,0,0.0625,0.0,0.0390625,0.0932079290911632,,,,,,,,,,
225,2024-09-08 12:17:54,petroleum_engineer_interview.txt,1,0,0.1333333333333333,0.0095238095238095,0.019047619047619,0.0843069329113059,,,,,,,,,,
225,2024-09-08 12:17:54,petroleum_engineer_interview.txt,2,0,0.125,0.0096153846153846,0.0384615384615384,0.0564175341466152,,,,,,,,,,
225,2024-09-08 12:17:54,petroleum_engineer_interview.txt,3,0,0.0990990990990991,0.018018018018018,0.027027027027027,0.0720336357130974,,,,,,,,,,
225,2024-09-08 12:17:54,business_analyst_interview.txt,1,0,0.0787401574803149,0.0,0.0314960629921259,0.0,,,,,,,,,,
225,2024-09-08 12:17:54,business_analyst_interview.txt,2,0,0.0754716981132075,0.0094339622641509,0.0188679245283018,0.0806541259927466,,,,,,,,,,
225,2024-09-08 12:17:54,business_analyst_interview.txt,3,0,0.1123595505617977,0.0112359550561797,0.0337078651685393,0.0,,,,,,,,,,
225,2024-09-08 12:17:54,data_engineer_interview.txt,1,0,0.1889763779527559,0.0078740157480314,0.0393700787401574,0.15220760143159,,,,,,,,,,
225,2024-09-08 12:17:54,data_engineer_interview.txt,2,0,0.0925925925925925,0.0,0.0277777777777777,0.0452239103227598,,,,,,,,,,
225,2024-09-08 12:17:54,data_engineer_interview.txt,3,0,0.1015625,0.015625,0.0234375,0.0,,,,,,,,,,
225,2024-09-08 12:17:54,aerospace_engineer_interview.txt,1,0,0.1566265060240964,0.0120481927710843,0.036144578313253,0.0598364515055597,,,,,,,,,,
225,2024-09-08 12:17:54,aerospace_engineer_interview.txt,2,0,0.1818181818181818,0.0113636363636363,0.034090909090909,0.0372874438364637,,,,,,,,,,
225,2024-09-08 12:17:54,aerospace_engineer_interview.txt,3,0,0.1354166666666666,0.0104166666666666,0.0833333333333333,0.047097992667724,,,,,,,,,,
225,2024-09-08 12:17:54,bartender_interview.txt,1,0,0.074074074074074,0.0092592592592592,0.0277777777777777,0.0802144581933062,,,,,,,,,,
225,2024-09-08 12:17:54,bartender_interview.txt,2,0,0.128440366972477,0.0091743119266055,0.018348623853211,0.0542195723652842,,,,,,,,,,
225,2024-09-08 12:17:54,bartender_interview.txt,3,0,0.07,0.0,0.03,0.0973387164224358,,,,,,,,,,
225,2024-09-08 12:17:54,natural_language_processing_engineer_interview.txt,1,0,0.1282051282051282,0.0,0.0641025641025641,0.0164392722606681,,,,,,,,,,
225,2024-09-08 12:17:54,natural_language_processing_engineer_interview.txt,2,0,0.0930232558139534,0.0077519379844961,0.0387596899224806,0.0706681390294403,,,,,,,,,,
225,2024-09-08 12:17:54,natural_language_processing_engineer_interview.txt,3,0,0.1278195488721804,0.0300751879699248,0.0150375939849624,0.0796851750714229,,,,,,,,,,
225,2024-09-08 12:17:54,cto_of_a_fintec_interview.txt,1,0,0.1209677419354838,0.0080645161290322,0.032258064516129,0.0542815808204184,,,,,,,,,,
225,2024-09-08 12:17:54,cto_of_a_fintec_interview.txt,2,0,0.1138211382113821,0.016260162601626,0.032520325203252,0.0907334966492485,,,,,,,,,,
225,2024-09-08 12:17:54,cto_of_a_fintec_interview.txt,3,0,0.1403508771929824,0.0175438596491228,0.0350877192982456,0.0552888252461915,,,,,,,,,,
225,2024-09-08 12:17:54,database_administrator_interview.txt,1,0,0.1057692307692307,0.0096153846153846,0.0192307692307692,0.0548225848771237,,,,,,,,,,
225,2024-09-08 12:17:54,database_administrator_interview.txt,2,0,0.1120689655172413,0.0086206896551724,0.0258620689655172,0.024114343310107,,,,,,,,,,
225,2024-09-08 12:17:54,database_administrator_interview.txt,3,0,0.0833333333333333,0.0151515151515151,0.0378787878787878,0.104152812248344,,,,,,,,,,
225,2024-09-08 12:17:54,nuclear_engineer_interview.txt,1,0,0.1181818181818181,0.009090909090909,0.0363636363636363,0.0449991497095448,,,,,,,,,,
225,2024-09-08 12:17:54,nuclear_engineer_interview.txt,2,0,0.1075268817204301,0.032258064516129,0.043010752688172,0.0757479536132003,,,,,,,,,,
225,2024-09-08 12:17:54,nuclear_engineer_interview.txt,3,0,0.0865384615384615,0.0192307692307692,0.0576923076923076,0.1100773347441114,,,,,,,,,,
225,2024-09-08 12:17:54,pharmacist_interview.txt,1,0,0.1020408163265306,0.0204081632653061,0.0408163265306122,0.0,,,,,,,,,,
225,2024-09-08 12:17:54,pharmacist_interview.txt,2,0,0.044776119402985,0.0074626865671641,0.0223880597014925,0.0690132425340739,,,,,,,,,,
225,2024-09-08 12:17:54,pharmacist_interview.txt,3,0,0.1290322580645161,0.075268817204301,0.021505376344086,0.0934611119352368,,,,,,,,,,
225,2024-09-08 12:17:54,chef_interview.txt,1,0,0.0481927710843373,0.0,0.0120481927710843,0.0332256967857307,,,,,,,,,,
225,2024-09-08 12:17:54,chef_interview.txt,2,0,0.0534351145038167,0.0,0.0305343511450381,0.0765835105514407,,,,,,,,,,
225,2024-09-08 12:17:54,chef_interview.txt,3,0,0.0777777777777777,0.0,0.0333333333333333,0.0449413215361284,,,,,,,,,,
225,2024-09-08 12:17:54,hotel_manager_interview.txt,1,0,0.0578512396694214,0.0,0.0165289256198347,0.1413053520565927,,,,,,,,,,
225,2024-09-08 12:17:54,hotel_manager_interview.txt,2,0,0.0964912280701754,0.0175438596491228,0.0350877192982456,0.1099607806113364,,,,,,,,,,
225,2024-09-08 12:17:54,hotel_manager_interview.txt,3,0,0.0806451612903225,0.0080645161290322,0.0161290322580645,0.0983426079695328,,,,,,,,,,
225,2024-09-08 12:17:54,mobile_app_developer_interview.txt,1,0,0.0763358778625954,0.0,0.0305343511450381,0.1013216232627603,,,,,,,,,,
225,2024-09-08 12:17:54,mobile_app_developer_interview.txt,2,0,0.0495867768595041,0.0,0.0413223140495867,0.0251933432248417,,,,,,,,,,
225,2024-09-08 12:17:54,mobile_app_developer_interview.txt,3,0,0.0708661417322834,0.0,0.0551181102362204,0.0713877057334111,,,,,,,,,,
225,2024-09-08 12:17:54,graphic_designer_interview.txt,1,0,0.0803571428571428,0.0,0.0267857142857142,0.0907194463199692,,,,,,,,,,
225,2024-09-08 12:17:54,graphic_designer_interview.txt,2,0,0.0603448275862069,0.0,0.0258620689655172,0.1235217831475955,,,,,,,,,,
225,2024-09-08 12:17:54,graphic_designer_interview.txt,3,0,0.0458015267175572,0.0,0.0229007633587786,0.1745280411231842,,,,,,,,,,
225,2024-09-08 12:17:54,geotechnical_engineer_interview.txt,1,0,0.1130434782608695,0.0,0.0347826086956521,0.0319974506476605,,,,,,,,,,
225,2024-09-08 12:17:54,geotechnical_engineer_interview.txt,2,0,0.1065573770491803,0.0,0.040983606557377,0.0214325208060958,,,,,,,,,,
225,2024-09-08 12:17:54,geotechnical_engineer_interview.txt,3,0,0.1089108910891089,0.0,0.0396039603960396,0.0773230010696247,,,,,,,,,,
225,2024-09-08 12:17:54,gardener_interview.txt,1,0,0.0490196078431372,0.0,0.0098039215686274,0.0456965816968714,,,,,,,,,,
225,2024-09-08 12:17:54,gardener_interview.txt,2,0,0.0695652173913043,0.0,0.017391304347826,0.1140851410160635,,,,,,,,,,
225,2024-09-08 12:17:54,gardener_interview.txt,3,0,0.0615384615384615,0.0,0.023076923076923,0.0,,,,,,,,,,
225,2024-09-08 12:17:54,ai_software_developer_interview.txt,1,0,0.1530612244897959,0.010204081632653,0.0510204081632653,0.0111499229117319,,,,,,,,,,
225,2024-09-08 12:17:54,ai_software_developer_interview.txt,2,0,0.1023622047244094,0.0078740157480314,0.0472440944881889,0.1105557259653508,,,,,,,,,,
225,2024-09-08 12:17:54,ai_software_developer_interview.txt,3,0,0.1074380165289256,0.0082644628099173,0.0578512396694214,0.0,,,,,,,,,,
225,2024-09-08 12:17:54,supply_chain_manager_interview.txt,1,0,0.099009900990099,0.0,0.0495049504950495,0.110396931184179,,,,,,,,,,
225,2024-09-08 12:17:54,supply_chain_manager_interview.txt,2,0,0.1,0.0,0.0181818181818181,0.0139712343151882,,,,,,,,,,
225,2024-09-08 12:17:54,supply_chain_manager_interview.txt,3,0,0.1119402985074626,0.0149253731343283,0.0149253731343283,0.028340865949965,,,,,,,,,,
225,2024-09-08 12:17:54,cloud_architect_interview.txt,1,0,0.0970873786407767,0.0097087378640776,0.058252427184466,0.0391645933980824,,,,,,,,,,
225,2024-09-08 12:17:54,cloud_architect_interview.txt,2,0,0.144,0.008,0.048,0.0392796140007774,,,,,,,,,,
225,2024-09-08 12:17:54,cloud_architect_interview.txt,3,0,0.1333333333333333,0.0083333333333333,0.05,0.0877736868278276,,,,,,,,,,
225,2024-09-08 12:17:54,mining_engineer_interview.txt,1,0,0.0701754385964912,0.0,0.0175438596491228,0.0623291883426047,,,,,,,,,,
225,2024-09-08 12:17:54,mining_engineer_interview.txt,2,0,0.0839694656488549,0.0,0.0305343511450381,0.0706375811030402,,,,,,,,,,
225,2024-09-08 12:17:54,mining_engineer_interview.txt,3,0,0.1477272727272727,0.0113636363636363,0.0568181818181818,0.0358635620371859,,,,,,,,,,
225,2024-09-08 12:17:54,devops_engineer_interview.txt,1,0,0.1068702290076335,0.0305343511450381,0.015267175572519,0.07311065388755,,,,,,,,,,
225,2024-09-08 12:17:54,devops_engineer_interview.txt,2,0,0.0560747663551401,0.0,0.0560747663551401,0.148397515332583,,,,,,,,,,
225,2024-09-08 12:17:54,devops_engineer_interview.txt,3,0,0.1935483870967742,0.010752688172043,0.064516129032258,0.0,,,,,,,,,,
225,2024-09-08 12:17:54,system_administrator_interview.txt,1,0,0.1041666666666666,0.0104166666666666,0.0416666666666666,0.0332782663987651,,,,,,,,,,
225,2024-09-08 12:17:54,system_administrator_interview.txt,2,0,0.0952380952380952,0.0095238095238095,0.0476190476190476,0.0204433907247207,,,,,,,,,,
225,2024-09-08 12:17:54,system_administrator_interview.txt,3,0,0.1621621621621621,0.0135135135135135,0.0405405405405405,0.1253139835189771,,,,,,,,,,
225,2024-09-08 12:17:54,content_writer_interview.txt,1,0,0.1348314606741573,0.0112359550561797,0.0337078651685393,0.055124321075318,,,,,,,,,,
225,2024-09-08 12:17:54,content_writer_interview.txt,2,0,0.0465116279069767,0.0,0.0348837209302325,0.1019393483798434,,,,,,,,,,
225,2024-09-08 12:17:54,content_writer_interview.txt,3,0,0.078125,0.0,0.03125,0.0877565421919958,,,,,,,,,,
225,2024-09-08 12:17:54,transportation_engineer_interview.txt,1,0,0.1037037037037037,0.0,0.037037037037037,0.1117562157628961,,,,,,,,,,
225,2024-09-08 12:17:54,transportation_engineer_interview.txt,2,0,0.0655737704918032,0.0245901639344262,0.0655737704918032,0.0349067186143281,,,,,,,,,,
225,2024-09-08 12:17:54,transportation_engineer_interview.txt,3,0,0.0697674418604651,0.0,0.0387596899224806,0.1166303786213575,,,,,,,,,,
225,2024-09-08 12:17:54,lorry_driver_interview.txt,1,0,0.074074074074074,0.0092592592592592,0.0185185185185185,0.0916819840397446,,,,,,,,,,
225,2024-09-08 12:17:54,lorry_driver_interview.txt,2,0,0.0852713178294573,0.0077519379844961,0.0232558139534883,0.0567176989464362,,,,,,,,,,
225,2024-09-08 12:17:54,lorry_driver_interview.txt,3,0,0.0672268907563025,0.0,0.0336134453781512,0.1123148981401632,,,,,,,,,,
225,2024-09-08 12:17:54,dentist_interview.txt,1,0,0.0451127819548872,0.0,0.0225563909774436,0.0704318199356172,,,,,,,,,,
225,2024-09-08 12:17:54,dentist_interview.txt,2,0,0.0982142857142857,0.0089285714285714,0.0446428571428571,0.0940702620980976,,,,,,,,,,
225,2024-09-08 12:17:54,dentist_interview.txt,3,0,0.0909090909090909,0.0,0.034090909090909,0.1371066698362683,,,,,,,,,,
225,2024-09-08 12:17:54,physicist_interview.txt,1,0,0.0973451327433628,0.0088495575221238,0.0353982300884955,0.1139810973689073,,,,,,,,,,
225,2024-09-08 12:17:54,physicist_interview.txt,2,0,0.072072072072072,0.0,0.063063063063063,0.1136156482515152,,,,,,,,,,
225,2024-09-08 12:17:54,physicist_interview.txt,3,0,0.0802919708029197,0.0,0.0364963503649635,0.062641834791487,,,,,,,,,,
225,2024-09-08 12:17:54,architect_interview.txt,1,0,0.1529411764705882,0.0117647058823529,0.0588235294117647,0.0,,,,,,,,,,
225,2024-09-08 12:17:54,architect_interview.txt,2,0,0.1317829457364341,0.0,0.0465116279069767,0.0876209078759001,,,,,,,,,,
225,2024-09-08 12:17:54,architect_interview.txt,3,0,0.064,0.056,0.04,0.0480218505844039,,,,,,,,,,
225,2024-09-08 12:17:54,materials_engineer_interview.txt,1,0,0.0833333333333333,0.0,0.0555555555555555,0.0329382443745014,,,,,,,,,,
225,2024-09-08 12:17:54,materials_engineer_interview.txt,2,0,0.1411764705882353,0.0117647058823529,0.0117647058823529,0.0418562922438496,,,,,,,,,,
225,2024-09-08 12:17:54,materials_engineer_interview.txt,3,0,0.0775862068965517,0.0,0.0517241379310344,0.0236745237289426,,,,,,,,,,
225,2024-09-08 12:17:54,computer_vision_engineer_interview.txt,1,0,0.1308411214953271,0.0093457943925233,0.0373831775700934,0.0651242189442417,,,,,,,,,,
225,2024-09-08 12:17:54,computer_vision_engineer_interview.txt,2,0,0.1224489795918367,0.0,0.0408163265306122,0.0806504300442508,,,,,,,,,,
225,2024-09-08 12:17:54,computer_vision_engineer_interview.txt,3,0,0.1147540983606557,0.0,0.040983606557377,0.0739659279494996,,,,,,,,,,
225,2024-09-08 12:17:54,data_scientist_interview.txt,1,0,0.0948275862068965,0.0086206896551724,0.0517241379310344,0.0,,,,,,,,,,
225,2024-09-08 12:17:54,data_scientist_interview.txt,2,0,0.1322314049586777,0.0413223140495867,0.0330578512396694,0.0524078414472835,,,,,,,,,,
225,2024-09-08 12:17:54,data_scientist_interview.txt,3,0,0.2113821138211382,0.008130081300813,0.032520325203252,0.0,,,,,,,,,,
225,2024-09-08 12:17:54,structural_engineer_interview.txt,1,0,0.1221374045801526,0.0076335877862595,0.0381679389312977,0.1294579871455792,,,,,,,,,,
225,2024-09-08 12:17:54,structural_engineer_interview.txt,2,0,0.08130081300813,0.0,0.048780487804878,0.0444434820554314,,,,,,,,,,
225,2024-09-08 12:17:54,structural_engineer_interview.txt,3,0,0.1619047619047619,0.0,0.0380952380952381,0.0492461992698414,,,,,,,,,,
225,2024-09-08 12:17:54,ai_ethicist_interview.txt,1,0,0.0984848484848484,0.0378787878787878,0.0151515151515151,0.0,,,,,,,,,,
225,2024-09-08 12:17:54,ai_ethicist_interview.txt,2,0,0.0707964601769911,0.0442477876106194,0.0442477876106194,0.0463364020063631,,,,,,,,,,
225,2024-09-08 12:17:54,ai_ethicist_interview.txt,3,0,0.0902255639097744,0.0601503759398496,0.0451127819548872,0.0627334709480612,,,,,,,,,,
225,2024-09-08 12:17:54,sales_manager_interview.txt,1,0,0.0581395348837209,0.0,0.0465116279069767,0.0927529785536527,,,,,,,,,,
225,2024-09-08 12:17:54,sales_manager_interview.txt,2,0,0.0648148148148148,0.0,0.0277777777777777,0.1185601973267088,,,,,,,,,,
225,2024-09-08 12:17:54,sales_manager_interview.txt,3,0,0.075187969924812,0.0,0.0300751879699248,0.106219738259975,,,,,,,,,,
225,2024-09-08 12:17:54,frontend_developer_interview.txt,1,0,0.043103448275862,0.0,0.0258620689655172,0.0463880667322203,,,,,,,,,,
225,2024-09-08 12:17:54,frontend_developer_interview.txt,2,0,0.0980392156862745,0.0,0.0392156862745098,0.0316033064174671,,,,,,,,,,
225,2024-09-08 12:17:54,frontend_developer_interview.txt,3,0,0.1206896551724138,0.0,0.043103448275862,0.1521935579294296,,,,,,,,,,
225,2024-09-08 12:17:54,public_relations_specialist_interview.txt,1,0,0.0824742268041237,0.0,0.0412371134020618,0.0612498751422564,,,,,,,,,,
225,2024-09-08 12:17:54,public_relations_specialist_interview.txt,2,0,0.0869565217391304,0.0260869565217391,0.0434782608695652,0.0,,,,,,,,,,
225,2024-09-08 12:17:54,public_relations_specialist_interview.txt,3,0,0.0701754385964912,0.0,0.0263157894736842,0.1004132052736,,,,,,,,,,
225,2024-09-08 12:17:54,logistics_coordinator_interview.txt,1,0,0.0964912280701754,0.0,0.0701754385964912,0.0536258473420191,,,,,,,,,,
225,2024-09-08 12:17:54,logistics_coordinator_interview.txt,2,0,0.0879120879120879,0.0,0.0659340659340659,0.0355816989033996,,,,,,,,,,
225,2024-09-08 12:17:54,logistics_coordinator_interview.txt,3,0,0.073394495412844,0.0,0.036697247706422,0.041870378325629,,,,,,,,,,
225,2024-09-08 12:17:54,nurse_interview.txt,1,0,0.1111111111111111,0.0111111111111111,0.0666666666666666,0.0792010942258981,,,,,,,,,,
225,2024-09-08 12:17:54,nurse_interview.txt,2,0,0.0597014925373134,0.0,0.0223880597014925,0.1370661560765469,,,,,,,,,,
225,2024-09-08 12:17:54,nurse_interview.txt,3,0,0.091743119266055,0.0091743119266055,0.055045871559633,0.1152664333805689,,,,,,,,,,
225,2024-09-08 12:17:54,chemist_interview.txt,1,0,0.0833333333333333,0.0185185185185185,0.0462962962962962,0.0527446151325422,,,,,,,,,,
225,2024-09-08 12:17:54,chemist_interview.txt,2,0,0.1648351648351648,0.0109890109890109,0.0109890109890109,0.1152384730306447,,,,,,,,,,
225,2024-09-08 12:17:54,chemist_interview.txt,3,0,0.0866141732283464,0.0,0.0393700787401574,0.0643850449549886,,,,,,,,,,
225,2024-09-08 12:17:54,manufacturing_engineer_interview.txt,1,0,0.0852713178294573,0.0310077519379844,0.0620155038759689,0.0482168090314157,,,,,,,,,,
225,2024-09-08 12:17:54,manufacturing_engineer_interview.txt,2,0,0.1272727272727272,0.009090909090909,0.0545454545454545,0.0834938300109287,,,,,,,,,,
225,2024-09-08 12:17:54,manufacturing_engineer_interview.txt,3,0,0.1234567901234567,0.0123456790123456,0.0493827160493827,0.0635358168333495,,,,,,,,,,
225,2024-09-08 12:17:54,veterinarian_interview.txt,1,0,0.0588235294117647,0.0,0.0392156862745098,0.0969298964109895,,,,,,,,,,
225,2024-09-08 12:17:54,veterinarian_interview.txt,2,0,0.053030303030303,0.0151515151515151,0.0075757575757575,0.0695811870523281,,,,,,,,,,
225,2024-09-08 12:17:54,veterinarian_interview.txt,3,0,0.0603448275862069,0.0172413793103448,0.043103448275862,0.0394390204432756,,,,,,,,,,
225,2024-09-08 12:17:54,event_planner_interview.txt,1,0,0.0454545454545454,0.0,0.0303030303030303,0.099059528098622,,,,,,,,,,
225,2024-09-08 12:17:54,event_planner_interview.txt,2,0,0.0873015873015873,0.0079365079365079,0.0317460317460317,0.0271201838699979,,,,,,,,,,
225,2024-09-08 12:17:54,event_planner_interview.txt,3,0,0.0490196078431372,0.0,0.0196078431372549,0.1572289573335409,,,,,,,,,,
225,2024-09-08 12:17:54,seo_specialist_interview.txt,1,0,0.0729166666666666,0.0,0.0208333333333333,0.0418630458366323,,,,,,,,,,
225,2024-09-08 12:17:54,seo_specialist_interview.txt,2,0,0.0459770114942528,0.0,0.0344827586206896,0.0469111864526693,,,,,,,,,,
225,2024-09-08 12:17:54,seo_specialist_interview.txt,3,0,0.0471698113207547,0.0,0.0283018867924528,0.1552382553045406,,,,,,,,,,
225,2024-09-08 12:17:54,procurement_specialist_interview.txt,1,0,0.1129032258064516,0.0080645161290322,0.0161290322580645,0.0,,,,,,,,,,
225,2024-09-08 12:17:54,procurement_specialist_interview.txt,2,0,0.0857142857142857,0.0095238095238095,0.0285714285714285,0.0290324715415137,,,,,,,,,,
225,2024-09-08 12:17:54,procurement_specialist_interview.txt,3,0,0.0714285714285714,0.0,0.0625,0.0990984254553111,,,,,,,,,,
225,2024-09-08 12:17:54,aerospace_engineer_interview.txt,-999,0,0.1579537848363149,0.0112761652671291,0.0511896069124984,0.0480739626699158,0.0232292144480414,33.93749217359016,0.0008192726969039,61.95611461389598,0.0278562156525578,8.638921471799875,0.0113061410215475,-49.35193438837489,2.0,76.0
225,2024-09-08 12:17:54,agricultural_engineer_interview.txt,-999,0,0.0769973105521278,0.0,0.0405227724164601,0.011394722776523,0.0203737158827427,-34.7098476294814,0.0,-100.0,0.0086447804274119,-13.999138577160082,0.0098783166486343,-87.99515091413978,77.0,100.0
225,2024-09-08 12:17:54,ai_ethicist_interview.txt,-999,0,0.0865022908572046,0.0474256504764189,0.0348373615723406,0.0363566243181414,0.0142147382473145,-26.65006465852805,0.0114708333605618,581.1601197960282,0.017053928162806,-26.06519923836068,0.0325356583816519,-61.69667338376586,63.0,91.0
225,2024-09-08 12:17:54,ai_professor_interview.txt,-999,0,0.1197533136966126,0.0148809523809523,0.0444996727213222,0.0340822291710896,0.0325918331272127,1.5452623222861348,0.0185863035666619,113.73056994818648,0.0031933755528298,-5.559023757376224,0.0420786958568103,-64.09285019626586,14.0,92.0
225,2024-09-08 12:17:54,ai_software_developer_interview.txt,-999,0,0.1209538152477103,0.0087808533968673,0.0520385807736252,0.0405685496256942,0.0279214122591925,2.563232023177804,0.0012479167381629,26.116713036871303,0.0053763732034059,10.4406857398518,0.0608665247425301,-57.25922205916984,12.0,88.0
225,2024-09-08 12:17:54,architect_interview.txt,-999,0,0.1162413740690074,0.0225882352941176,0.0484450524395804,0.0452142528201013,0.0464627652579288,-1.4326997877952152,0.0295273024791548,224.4279183175861,0.0095595456323168,2.8141954025396245,0.0438778740158845,-52.36476636767525,20.0,78.0
225,2024-09-08 12:17:54,astronomer_interview.txt,-999,0,0.0989247311827957,0.010752688172043,0.0413978494623656,0.0224049461475774,0.0101719520785223,-16.11641074444212,0.0186242022319234,54.43757312385088,0.0148993617855387,-12.141975918450784,0.0195158607931298,-76.39538911533178,45.0,97.0
225,2024-09-08 12:17:54,backend_developer_interview.txt,-999,0,0.0858172328760564,0.0060690943043884,0.0353013000071823,0.0863875677914038,0.0163666562069989,-27.230962090543287,0.0053024354302523,-12.83145382505336,0.0139982798443183,-25.0805897789312,0.0423274975700418,-8.986841139563666,66.0,16.0
225,2024-09-08 12:17:54,barista_interview.txt,-999,0,0.0649928774928775,0.0,0.0258413461538461,0.087702429243304,0.0236032137983276,-44.88905074631657,0.0,-100.0,0.0131221404127903,-45.15730545983465,0.0174195882811321,-7.601575906837013,92.0,14.0
225,2024-09-08 12:17:54,bartender_interview.txt,-999,0,0.090838147015517,0.0061445237286215,0.0253754672103295,0.0772575823270087,0.0326281278831465,-22.973459499167177,0.0053214831486181,-11.748084063528268,0.0061860297101893,-46.146033231207774,0.0217111142556495,-18.605688373125343,55.0,27.0
225,2024-09-08 12:17:54,biologist_interview.txt,-999,0,0.0875891303679257,0.0034013605442176,0.0338537846028502,0.0489864703554579,0.0305337550541416,-25.72847510236771,0.0058913292774451,-51.14729829755737,0.0211665675931543,-28.152629628919968,0.0437409249891785,-48.3905668088853,60.0,74.0
225,2024-09-08 12:17:54,biomedical_engineer_interview.txt,-999,0,0.1120803999591878,0.0085960616263646,0.0346393225181103,0.0789197619677442,0.0196127413682171,-4.961013071620684,0.0082843961072437,23.4626053278903,0.0227056625822035,-26.48549450059315,0.0318817554345985,-16.854507924775135,21.0,25.0
225,2024-09-08 12:17:54,business_analyst_interview.txt,-999,0,0.0888571353851067,0.0068899724401102,0.0280239508963223,0.0268847086642488,0.0204191906306732,-24.653265589403176,0.0060345326807251,-1.041432103701652,0.008006099634392,-40.52519672676368,0.0465656813531662,-71.67575933513768,59.0,95.0
225,2024-09-08 12:17:54,business_intelligence_analyst_interview.txt,-999,0,0.1089873247033441,0.0034722222222222,0.0404867853290183,0.1003877971033804,0.024379131255671,-7.583797598760711,0.0060140653040586,-50.12953367875648,0.0171121565398583,-14.075513423586813,0.0562029429299538,5.763025386719647,26.0,8.0
225,2024-09-08 12:17:54,chef_interview.txt,-999,0,0.0598018877886439,0.0,0.0253052924164852,0.0515835096244333,0.0157867034813484,-49.29076953769888,0.0,-100.0,0.0115659670403587,-46.29496412514459,0.0224290882691609,-45.654470011661154,96.0,69.0
225,2024-09-08 12:17:54,chemical_engineer_interview.txt,-999,0,0.0933161171590344,0.0036231884057971,0.0463705039441364,0.0708178587504109,0.0340623022045956,-20.872255611918234,0.006275546404235,-47.96125253435458,0.0157134193815333,-1.588587206657451,0.0689536349550145,-25.390224619236847,51.0,39.0
225,2024-09-08 12:17:54,chemist_interview.txt,-999,0,0.1115942237989481,0.0098358431691765,0.0322184620084882,0.0774560443727252,0.046137179469714,-5.37326793290535,0.0093129602729585,41.26920862672159,0.0187085626211643,-31.623249811912142,0.0332341516828835,-18.396599748959304,24.0,26.0
225,2024-09-08 12:17:54,civil_engineer_interview.txt,-999,0,0.0917765640840003,0.0031152647975077,0.0343852746708802,0.0633969770053524,0.0424258947476586,-22.177725298205857,0.0053957969083142,-55.25640404823011,0.0141857809399302,-27.024656369378235,0.017188509235205,-33.20845479303192,54.0,52.0
225,2024-09-08 12:17:54,cloud_architect_interview.txt,-999,0,0.12480690399137,0.008680690399137,0.052084142394822,0.0554059647422291,0.0245911266250874,5.83047277959821,0.0009057808622431,24.67810252024749,0.005434685173459,10.537380473135885,0.0280313285841514,-41.62734291725233,8.0,62.0
225,2024-09-08 12:17:54,computer_vision_engineer_interview.txt,-999,0,0.1226813998159398,0.0031152647975077,0.0397277035526942,0.0732468589793307,0.0080460296236275,4.02814370494751,0.0053957969083142,-55.25640404823011,0.0020321410418955,-15.686501092035044,0.0077880423033267,-22.831164451684472,10.0,36.0
225,2024-09-08 12:17:54,construction_manager_interview.txt,-999,0,0.1037596940455385,0.0080867208672086,0.0223606108958285,0.076807083260755,0.0101837238080021,-12.016586221343132,0.0081304281768819,16.147099709339074,0.0031834517450249,-52.54441677339249,0.0695745010677526,-19.0803092489258,34.0,29.0
225,2024-09-08 12:17:54,content_writer_interview.txt,-999,0,0.086489362860378,0.0037453183520599,0.0332805286995906,0.0816067372157191,0.0447500853580274,-26.66102700093465,0.0064870816762879,-46.20713745124294,0.001854169434807,-29.369241883120765,0.0240057653765828,-14.02365955908776,64.0,22.0
225,2024-09-08 12:17:54,cto_of_a_fintec_interview.txt,-999,0,0.1250465857799494,0.013956179459927,0.0332887030058755,0.0667679675719528,0.0137271442018583,6.033711832814205,0.0051425423800777,100.44833918610216,0.0015635024407279,-29.35189367765217,0.0207608663908648,-29.656965755907265,7.0,45.0
225,2024-09-08 12:17:54,customer_service_representative_interview.txt,-999,0,0.0893424342048937,0.0123852759370558,0.0369353692573757,0.0671208891698068,0.0186058317444694,-24.241754672178686,0.0053258486027179,77.88593211149677,0.0077588213681168,-21.612629549139,0.0489025078385463,-29.28514709875597,58.0,43.0
225,2024-09-08 12:17:54,cybersecurity_specialist_interview.txt,-999,0,0.0802896854726123,0.0199665609345487,0.0334108360022994,0.0511719302908732,0.0175362354275327,-31.918066219482995,0.0035944573766429,186.77361093559125,0.0144112494879355,-29.09269268339005,0.0555235444498658,-46.08808721175909,72.0,70.0
225,2024-09-08 12:17:54,data_engineer_interview.txt,-999,0,0.1277104901817828,0.0078330052493438,0.0301951188393117,0.0658105039181166,0.0532470333727473,8.292579357523962,0.007812580728911,12.503059850679293,0.008236772406936,-35.9173601386902,0.0781642140642681,-30.665696454751668,6.0,48.0
225,2024-09-08 12:17:54,data_scientist_interview.txt,-999,0,0.1461470349955708,0.0193576950018574,0.0391007714579853,0.0174692804824278,0.059510276812812,23.925915268174776,0.0190234997193799,178.02865567434566,0.0109354592676591,-17.017029508118767,0.0302576813672363,-81.5953332131787,3.0,99.0
225,2024-09-08 12:17:54,database_administrator_interview.txt,-999,0,0.1003905098732684,0.011129196474024,0.0276572086916914,0.0610299134785249,0.0151040431047355,-14.87349831859008,0.0035187554864522,59.84524676681187,0.0094527268474012,-41.30352811026895,0.0403786741209838,-35.70226188018239,41.0,55.0
225,2024-09-08 12:17:54,dentist_interview.txt,-999,0,0.0780787195260879,0.0029761904761904,0.0337633857370699,0.1005362506233277,0.028782047316803,-33.79286291691923,0.0051549131177645,-57.2538860103627,0.0110468751499902,-28.34448176205774,0.033804447311336,5.919427796693483,76.0,6.0
225,2024-09-08 12:17:54,devops_engineer_interview.txt,-999,0,0.1188311274865159,0.013762346439027,0.0452860236533057,0.073836056406711,0.0695129226782348,0.7632911373258651,0.0154880657967721,97.66437476157,0.0263374748416523,-3.890163176065883,0.0742014170742861,-22.210418661181293,16.0,35.0
225,2024-09-08 12:17:54,digital_marketing_specialist_interview.txt,-999,0,0.0752112373399502,0.0,0.0428803015436678,0.0832511521109623,0.0246456028426492,-36.22435497177396,0.0,-100.0,0.0079317560427817,-8.99579049214735,0.0721138721343955,-12.291195063101242,80.0,19.0
225,2024-09-08 12:17:54,doctor_interview.txt,-999,0,0.0757761686476545,0.0037878787878787,0.0440871229023839,0.0522903051616822,0.0230603716877812,-35.74531939385045,0.0065607985135184,-45.59585492227979,0.0264458986550197,-6.434571941589681,0.0202047210831162,-44.90982936303435,78.0,67.0
225,2024-09-08 12:17:54,electrical_engineer_interview.txt,-999,0,0.1362688063099868,0.0146828120403961,0.0408101012081794,0.039980860416496,0.0211545606931988,15.549634961657205,0.0059423497494545,110.8847408081764,0.0078274340155827,-13.389345067834242,0.0105493860274732,-57.87837887449393,5.0,90.0
225,2024-09-08 12:17:54,environmental_engineer_interview.txt,-999,0,0.0906243460975099,0.0,0.0334144172421008,0.0757482535843909,0.01307363357901,-23.154752773095083,0.0,-100.0,0.0112174222925081,-29.08509227281793,0.0665124574639047,-20.19583357730795,56.0,31.0
225,2024-09-08 12:17:54,environmental_scientist_interview.txt,-999,0,0.1044966227522008,0.0033670033670033,0.0415001946442108,0.08260450506481,0.0364046679627235,-11.391704817055455,0.0058318209009053,-51.64075993091537,0.0167393049567516,-11.924770301058343,0.0269700022423844,-12.97246659143272,31.0,20.0
225,2024-09-08 12:17:54,event_planner_interview.txt,-999,0,0.06059191353309,0.0026455026455026,0.0272189683954389,0.0944695564340536,0.0231998366820394,-48.62086430514412,0.0045821449935684,-62.00345423143351,0.0066307981467506,-42.23359880238685,0.0651757172032501,-0.4721053384833027,94.0,12.0
225,2024-09-08 12:17:54,financial_analyst_interview.txt,-999,0,0.1041725309766546,0.0064394291198414,0.0256993710601958,0.1144640016456769,0.0124399067840271,-11.666519628841826,0.0056144777702126,-7.512448081862118,0.0111285842740836,-45.458617034201644,0.0486399351293362,20.59293520954837,32.0,3.0
225,2024-09-08 12:17:54,fire_protection_engineer_interview.txt,-999,0,0.1057460792607535,0.0223292336391835,0.0396997895924166,0.0328066995261925,0.0167867012037599,-10.332223580129464,0.0093706059633852,220.7079567244391,0.0128804162027449,-15.745742463896889,0.029641073128454,-65.43667761461074,30.0,94.0
225,2024-09-08 12:17:54,focus_group_interview.txt,-999,0,0.2,0.0,0.0,0.0,0.0,69.59073479928011,0.0,-100.0,0.0,-100.0,0.0,-100.0,1.0,101.0
225,2024-09-08 12:17:54,frontend_developer_interview.txt,-999,0,0.0872774397115168,0.0,0.036060401171963,0.0767283103597056,0.0398969515345068,-25.99277433962,0.0,-100.0,0.0090434041261884,-23.469560962657454,0.0657715742358427,-19.163300016467915,62.0,30.0
225,2024-09-08 12:17:54,full_stack_developer_interview.txt,-999,0,0.0940751879699248,0.017704260651629,0.0366917293233082,0.0483128022847362,0.0163436441485173,-20.228598729000296,0.024071150367678,154.28088355604035,0.0169951159045996,-22.129702862669102,0.0514378645862778,-49.10030619277265,50.0,75.0
225,2024-09-08 12:17:54,game_developer_interview.txt,-999,0,0.0715677567988468,0.0037453183520599,0.0502500740054313,0.0658134742018097,0.0293826648895258,-39.313857682737,0.0064870816762879,-46.20713745124294,0.007934144696729,6.644965122701294,0.0101708631617814,-30.662567128292565,84.0,47.0
225,2024-09-08 12:17:54,gardener_interview.txt,-999,0,0.0600410955909677,0.0,0.0167573829977922,0.0532605742376449,0.0103543274292427,-49.08793240286986,0.0,-100.0,0.0066591692025601,-64.43606182243359,0.057417465439807,-43.88760758036767,95.0,66.0
225,2024-09-08 12:17:54,geneticist_interview.txt,-999,0,0.1032128698473925,0.0278045644487303,0.033337925334068,0.0973580478295555,0.0069362141964095,-12.480267809191218,0.0295432087139152,299.348459336168,0.0140137299822094,-29.247429881782367,0.0114069685173857,2.571049283957322,36.0,9.0
225,2024-09-08 12:17:54,geologist_interview.txt,-999,0,0.1083798330269442,0.0077073648152679,0.0304357365934003,0.0625965489539741,0.0492843158166744,-8.098922397686252,0.0074747102375288,10.698524704262596,0.0137196078132419,-35.406700751603424,0.0571174070875316,-34.05174147488816,27.0,53.0
225,2024-09-08 12:17:54,geotechnical_engineer_interview.txt,-999,0,0.1095039154663862,0.0,0.0384567252163562,0.0435843241744603,0.0032834639736264,-7.145752563286507,0.0,-100.0,0.0032557956075906,-18.383879017007303,0.0296922241439828,-54.08196895306461,25.0,82.0
225,2024-09-08 12:17:54,graphic_designer_interview.txt,-999,0,0.062167832386969,0.0,0.0251828488700033,0.129589756863583,0.0173497885167024,-47.284558123077225,0.0,-100.0,0.0020295851496763,-46.55482419505513,0.0422325155476891,36.5285935192658,93.0,1.0
225,2024-09-08 12:17:54,hotel_manager_interview.txt,-999,0,0.0783292096766398,0.008536125259385,0.0225818923920482,0.1165362468791539,0.0194238229967812,-33.580458873458866,0.0087814329255483,22.601757611478103,0.0108322093144022,-52.074794431262255,0.0222233416108369,22.77613806447352,75.0,2.0
225,2024-09-08 12:17:54,human_resources_manager_interview.txt,-999,0,0.0970501130075598,0.0136193593640402,0.0553931883719117,0.0579282148176675,0.0124161487833121,-17.706000113473806,0.0048627862837954,95.61069511460872,0.0118587851269351,17.560118246178973,0.0734851947736557,-38.97003987388016,47.0,58.0
225,2024-09-08 12:17:54,industrial_engineer_interview.txt,-999,0,0.0725358150702973,0.0054644808743169,0.0457991781415167,0.056356248609007,0.0242335021354551,-38.49298911481791,0.0094647585113053,-21.51533169115774,0.0100471455219511,-2.8011032377281566,0.0528215330852058,-40.62617644456724,82.0,59.0
225,2024-09-08 12:17:54,it_manager_interview.txt,-999,0,0.1003817704605106,0.0077140270053655,0.0386089850656779,0.1004112410170443,0.0096692189861962,-14.880908935746689,0.0001503106142354,10.794211704007324,0.0079527692327967,-18.06074026264952,0.072368648424168,5.787724596260446,42.0,7.0
225,2024-09-08 12:17:54,logistics_coordinator_interview.txt,-999,0,0.0859326037983691,0.0,0.0576022507456597,0.0436926415236826,0.011674910401301,-27.133132893095866,0.0,-100.0,0.0182280463727821,22.24837760628972,0.0091590559333901,-53.96785179055914,65.0,81.0
225,2024-09-08 12:17:54,lorry_driver_interview.txt,-999,0,0.0755240942199446,0.0056703990812517,0.025129259283386,0.086904860375448,0.0091091852499097,-35.959066830947634,0.0049682062821338,-18.55779143404159,0.0077198803279262,-46.66855655682495,0.0281047651195438,-8.44185031122339,79.0,15.0
225,2024-09-08 12:17:54,machine_learning_engineer_interview copy.txt,-999,0,0.1063435272737598,0.0026455026455026,0.0363025432792874,0.0497500160439961,0.0211822477998719,-9.82561534247894,0.0045821449935684,-62.00345423143351,0.0085394607858727,-22.95566646396358,0.0434329688699764,-47.5861373426463,29.0,73.0
225,2024-09-08 12:17:54,machine_learning_engineer_interview.txt,-999,0,0.1460871170173495,0.0026455026455026,0.020917927894672,0.0267045408274778,0.089998010065463,23.87510759840363,0.0045821449935684,-62.00345423143351,0.0181192175555063,-55.60620088787599,0.0462536215059891,-71.86557419355775,4.0,96.0
225,2024-09-08 12:17:54,manufacturing_engineer_interview.txt,-999,0,0.1120002784085471,0.017481446680413,0.0553145581569354,0.0650821519585646,0.0232264578511381,-5.028952434852755,0.0118266259876232,151.08067460158074,0.0063514149873694,17.393242541024037,0.0176892740534159,-31.43304775651628,22.0,49.0
225,2024-09-08 12:17:54,marine_engineer_interview.txt,-999,0,0.0945113890691516,0.0148216011759255,0.047757366854187,0.0635955669632064,0.0067985871968974,-19.858720404309665,0.0052018944448429,112.87812673401908,0.007711790898168,1.3547307804229831,0.0563358613200052,-32.99923140771915,49.0,51.0
225,2024-09-08 12:17:54,marketing_manager_interview.txt,-999,0,0.0734440974029729,0.0,0.0374530048007403,0.0433353117732308,0.0131561108141539,-37.72280777379957,0.0,-100.0,0.0036495094999721,-20.51405953584063,0.0335050053371757,-54.34431463324448,81.0,83.0
225,2024-09-08 12:17:54,materials_engineer_interview.txt,-999,0,0.1006986702727067,0.0039215686274509,0.0396814664563143,0.0328230201157645,0.035172384115353,-14.612192575706189,0.0067923561081132,-43.67570862541909,0.0242524036120399,-15.784629375990988,0.0090914319034334,-65.41948314497358,39.0,93.0
225,2024-09-08 12:17:54,mechanical_engineer_interview.txt,-999,0,0.1241887125220458,0.0033333333333333,0.0279409171075837,0.0506481015165538,0.0318933567115049,5.3062750519515305,0.0057735026918962,-52.12435233160622,0.008577064061792,-40.70141806930497,0.0135803186403236,-46.639964208318496,9.0,72.0
225,2024-09-08 12:17:54,meteorologist_interview.txt,-999,0,0.0566797385620915,0.0,0.0461686896981014,0.0407192739003882,0.0133414533254702,-51.93820744511907,0.0,-100.0,0.0109605620931214,-2.016894500838589,0.0705278512427857,-57.10042730770777,98.0,87.0
225,2024-09-08 12:17:54,microbiologist_interview.txt,-999,0,0.0932387558893583,0.0069922547332185,0.0361282793511709,0.081667457368724,0.0340960931527322,-20.93785438476512,0.0062531375341366,0.4276172045695858,0.0093344262568571,-23.3255041389116,0.0268522658028084,-13.95968816745406,52.0,21.0
225,2024-09-08 12:17:54,mining_engineer_interview.txt,-999,0,0.1006240589908729,0.0037878787878787,0.0349654642041142,0.0562767771609436,0.0413715282990978,-14.675459486258744,0.0065607985135184,-45.59585492227979,0.0200086023416553,-25.79332897810692,0.0181598970628145,-40.70990316257054,40.0,60.0
225,2024-09-08 12:17:54,mobile_app_developer_interview.txt,-999,0,0.0655962654847943,0.0,0.0423249251436151,0.0659675574070043,0.0141317832514613,-44.37740568172537,0.0,-100.0,0.0123225088564676,-10.17445734957714,0.0383524739918186,-30.50023359361124,91.0,46.0
225,2024-09-08 12:17:54,natural_language_processing_engineer_interview.txt,-999,0,0.116349310963754,0.0126090419848069,0.039299949336669,0.0555975287871771,0.0202018762617275,-1.3411743013350872,0.0156148271623144,81.09981545018107,0.024536946291995,-16.594317336129848,0.0342104300673422,-41.42552164481066,19.0,61.0
225,2024-09-08 12:17:54,network_administrator_interview.txt,-999,0,0.099443052074631,0.0191172375382901,0.0588833194096352,0.0677886964885345,0.024373758706705,-15.676898639901268,0.0143764391456747,174.5750386328515,0.0213550541281177,24.96717007960399,0.0437899583450664,-28.581582278708154,43.0,42.0
225,2024-09-08 12:17:54,neuroscientist_interview.txt,-999,0,0.0809130123154513,0.0138162988772744,0.0524014868527063,0.0424897054500683,0.0004937749193218,-31.389513932997048,0.0168020920584587,98.43927713888542,0.0110181403943963,11.21087577265132,0.0430262860033163,-55.23519864110567,71.0,85.0
225,2024-09-08 12:17:54,no_persona_interview.txt,-999,0,0.1179309708379475,0.0069624819624819,0.047119030839961,0.094917667810953,0.0114150323030899,0.0,0.0060994554681997,0.0,0.0093039288992219,0.0,0.027153427299694,0.0,18.0,11.0
225,2024-09-08 12:17:54,nuclear_engineer_interview.txt,-999,0,0.1040823871469032,0.0201932476126024,0.0456888989147053,0.0769414793556188,0.0161004320459097,-11.742957420467649,0.0116135285809566,190.02944239447663,0.0109136339305312,-3.0351471576593525,0.0325555052122015,-18.938716963776685,33.0,28.0
225,2024-09-08 12:17:54,nurse_interview.txt,-999,0,0.0875185743048265,0.0067618076792388,0.0480335326425974,0.110511227894338,0.0259638653819673,-25.788303375295385,0.0059354300676981,-2.882223384196095,0.0229570998061519,1.9408332182009929,0.0292241395109772,16.428511617502693,61.0,4.0
225,2024-09-08 12:17:54,occupational_therapist_interview.txt,-999,0,0.0677174677174677,0.0033670033670033,0.0484774484774484,0.0615201787989723,0.018816824899686,-42.57872445524061,0.0058318209009053,-51.64075993091537,0.0211637054970157,2.882949019264089,0.0268749397537979,-35.185745480491875,87.0,54.0
225,2024-09-08 12:17:54,operations_manager_interview.txt,-999,0,0.1018085172328291,0.0121773149296085,0.0472525277571149,0.0467300039765822,0.0116586686472904,-13.671093768296656,0.0140323419388873,74.89905173510252,0.006957407263849,0.2833184697861526,0.0464816574667467,-50.76785486380242,38.0,77.0
225,2024-09-08 12:17:54,petroleum_engineer_interview.txt,-999,0,0.1191441441441441,0.0123857373857373,0.0281787281787281,0.0709193675903395,0.0178525624002417,1.0287147621837391,0.0048779130106964,77.89255975784474,0.0097580673501294,-40.19671526259375,0.0139780483598758,-25.283280525192325,15.0,38.0
225,2024-09-08 12:17:54,pharmacist_interview.txt,-999,0,0.0919497312646772,0.0343798890122571,0.0282365875253969,0.0541581181564369,0.0430249546639151,-22.030887551135223,0.035997564893422,393.7878359687916,0.0109033094772579,-40.0739212542338,0.0484690715946676,-42.942004997106174,53.0,63.0
225,2024-09-08 12:17:54,physical_therapist_interview.txt,-999,0,0.0824099436472999,0.0024330900243309,0.0353682195255899,0.0753677820916746,0.0142183986043116,-30.12018551043566,0.0042142355415301,-65.05427177489506,0.0127183813371409,-24.938567506370266,0.0262464004677375,-20.59667727847652,68.0,32.0
225,2024-09-08 12:17:54,physicist_interview.txt,-999,0,0.0832363918727848,0.0029498525073746,0.044985881172174,0.0967461934706365,0.0128912416198435,-29.41939570126796,0.0051092944176073,-57.632170204961255,0.0156649240621399,-4.527150982863461,0.0295358062180704,1.926433404711787,67.0,10.0
225,2024-09-08 12:17:54,procurement_specialist_interview.txt,-999,0,0.0900153609831029,0.0058627752176139,0.0357334869431643,0.0427102989989416,0.0210691996832384,-23.671143938265644,0.0051294721212042,-15.79475179675748,0.0240007910790669,-24.16336604092622,0.0509454286947989,-55.00279349045167,57.0,84.0
225,2024-09-08 12:17:54,product_manager_interview.txt,-999,0,0.0963032340089655,0.0090681203078854,0.0392754842345446,0.0522449495829317,0.0202839790285589,-18.33931890436257,0.0002533443647036,30.24263986247871,0.0050942004363512,-16.64623924897107,0.0454785440816327,-44.957613489842906,48.0,68.0
225,2024-09-08 12:17:54,professor_of_classics_interview.txt,-999,0,0.0667900255529121,0.0028490028490028,0.0456721590742209,0.0728153593663539,0.030274518115878,-43.36515244609468,0.0049346176853814,-59.08064301846685,0.0099464220839576,-3.070673865628549,0.0363220071548864,-23.285768555354807,88.0,37.0
225,2024-09-08 12:17:54,project_manager_interview.txt,-999,0,0.0493011229853335,0.0,0.0381028802081433,0.0600194207659177,0.0119223488292455,-58.19493163243807,0.0,-100.0,0.0136134630263376,-19.13483887739733,0.0497708470280647,-36.76686105956788,101.0,56.0
225,2024-09-08 12:17:54,psychologist_interview.txt,-999,0,0.0698314413484692,0.005718954248366,0.049406604747162,0.0400466858845506,0.0178323674279776,-40.78617274810139,0.0051021225477111,-17.86040841206949,0.0113775334681744,4.854883189280045,0.017954888617755,-57.80902880556296,85.0,89.0
225,2024-09-08 12:17:54,public_relations_specialist_interview.txt,-999,0,0.0798687290465817,0.008695652173913,0.0370103879151037,0.0538876934719521,0.0086886507458557,-32.27501776752796,0.0150613113701641,24.892993917549006,0.0093293361157257,-21.45341859681099,0.050609823528041,-43.22690947350289,73.0,64.0
225,2024-09-08 12:17:54,quality_control_engineer_interview.txt,-999,0,0.0992837352059522,0.0064586244371991,0.0459278301267122,0.0707746374070316,0.0057660241535375,-15.81199196402703,0.0056558157490649,-7.236751606652021,0.0183989874004848,-2.5280670930916926,0.0364743133413402,-25.435760233813227,44.0,40.0
225,2024-09-08 12:17:54,restaurant_manager_interview.txt,-999,0,0.0815386878493674,0.0106060606060606,0.0373933509855839,0.0424769058623897,0.0287241341308553,-30.8589700652832,0.0114391430837435,52.33160621761655,0.0167092174250799,-20.64066191728385,0.0043504564912869,-55.24868357807652,69.0,86.0
225,2024-09-08 12:17:54,retail_manager_interview.txt,-999,0,0.0717461023371514,0.0,0.0283116876856029,0.0207524511111663,0.0278099828287107,-39.1626289282907,0.0,-100.0,0.0121858082880128,-39.9145373304406,0.0359442997061293,-78.13636640072222,83.0,98.0
225,2024-09-08 12:17:54,robotics_engineer_interview.txt,-999,0,0.1082954998008761,0.009753086419753,0.0550457984866587,0.0740966363403292,0.0391638298500185,-8.170433066570624,0.0100091407697329,40.08059873344848,0.0129759573107875,16.822857994725624,0.0446363190310999,-21.9358860692752,28.0,34.0
225,2024-09-08 12:17:54,safety_engineer_interview.txt,-999,0,0.1119096308401159,0.0456896737655672,0.0377571426636752,0.0536626179032506,0.0101521141336852,-5.105817373542791,0.0105464728561731,556.2268169852455,0.0150840303380585,-19.86859239122157,0.0179059943930516,-43.46403663211555,23.0,65.0
225,2024-09-08 12:17:54,sales_manager_interview.txt,-999,0,0.0660474398744492,0.0,0.0347881978848931,0.1058443047134455,0.0085907978524002,-43.9948307004044,0.0,-100.0,0.0102175648767093,-26.169538581872388,0.0129077049842715,11.511699723022131,90.0,5.0
225,2024-09-08 12:17:54,seo_specialist_interview.txt,-999,0,0.0553544964938914,0.0,0.0278726595821586,0.0813374958646141,0.0152209743032324,-53.06195132578391,0.0,-100.0,0.0068348284299844,-40.84627997373803,0.0640496886430233,-14.307317340946923,99.0,23.0
225,2024-09-08 12:17:54,shop_assistant_interview.txt,-999,0,0.0528707527611172,0.0,0.0470693388590508,0.0794152865978313,0.0078744514307649,-55.16805094925533,0.0,-100.0,0.0123949835308704,-0.1054605326647077,0.0401423217191564,-16.33245060761253,100.0,24.0
225,2024-09-08 12:17:54,social_media_manager_interview.txt,-999,0,0.0666253205935745,0.0,0.0380577682164983,0.0848462323556859,0.008921676927326,-43.50481462149042,0.0,-100.0,0.013169168277001,-19.230579368746163,0.0735823879732686,-10.610706823650888,89.0,18.0
225,2024-09-08 12:17:54,software_quality_assurance_tester_interview.txt,-999,0,0.0973062682820814,0.0198352116617337,0.038514896730076,0.0438768814903346,0.0405657841996036,-17.488792307329632,0.0186085600741486,184.8870814835544,0.0147147723113269,-18.26042250127938,0.0023085626447115,-53.77374676153655,46.0,80.0
225,2024-09-08 12:17:54,speech_therapist_interview.txt,-999,0,0.0810532509561635,0.0034722222222222,0.0368552025105423,0.0669799041283666,0.026955328905062,-31.270598062368848,0.0060140653040586,-50.12953367875648,0.0209826216415441,-21.782766212402933,0.0210258350421744,-29.43368113324256,70.0,44.0
225,2024-09-08 12:17:54,structural_engineer_interview.txt,-999,0,0.1217809931643482,0.0025445292620865,0.0416812216104712,0.0743825561569507,0.0403031564056178,3.264640576639593,0.0044072539632795,-63.45370406992841,0.0061482523311243,-11.540579533478107,0.0477571339916643,-21.63465677949648,11.0,33.0
225,2024-09-08 12:17:54,supply_chain_manager_interview.txt,-999,0,0.1036500664991872,0.0049751243781094,0.027537380603732,0.0509030104831107,0.0071965987852337,-12.109545302042974,0.00861716819686,-28.543809450158548,0.0190940227239905,-41.55783743247559,0.0520217889794126,-46.37140623335371,35.0,71.0
225,2024-09-08 12:17:54,system_administrator_interview.txt,-999,0,0.120522308022308,0.0111513299013299,0.0432754182754182,0.059678546880821,0.0363364546499795,2.197333886041932,0.0020938557812417,60.16314241702844,0.003803600520443,-8.15724028280114,0.0572030717304857,-37.125986913540174,13.0,57.0
225,2024-09-08 12:17:54,transportation_engineer_interview.txt,-999,0,0.079681638685324,0.0081967213114754,0.0471234991504403,0.0877644376661939,0.0209091230255486,-32.43366172672579,0.014197137766958,17.727002463263403,0.016001602034433,0.0094830271327452,0.045840955633769,-7.536247265373319,74.0,13.0
225,2024-09-08 12:17:54,travel_agent_interview.txt,-999,0,0.0678667280116555,0.0097155126140633,0.0577179664136185,0.0852174211265346,0.0405764600822864,-42.45215864040226,0.0110518306288536,39.540937648619575,0.0115275313105006,22.49395920229473,0.0389138725049479,-10.21964288433452,86.0,17.0
225,2024-09-08 12:17:54,veterinarian_interview.txt,-999,0,0.0573995533427582,0.0107976314872866,0.0299649640420431,0.0686500346355311,0.0038595787663367,-51.327837857255815,0.0094092251196378,55.08308022154725,0.0194868185701838,-36.40581415220826,0.0287567468344603,-27.674124092196408,97.0,41.0
225,2024-09-08 12:17:54,warehouse_manager_interview.txt,-999,0,0.1028355373597908,0.0071733303129837,0.0391853527777547,0.0650412265723094,0.0238318842019733,-12.800228278371264,0.0064114657553875,3.028350402025353,0.0110032851991648,-16.837523864089874,0.0177789052236073,-31.47616447777486,37.0,50.0
225,2024-09-08 12:17:54,water_resources_engineer_interview.txt,-999,0,0.1179565650333906,0.0128205128205128,0.0201291251312357,0.0440006396611022,0.0202262909249248,0.021702692058966,0.0222057795842163,84.13710641689917,0.0013974271491309,-57.280264953657614,0.0503493136199581,-53.64336200428139,17.0,79.0
226,2024-09-08 14:13:09,restaurant_manager_interview.txt,1,0,0.0727272727272727,0.009090909090909,0.0181818181818181,0.0466530557892966,,,,,,,,,,
226,2024-09-08 14:13:09,restaurant_manager_interview.txt,2,0,0.058252427184466,0.0,0.0485436893203883,0.0428067433298522,,,,,,,,,,
226,2024-09-08 14:13:09,restaurant_manager_interview.txt,3,0,0.1136363636363636,0.0227272727272727,0.0454545454545454,0.0379709184680204,,,,,,,,,,
226,2024-09-08 14:13:09,geneticist_interview.txt,1,0,0.1078431372549019,0.0588235294117647,0.0196078431372549,0.0937095795782794,,,,,,,,,,
226,2024-09-08 14:13:09,geneticist_interview.txt,2,0,0.0952380952380952,0.0,0.0476190476190476,0.0882216505718651,,,,,,,,,,
226,2024-09-08 14:13:09,geneticist_interview.txt,3,0,0.1065573770491803,0.0245901639344262,0.0327868852459016,0.1101429133385219,,,,,,,,,,
226,2024-09-08 14:13:09,speech_therapist_interview.txt,1,0,0.0833333333333333,0.0104166666666666,0.0208333333333333,0.0432621003107774,,,,,,,,,,
226,2024-09-08 14:13:09,speech_therapist_interview.txt,2,0,0.053030303030303,0.0,0.0606060606060606,0.0833315864428225,,,,,,,,,,
226,2024-09-08 14:13:09,speech_therapist_interview.txt,3,0,0.1067961165048543,0.0,0.029126213592233,0.0743460256315,,,,,,,,,,
226,2024-09-08 14:13:09,customer_service_representative_interview.txt,1,0,0.1018518518518518,0.0185185185185185,0.037037037037037,0.0311974890850877,,,,,,,,,,
226,2024-09-08 14:13:09,customer_service_representative_interview.txt,2,0,0.0679611650485436,0.0097087378640776,0.029126213592233,0.122813044651559,,,,,,,,,,
226,2024-09-08 14:13:09,customer_service_representative_interview.txt,3,0,0.0982142857142857,0.0089285714285714,0.0446428571428571,0.0473521337727738,,,,,,,,,,
226,2024-09-08 14:13:09,construction_manager_interview.txt,1,0,0.0934579439252336,0.0,0.0186915887850467,0.0948117237060615,,,,,,,,,,
226,2024-09-08 14:13:09,construction_manager_interview.txt,2,0,0.104,0.008,0.024,0.1356095260762036,,,,,,,,,,
226,2024-09-08 14:13:09,construction_manager_interview.txt,3,0,0.1138211382113821,0.016260162601626,0.024390243902439,0.0,,,,,,,,,,
226,2024-09-08 14:13:09,doctor_interview.txt,1,0,0.0648148148148148,0.0,0.074074074074074,0.0673965703749538,,,,,,,,,,
226,2024-09-08 14:13:09,doctor_interview.txt,2,0,0.0602409638554216,0.0,0.0240963855421686,0.0293397273927395,,,,,,,,,,
226,2024-09-08 14:13:09,doctor_interview.txt,3,0,0.1022727272727272,0.0113636363636363,0.034090909090909,0.0601346177173533,,,,,,,,,,
226,2024-09-08 14:13:09,human_resources_manager_interview.txt,1,0,0.0851063829787234,0.0106382978723404,0.0425531914893617,0.1425669620819004,,,,,,,,,,
226,2024-09-08 14:13:09,human_resources_manager_interview.txt,2,0,0.0961538461538461,0.0192307692307692,0.0576923076923076,0.0103852698901538,,,,,,,,,,
226,2024-09-08 14:13:09,human_resources_manager_interview.txt,3,0,0.1098901098901098,0.0109890109890109,0.0659340659340659,0.0208324124809482,,,,,,,,,,
226,2024-09-08 14:13:09,water_resources_engineer_interview.txt,1,0,0.1057692307692307,0.0384615384615384,0.0192307692307692,0.0,,,,,,,,,,
226,2024-09-08 14:13:09,water_resources_engineer_interview.txt,2,0,0.1067961165048543,0.0,0.0194174757281553,0.0989100944553876,,,,,,,,,,
226,2024-09-08 14:13:09,water_resources_engineer_interview.txt,3,0,0.1413043478260869,0.0,0.0217391304347826,0.0330918245279189,,,,,,,,,,
226,2024-09-08 14:13:09,project_manager_interview.txt,1,0,0.0421052631578947,0.0,0.0526315789473684,0.0555355117717458,,,,,,,,,,
226,2024-09-08 14:13:09,project_manager_interview.txt,2,0,0.0427350427350427,0.0,0.0256410256410256,0.1118805059888638,,,,,,,,,,
226,2024-09-08 14:13:09,project_manager_interview.txt,3,0,0.063063063063063,0.0,0.036036036036036,0.0126422445371434,,,,,,,,,,
226,2024-09-08 14:13:09,biologist_interview.txt,1,0,0.1122448979591836,0.010204081632653,0.0204081632653061,0.0628254664475309,,,,,,,,,,
226,2024-09-08 14:13:09,biologist_interview.txt,2,0,0.0970873786407767,0.0,0.058252427184466,0.084133944618843,,,,,,,,,,
226,2024-09-08 14:13:09,biologist_interview.txt,3,0,0.0534351145038167,0.0,0.0229007633587786,0.0,,,,,,,,,,
226,2024-09-08 14:13:09,occupational_therapist_interview.txt,1,0,0.0461538461538461,0.0,0.0461538461538461,0.0619600680328602,,,,,,,,,,
226,2024-09-08 14:13:09,occupational_therapist_interview.txt,2,0,0.0808080808080808,0.0101010101010101,0.0707070707070707,0.0881724737587123,,,,,,,,,,
226,2024-09-08 14:13:09,occupational_therapist_interview.txt,3,0,0.0761904761904762,0.0,0.0285714285714285,0.0344279946053444,,,,,,,,,,
226,2024-09-08 14:13:09,network_administrator_interview.txt,1,0,0.1111111111111111,0.0111111111111111,0.0777777777777777,0.0181441553921881,,,,,,,,,,
226,2024-09-08 14:13:09,network_administrator_interview.txt,2,0,0.0714285714285714,0.0357142857142857,0.0357142857142857,0.1009251180073442,,,,,,,,,,
226,2024-09-08 14:13:09,network_administrator_interview.txt,3,0,0.1157894736842105,0.0105263157894736,0.0631578947368421,0.0842968160660713,,,,,,,,,,
226,2024-09-08 14:13:09,neuroscientist_interview.txt,1,0,0.081081081081081,0.0,0.054054054054054,0.0414359038364657,,,,,,,,,,
226,2024-09-08 14:13:09,neuroscientist_interview.txt,2,0,0.0803571428571428,0.0089285714285714,0.0625,0.0,,,,,,,,,,
226,2024-09-08 14:13:09,neuroscientist_interview.txt,3,0,0.08130081300813,0.032520325203252,0.040650406504065,0.0860332125137391,,,,,,,,,,
226,2024-09-08 14:13:09,retail_manager_interview.txt,1,0,0.0671641791044776,0.0,0.0149253731343283,0.0,,,,,,,,,,
226,2024-09-08 14:13:09,retail_manager_interview.txt,2,0,0.1015625,0.0,0.03125,0.0,,,,,,,,,,
226,2024-09-08 14:13:09,retail_manager_interview.txt,3,0,0.0465116279069767,0.0,0.0387596899224806,0.0622573533334991,,,,,,,,,,
226,2024-09-08 14:13:09,agricultural_engineer_interview.txt,1,0,0.0612244897959183,0.0,0.0306122448979591,0.01754081509232,,,,,,,,,,
226,2024-09-08 14:13:09,agricultural_engineer_interview.txt,2,0,0.1,0.0,0.0444444444444444,0.016643353237249,,,,,,,,,,
226,2024-09-08 14:13:09,agricultural_engineer_interview.txt,3,0,0.0697674418604651,0.0,0.0465116279069767,0.0,,,,,,,,,,
226,2024-09-08 14:13:09,electrical_engineer_interview.txt,1,0,0.1309523809523809,0.0119047619047619,0.0476190476190476,0.0515248660596885,,,,,,,,,,
226,2024-09-08 14:13:09,electrical_engineer_interview.txt,2,0,0.1595744680851064,0.0106382978723404,0.0425531914893617,0.0375765713355705,,,,,,,,,,
226,2024-09-08 14:13:09,electrical_engineer_interview.txt,3,0,0.1182795698924731,0.021505376344086,0.032258064516129,0.030841143854229,,,,,,,,,,
226,2024-09-08 14:13:09,quality_control_engineer_interview.txt,1,0,0.0947368421052631,0.0105263157894736,0.0631578947368421,0.0571315807160011,,,,,,,,,,
226,2024-09-08 14:13:09,quality_control_engineer_interview.txt,2,0,0.1057692307692307,0.0,0.048076923076923,0.0430885464951094,,,,,,,,,,
226,2024-09-08 14:13:09,quality_control_engineer_interview.txt,3,0,0.0973451327433628,0.0088495575221238,0.0265486725663716,0.1121037850099844,,,,,,,,,,
226,2024-09-08 14:13:09,machine_learning_engineer_interview.txt,1,0,0.25,0.0,0.0,0.0,,,,,,,,,,
226,2024-09-08 14:13:09,machine_learning_engineer_interview.txt,2,0,0.0930232558139534,0.0,0.0310077519379844,0.0801136224824336,,,,,,,,,,
226,2024-09-08 14:13:09,machine_learning_engineer_interview.txt,3,0,0.0952380952380952,0.0079365079365079,0.0317460317460317,0.0,,,,,,,,,,
226,2024-09-08 14:13:09,psychologist_interview.txt,1,0,0.0686274509803921,0.0098039215686274,0.0588235294117647,0.0323961959726534,,,,,,,,,,
226,2024-09-08 14:13:09,psychologist_interview.txt,2,0,0.088235294117647,0.0073529411764705,0.0367647058823529,0.0605596667072056,,,,,,,,,,
226,2024-09-08 14:13:09,psychologist_interview.txt,3,0,0.0526315789473684,0.0,0.0526315789473684,0.0271841949737927,,,,,,,,,,
226,2024-09-08 14:13:09,geologist_interview.txt,1,0,0.0901639344262295,0.0081967213114754,0.040983606557377,0.0759044861163816,,,,,,,,,,
226,2024-09-08 14:13:09,geologist_interview.txt,2,0,0.0707964601769911,0.0,0.0353982300884955,0.1118851607455407,,,,,,,,,,
226,2024-09-08 14:13:09,geologist_interview.txt,3,0,0.1641791044776119,0.0149253731343283,0.0149253731343283,0.0,,,,,,,,,,
226,2024-09-08 14:13:09,chemical_engineer_interview.txt,1,0,0.0634920634920634,0.0,0.0634920634920634,0.0,,,,,,,,,,
226,2024-09-08 14:13:09,chemical_engineer_interview.txt,2,0,0.086021505376344,0.0,0.043010752688172,0.0747112850356365,,,,,,,,,,
226,2024-09-08 14:13:09,chemical_engineer_interview.txt,3,0,0.1304347826086956,0.0108695652173913,0.0326086956521739,0.1377422912155963,,,,,,,,,,
226,2024-09-08 14:13:09,machine_learning_engineer_interview copy.txt,1,0,0.1307692307692307,0.0,0.0461538461538461,0.0691364256495546,,,,,,,,,,
226,2024-09-08 14:13:09,machine_learning_engineer_interview copy.txt,2,0,0.0930232558139534,0.0,0.0310077519379844,0.0801136224824336,,,,,,,,,,
226,2024-09-08 14:13:09,machine_learning_engineer_interview copy.txt,3,0,0.0952380952380952,0.0079365079365079,0.0317460317460317,0.0,,,,,,,,,,
226,2024-09-08 14:13:09,no_persona_interview.txt,1,0,0.1047619047619047,0.0095238095238095,0.0571428571428571,0.0635731657580273,,,,,,,,,,
226,2024-09-08 14:13:09,no_persona_interview.txt,2,0,0.125,0.0113636363636363,0.0454545454545454,0.1099189066092266,,,,,,,,,,
226,2024-09-08 14:13:09,no_persona_interview.txt,3,0,0.1240310077519379,0.0,0.0387596899224806,0.111260931065605,,,,,,,,,,
226,2024-09-08 14:13:09,financial_analyst_interview.txt,1,0,0.1171171171171171,0.009009009009009,0.018018018018018,0.0598254669070187,,,,,,,,,,
226,2024-09-08 14:13:09,financial_analyst_interview.txt,2,0,0.1030927835051546,0.0103092783505154,0.0206185567010309,0.1530445380640685,,,,,,,,,,
226,2024-09-08 14:13:09,financial_analyst_interview.txt,3,0,0.0923076923076923,0.0,0.0384615384615384,0.1305219999659435,,,,,,,,,,
226,2024-09-08 14:13:09,civil_engineer_interview.txt,1,0,0.0610687022900763,0.0,0.0381679389312977,0.0831598154358535,,,,,,,,,,
226,2024-09-08 14:13:09,civil_engineer_interview.txt,2,0,0.1401869158878504,0.0093457943925233,0.0186915887850467,0.0551022249278976,,,,,,,,,,
226,2024-09-08 14:13:09,civil_engineer_interview.txt,3,0,0.074074074074074,0.0,0.0462962962962962,0.0519288906523061,,,,,,,,,,
226,2024-09-08 14:13:09,meteorologist_interview.txt,1,0,0.0504201680672268,0.0,0.0588235294117647,0.0,,,,,,,,,,
226,2024-09-08 14:13:09,meteorologist_interview.txt,2,0,0.0476190476190476,0.0,0.0396825396825396,0.0,,,,,,,,,,
226,2024-09-08 14:13:09,meteorologist_interview.txt,3,0,0.072,0.0,0.04,0.1221578217011647,,,,,,,,,,
226,2024-09-08 14:13:09,shop_assistant_interview.txt,1,0,0.0495867768595041,0.0,0.0330578512396694,0.1223705927244681,,,,,,,,,,
226,2024-09-08 14:13:09,shop_assistant_interview.txt,2,0,0.0471698113207547,0.0,0.0566037735849056,0.0428532956412062,,,,,,,,,,
226,2024-09-08 14:13:09,shop_assistant_interview.txt,3,0,0.0618556701030927,0.0,0.0515463917525773,0.0730219714278197,,,,,,,,,,
226,2024-09-08 14:13:09,social_media_manager_interview.txt,1,0,0.0617283950617283,0.0,0.0246913580246913,0.1233699304830566,,,,,,,,,,
226,2024-09-08 14:13:09,social_media_manager_interview.txt,2,0,0.0612244897959183,0.0,0.0510204081632653,0.0,,,,,,,,,,
226,2024-09-08 14:13:09,social_media_manager_interview.txt,3,0,0.0769230769230769,0.0,0.0384615384615384,0.1311687665840011,,,,,,,,,,
226,2024-09-08 14:13:09,marine_engineer_interview.txt,1,0,0.087378640776699,0.0194174757281553,0.0485436893203883,0.0835429425346109,,,,,,,,,,
226,2024-09-08 14:13:09,marine_engineer_interview.txt,2,0,0.1009174311926605,0.0091743119266055,0.055045871559633,0.1072437583550084,,,,,,,,,,
226,2024-09-08 14:13:09,marine_engineer_interview.txt,3,0,0.0952380952380952,0.0158730158730158,0.0396825396825396,0.0,,,,,,,,,,
226,2024-09-08 14:13:09,warehouse_manager_interview.txt,1,0,0.0987654320987654,0.0123456790123456,0.0493827160493827,0.081493124342657,,,,,,,,,,
226,2024-09-08 14:13:09,warehouse_manager_interview.txt,2,0,0.128440366972477,0.0091743119266055,0.0275229357798165,0.0461808634688753,,,,,,,,,,
226,2024-09-08 14:13:09,warehouse_manager_interview.txt,3,0,0.08130081300813,0.0,0.040650406504065,0.067449691905396,,,,,,,,,,
226,2024-09-08 14:13:09,business_intelligence_analyst_interview.txt,1,0,0.087378640776699,0.0,0.0485436893203883,0.0519120125435854,,,,,,,,,,
226,2024-09-08 14:13:09,business_intelligence_analyst_interview.txt,2,0,0.1354166666666666,0.0104166666666666,0.0520833333333333,0.1619933830165744,,,,,,,,,,
226,2024-09-08 14:13:09,business_intelligence_analyst_interview.txt,3,0,0.1041666666666666,0.0,0.0208333333333333,0.0872579957499813,,,,,,,,,,
226,2024-09-08 14:13:09,full_stack_developer_interview.txt,1,0,0.112,0.008,0.024,0.0425483283606354,,,,,,,,,,
226,2024-09-08 14:13:09,full_stack_developer_interview.txt,2,0,0.0902255639097744,0.0451127819548872,0.0300751879699248,0.1023900784935733,,,,,,,,,,
226,2024-09-08 14:13:09,full_stack_developer_interview.txt,3,0,0.08,0.0,0.056,0.0,,,,,,,,,,
226,2024-09-08 14:13:09,focus_group_interview.txt,1,0,0.2,0.0,0.0,0.0,,,,,,,,,,
226,2024-09-08 14:13:09,focus_group_interview.txt,2,0,0.2,0.0,0.0,0.0,,,,,,,,,,
226,2024-09-08 14:13:09,focus_group_interview.txt,3,0,0.2,0.0,0.0,0.0,,,,,,,,,,
226,2024-09-08 14:13:09,travel_agent_interview.txt,1,0,0.0760869565217391,0.0217391304347826,0.0652173913043478,0.1283619363588929,,,,,,,,,,
226,2024-09-08 14:13:09,travel_agent_interview.txt,2,0,0.1037037037037037,0.0074074074074074,0.0444444444444444,0.0745172643816199,,,,,,,,,,
226,2024-09-08 14:13:09,travel_agent_interview.txt,3,0,0.0238095238095238,0.0,0.0634920634920634,0.0527730626390911,,,,,,,,,,
226,2024-09-08 14:13:09,robotics_engineer_interview.txt,1,0,0.14,0.02,0.06,0.0571924000726199,,,,,,,,,,
226,2024-09-08 14:13:09,robotics_engineer_interview.txt,2,0,0.1203703703703703,0.0092592592592592,0.0648148148148148,0.0403813965559999,,,,,,,,,,
226,2024-09-08 14:13:09,robotics_engineer_interview.txt,3,0,0.064516129032258,0.0,0.0403225806451612,0.1247161123923678,,,,,,,,,,
226,2024-09-08 14:13:09,biomedical_engineer_interview.txt,1,0,0.1296296296296296,0.0092592592592592,0.0185185185185185,0.1025907901717319,,,,,,,,,,
226,2024-09-08 14:13:09,biomedical_engineer_interview.txt,2,0,0.0909090909090909,0.0,0.0606060606060606,0.0426668739812379,,,,,,,,,,
226,2024-09-08 14:13:09,biomedical_engineer_interview.txt,3,0,0.1157024793388429,0.0165289256198347,0.024793388429752,0.0915016217502627,,,,,,,,,,
226,2024-09-08 14:13:09,marketing_manager_interview.txt,1,0,0.0823529411764705,0.0,0.0352941176470588,0.0775670553173294,,,,,,,,,,
226,2024-09-08 14:13:09,marketing_manager_interview.txt,2,0,0.0583333333333333,0.0,0.0416666666666666,0.0418311722270583,,,,,,,,,,
226,2024-09-08 14:13:09,marketing_manager_interview.txt,3,0,0.079646017699115,0.0,0.0353982300884955,0.0106077077753049,,,,,,,,,,
226,2024-09-08 14:13:09,professor_of_classics_interview.txt,1,0,0.0721649484536082,0.0,0.0515463917525773,0.1139617522607703,,,,,,,,,,
226,2024-09-08 14:13:09,professor_of_classics_interview.txt,2,0,0.0341880341880341,0.0,0.0341880341880341,0.0452051914403515,,,,,,,,,,
226,2024-09-08 14:13:09,professor_of_classics_interview.txt,3,0,0.094017094017094,0.0085470085470085,0.0512820512820512,0.0592791343979399,,,,,,,,,,
226,2024-09-08 14:13:09,environmental_engineer_interview.txt,1,0,0.09375,0.0,0.0208333333333333,0.1026424642988634,,,,,,,,,,
226,2024-09-08 14:13:09,environmental_engineer_interview.txt,2,0,0.1018518518518518,0.0,0.037037037037037,0.1246022964543093,,,,,,,,,,
226,2024-09-08 14:13:09,environmental_engineer_interview.txt,3,0,0.0762711864406779,0.0,0.0423728813559322,0.0,,,,,,,,,,
226,2024-09-08 14:13:09,physical_therapist_interview.txt,1,0,0.072992700729927,0.0072992700729927,0.0218978102189781,0.0976563572315262,,,,,,,,,,
226,2024-09-08 14:13:09,physical_therapist_interview.txt,2,0,0.0754716981132075,0.0,0.0471698113207547,0.0464390040542306,,,,,,,,,,
226,2024-09-08 14:13:09,physical_therapist_interview.txt,3,0,0.0987654320987654,0.0,0.037037037037037,0.0820079849892669,,,,,,,,,,
226,2024-09-08 14:13:09,astronomer_interview.txt,1,0,0.09,0.0,0.05,0.0357008884926808,,,,,,,,,,
226,2024-09-08 14:13:09,astronomer_interview.txt,2,0,0.0967741935483871,0.032258064516129,0.0241935483870967,0.0,,,,,,,,,,
226,2024-09-08 14:13:09,astronomer_interview.txt,3,0,0.11,0.0,0.05,0.0315139499500514,,,,,,,,,,
226,2024-09-08 14:13:09,ai_professor_interview.txt,1,0,0.0824742268041237,0.0,0.0412371134020618,0.0211330472249737,,,,,,,,,,
226,2024-09-08 14:13:09,ai_professor_interview.txt,2,0,0.1339285714285714,0.0089285714285714,0.0446428571428571,0.0811136402882951,,,,,,,,,,
226,2024-09-08 14:13:09,ai_professor_interview.txt,3,0,0.1428571428571428,0.0357142857142857,0.0476190476190476,0.0,,,,,,,,,,
226,2024-09-08 14:13:09,game_developer_interview.txt,1,0,0.0449438202247191,0.0112359550561797,0.0561797752808988,0.0605193719036507,,,,,,,,,,
226,2024-09-08 14:13:09,game_developer_interview.txt,2,0,0.1030927835051546,0.0,0.0412371134020618,0.0593816587862705,,,,,,,,,,
226,2024-09-08 14:13:09,game_developer_interview.txt,3,0,0.0666666666666666,0.0,0.0533333333333333,0.0775393919155081,,,,,,,,,,
226,2024-09-08 14:13:09,fire_protection_engineer_interview.txt,1,0,0.1239669421487603,0.0330578512396694,0.0330578512396694,0.0,,,,,,,,,,
226,2024-09-08 14:13:09,fire_protection_engineer_interview.txt,2,0,0.0909090909090909,0.0181818181818181,0.0545454545454545,0.0407611697271842,,,,,,,,,,
226,2024-09-08 14:13:09,fire_protection_engineer_interview.txt,3,0,0.1023622047244094,0.0157480314960629,0.0314960629921259,0.0576589288513933,,,,,,,,,,
226,2024-09-08 14:13:09,safety_engineer_interview.txt,1,0,0.1052631578947368,0.0350877192982456,0.0526315789473684,0.0454675110134519,,,,,,,,,,
226,2024-09-08 14:13:09,safety_engineer_interview.txt,2,0,0.1235955056179775,0.0561797752808988,0.0224719101123595,0.0741995996381659,,,,,,,,,,
226,2024-09-08 14:13:09,safety_engineer_interview.txt,3,0,0.1068702290076335,0.0458015267175572,0.0381679389312977,0.0413207430581339,,,,,,,,,,
226,2024-09-08 14:13:09,environmental_scientist_interview.txt,1,0,0.0686274509803921,0.0,0.0294117647058823,0.0534300314907251,,,,,,,,,,
226,2024-09-08 14:13:09,environmental_scientist_interview.txt,2,0,0.1414141414141414,0.0101010101010101,0.0606060606060606,0.0877567755185532,,,,,,,,,,
226,2024-09-08 14:13:09,environmental_scientist_interview.txt,3,0,0.1034482758620689,0.0,0.0344827586206896,0.1066267081851516,,,,,,,,,,
226,2024-09-08 14:13:09,operations_manager_interview.txt,1,0,0.091743119266055,0.0275229357798165,0.055045871559633,0.0,,,,,,,,,,
226,2024-09-08 14:13:09,operations_manager_interview.txt,2,0,0.1145833333333333,0.0,0.0416666666666666,0.047230742864624,,,,,,,,,,
226,2024-09-08 14:13:09,operations_manager_interview.txt,3,0,0.0990990990990991,0.009009009009009,0.045045045045045,0.0929592690651228,,,,,,,,,,
226,2024-09-08 14:13:09,backend_developer_interview.txt,1,0,0.1008403361344537,0.0084033613445378,0.0252100840336134,0.1284026295844632,,,,,,,,,,
226,2024-09-08 14:13:09,backend_developer_interview.txt,2,0,0.088235294117647,0.0098039215686274,0.0294117647058823,0.0870056695430988,,,,,,,,,,
226,2024-09-08 14:13:09,backend_developer_interview.txt,3,0,0.0683760683760683,0.0,0.0512820512820512,0.0437544042466496,,,,,,,,,,
226,2024-09-08 14:13:09,digital_marketing_specialist_interview.txt,1,0,0.1022727272727272,0.0,0.034090909090909,0.1233454514559801,,,,,,,,,,
226,2024-09-08 14:13:09,digital_marketing_specialist_interview.txt,2,0,0.054054054054054,0.0,0.045045045045045,0.0,,,,,,,,,,
226,2024-09-08 14:13:09,digital_marketing_specialist_interview.txt,3,0,0.0693069306930693,0.0,0.0495049504950495,0.1264080048769068,,,,,,,,,,
226,2024-09-08 14:13:09,mechanical_engineer_interview.txt,1,0,0.1018518518518518,0.0,0.037037037037037,0.0662024475332696,,,,,,,,,,
226,2024-09-08 14:13:09,mechanical_engineer_interview.txt,2,0,0.11,0.01,0.02,0.0445948178221984,,,,,,,,,,
226,2024-09-08 14:13:09,mechanical_engineer_interview.txt,3,0,0.1607142857142857,0.0,0.0267857142857142,0.0411470391941935,,,,,,,,,,
226,2024-09-08 14:13:09,software_quality_assurance_tester_interview.txt,1,0,0.073394495412844,0.0091743119266055,0.036697247706422,0.0413513341749755,,,,,,,,,,
226,2024-09-08 14:13:09,software_quality_assurance_tester_interview.txt,2,0,0.1441441441441441,0.009009009009009,0.054054054054054,0.0458783496403244,,,,,,,,,,
226,2024-09-08 14:13:09,software_quality_assurance_tester_interview.txt,3,0,0.0743801652892562,0.0413223140495867,0.024793388429752,0.0444009606557039,,,,,,,,,,
226,2024-09-08 14:13:09,cybersecurity_specialist_interview.txt,1,0,0.0625,0.0234375,0.03125,0.0,,,,,,,,,,
226,2024-09-08 14:13:09,cybersecurity_specialist_interview.txt,2,0,0.0975609756097561,0.016260162601626,0.048780487804878,0.0433073475931765,,,,,,,,,,
226,2024-09-08 14:13:09,cybersecurity_specialist_interview.txt,3,0,0.0808080808080808,0.0202020202020202,0.0202020202020202,0.110208443279443,,,,,,,,,,
226,2024-09-08 14:13:09,product_manager_interview.txt,1,0,0.1150442477876106,0.0088495575221238,0.0353982300884955,0.0737688480628956,,,,,,,,,,
226,2024-09-08 14:13:09,product_manager_interview.txt,2,0,0.0990990990990991,0.009009009009009,0.045045045045045,0.0829660006858995,,,,,,,,,,
226,2024-09-08 14:13:09,product_manager_interview.txt,3,0,0.0747663551401869,0.0093457943925233,0.0373831775700934,0.0,,,,,,,,,,
226,2024-09-08 14:13:09,microbiologist_interview.txt,1,0,0.1325301204819277,0.0120481927710843,0.036144578313253,0.1101574773451147,,,,,,,,,,
226,2024-09-08 14:13:09,microbiologist_interview.txt,2,0,0.0714285714285714,0.0089285714285714,0.0267857142857142,0.0780188264815857,,,,,,,,,,
226,2024-09-08 14:13:09,microbiologist_interview.txt,3,0,0.0757575757575757,0.0,0.0454545454545454,0.0568260682794716,,,,,,,,,,
226,2024-09-08 14:13:09,it_manager_interview.txt,1,0,0.1102362204724409,0.0078740157480314,0.0393700787401574,0.0830915813122366,,,,,,,,,,
226,2024-09-08 14:13:09,it_manager_interview.txt,2,0,0.0909090909090909,0.0075757575757575,0.0303030303030303,0.1798682693699755,,,,,,,,,,
226,2024-09-08 14:13:09,it_manager_interview.txt,3,0,0.1,0.0076923076923076,0.0461538461538461,0.0382738723689206,,,,,,,,,,
226,2024-09-08 14:13:09,industrial_engineer_interview.txt,1,0,0.0708661417322834,0.0,0.0393700787401574,0.1047357166686011,,,,,,,,,,
226,2024-09-08 14:13:09,industrial_engineer_interview.txt,2,0,0.0975609756097561,0.0,0.040650406504065,0.0643330291584199,,,,,,,,,,
226,2024-09-08 14:13:09,industrial_engineer_interview.txt,3,0,0.0491803278688524,0.0163934426229508,0.0573770491803278,0.0,,,,,,,,,,
226,2024-09-08 14:13:09,barista_interview.txt,1,0,0.0897435897435897,0.0,0.0128205128205128,0.0681953019972214,,,,,,,,,,
226,2024-09-08 14:13:09,barista_interview.txt,2,0,0.0427350427350427,0.0,0.0256410256410256,0.1017040566415273,,,,,,,,,,
226,2024-09-08 14:13:09,barista_interview.txt,3,0,0.0625,0.0,0.0390625,0.0932079290911632,,,,,,,,,,
226,2024-09-08 14:13:09,petroleum_engineer_interview.txt,1,0,0.1333333333333333,0.0095238095238095,0.019047619047619,0.0843069329113059,,,,,,,,,,
226,2024-09-08 14:13:09,petroleum_engineer_interview.txt,2,0,0.125,0.0096153846153846,0.0384615384615384,0.0564175341466152,,,,,,,,,,
226,2024-09-08 14:13:09,petroleum_engineer_interview.txt,3,0,0.0990990990990991,0.018018018018018,0.027027027027027,0.0720336357130974,,,,,,,,,,
226,2024-09-08 14:13:09,business_analyst_interview.txt,1,0,0.0787401574803149,0.0,0.0314960629921259,0.0,,,,,,,,,,
226,2024-09-08 14:13:09,business_analyst_interview.txt,2,0,0.0754716981132075,0.0094339622641509,0.0188679245283018,0.0806541259927466,,,,,,,,,,
226,2024-09-08 14:13:09,business_analyst_interview.txt,3,0,0.1123595505617977,0.0112359550561797,0.0337078651685393,0.0,,,,,,,,,,
226,2024-09-08 14:13:09,data_engineer_interview.txt,1,0,0.1889763779527559,0.0078740157480314,0.0393700787401574,0.15220760143159,,,,,,,,,,
226,2024-09-08 14:13:09,data_engineer_interview.txt,2,0,0.0925925925925925,0.0,0.0277777777777777,0.0452239103227598,,,,,,,,,,
226,2024-09-08 14:13:09,data_engineer_interview.txt,3,0,0.1015625,0.015625,0.0234375,0.0,,,,,,,,,,
226,2024-09-08 14:13:09,aerospace_engineer_interview.txt,1,0,0.1566265060240964,0.0120481927710843,0.036144578313253,0.0598364515055597,,,,,,,,,,
226,2024-09-08 14:13:09,aerospace_engineer_interview.txt,2,0,0.1818181818181818,0.0113636363636363,0.034090909090909,0.0372874438364637,,,,,,,,,,
226,2024-09-08 14:13:09,aerospace_engineer_interview.txt,3,0,0.1354166666666666,0.0104166666666666,0.0833333333333333,0.047097992667724,,,,,,,,,,
226,2024-09-08 14:13:09,bartender_interview.txt,1,0,0.074074074074074,0.0092592592592592,0.0277777777777777,0.0802144581933062,,,,,,,,,,
226,2024-09-08 14:13:09,bartender_interview.txt,2,0,0.128440366972477,0.0091743119266055,0.018348623853211,0.0542195723652842,,,,,,,,,,
226,2024-09-08 14:13:09,bartender_interview.txt,3,0,0.07,0.0,0.03,0.0973387164224358,,,,,,,,,,
226,2024-09-08 14:13:09,natural_language_processing_engineer_interview.txt,1,0,0.1282051282051282,0.0,0.0641025641025641,0.0164392722606681,,,,,,,,,,
226,2024-09-08 14:13:09,natural_language_processing_engineer_interview.txt,2,0,0.0930232558139534,0.0077519379844961,0.0387596899224806,0.0706681390294403,,,,,,,,,,
226,2024-09-08 14:13:09,natural_language_processing_engineer_interview.txt,3,0,0.1278195488721804,0.0300751879699248,0.0150375939849624,0.0796851750714229,,,,,,,,,,
226,2024-09-08 14:13:09,cto_of_a_fintec_interview.txt,1,0,0.1209677419354838,0.0080645161290322,0.032258064516129,0.0542815808204184,,,,,,,,,,
226,2024-09-08 14:13:09,cto_of_a_fintec_interview.txt,2,0,0.1138211382113821,0.016260162601626,0.032520325203252,0.0907334966492485,,,,,,,,,,
226,2024-09-08 14:13:09,cto_of_a_fintec_interview.txt,3,0,0.1403508771929824,0.0175438596491228,0.0350877192982456,0.0552888252461915,,,,,,,,,,
226,2024-09-08 14:13:09,database_administrator_interview.txt,1,0,0.1057692307692307,0.0096153846153846,0.0192307692307692,0.0548225848771237,,,,,,,,,,
226,2024-09-08 14:13:09,database_administrator_interview.txt,2,0,0.1120689655172413,0.0086206896551724,0.0258620689655172,0.024114343310107,,,,,,,,,,
226,2024-09-08 14:13:09,database_administrator_interview.txt,3,0,0.0833333333333333,0.0151515151515151,0.0378787878787878,0.104152812248344,,,,,,,,,,
226,2024-09-08 14:13:09,nuclear_engineer_interview.txt,1,0,0.1181818181818181,0.009090909090909,0.0363636363636363,0.0449991497095448,,,,,,,,,,
226,2024-09-08 14:13:09,nuclear_engineer_interview.txt,2,0,0.1075268817204301,0.032258064516129,0.043010752688172,0.0757479536132003,,,,,,,,,,
226,2024-09-08 14:13:09,nuclear_engineer_interview.txt,3,0,0.0865384615384615,0.0192307692307692,0.0576923076923076,0.1100773347441114,,,,,,,,,,
226,2024-09-08 14:13:09,pharmacist_interview.txt,1,0,0.1020408163265306,0.0204081632653061,0.0408163265306122,0.0,,,,,,,,,,
226,2024-09-08 14:13:09,pharmacist_interview.txt,2,0,0.044776119402985,0.0074626865671641,0.0223880597014925,0.0690132425340739,,,,,,,,,,
226,2024-09-08 14:13:09,pharmacist_interview.txt,3,0,0.1290322580645161,0.075268817204301,0.021505376344086,0.0934611119352368,,,,,,,,,,
226,2024-09-08 14:13:09,chef_interview.txt,1,0,0.0481927710843373,0.0,0.0120481927710843,0.0332256967857307,,,,,,,,,,
226,2024-09-08 14:13:09,chef_interview.txt,2,0,0.0534351145038167,0.0,0.0305343511450381,0.0765835105514407,,,,,,,,,,
226,2024-09-08 14:13:09,chef_interview.txt,3,0,0.0777777777777777,0.0,0.0333333333333333,0.0449413215361284,,,,,,,,,,
226,2024-09-08 14:13:09,hotel_manager_interview.txt,1,0,0.0578512396694214,0.0,0.0165289256198347,0.1413053520565927,,,,,,,,,,
226,2024-09-08 14:13:09,hotel_manager_interview.txt,2,0,0.0964912280701754,0.0175438596491228,0.0350877192982456,0.1099607806113364,,,,,,,,,,
226,2024-09-08 14:13:09,hotel_manager_interview.txt,3,0,0.0806451612903225,0.0080645161290322,0.0161290322580645,0.0983426079695328,,,,,,,,,,
226,2024-09-08 14:13:09,mobile_app_developer_interview.txt,1,0,0.0763358778625954,0.0,0.0305343511450381,0.1013216232627603,,,,,,,,,,
226,2024-09-08 14:13:09,mobile_app_developer_interview.txt,2,0,0.0495867768595041,0.0,0.0413223140495867,0.0251933432248417,,,,,,,,,,
226,2024-09-08 14:13:09,mobile_app_developer_interview.txt,3,0,0.0708661417322834,0.0,0.0551181102362204,0.0713877057334111,,,,,,,,,,
226,2024-09-08 14:13:09,graphic_designer_interview.txt,1,0,0.0803571428571428,0.0,0.0267857142857142,0.0907194463199692,,,,,,,,,,
226,2024-09-08 14:13:09,graphic_designer_interview.txt,2,0,0.0603448275862069,0.0,0.0258620689655172,0.1235217831475955,,,,,,,,,,
226,2024-09-08 14:13:09,graphic_designer_interview.txt,3,0,0.0458015267175572,0.0,0.0229007633587786,0.1745280411231842,,,,,,,,,,
226,2024-09-08 14:13:09,geotechnical_engineer_interview.txt,1,0,0.1130434782608695,0.0,0.0347826086956521,0.0319974506476605,,,,,,,,,,
226,2024-09-08 14:13:09,geotechnical_engineer_interview.txt,2,0,0.1065573770491803,0.0,0.040983606557377,0.0214325208060958,,,,,,,,,,
226,2024-09-08 14:13:09,geotechnical_engineer_interview.txt,3,0,0.1089108910891089,0.0,0.0396039603960396,0.0773230010696247,,,,,,,,,,
226,2024-09-08 14:13:09,gardener_interview.txt,1,0,0.0490196078431372,0.0,0.0098039215686274,0.0456965816968714,,,,,,,,,,
226,2024-09-08 14:13:09,gardener_interview.txt,2,0,0.0695652173913043,0.0,0.017391304347826,0.1140851410160635,,,,,,,,,,
226,2024-09-08 14:13:09,gardener_interview.txt,3,0,0.0615384615384615,0.0,0.023076923076923,0.0,,,,,,,,,,
226,2024-09-08 14:13:09,ai_software_developer_interview.txt,1,0,0.1530612244897959,0.010204081632653,0.0510204081632653,0.0111499229117319,,,,,,,,,,
226,2024-09-08 14:13:09,ai_software_developer_interview.txt,2,0,0.1023622047244094,0.0078740157480314,0.0472440944881889,0.1105557259653508,,,,,,,,,,
226,2024-09-08 14:13:09,ai_software_developer_interview.txt,3,0,0.1074380165289256,0.0082644628099173,0.0578512396694214,0.0,,,,,,,,,,
226,2024-09-08 14:13:09,supply_chain_manager_interview.txt,1,0,0.099009900990099,0.0,0.0495049504950495,0.110396931184179,,,,,,,,,,
226,2024-09-08 14:13:09,supply_chain_manager_interview.txt,2,0,0.1,0.0,0.0181818181818181,0.0139712343151882,,,,,,,,,,
226,2024-09-08 14:13:09,supply_chain_manager_interview.txt,3,0,0.1119402985074626,0.0149253731343283,0.0149253731343283,0.028340865949965,,,,,,,,,,
226,2024-09-08 14:13:09,cloud_architect_interview.txt,1,0,0.0970873786407767,0.0097087378640776,0.058252427184466,0.0391645933980824,,,,,,,,,,
226,2024-09-08 14:13:09,cloud_architect_interview.txt,2,0,0.144,0.008,0.048,0.0392796140007774,,,,,,,,,,
226,2024-09-08 14:13:09,cloud_architect_interview.txt,3,0,0.1333333333333333,0.0083333333333333,0.05,0.0877736868278276,,,,,,,,,,
226,2024-09-08 14:13:09,mining_engineer_interview.txt,1,0,0.0701754385964912,0.0,0.0175438596491228,0.0623291883426047,,,,,,,,,,
226,2024-09-08 14:13:09,mining_engineer_interview.txt,2,0,0.0839694656488549,0.0,0.0305343511450381,0.0706375811030402,,,,,,,,,,
226,2024-09-08 14:13:09,mining_engineer_interview.txt,3,0,0.1477272727272727,0.0113636363636363,0.0568181818181818,0.0358635620371859,,,,,,,,,,
226,2024-09-08 14:13:09,devops_engineer_interview.txt,1,0,0.1068702290076335,0.0305343511450381,0.015267175572519,0.07311065388755,,,,,,,,,,
226,2024-09-08 14:13:09,devops_engineer_interview.txt,2,0,0.0560747663551401,0.0,0.0560747663551401,0.148397515332583,,,,,,,,,,
226,2024-09-08 14:13:09,devops_engineer_interview.txt,3,0,0.1935483870967742,0.010752688172043,0.064516129032258,0.0,,,,,,,,,,
226,2024-09-08 14:13:09,system_administrator_interview.txt,1,0,0.1041666666666666,0.0104166666666666,0.0416666666666666,0.0332782663987651,,,,,,,,,,
226,2024-09-08 14:13:09,system_administrator_interview.txt,2,0,0.0952380952380952,0.0095238095238095,0.0476190476190476,0.0204433907247207,,,,,,,,,,
226,2024-09-08 14:13:09,system_administrator_interview.txt,3,0,0.1621621621621621,0.0135135135135135,0.0405405405405405,0.1253139835189771,,,,,,,,,,
226,2024-09-08 14:13:09,content_writer_interview.txt,1,0,0.1348314606741573,0.0112359550561797,0.0337078651685393,0.055124321075318,,,,,,,,,,
226,2024-09-08 14:13:09,content_writer_interview.txt,2,0,0.0465116279069767,0.0,0.0348837209302325,0.1019393483798434,,,,,,,,,,
226,2024-09-08 14:13:09,content_writer_interview.txt,3,0,0.078125,0.0,0.03125,0.0877565421919958,,,,,,,,,,
226,2024-09-08 14:13:09,transportation_engineer_interview.txt,1,0,0.1037037037037037,0.0,0.037037037037037,0.1117562157628961,,,,,,,,,,
226,2024-09-08 14:13:09,transportation_engineer_interview.txt,2,0,0.0655737704918032,0.0245901639344262,0.0655737704918032,0.0349067186143281,,,,,,,,,,
226,2024-09-08 14:13:09,transportation_engineer_interview.txt,3,0,0.0697674418604651,0.0,0.0387596899224806,0.1166303786213575,,,,,,,,,,
226,2024-09-08 14:13:09,lorry_driver_interview.txt,1,0,0.074074074074074,0.0092592592592592,0.0185185185185185,0.0916819840397446,,,,,,,,,,
226,2024-09-08 14:13:09,lorry_driver_interview.txt,2,0,0.0852713178294573,0.0077519379844961,0.0232558139534883,0.0567176989464362,,,,,,,,,,
226,2024-09-08 14:13:09,lorry_driver_interview.txt,3,0,0.0672268907563025,0.0,0.0336134453781512,0.1123148981401632,,,,,,,,,,
226,2024-09-08 14:13:09,dentist_interview.txt,1,0,0.0451127819548872,0.0,0.0225563909774436,0.0704318199356172,,,,,,,,,,
226,2024-09-08 14:13:09,dentist_interview.txt,2,0,0.0982142857142857,0.0089285714285714,0.0446428571428571,0.0940702620980976,,,,,,,,,,
226,2024-09-08 14:13:09,dentist_interview.txt,3,0,0.0909090909090909,0.0,0.034090909090909,0.1371066698362683,,,,,,,,,,
226,2024-09-08 14:13:09,physicist_interview.txt,1,0,0.0973451327433628,0.0088495575221238,0.0353982300884955,0.1139810973689073,,,,,,,,,,
226,2024-09-08 14:13:09,physicist_interview.txt,2,0,0.072072072072072,0.0,0.063063063063063,0.1136156482515152,,,,,,,,,,
226,2024-09-08 14:13:09,physicist_interview.txt,3,0,0.0802919708029197,0.0,0.0364963503649635,0.062641834791487,,,,,,,,,,
226,2024-09-08 14:13:09,architect_interview.txt,1,0,0.1529411764705882,0.0117647058823529,0.0588235294117647,0.0,,,,,,,,,,
226,2024-09-08 14:13:09,architect_interview.txt,2,0,0.1317829457364341,0.0,0.0465116279069767,0.0876209078759001,,,,,,,,,,
226,2024-09-08 14:13:09,architect_interview.txt,3,0,0.064,0.056,0.04,0.0480218505844039,,,,,,,,,,
226,2024-09-08 14:13:09,materials_engineer_interview.txt,1,0,0.0833333333333333,0.0,0.0555555555555555,0.0329382443745014,,,,,,,,,,
226,2024-09-08 14:13:09,materials_engineer_interview.txt,2,0,0.1411764705882353,0.0117647058823529,0.0117647058823529,0.0418562922438496,,,,,,,,,,
226,2024-09-08 14:13:09,materials_engineer_interview.txt,3,0,0.0775862068965517,0.0,0.0517241379310344,0.0236745237289426,,,,,,,,,,
226,2024-09-08 14:13:09,computer_vision_engineer_interview.txt,1,0,0.1308411214953271,0.0093457943925233,0.0373831775700934,0.0651242189442417,,,,,,,,,,
226,2024-09-08 14:13:09,computer_vision_engineer_interview.txt,2,0,0.1224489795918367,0.0,0.0408163265306122,0.0806504300442508,,,,,,,,,,
226,2024-09-08 14:13:09,computer_vision_engineer_interview.txt,3,0,0.1147540983606557,0.0,0.040983606557377,0.0739659279494996,,,,,,,,,,
226,2024-09-08 14:13:09,data_scientist_interview.txt,1,0,0.0948275862068965,0.0086206896551724,0.0517241379310344,0.0,,,,,,,,,,
226,2024-09-08 14:13:09,data_scientist_interview.txt,2,0,0.1322314049586777,0.0413223140495867,0.0330578512396694,0.0524078414472835,,,,,,,,,,
226,2024-09-08 14:13:09,data_scientist_interview.txt,3,0,0.2113821138211382,0.008130081300813,0.032520325203252,0.0,,,,,,,,,,
226,2024-09-08 14:13:09,structural_engineer_interview.txt,1,0,0.1221374045801526,0.0076335877862595,0.0381679389312977,0.1294579871455792,,,,,,,,,,
226,2024-09-08 14:13:09,structural_engineer_interview.txt,2,0,0.08130081300813,0.0,0.048780487804878,0.0444434820554314,,,,,,,,,,
226,2024-09-08 14:13:09,structural_engineer_interview.txt,3,0,0.1619047619047619,0.0,0.0380952380952381,0.0492461992698414,,,,,,,,,,
226,2024-09-08 14:13:09,ai_ethicist_interview.txt,1,0,0.0984848484848484,0.0378787878787878,0.0151515151515151,0.0,,,,,,,,,,
226,2024-09-08 14:13:09,ai_ethicist_interview.txt,2,0,0.0707964601769911,0.0442477876106194,0.0442477876106194,0.0463364020063631,,,,,,,,,,
226,2024-09-08 14:13:09,ai_ethicist_interview.txt,3,0,0.0902255639097744,0.0601503759398496,0.0451127819548872,0.0627334709480612,,,,,,,,,,
226,2024-09-08 14:13:09,sales_manager_interview.txt,1,0,0.0581395348837209,0.0,0.0465116279069767,0.0927529785536527,,,,,,,,,,
226,2024-09-08 14:13:09,sales_manager_interview.txt,2,0,0.0648148148148148,0.0,0.0277777777777777,0.1185601973267088,,,,,,,,,,
226,2024-09-08 14:13:09,sales_manager_interview.txt,3,0,0.075187969924812,0.0,0.0300751879699248,0.106219738259975,,,,,,,,,,
226,2024-09-08 14:13:09,frontend_developer_interview.txt,1,0,0.043103448275862,0.0,0.0258620689655172,0.0463880667322203,,,,,,,,,,
226,2024-09-08 14:13:09,frontend_developer_interview.txt,2,0,0.0980392156862745,0.0,0.0392156862745098,0.0316033064174671,,,,,,,,,,
226,2024-09-08 14:13:09,frontend_developer_interview.txt,3,0,0.1206896551724138,0.0,0.043103448275862,0.1521935579294296,,,,,,,,,,
226,2024-09-08 14:13:09,public_relations_specialist_interview.txt,1,0,0.0824742268041237,0.0,0.0412371134020618,0.0612498751422564,,,,,,,,,,
226,2024-09-08 14:13:09,public_relations_specialist_interview.txt,2,0,0.0869565217391304,0.0260869565217391,0.0434782608695652,0.0,,,,,,,,,,
226,2024-09-08 14:13:09,public_relations_specialist_interview.txt,3,0,0.0701754385964912,0.0,0.0263157894736842,0.1004132052736,,,,,,,,,,
226,2024-09-08 14:13:09,logistics_coordinator_interview.txt,1,0,0.0964912280701754,0.0,0.0701754385964912,0.0536258473420191,,,,,,,,,,
226,2024-09-08 14:13:09,logistics_coordinator_interview.txt,2,0,0.0879120879120879,0.0,0.0659340659340659,0.0355816989033996,,,,,,,,,,
226,2024-09-08 14:13:09,logistics_coordinator_interview.txt,3,0,0.073394495412844,0.0,0.036697247706422,0.041870378325629,,,,,,,,,,
226,2024-09-08 14:13:09,nurse_interview.txt,1,0,0.1111111111111111,0.0111111111111111,0.0666666666666666,0.0792010942258981,,,,,,,,,,
226,2024-09-08 14:13:09,nurse_interview.txt,2,0,0.0597014925373134,0.0,0.0223880597014925,0.1370661560765469,,,,,,,,,,
226,2024-09-08 14:13:09,nurse_interview.txt,3,0,0.091743119266055,0.0091743119266055,0.055045871559633,0.1152664333805689,,,,,,,,,,
226,2024-09-08 14:13:09,chemist_interview.txt,1,0,0.0833333333333333,0.0185185185185185,0.0462962962962962,0.0527446151325422,,,,,,,,,,
226,2024-09-08 14:13:09,chemist_interview.txt,2,0,0.1648351648351648,0.0109890109890109,0.0109890109890109,0.1152384730306447,,,,,,,,,,
226,2024-09-08 14:13:09,chemist_interview.txt,3,0,0.0866141732283464,0.0,0.0393700787401574,0.0643850449549886,,,,,,,,,,
226,2024-09-08 14:13:09,manufacturing_engineer_interview.txt,1,0,0.0852713178294573,0.0310077519379844,0.0620155038759689,0.0482168090314157,,,,,,,,,,
226,2024-09-08 14:13:09,manufacturing_engineer_interview.txt,2,0,0.1272727272727272,0.009090909090909,0.0545454545454545,0.0834938300109287,,,,,,,,,,
226,2024-09-08 14:13:09,manufacturing_engineer_interview.txt,3,0,0.1234567901234567,0.0123456790123456,0.0493827160493827,0.0635358168333495,,,,,,,,,,
226,2024-09-08 14:13:09,veterinarian_interview.txt,1,0,0.0588235294117647,0.0,0.0392156862745098,0.0969298964109895,,,,,,,,,,
226,2024-09-08 14:13:09,veterinarian_interview.txt,2,0,0.053030303030303,0.0151515151515151,0.0075757575757575,0.0695811870523281,,,,,,,,,,
226,2024-09-08 14:13:09,veterinarian_interview.txt,3,0,0.0603448275862069,0.0172413793103448,0.043103448275862,0.0394390204432756,,,,,,,,,,
226,2024-09-08 14:13:09,event_planner_interview.txt,1,0,0.0454545454545454,0.0,0.0303030303030303,0.099059528098622,,,,,,,,,,
226,2024-09-08 14:13:09,event_planner_interview.txt,2,0,0.0873015873015873,0.0079365079365079,0.0317460317460317,0.0271201838699979,,,,,,,,,,
226,2024-09-08 14:13:09,event_planner_interview.txt,3,0,0.0490196078431372,0.0,0.0196078431372549,0.1572289573335409,,,,,,,,,,
226,2024-09-08 14:13:09,seo_specialist_interview.txt,1,0,0.0729166666666666,0.0,0.0208333333333333,0.0418630458366323,,,,,,,,,,
226,2024-09-08 14:13:09,seo_specialist_interview.txt,2,0,0.0459770114942528,0.0,0.0344827586206896,0.0469111864526693,,,,,,,,,,
226,2024-09-08 14:13:09,seo_specialist_interview.txt,3,0,0.0471698113207547,0.0,0.0283018867924528,0.1552382553045406,,,,,,,,,,
226,2024-09-08 14:13:09,procurement_specialist_interview.txt,1,0,0.1129032258064516,0.0080645161290322,0.0161290322580645,0.0,,,,,,,,,,
226,2024-09-08 14:13:09,procurement_specialist_interview.txt,2,0,0.0857142857142857,0.0095238095238095,0.0285714285714285,0.0290324715415137,,,,,,,,,,
226,2024-09-08 14:13:09,procurement_specialist_interview.txt,3,0,0.0714285714285714,0.0,0.0625,0.0990984254553111,,,,,,,,,,
226,2024-09-08 14:13:09,aerospace_engineer_interview.txt,-999,0,0.1579537848363149,0.0112761652671291,0.0511896069124984,0.0480739626699158,0.0232292144480414,33.93749217359016,0.0008192726969039,61.95611461389598,0.0278562156525578,8.638921471799875,0.0113061410215475,-49.35193438837489,2.0,76.0
226,2024-09-08 14:13:09,agricultural_engineer_interview.txt,-999,0,0.0769973105521278,0.0,0.0405227724164601,0.011394722776523,0.0203737158827427,-34.7098476294814,0.0,-100.0,0.0086447804274119,-13.999138577160082,0.0098783166486343,-87.99515091413978,77.0,100.0
226,2024-09-08 14:13:09,ai_ethicist_interview.txt,-999,0,0.0865022908572046,0.0474256504764189,0.0348373615723406,0.0363566243181414,0.0142147382473145,-26.65006465852805,0.0114708333605618,581.1601197960282,0.017053928162806,-26.06519923836068,0.0325356583816519,-61.69667338376586,63.0,91.0
226,2024-09-08 14:13:09,ai_professor_interview.txt,-999,0,0.1197533136966126,0.0148809523809523,0.0444996727213222,0.0340822291710896,0.0325918331272127,1.5452623222861348,0.0185863035666619,113.73056994818648,0.0031933755528298,-5.559023757376224,0.0420786958568103,-64.09285019626586,14.0,92.0
226,2024-09-08 14:13:09,ai_software_developer_interview.txt,-999,0,0.1209538152477103,0.0087808533968673,0.0520385807736252,0.0405685496256942,0.0279214122591925,2.563232023177804,0.0012479167381629,26.116713036871303,0.0053763732034059,10.4406857398518,0.0608665247425301,-57.25922205916984,12.0,88.0
226,2024-09-08 14:13:09,architect_interview.txt,-999,0,0.1162413740690074,0.0225882352941176,0.0484450524395804,0.0452142528201013,0.0464627652579288,-1.4326997877952152,0.0295273024791548,224.4279183175861,0.0095595456323168,2.8141954025396245,0.0438778740158845,-52.36476636767525,20.0,78.0
226,2024-09-08 14:13:09,astronomer_interview.txt,-999,0,0.0989247311827957,0.010752688172043,0.0413978494623656,0.0224049461475774,0.0101719520785223,-16.11641074444212,0.0186242022319234,54.43757312385088,0.0148993617855387,-12.141975918450784,0.0195158607931298,-76.39538911533178,45.0,97.0
226,2024-09-08 14:13:09,backend_developer_interview.txt,-999,0,0.0858172328760564,0.0060690943043884,0.0353013000071823,0.0863875677914038,0.0163666562069989,-27.230962090543287,0.0053024354302523,-12.83145382505336,0.0139982798443183,-25.0805897789312,0.0423274975700418,-8.986841139563666,66.0,16.0
226,2024-09-08 14:13:09,barista_interview.txt,-999,0,0.0649928774928775,0.0,0.0258413461538461,0.087702429243304,0.0236032137983276,-44.88905074631657,0.0,-100.0,0.0131221404127903,-45.15730545983465,0.0174195882811321,-7.601575906837013,92.0,14.0
226,2024-09-08 14:13:09,bartender_interview.txt,-999,0,0.090838147015517,0.0061445237286215,0.0253754672103295,0.0772575823270087,0.0326281278831465,-22.973459499167177,0.0053214831486181,-11.748084063528268,0.0061860297101893,-46.146033231207774,0.0217111142556495,-18.605688373125343,55.0,27.0
226,2024-09-08 14:13:09,biologist_interview.txt,-999,0,0.0875891303679257,0.0034013605442176,0.0338537846028502,0.0489864703554579,0.0305337550541416,-25.72847510236771,0.0058913292774451,-51.14729829755737,0.0211665675931543,-28.152629628919968,0.0437409249891785,-48.3905668088853,60.0,74.0
226,2024-09-08 14:13:09,biomedical_engineer_interview.txt,-999,0,0.1120803999591878,0.0085960616263646,0.0346393225181103,0.0789197619677442,0.0196127413682171,-4.961013071620684,0.0082843961072437,23.4626053278903,0.0227056625822035,-26.48549450059315,0.0318817554345985,-16.854507924775135,21.0,25.0
226,2024-09-08 14:13:09,business_analyst_interview.txt,-999,0,0.0888571353851067,0.0068899724401102,0.0280239508963223,0.0268847086642488,0.0204191906306732,-24.653265589403176,0.0060345326807251,-1.041432103701652,0.008006099634392,-40.52519672676368,0.0465656813531662,-71.67575933513768,59.0,95.0
226,2024-09-08 14:13:09,business_intelligence_analyst_interview.txt,-999,0,0.1089873247033441,0.0034722222222222,0.0404867853290183,0.1003877971033804,0.024379131255671,-7.583797598760711,0.0060140653040586,-50.12953367875648,0.0171121565398583,-14.075513423586813,0.0562029429299538,5.763025386719647,26.0,8.0
226,2024-09-08 14:13:09,chef_interview.txt,-999,0,0.0598018877886439,0.0,0.0253052924164852,0.0515835096244333,0.0157867034813484,-49.29076953769888,0.0,-100.0,0.0115659670403587,-46.29496412514459,0.0224290882691609,-45.654470011661154,96.0,69.0
226,2024-09-08 14:13:09,chemical_engineer_interview.txt,-999,0,0.0933161171590344,0.0036231884057971,0.0463705039441364,0.0708178587504109,0.0340623022045956,-20.872255611918234,0.006275546404235,-47.96125253435458,0.0157134193815333,-1.588587206657451,0.0689536349550145,-25.390224619236847,51.0,39.0
226,2024-09-08 14:13:09,chemist_interview.txt,-999,0,0.1115942237989481,0.0098358431691765,0.0322184620084882,0.0774560443727252,0.046137179469714,-5.37326793290535,0.0093129602729585,41.26920862672159,0.0187085626211643,-31.623249811912142,0.0332341516828835,-18.396599748959304,24.0,26.0
226,2024-09-08 14:13:09,civil_engineer_interview.txt,-999,0,0.0917765640840003,0.0031152647975077,0.0343852746708802,0.0633969770053524,0.0424258947476586,-22.177725298205857,0.0053957969083142,-55.25640404823011,0.0141857809399302,-27.024656369378235,0.017188509235205,-33.20845479303192,54.0,52.0
226,2024-09-08 14:13:09,cloud_architect_interview.txt,-999,0,0.12480690399137,0.008680690399137,0.052084142394822,0.0554059647422291,0.0245911266250874,5.83047277959821,0.0009057808622431,24.67810252024749,0.005434685173459,10.537380473135885,0.0280313285841514,-41.62734291725233,8.0,62.0
226,2024-09-08 14:13:09,computer_vision_engineer_interview.txt,-999,0,0.1226813998159398,0.0031152647975077,0.0397277035526942,0.0732468589793307,0.0080460296236275,4.02814370494751,0.0053957969083142,-55.25640404823011,0.0020321410418955,-15.686501092035044,0.0077880423033267,-22.831164451684472,10.0,36.0
226,2024-09-08 14:13:09,construction_manager_interview.txt,-999,0,0.1037596940455385,0.0080867208672086,0.0223606108958285,0.076807083260755,0.0101837238080021,-12.016586221343132,0.0081304281768819,16.147099709339074,0.0031834517450249,-52.54441677339249,0.0695745010677526,-19.0803092489258,34.0,29.0
226,2024-09-08 14:13:09,content_writer_interview.txt,-999,0,0.086489362860378,0.0037453183520599,0.0332805286995906,0.0816067372157191,0.0447500853580274,-26.66102700093465,0.0064870816762879,-46.20713745124294,0.001854169434807,-29.369241883120765,0.0240057653765828,-14.02365955908776,64.0,22.0
226,2024-09-08 14:13:09,cto_of_a_fintec_interview.txt,-999,0,0.1250465857799494,0.013956179459927,0.0332887030058755,0.0667679675719528,0.0137271442018583,6.033711832814205,0.0051425423800777,100.44833918610216,0.0015635024407279,-29.35189367765217,0.0207608663908648,-29.656965755907265,7.0,45.0
226,2024-09-08 14:13:09,customer_service_representative_interview.txt,-999,0,0.0893424342048937,0.0123852759370558,0.0369353692573757,0.0671208891698068,0.0186058317444694,-24.241754672178686,0.0053258486027179,77.88593211149677,0.0077588213681168,-21.612629549139,0.0489025078385463,-29.28514709875597,58.0,43.0
226,2024-09-08 14:13:09,cybersecurity_specialist_interview.txt,-999,0,0.0802896854726123,0.0199665609345487,0.0334108360022994,0.0511719302908732,0.0175362354275327,-31.918066219482995,0.0035944573766429,186.77361093559125,0.0144112494879355,-29.09269268339005,0.0555235444498658,-46.08808721175909,72.0,70.0
226,2024-09-08 14:13:09,data_engineer_interview.txt,-999,0,0.1277104901817828,0.0078330052493438,0.0301951188393117,0.0658105039181166,0.0532470333727473,8.292579357523962,0.007812580728911,12.503059850679293,0.008236772406936,-35.9173601386902,0.0781642140642681,-30.665696454751668,6.0,48.0
226,2024-09-08 14:13:09,data_scientist_interview.txt,-999,0,0.1461470349955708,0.0193576950018574,0.0391007714579853,0.0174692804824278,0.059510276812812,23.925915268174776,0.0190234997193799,178.02865567434566,0.0109354592676591,-17.017029508118767,0.0302576813672363,-81.5953332131787,3.0,99.0
226,2024-09-08 14:13:09,database_administrator_interview.txt,-999,0,0.1003905098732684,0.011129196474024,0.0276572086916914,0.0610299134785249,0.0151040431047355,-14.87349831859008,0.0035187554864522,59.84524676681187,0.0094527268474012,-41.30352811026895,0.0403786741209838,-35.70226188018239,41.0,55.0
226,2024-09-08 14:13:09,dentist_interview.txt,-999,0,0.0780787195260879,0.0029761904761904,0.0337633857370699,0.1005362506233277,0.028782047316803,-33.79286291691923,0.0051549131177645,-57.2538860103627,0.0110468751499902,-28.34448176205774,0.033804447311336,5.919427796693483,76.0,6.0
226,2024-09-08 14:13:09,devops_engineer_interview.txt,-999,0,0.1188311274865159,0.013762346439027,0.0452860236533057,0.073836056406711,0.0695129226782348,0.7632911373258651,0.0154880657967721,97.66437476157,0.0263374748416523,-3.890163176065883,0.0742014170742861,-22.210418661181293,16.0,35.0
226,2024-09-08 14:13:09,digital_marketing_specialist_interview.txt,-999,0,0.0752112373399502,0.0,0.0428803015436678,0.0832511521109623,0.0246456028426492,-36.22435497177396,0.0,-100.0,0.0079317560427817,-8.99579049214735,0.0721138721343955,-12.291195063101242,80.0,19.0
226,2024-09-08 14:13:09,doctor_interview.txt,-999,0,0.0757761686476545,0.0037878787878787,0.0440871229023839,0.0522903051616822,0.0230603716877812,-35.74531939385045,0.0065607985135184,-45.59585492227979,0.0264458986550197,-6.434571941589681,0.0202047210831162,-44.90982936303435,78.0,67.0
226,2024-09-08 14:13:09,electrical_engineer_interview.txt,-999,0,0.1362688063099868,0.0146828120403961,0.0408101012081794,0.039980860416496,0.0211545606931988,15.549634961657205,0.0059423497494545,110.8847408081764,0.0078274340155827,-13.389345067834242,0.0105493860274732,-57.87837887449393,5.0,90.0
226,2024-09-08 14:13:09,environmental_engineer_interview.txt,-999,0,0.0906243460975099,0.0,0.0334144172421008,0.0757482535843909,0.01307363357901,-23.154752773095083,0.0,-100.0,0.0112174222925081,-29.08509227281793,0.0665124574639047,-20.19583357730795,56.0,31.0
226,2024-09-08 14:13:09,environmental_scientist_interview.txt,-999,0,0.1044966227522008,0.0033670033670033,0.0415001946442108,0.08260450506481,0.0364046679627235,-11.391704817055455,0.0058318209009053,-51.64075993091537,0.0167393049567516,-11.924770301058343,0.0269700022423844,-12.97246659143272,31.0,20.0
226,2024-09-08 14:13:09,event_planner_interview.txt,-999,0,0.06059191353309,0.0026455026455026,0.0272189683954389,0.0944695564340536,0.0231998366820394,-48.62086430514412,0.0045821449935684,-62.00345423143351,0.0066307981467506,-42.23359880238685,0.0651757172032501,-0.4721053384833027,94.0,12.0
226,2024-09-08 14:13:09,financial_analyst_interview.txt,-999,0,0.1041725309766546,0.0064394291198414,0.0256993710601958,0.1144640016456769,0.0124399067840271,-11.666519628841826,0.0056144777702126,-7.512448081862118,0.0111285842740836,-45.458617034201644,0.0486399351293362,20.59293520954837,32.0,3.0
226,2024-09-08 14:13:09,fire_protection_engineer_interview.txt,-999,0,0.1057460792607535,0.0223292336391835,0.0396997895924166,0.0328066995261925,0.0167867012037599,-10.332223580129464,0.0093706059633852,220.7079567244391,0.0128804162027449,-15.745742463896889,0.029641073128454,-65.43667761461074,30.0,94.0
226,2024-09-08 14:13:09,focus_group_interview.txt,-999,0,0.2,0.0,0.0,0.0,0.0,69.59073479928011,0.0,-100.0,0.0,-100.0,0.0,-100.0,1.0,101.0
226,2024-09-08 14:13:09,frontend_developer_interview.txt,-999,0,0.0872774397115168,0.0,0.036060401171963,0.0767283103597056,0.0398969515345068,-25.99277433962,0.0,-100.0,0.0090434041261884,-23.469560962657454,0.0657715742358427,-19.163300016467915,62.0,30.0
226,2024-09-08 14:13:09,full_stack_developer_interview.txt,-999,0,0.0940751879699248,0.017704260651629,0.0366917293233082,0.0483128022847362,0.0163436441485173,-20.228598729000296,0.024071150367678,154.28088355604035,0.0169951159045996,-22.129702862669102,0.0514378645862778,-49.10030619277265,50.0,75.0
226,2024-09-08 14:13:09,game_developer_interview.txt,-999,0,0.0715677567988468,0.0037453183520599,0.0502500740054313,0.0658134742018097,0.0293826648895258,-39.313857682737,0.0064870816762879,-46.20713745124294,0.007934144696729,6.644965122701294,0.0101708631617814,-30.662567128292565,84.0,47.0
226,2024-09-08 14:13:09,gardener_interview.txt,-999,0,0.0600410955909677,0.0,0.0167573829977922,0.0532605742376449,0.0103543274292427,-49.08793240286986,0.0,-100.0,0.0066591692025601,-64.43606182243359,0.057417465439807,-43.88760758036767,95.0,66.0
226,2024-09-08 14:13:09,geneticist_interview.txt,-999,0,0.1032128698473925,0.0278045644487303,0.033337925334068,0.0973580478295555,0.0069362141964095,-12.480267809191218,0.0295432087139152,299.348459336168,0.0140137299822094,-29.247429881782367,0.0114069685173857,2.571049283957322,36.0,9.0
226,2024-09-08 14:13:09,geologist_interview.txt,-999,0,0.1083798330269442,0.0077073648152679,0.0304357365934003,0.0625965489539741,0.0492843158166744,-8.098922397686252,0.0074747102375288,10.698524704262596,0.0137196078132419,-35.406700751603424,0.0571174070875316,-34.05174147488816,27.0,53.0
226,2024-09-08 14:13:09,geotechnical_engineer_interview.txt,-999,0,0.1095039154663862,0.0,0.0384567252163562,0.0435843241744603,0.0032834639736264,-7.145752563286507,0.0,-100.0,0.0032557956075906,-18.383879017007303,0.0296922241439828,-54.08196895306461,25.0,82.0
226,2024-09-08 14:13:09,graphic_designer_interview.txt,-999,0,0.062167832386969,0.0,0.0251828488700033,0.129589756863583,0.0173497885167024,-47.284558123077225,0.0,-100.0,0.0020295851496763,-46.55482419505513,0.0422325155476891,36.5285935192658,93.0,1.0
226,2024-09-08 14:13:09,hotel_manager_interview.txt,-999,0,0.0783292096766398,0.008536125259385,0.0225818923920482,0.1165362468791539,0.0194238229967812,-33.580458873458866,0.0087814329255483,22.601757611478103,0.0108322093144022,-52.074794431262255,0.0222233416108369,22.77613806447352,75.0,2.0
226,2024-09-08 14:13:09,human_resources_manager_interview.txt,-999,0,0.0970501130075598,0.0136193593640402,0.0553931883719117,0.0579282148176675,0.0124161487833121,-17.706000113473806,0.0048627862837954,95.61069511460872,0.0118587851269351,17.560118246178973,0.0734851947736557,-38.97003987388016,47.0,58.0
226,2024-09-08 14:13:09,industrial_engineer_interview.txt,-999,0,0.0725358150702973,0.0054644808743169,0.0457991781415167,0.056356248609007,0.0242335021354551,-38.49298911481791,0.0094647585113053,-21.51533169115774,0.0100471455219511,-2.8011032377281566,0.0528215330852058,-40.62617644456724,82.0,59.0
226,2024-09-08 14:13:09,it_manager_interview.txt,-999,0,0.1003817704605106,0.0077140270053655,0.0386089850656779,0.1004112410170443,0.0096692189861962,-14.880908935746689,0.0001503106142354,10.794211704007324,0.0079527692327967,-18.06074026264952,0.072368648424168,5.787724596260446,42.0,7.0
226,2024-09-08 14:13:09,logistics_coordinator_interview.txt,-999,0,0.0859326037983691,0.0,0.0576022507456597,0.0436926415236826,0.011674910401301,-27.133132893095866,0.0,-100.0,0.0182280463727821,22.24837760628972,0.0091590559333901,-53.96785179055914,65.0,81.0
226,2024-09-08 14:13:09,lorry_driver_interview.txt,-999,0,0.0755240942199446,0.0056703990812517,0.025129259283386,0.086904860375448,0.0091091852499097,-35.959066830947634,0.0049682062821338,-18.55779143404159,0.0077198803279262,-46.66855655682495,0.0281047651195438,-8.44185031122339,79.0,15.0
226,2024-09-08 14:13:09,machine_learning_engineer_interview copy.txt,-999,0,0.1063435272737598,0.0026455026455026,0.0363025432792874,0.0497500160439961,0.0211822477998719,-9.82561534247894,0.0045821449935684,-62.00345423143351,0.0085394607858727,-22.95566646396358,0.0434329688699764,-47.5861373426463,29.0,73.0
226,2024-09-08 14:13:09,machine_learning_engineer_interview.txt,-999,0,0.1460871170173495,0.0026455026455026,0.020917927894672,0.0267045408274778,0.089998010065463,23.87510759840363,0.0045821449935684,-62.00345423143351,0.0181192175555063,-55.60620088787599,0.0462536215059891,-71.86557419355775,4.0,96.0
226,2024-09-08 14:13:09,manufacturing_engineer_interview.txt,-999,0,0.1120002784085471,0.017481446680413,0.0553145581569354,0.0650821519585646,0.0232264578511381,-5.028952434852755,0.0118266259876232,151.08067460158074,0.0063514149873694,17.393242541024037,0.0176892740534159,-31.43304775651628,22.0,49.0
226,2024-09-08 14:13:09,marine_engineer_interview.txt,-999,0,0.0945113890691516,0.0148216011759255,0.047757366854187,0.0635955669632064,0.0067985871968974,-19.858720404309665,0.0052018944448429,112.87812673401908,0.007711790898168,1.3547307804229831,0.0563358613200052,-32.99923140771915,49.0,51.0
226,2024-09-08 14:13:09,marketing_manager_interview.txt,-999,0,0.0734440974029729,0.0,0.0374530048007403,0.0433353117732308,0.0131561108141539,-37.72280777379957,0.0,-100.0,0.0036495094999721,-20.51405953584063,0.0335050053371757,-54.34431463324448,81.0,83.0
226,2024-09-08 14:13:09,materials_engineer_interview.txt,-999,0,0.1006986702727067,0.0039215686274509,0.0396814664563143,0.0328230201157645,0.035172384115353,-14.612192575706189,0.0067923561081132,-43.67570862541909,0.0242524036120399,-15.784629375990988,0.0090914319034334,-65.41948314497358,39.0,93.0
226,2024-09-08 14:13:09,mechanical_engineer_interview.txt,-999,0,0.1241887125220458,0.0033333333333333,0.0279409171075837,0.0506481015165538,0.0318933567115049,5.3062750519515305,0.0057735026918962,-52.12435233160622,0.008577064061792,-40.70141806930497,0.0135803186403236,-46.639964208318496,9.0,72.0
226,2024-09-08 14:13:09,meteorologist_interview.txt,-999,0,0.0566797385620915,0.0,0.0461686896981014,0.0407192739003882,0.0133414533254702,-51.93820744511907,0.0,-100.0,0.0109605620931214,-2.016894500838589,0.0705278512427857,-57.10042730770777,98.0,87.0
226,2024-09-08 14:13:09,microbiologist_interview.txt,-999,0,0.0932387558893583,0.0069922547332185,0.0361282793511709,0.081667457368724,0.0340960931527322,-20.93785438476512,0.0062531375341366,0.4276172045695858,0.0093344262568571,-23.3255041389116,0.0268522658028084,-13.95968816745406,52.0,21.0
226,2024-09-08 14:13:09,mining_engineer_interview.txt,-999,0,0.1006240589908729,0.0037878787878787,0.0349654642041142,0.0562767771609436,0.0413715282990978,-14.675459486258744,0.0065607985135184,-45.59585492227979,0.0200086023416553,-25.79332897810692,0.0181598970628145,-40.70990316257054,40.0,60.0
226,2024-09-08 14:13:09,mobile_app_developer_interview.txt,-999,0,0.0655962654847943,0.0,0.0423249251436151,0.0659675574070043,0.0141317832514613,-44.37740568172537,0.0,-100.0,0.0123225088564676,-10.17445734957714,0.0383524739918186,-30.50023359361124,91.0,46.0
226,2024-09-08 14:13:09,natural_language_processing_engineer_interview.txt,-999,0,0.116349310963754,0.0126090419848069,0.039299949336669,0.0555975287871771,0.0202018762617275,-1.3411743013350872,0.0156148271623144,81.09981545018107,0.024536946291995,-16.594317336129848,0.0342104300673422,-41.42552164481066,19.0,61.0
226,2024-09-08 14:13:09,network_administrator_interview.txt,-999,0,0.099443052074631,0.0191172375382901,0.0588833194096352,0.0677886964885345,0.024373758706705,-15.676898639901268,0.0143764391456747,174.5750386328515,0.0213550541281177,24.96717007960399,0.0437899583450664,-28.581582278708154,43.0,42.0
226,2024-09-08 14:13:09,neuroscientist_interview.txt,-999,0,0.0809130123154513,0.0138162988772744,0.0524014868527063,0.0424897054500683,0.0004937749193218,-31.389513932997048,0.0168020920584587,98.43927713888542,0.0110181403943963,11.21087577265132,0.0430262860033163,-55.23519864110567,71.0,85.0
226,2024-09-08 14:13:09,no_persona_interview.txt,-999,0,0.1179309708379475,0.0069624819624819,0.047119030839961,0.094917667810953,0.0114150323030899,0.0,0.0060994554681997,0.0,0.0093039288992219,0.0,0.027153427299694,0.0,18.0,11.0
226,2024-09-08 14:13:09,nuclear_engineer_interview.txt,-999,0,0.1040823871469032,0.0201932476126024,0.0456888989147053,0.0769414793556188,0.0161004320459097,-11.742957420467649,0.0116135285809566,190.02944239447663,0.0109136339305312,-3.0351471576593525,0.0325555052122015,-18.938716963776685,33.0,28.0
226,2024-09-08 14:13:09,nurse_interview.txt,-999,0,0.0875185743048265,0.0067618076792388,0.0480335326425974,0.110511227894338,0.0259638653819673,-25.788303375295385,0.0059354300676981,-2.882223384196095,0.0229570998061519,1.9408332182009929,0.0292241395109772,16.428511617502693,61.0,4.0
226,2024-09-08 14:13:09,occupational_therapist_interview.txt,-999,0,0.0677174677174677,0.0033670033670033,0.0484774484774484,0.0615201787989723,0.018816824899686,-42.57872445524061,0.0058318209009053,-51.64075993091537,0.0211637054970157,2.882949019264089,0.0268749397537979,-35.185745480491875,87.0,54.0
226,2024-09-08 14:13:09,operations_manager_interview.txt,-999,0,0.1018085172328291,0.0121773149296085,0.0472525277571149,0.0467300039765822,0.0116586686472904,-13.671093768296656,0.0140323419388873,74.89905173510252,0.006957407263849,0.2833184697861526,0.0464816574667467,-50.76785486380242,38.0,77.0
226,2024-09-08 14:13:09,petroleum_engineer_interview.txt,-999,0,0.1191441441441441,0.0123857373857373,0.0281787281787281,0.0709193675903395,0.0178525624002417,1.0287147621837391,0.0048779130106964,77.89255975784474,0.0097580673501294,-40.19671526259375,0.0139780483598758,-25.283280525192325,15.0,38.0
226,2024-09-08 14:13:09,pharmacist_interview.txt,-999,0,0.0919497312646772,0.0343798890122571,0.0282365875253969,0.0541581181564369,0.0430249546639151,-22.030887551135223,0.035997564893422,393.7878359687916,0.0109033094772579,-40.0739212542338,0.0484690715946676,-42.942004997106174,53.0,63.0
226,2024-09-08 14:13:09,physical_therapist_interview.txt,-999,0,0.0824099436472999,0.0024330900243309,0.0353682195255899,0.0753677820916746,0.0142183986043116,-30.12018551043566,0.0042142355415301,-65.05427177489506,0.0127183813371409,-24.938567506370266,0.0262464004677375,-20.59667727847652,68.0,32.0
226,2024-09-08 14:13:09,physicist_interview.txt,-999,0,0.0832363918727848,0.0029498525073746,0.044985881172174,0.0967461934706365,0.0128912416198435,-29.41939570126796,0.0051092944176073,-57.632170204961255,0.0156649240621399,-4.527150982863461,0.0295358062180704,1.926433404711787,67.0,10.0
226,2024-09-08 14:13:09,procurement_specialist_interview.txt,-999,0,0.0900153609831029,0.0058627752176139,0.0357334869431643,0.0427102989989416,0.0210691996832384,-23.671143938265644,0.0051294721212042,-15.79475179675748,0.0240007910790669,-24.16336604092622,0.0509454286947989,-55.00279349045167,57.0,84.0
226,2024-09-08 14:13:09,product_manager_interview.txt,-999,0,0.0963032340089655,0.0090681203078854,0.0392754842345446,0.0522449495829317,0.0202839790285589,-18.33931890436257,0.0002533443647036,30.24263986247871,0.0050942004363512,-16.64623924897107,0.0454785440816327,-44.957613489842906,48.0,68.0
226,2024-09-08 14:13:09,professor_of_classics_interview.txt,-999,0,0.0667900255529121,0.0028490028490028,0.0456721590742209,0.0728153593663539,0.030274518115878,-43.36515244609468,0.0049346176853814,-59.08064301846685,0.0099464220839576,-3.070673865628549,0.0363220071548864,-23.285768555354807,88.0,37.0
226,2024-09-08 14:13:09,project_manager_interview.txt,-999,0,0.0493011229853335,0.0,0.0381028802081433,0.0600194207659177,0.0119223488292455,-58.19493163243807,0.0,-100.0,0.0136134630263376,-19.13483887739733,0.0497708470280647,-36.76686105956788,101.0,56.0
226,2024-09-08 14:13:09,psychologist_interview.txt,-999,0,0.0698314413484692,0.005718954248366,0.049406604747162,0.0400466858845506,0.0178323674279776,-40.78617274810139,0.0051021225477111,-17.86040841206949,0.0113775334681744,4.854883189280045,0.017954888617755,-57.80902880556296,85.0,89.0
226,2024-09-08 14:13:09,public_relations_specialist_interview.txt,-999,0,0.0798687290465817,0.008695652173913,0.0370103879151037,0.0538876934719521,0.0086886507458557,-32.27501776752796,0.0150613113701641,24.892993917549006,0.0093293361157257,-21.45341859681099,0.050609823528041,-43.22690947350289,73.0,64.0
226,2024-09-08 14:13:09,quality_control_engineer_interview.txt,-999,0,0.0992837352059522,0.0064586244371991,0.0459278301267122,0.0707746374070316,0.0057660241535375,-15.81199196402703,0.0056558157490649,-7.236751606652021,0.0183989874004848,-2.5280670930916926,0.0364743133413402,-25.435760233813227,44.0,40.0
226,2024-09-08 14:13:09,restaurant_manager_interview.txt,-999,0,0.0815386878493674,0.0106060606060606,0.0373933509855839,0.0424769058623897,0.0287241341308553,-30.8589700652832,0.0114391430837435,52.33160621761655,0.0167092174250799,-20.64066191728385,0.0043504564912869,-55.24868357807652,69.0,86.0
226,2024-09-08 14:13:09,retail_manager_interview.txt,-999,0,0.0717461023371514,0.0,0.0283116876856029,0.0207524511111663,0.0278099828287107,-39.1626289282907,0.0,-100.0,0.0121858082880128,-39.9145373304406,0.0359442997061293,-78.13636640072222,83.0,98.0
226,2024-09-08 14:13:09,robotics_engineer_interview.txt,-999,0,0.1082954998008761,0.009753086419753,0.0550457984866587,0.0740966363403292,0.0391638298500185,-8.170433066570624,0.0100091407697329,40.08059873344848,0.0129759573107875,16.822857994725624,0.0446363190310999,-21.9358860692752,28.0,34.0
226,2024-09-08 14:13:09,safety_engineer_interview.txt,-999,0,0.1119096308401159,0.0456896737655672,0.0377571426636752,0.0536626179032506,0.0101521141336852,-5.105817373542791,0.0105464728561731,556.2268169852455,0.0150840303380585,-19.86859239122157,0.0179059943930516,-43.46403663211555,23.0,65.0
226,2024-09-08 14:13:09,sales_manager_interview.txt,-999,0,0.0660474398744492,0.0,0.0347881978848931,0.1058443047134455,0.0085907978524002,-43.9948307004044,0.0,-100.0,0.0102175648767093,-26.169538581872388,0.0129077049842715,11.511699723022131,90.0,5.0
226,2024-09-08 14:13:09,seo_specialist_interview.txt,-999,0,0.0553544964938914,0.0,0.0278726595821586,0.0813374958646141,0.0152209743032324,-53.06195132578391,0.0,-100.0,0.0068348284299844,-40.84627997373803,0.0640496886430233,-14.307317340946923,99.0,23.0
226,2024-09-08 14:13:09,shop_assistant_interview.txt,-999,0,0.0528707527611172,0.0,0.0470693388590508,0.0794152865978313,0.0078744514307649,-55.16805094925533,0.0,-100.0,0.0123949835308704,-0.1054605326647077,0.0401423217191564,-16.33245060761253,100.0,24.0
226,2024-09-08 14:13:09,social_media_manager_interview.txt,-999,0,0.0666253205935745,0.0,0.0380577682164983,0.0848462323556859,0.008921676927326,-43.50481462149042,0.0,-100.0,0.013169168277001,-19.230579368746163,0.0735823879732686,-10.610706823650888,89.0,18.0
226,2024-09-08 14:13:09,software_quality_assurance_tester_interview.txt,-999,0,0.0973062682820814,0.0198352116617337,0.038514896730076,0.0438768814903346,0.0405657841996036,-17.488792307329632,0.0186085600741486,184.8870814835544,0.0147147723113269,-18.26042250127938,0.0023085626447115,-53.77374676153655,46.0,80.0
226,2024-09-08 14:13:09,speech_therapist_interview.txt,-999,0,0.0810532509561635,0.0034722222222222,0.0368552025105423,0.0669799041283666,0.026955328905062,-31.270598062368848,0.0060140653040586,-50.12953367875648,0.0209826216415441,-21.782766212402933,0.0210258350421744,-29.43368113324256,70.0,44.0
226,2024-09-08 14:13:09,structural_engineer_interview.txt,-999,0,0.1217809931643482,0.0025445292620865,0.0416812216104712,0.0743825561569507,0.0403031564056178,3.264640576639593,0.0044072539632795,-63.45370406992841,0.0061482523311243,-11.540579533478107,0.0477571339916643,-21.63465677949648,11.0,33.0
226,2024-09-08 14:13:09,supply_chain_manager_interview.txt,-999,0,0.1036500664991872,0.0049751243781094,0.027537380603732,0.0509030104831107,0.0071965987852337,-12.109545302042974,0.00861716819686,-28.543809450158548,0.0190940227239905,-41.55783743247559,0.0520217889794126,-46.37140623335371,35.0,71.0
226,2024-09-08 14:13:09,system_administrator_interview.txt,-999,0,0.120522308022308,0.0111513299013299,0.0432754182754182,0.059678546880821,0.0363364546499795,2.197333886041932,0.0020938557812417,60.16314241702844,0.003803600520443,-8.15724028280114,0.0572030717304857,-37.125986913540174,13.0,57.0
226,2024-09-08 14:13:09,transportation_engineer_interview.txt,-999,0,0.079681638685324,0.0081967213114754,0.0471234991504403,0.0877644376661939,0.0209091230255486,-32.43366172672579,0.014197137766958,17.727002463263403,0.016001602034433,0.0094830271327452,0.045840955633769,-7.536247265373319,74.0,13.0
226,2024-09-08 14:13:09,travel_agent_interview.txt,-999,0,0.0678667280116555,0.0097155126140633,0.0577179664136185,0.0852174211265346,0.0405764600822864,-42.45215864040226,0.0110518306288536,39.540937648619575,0.0115275313105006,22.49395920229473,0.0389138725049479,-10.21964288433452,86.0,17.0
226,2024-09-08 14:13:09,veterinarian_interview.txt,-999,0,0.0573995533427582,0.0107976314872866,0.0299649640420431,0.0686500346355311,0.0038595787663367,-51.327837857255815,0.0094092251196378,55.08308022154725,0.0194868185701838,-36.40581415220826,0.0287567468344603,-27.674124092196408,97.0,41.0
226,2024-09-08 14:13:09,warehouse_manager_interview.txt,-999,0,0.1028355373597908,0.0071733303129837,0.0391853527777547,0.0650412265723094,0.0238318842019733,-12.800228278371264,0.0064114657553875,3.028350402025353,0.0110032851991648,-16.837523864089874,0.0177789052236073,-31.47616447777486,37.0,50.0
226,2024-09-08 14:13:09,water_resources_engineer_interview.txt,-999,0,0.1179565650333906,0.0128205128205128,0.0201291251312357,0.0440006396611022,0.0202262909249248,0.021702692058966,0.0222057795842163,84.13710641689917,0.0013974271491309,-57.280264953657614,0.0503493136199581,-53.64336200428139,17.0,79.0
227,2024-09-08 14:35:03,restaurant_manager_interview.txt,1,0,0.0727272727272727,0.009090909090909,0.0181818181818181,0.0466530557892966,,,,,,,,,,
227,2024-09-08 14:35:03,restaurant_manager_interview.txt,2,0,0.058252427184466,0.0,0.0485436893203883,0.0428067433298522,,,,,,,,,,
227,2024-09-08 14:35:03,restaurant_manager_interview.txt,3,0,0.1136363636363636,0.0227272727272727,0.0454545454545454,0.0379709184680204,,,,,,,,,,
227,2024-09-08 14:35:03,geneticist_interview.txt,1,0,0.1078431372549019,0.0588235294117647,0.0196078431372549,0.0937095795782794,,,,,,,,,,
227,2024-09-08 14:35:03,geneticist_interview.txt,2,0,0.0952380952380952,0.0,0.0476190476190476,0.0882216505718651,,,,,,,,,,
227,2024-09-08 14:35:03,geneticist_interview.txt,3,0,0.1065573770491803,0.0245901639344262,0.0327868852459016,0.1101429133385219,,,,,,,,,,
227,2024-09-08 14:35:03,speech_therapist_interview.txt,1,0,0.0833333333333333,0.0104166666666666,0.0208333333333333,0.0432621003107774,,,,,,,,,,
227,2024-09-08 14:35:03,speech_therapist_interview.txt,2,0,0.053030303030303,0.0,0.0606060606060606,0.0833315864428225,,,,,,,,,,
227,2024-09-08 14:35:03,speech_therapist_interview.txt,3,0,0.1067961165048543,0.0,0.029126213592233,0.0743460256315,,,,,,,,,,
227,2024-09-08 14:35:03,customer_service_representative_interview.txt,1,0,0.1018518518518518,0.0185185185185185,0.037037037037037,0.0311974890850877,,,,,,,,,,
227,2024-09-08 14:35:03,customer_service_representative_interview.txt,2,0,0.0679611650485436,0.0097087378640776,0.029126213592233,0.122813044651559,,,,,,,,,,
227,2024-09-08 14:35:03,customer_service_representative_interview.txt,3,0,0.0982142857142857,0.0089285714285714,0.0446428571428571,0.0473521337727738,,,,,,,,,,
227,2024-09-08 14:35:03,construction_manager_interview.txt,1,0,0.0934579439252336,0.0,0.0186915887850467,0.0948117237060615,,,,,,,,,,
227,2024-09-08 14:35:03,construction_manager_interview.txt,2,0,0.104,0.008,0.024,0.1356095260762036,,,,,,,,,,
227,2024-09-08 14:35:03,construction_manager_interview.txt,3,0,0.1138211382113821,0.016260162601626,0.024390243902439,0.0,,,,,,,,,,
227,2024-09-08 14:35:03,doctor_interview.txt,1,0,0.0648148148148148,0.0,0.074074074074074,0.0673965703749538,,,,,,,,,,
227,2024-09-08 14:35:03,doctor_interview.txt,2,0,0.0602409638554216,0.0,0.0240963855421686,0.0293397273927395,,,,,,,,,,
227,2024-09-08 14:35:03,doctor_interview.txt,3,0,0.1022727272727272,0.0113636363636363,0.034090909090909,0.0601346177173533,,,,,,,,,,
227,2024-09-08 14:35:03,human_resources_manager_interview.txt,1,0,0.0851063829787234,0.0106382978723404,0.0425531914893617,0.1425669620819004,,,,,,,,,,
227,2024-09-08 14:35:03,human_resources_manager_interview.txt,2,0,0.0961538461538461,0.0192307692307692,0.0576923076923076,0.0103852698901538,,,,,,,,,,
227,2024-09-08 14:35:03,human_resources_manager_interview.txt,3,0,0.1098901098901098,0.0109890109890109,0.0659340659340659,0.0208324124809482,,,,,,,,,,
227,2024-09-08 14:35:03,water_resources_engineer_interview.txt,1,0,0.1057692307692307,0.0384615384615384,0.0192307692307692,0.0,,,,,,,,,,
227,2024-09-08 14:35:03,water_resources_engineer_interview.txt,2,0,0.1067961165048543,0.0,0.0194174757281553,0.0989100944553876,,,,,,,,,,
227,2024-09-08 14:35:03,water_resources_engineer_interview.txt,3,0,0.1413043478260869,0.0,0.0217391304347826,0.0330918245279189,,,,,,,,,,
227,2024-09-08 14:35:03,project_manager_interview.txt,1,0,0.0421052631578947,0.0,0.0526315789473684,0.0555355117717458,,,,,,,,,,
227,2024-09-08 14:35:03,project_manager_interview.txt,2,0,0.0427350427350427,0.0,0.0256410256410256,0.1118805059888638,,,,,,,,,,
227,2024-09-08 14:35:03,project_manager_interview.txt,3,0,0.063063063063063,0.0,0.036036036036036,0.0126422445371434,,,,,,,,,,
227,2024-09-08 14:35:03,biologist_interview.txt,1,0,0.1122448979591836,0.010204081632653,0.0204081632653061,0.0628254664475309,,,,,,,,,,
227,2024-09-08 14:35:03,biologist_interview.txt,2,0,0.0970873786407767,0.0,0.058252427184466,0.084133944618843,,,,,,,,,,
227,2024-09-08 14:35:03,biologist_interview.txt,3,0,0.0534351145038167,0.0,0.0229007633587786,0.0,,,,,,,,,,
227,2024-09-08 14:35:03,occupational_therapist_interview.txt,1,0,0.0461538461538461,0.0,0.0461538461538461,0.0619600680328602,,,,,,,,,,
227,2024-09-08 14:35:03,occupational_therapist_interview.txt,2,0,0.0808080808080808,0.0101010101010101,0.0707070707070707,0.0881724737587123,,,,,,,,,,
227,2024-09-08 14:35:03,occupational_therapist_interview.txt,3,0,0.0761904761904762,0.0,0.0285714285714285,0.0344279946053444,,,,,,,,,,
227,2024-09-08 14:35:03,network_administrator_interview.txt,1,0,0.1111111111111111,0.0111111111111111,0.0777777777777777,0.0181441553921881,,,,,,,,,,
227,2024-09-08 14:35:03,network_administrator_interview.txt,2,0,0.0714285714285714,0.0357142857142857,0.0357142857142857,0.1009251180073442,,,,,,,,,,
227,2024-09-08 14:35:03,network_administrator_interview.txt,3,0,0.1157894736842105,0.0105263157894736,0.0631578947368421,0.0842968160660713,,,,,,,,,,
227,2024-09-08 14:35:03,neuroscientist_interview.txt,1,0,0.081081081081081,0.0,0.054054054054054,0.0414359038364657,,,,,,,,,,
227,2024-09-08 14:35:03,neuroscientist_interview.txt,2,0,0.0803571428571428,0.0089285714285714,0.0625,0.0,,,,,,,,,,
227,2024-09-08 14:35:03,neuroscientist_interview.txt,3,0,0.08130081300813,0.032520325203252,0.040650406504065,0.0860332125137391,,,,,,,,,,
227,2024-09-08 14:35:03,retail_manager_interview.txt,1,0,0.0671641791044776,0.0,0.0149253731343283,0.0,,,,,,,,,,
227,2024-09-08 14:35:03,retail_manager_interview.txt,2,0,0.1015625,0.0,0.03125,0.0,,,,,,,,,,
227,2024-09-08 14:35:03,retail_manager_interview.txt,3,0,0.0465116279069767,0.0,0.0387596899224806,0.0622573533334991,,,,,,,,,,
227,2024-09-08 14:35:03,agricultural_engineer_interview.txt,1,0,0.0612244897959183,0.0,0.0306122448979591,0.01754081509232,,,,,,,,,,
227,2024-09-08 14:35:03,agricultural_engineer_interview.txt,2,0,0.1,0.0,0.0444444444444444,0.016643353237249,,,,,,,,,,
227,2024-09-08 14:35:03,agricultural_engineer_interview.txt,3,0,0.0697674418604651,0.0,0.0465116279069767,0.0,,,,,,,,,,
227,2024-09-08 14:35:03,electrical_engineer_interview.txt,1,0,0.1309523809523809,0.0119047619047619,0.0476190476190476,0.0515248660596885,,,,,,,,,,
227,2024-09-08 14:35:03,electrical_engineer_interview.txt,2,0,0.1595744680851064,0.0106382978723404,0.0425531914893617,0.0375765713355705,,,,,,,,,,
227,2024-09-08 14:35:03,electrical_engineer_interview.txt,3,0,0.1182795698924731,0.021505376344086,0.032258064516129,0.030841143854229,,,,,,,,,,
227,2024-09-08 14:35:03,quality_control_engineer_interview.txt,1,0,0.0947368421052631,0.0105263157894736,0.0631578947368421,0.0571315807160011,,,,,,,,,,
227,2024-09-08 14:35:03,quality_control_engineer_interview.txt,2,0,0.1057692307692307,0.0,0.048076923076923,0.0430885464951094,,,,,,,,,,
227,2024-09-08 14:35:03,quality_control_engineer_interview.txt,3,0,0.0973451327433628,0.0088495575221238,0.0265486725663716,0.1121037850099844,,,,,,,,,,
227,2024-09-08 14:35:03,machine_learning_engineer_interview.txt,1,0,0.25,0.0,0.0,0.0,,,,,,,,,,
227,2024-09-08 14:35:03,machine_learning_engineer_interview.txt,2,0,0.0930232558139534,0.0,0.0310077519379844,0.0801136224824336,,,,,,,,,,
227,2024-09-08 14:35:03,machine_learning_engineer_interview.txt,3,0,0.0952380952380952,0.0079365079365079,0.0317460317460317,0.0,,,,,,,,,,
227,2024-09-08 14:35:03,psychologist_interview.txt,1,0,0.0686274509803921,0.0098039215686274,0.0588235294117647,0.0323961959726534,,,,,,,,,,
227,2024-09-08 14:35:03,psychologist_interview.txt,2,0,0.088235294117647,0.0073529411764705,0.0367647058823529,0.0605596667072056,,,,,,,,,,
227,2024-09-08 14:35:03,psychologist_interview.txt,3,0,0.0526315789473684,0.0,0.0526315789473684,0.0271841949737927,,,,,,,,,,
227,2024-09-08 14:35:03,geologist_interview.txt,1,0,0.0901639344262295,0.0081967213114754,0.040983606557377,0.0759044861163816,,,,,,,,,,
227,2024-09-08 14:35:03,geologist_interview.txt,2,0,0.0707964601769911,0.0,0.0353982300884955,0.1118851607455407,,,,,,,,,,
227,2024-09-08 14:35:03,geologist_interview.txt,3,0,0.1641791044776119,0.0149253731343283,0.0149253731343283,0.0,,,,,,,,,,
227,2024-09-08 14:35:03,chemical_engineer_interview.txt,1,0,0.0634920634920634,0.0,0.0634920634920634,0.0,,,,,,,,,,
227,2024-09-08 14:35:03,chemical_engineer_interview.txt,2,0,0.086021505376344,0.0,0.043010752688172,0.0747112850356365,,,,,,,,,,
227,2024-09-08 14:35:03,chemical_engineer_interview.txt,3,0,0.1304347826086956,0.0108695652173913,0.0326086956521739,0.1377422912155963,,,,,,,,,,
227,2024-09-08 14:35:03,machine_learning_engineer_interview copy.txt,1,0,0.1307692307692307,0.0,0.0461538461538461,0.0691364256495546,,,,,,,,,,
227,2024-09-08 14:35:03,machine_learning_engineer_interview copy.txt,2,0,0.0930232558139534,0.0,0.0310077519379844,0.0801136224824336,,,,,,,,,,
227,2024-09-08 14:35:03,machine_learning_engineer_interview copy.txt,3,0,0.0952380952380952,0.0079365079365079,0.0317460317460317,0.0,,,,,,,,,,
227,2024-09-08 14:35:03,no_persona_interview.txt,1,0,0.1047619047619047,0.0095238095238095,0.0571428571428571,0.0635731657580273,,,,,,,,,,
227,2024-09-08 14:35:03,no_persona_interview.txt,2,0,0.125,0.0113636363636363,0.0454545454545454,0.1099189066092266,,,,,,,,,,
227,2024-09-08 14:35:03,no_persona_interview.txt,3,0,0.1240310077519379,0.0,0.0387596899224806,0.111260931065605,,,,,,,,,,
227,2024-09-08 14:35:03,financial_analyst_interview.txt,1,0,0.1171171171171171,0.009009009009009,0.018018018018018,0.0598254669070187,,,,,,,,,,
227,2024-09-08 14:35:03,financial_analyst_interview.txt,2,0,0.1030927835051546,0.0103092783505154,0.0206185567010309,0.1530445380640685,,,,,,,,,,
227,2024-09-08 14:35:03,financial_analyst_interview.txt,3,0,0.0923076923076923,0.0,0.0384615384615384,0.1305219999659435,,,,,,,,,,
227,2024-09-08 14:35:03,civil_engineer_interview.txt,1,0,0.0610687022900763,0.0,0.0381679389312977,0.0831598154358535,,,,,,,,,,
227,2024-09-08 14:35:03,civil_engineer_interview.txt,2,0,0.1401869158878504,0.0093457943925233,0.0186915887850467,0.0551022249278976,,,,,,,,,,
227,2024-09-08 14:35:03,civil_engineer_interview.txt,3,0,0.074074074074074,0.0,0.0462962962962962,0.0519288906523061,,,,,,,,,,
227,2024-09-08 14:35:03,meteorologist_interview.txt,1,0,0.0504201680672268,0.0,0.0588235294117647,0.0,,,,,,,,,,
227,2024-09-08 14:35:03,meteorologist_interview.txt,2,0,0.0476190476190476,0.0,0.0396825396825396,0.0,,,,,,,,,,
227,2024-09-08 14:35:03,meteorologist_interview.txt,3,0,0.072,0.0,0.04,0.1221578217011647,,,,,,,,,,
227,2024-09-08 14:35:03,shop_assistant_interview.txt,1,0,0.0495867768595041,0.0,0.0330578512396694,0.1223705927244681,,,,,,,,,,
227,2024-09-08 14:35:03,shop_assistant_interview.txt,2,0,0.0471698113207547,0.0,0.0566037735849056,0.0428532956412062,,,,,,,,,,
227,2024-09-08 14:35:03,shop_assistant_interview.txt,3,0,0.0618556701030927,0.0,0.0515463917525773,0.0730219714278197,,,,,,,,,,
227,2024-09-08 14:35:03,social_media_manager_interview.txt,1,0,0.0617283950617283,0.0,0.0246913580246913,0.1233699304830566,,,,,,,,,,
227,2024-09-08 14:35:03,social_media_manager_interview.txt,2,0,0.0612244897959183,0.0,0.0510204081632653,0.0,,,,,,,,,,
227,2024-09-08 14:35:03,social_media_manager_interview.txt,3,0,0.0769230769230769,0.0,0.0384615384615384,0.1311687665840011,,,,,,,,,,
227,2024-09-08 14:35:03,marine_engineer_interview.txt,1,0,0.087378640776699,0.0194174757281553,0.0485436893203883,0.0835429425346109,,,,,,,,,,
227,2024-09-08 14:35:03,marine_engineer_interview.txt,2,0,0.1009174311926605,0.0091743119266055,0.055045871559633,0.1072437583550084,,,,,,,,,,
227,2024-09-08 14:35:03,marine_engineer_interview.txt,3,0,0.0952380952380952,0.0158730158730158,0.0396825396825396,0.0,,,,,,,,,,
227,2024-09-08 14:35:03,warehouse_manager_interview.txt,1,0,0.0987654320987654,0.0123456790123456,0.0493827160493827,0.081493124342657,,,,,,,,,,
227,2024-09-08 14:35:03,warehouse_manager_interview.txt,2,0,0.128440366972477,0.0091743119266055,0.0275229357798165,0.0461808634688753,,,,,,,,,,
227,2024-09-08 14:35:03,warehouse_manager_interview.txt,3,0,0.08130081300813,0.0,0.040650406504065,0.067449691905396,,,,,,,,,,
227,2024-09-08 14:35:03,business_intelligence_analyst_interview.txt,1,0,0.087378640776699,0.0,0.0485436893203883,0.0519120125435854,,,,,,,,,,
227,2024-09-08 14:35:03,business_intelligence_analyst_interview.txt,2,0,0.1354166666666666,0.0104166666666666,0.0520833333333333,0.1619933830165744,,,,,,,,,,
227,2024-09-08 14:35:03,business_intelligence_analyst_interview.txt,3,0,0.1041666666666666,0.0,0.0208333333333333,0.0872579957499813,,,,,,,,,,
227,2024-09-08 14:35:03,full_stack_developer_interview.txt,1,0,0.112,0.008,0.024,0.0425483283606354,,,,,,,,,,
227,2024-09-08 14:35:03,full_stack_developer_interview.txt,2,0,0.0902255639097744,0.0451127819548872,0.0300751879699248,0.1023900784935733,,,,,,,,,,
227,2024-09-08 14:35:03,full_stack_developer_interview.txt,3,0,0.08,0.0,0.056,0.0,,,,,,,,,,
227,2024-09-08 14:35:03,focus_group_interview.txt,1,0,0.2,0.0,0.0,0.0,,,,,,,,,,
227,2024-09-08 14:35:03,focus_group_interview.txt,2,0,0.2,0.0,0.0,0.0,,,,,,,,,,
227,2024-09-08 14:35:03,focus_group_interview.txt,3,0,0.2,0.0,0.0,0.0,,,,,,,,,,
227,2024-09-08 14:35:03,travel_agent_interview.txt,1,0,0.0760869565217391,0.0217391304347826,0.0652173913043478,0.1283619363588929,,,,,,,,,,
227,2024-09-08 14:35:03,travel_agent_interview.txt,2,0,0.1037037037037037,0.0074074074074074,0.0444444444444444,0.0745172643816199,,,,,,,,,,
227,2024-09-08 14:35:03,travel_agent_interview.txt,3,0,0.0238095238095238,0.0,0.0634920634920634,0.0527730626390911,,,,,,,,,,
227,2024-09-08 14:35:03,robotics_engineer_interview.txt,1,0,0.14,0.02,0.06,0.0571924000726199,,,,,,,,,,
227,2024-09-08 14:35:03,robotics_engineer_interview.txt,2,0,0.1203703703703703,0.0092592592592592,0.0648148148148148,0.0403813965559999,,,,,,,,,,
227,2024-09-08 14:35:03,robotics_engineer_interview.txt,3,0,0.064516129032258,0.0,0.0403225806451612,0.1247161123923678,,,,,,,,,,
227,2024-09-08 14:35:03,biomedical_engineer_interview.txt,1,0,0.1296296296296296,0.0092592592592592,0.0185185185185185,0.1025907901717319,,,,,,,,,,
227,2024-09-08 14:35:03,biomedical_engineer_interview.txt,2,0,0.0909090909090909,0.0,0.0606060606060606,0.0426668739812379,,,,,,,,,,
227,2024-09-08 14:35:03,biomedical_engineer_interview.txt,3,0,0.1157024793388429,0.0165289256198347,0.024793388429752,0.0915016217502627,,,,,,,,,,
227,2024-09-08 14:35:03,marketing_manager_interview.txt,1,0,0.0823529411764705,0.0,0.0352941176470588,0.0775670553173294,,,,,,,,,,
227,2024-09-08 14:35:03,marketing_manager_interview.txt,2,0,0.0583333333333333,0.0,0.0416666666666666,0.0418311722270583,,,,,,,,,,
227,2024-09-08 14:35:03,marketing_manager_interview.txt,3,0,0.079646017699115,0.0,0.0353982300884955,0.0106077077753049,,,,,,,,,,
227,2024-09-08 14:35:03,professor_of_classics_interview.txt,1,0,0.0721649484536082,0.0,0.0515463917525773,0.1139617522607703,,,,,,,,,,
227,2024-09-08 14:35:03,professor_of_classics_interview.txt,2,0,0.0341880341880341,0.0,0.0341880341880341,0.0452051914403515,,,,,,,,,,
227,2024-09-08 14:35:03,professor_of_classics_interview.txt,3,0,0.094017094017094,0.0085470085470085,0.0512820512820512,0.0592791343979399,,,,,,,,,,
227,2024-09-08 14:35:03,environmental_engineer_interview.txt,1,0,0.09375,0.0,0.0208333333333333,0.1026424642988634,,,,,,,,,,
227,2024-09-08 14:35:03,environmental_engineer_interview.txt,2,0,0.1018518518518518,0.0,0.037037037037037,0.1246022964543093,,,,,,,,,,
227,2024-09-08 14:35:03,environmental_engineer_interview.txt,3,0,0.0762711864406779,0.0,0.0423728813559322,0.0,,,,,,,,,,
227,2024-09-08 14:35:03,physical_therapist_interview.txt,1,0,0.072992700729927,0.0072992700729927,0.0218978102189781,0.0976563572315262,,,,,,,,,,
227,2024-09-08 14:35:03,physical_therapist_interview.txt,2,0,0.0754716981132075,0.0,0.0471698113207547,0.0464390040542306,,,,,,,,,,
227,2024-09-08 14:35:03,physical_therapist_interview.txt,3,0,0.0987654320987654,0.0,0.037037037037037,0.0820079849892669,,,,,,,,,,
227,2024-09-08 14:35:03,astronomer_interview.txt,1,0,0.09,0.0,0.05,0.0357008884926808,,,,,,,,,,
227,2024-09-08 14:35:03,astronomer_interview.txt,2,0,0.0967741935483871,0.032258064516129,0.0241935483870967,0.0,,,,,,,,,,
227,2024-09-08 14:35:03,astronomer_interview.txt,3,0,0.11,0.0,0.05,0.0315139499500514,,,,,,,,,,
227,2024-09-08 14:35:03,ai_professor_interview.txt,1,0,0.0824742268041237,0.0,0.0412371134020618,0.0211330472249737,,,,,,,,,,
227,2024-09-08 14:35:03,ai_professor_interview.txt,2,0,0.1339285714285714,0.0089285714285714,0.0446428571428571,0.0811136402882951,,,,,,,,,,
227,2024-09-08 14:35:03,ai_professor_interview.txt,3,0,0.1428571428571428,0.0357142857142857,0.0476190476190476,0.0,,,,,,,,,,
227,2024-09-08 14:35:03,game_developer_interview.txt,1,0,0.0449438202247191,0.0112359550561797,0.0561797752808988,0.0605193719036507,,,,,,,,,,
227,2024-09-08 14:35:03,game_developer_interview.txt,2,0,0.1030927835051546,0.0,0.0412371134020618,0.0593816587862705,,,,,,,,,,
227,2024-09-08 14:35:03,game_developer_interview.txt,3,0,0.0666666666666666,0.0,0.0533333333333333,0.0775393919155081,,,,,,,,,,
227,2024-09-08 14:35:03,fire_protection_engineer_interview.txt,1,0,0.1239669421487603,0.0330578512396694,0.0330578512396694,0.0,,,,,,,,,,
227,2024-09-08 14:35:03,fire_protection_engineer_interview.txt,2,0,0.0909090909090909,0.0181818181818181,0.0545454545454545,0.0407611697271842,,,,,,,,,,
227,2024-09-08 14:35:03,fire_protection_engineer_interview.txt,3,0,0.1023622047244094,0.0157480314960629,0.0314960629921259,0.0576589288513933,,,,,,,,,,
227,2024-09-08 14:35:03,safety_engineer_interview.txt,1,0,0.1052631578947368,0.0350877192982456,0.0526315789473684,0.0454675110134519,,,,,,,,,,
227,2024-09-08 14:35:03,safety_engineer_interview.txt,2,0,0.1235955056179775,0.0561797752808988,0.0224719101123595,0.0741995996381659,,,,,,,,,,
227,2024-09-08 14:35:03,safety_engineer_interview.txt,3,0,0.1068702290076335,0.0458015267175572,0.0381679389312977,0.0413207430581339,,,,,,,,,,
227,2024-09-08 14:35:03,environmental_scientist_interview.txt,1,0,0.0686274509803921,0.0,0.0294117647058823,0.0534300314907251,,,,,,,,,,
227,2024-09-08 14:35:03,environmental_scientist_interview.txt,2,0,0.1414141414141414,0.0101010101010101,0.0606060606060606,0.0877567755185532,,,,,,,,,,
227,2024-09-08 14:35:03,environmental_scientist_interview.txt,3,0,0.1034482758620689,0.0,0.0344827586206896,0.1066267081851516,,,,,,,,,,
227,2024-09-08 14:35:03,operations_manager_interview.txt,1,0,0.091743119266055,0.0275229357798165,0.055045871559633,0.0,,,,,,,,,,
227,2024-09-08 14:35:03,operations_manager_interview.txt,2,0,0.1145833333333333,0.0,0.0416666666666666,0.047230742864624,,,,,,,,,,
227,2024-09-08 14:35:03,operations_manager_interview.txt,3,0,0.0990990990990991,0.009009009009009,0.045045045045045,0.0929592690651228,,,,,,,,,,
227,2024-09-08 14:35:03,backend_developer_interview.txt,1,0,0.1008403361344537,0.0084033613445378,0.0252100840336134,0.1284026295844632,,,,,,,,,,
227,2024-09-08 14:35:03,backend_developer_interview.txt,2,0,0.088235294117647,0.0098039215686274,0.0294117647058823,0.0870056695430988,,,,,,,,,,
227,2024-09-08 14:35:03,backend_developer_interview.txt,3,0,0.0683760683760683,0.0,0.0512820512820512,0.0437544042466496,,,,,,,,,,
227,2024-09-08 14:35:03,digital_marketing_specialist_interview.txt,1,0,0.1022727272727272,0.0,0.034090909090909,0.1233454514559801,,,,,,,,,,
227,2024-09-08 14:35:03,digital_marketing_specialist_interview.txt,2,0,0.054054054054054,0.0,0.045045045045045,0.0,,,,,,,,,,
227,2024-09-08 14:35:03,digital_marketing_specialist_interview.txt,3,0,0.0693069306930693,0.0,0.0495049504950495,0.1264080048769068,,,,,,,,,,
227,2024-09-08 14:35:03,mechanical_engineer_interview.txt,1,0,0.1018518518518518,0.0,0.037037037037037,0.0662024475332696,,,,,,,,,,
227,2024-09-08 14:35:03,mechanical_engineer_interview.txt,2,0,0.11,0.01,0.02,0.0445948178221984,,,,,,,,,,
227,2024-09-08 14:35:03,mechanical_engineer_interview.txt,3,0,0.1607142857142857,0.0,0.0267857142857142,0.0411470391941935,,,,,,,,,,
227,2024-09-08 14:35:03,software_quality_assurance_tester_interview.txt,1,0,0.073394495412844,0.0091743119266055,0.036697247706422,0.0413513341749755,,,,,,,,,,
227,2024-09-08 14:35:03,software_quality_assurance_tester_interview.txt,2,0,0.1441441441441441,0.009009009009009,0.054054054054054,0.0458783496403244,,,,,,,,,,
227,2024-09-08 14:35:03,software_quality_assurance_tester_interview.txt,3,0,0.0743801652892562,0.0413223140495867,0.024793388429752,0.0444009606557039,,,,,,,,,,
227,2024-09-08 14:35:03,cybersecurity_specialist_interview.txt,1,0,0.0625,0.0234375,0.03125,0.0,,,,,,,,,,
227,2024-09-08 14:35:03,cybersecurity_specialist_interview.txt,2,0,0.0975609756097561,0.016260162601626,0.048780487804878,0.0433073475931765,,,,,,,,,,
227,2024-09-08 14:35:03,cybersecurity_specialist_interview.txt,3,0,0.0808080808080808,0.0202020202020202,0.0202020202020202,0.110208443279443,,,,,,,,,,
227,2024-09-08 14:35:03,product_manager_interview.txt,1,0,0.1150442477876106,0.0088495575221238,0.0353982300884955,0.0737688480628956,,,,,,,,,,
227,2024-09-08 14:35:03,product_manager_interview.txt,2,0,0.0990990990990991,0.009009009009009,0.045045045045045,0.0829660006858995,,,,,,,,,,
227,2024-09-08 14:35:03,product_manager_interview.txt,3,0,0.0747663551401869,0.0093457943925233,0.0373831775700934,0.0,,,,,,,,,,
227,2024-09-08 14:35:03,microbiologist_interview.txt,1,0,0.1325301204819277,0.0120481927710843,0.036144578313253,0.1101574773451147,,,,,,,,,,
227,2024-09-08 14:35:03,microbiologist_interview.txt,2,0,0.0714285714285714,0.0089285714285714,0.0267857142857142,0.0780188264815857,,,,,,,,,,
227,2024-09-08 14:35:03,microbiologist_interview.txt,3,0,0.0757575757575757,0.0,0.0454545454545454,0.0568260682794716,,,,,,,,,,
227,2024-09-08 14:35:03,it_manager_interview.txt,1,0,0.1102362204724409,0.0078740157480314,0.0393700787401574,0.0830915813122366,,,,,,,,,,
227,2024-09-08 14:35:03,it_manager_interview.txt,2,0,0.0909090909090909,0.0075757575757575,0.0303030303030303,0.1798682693699755,,,,,,,,,,
227,2024-09-08 14:35:03,it_manager_interview.txt,3,0,0.1,0.0076923076923076,0.0461538461538461,0.0382738723689206,,,,,,,,,,
227,2024-09-08 14:35:03,industrial_engineer_interview.txt,1,0,0.0708661417322834,0.0,0.0393700787401574,0.1047357166686011,,,,,,,,,,
227,2024-09-08 14:35:03,industrial_engineer_interview.txt,2,0,0.0975609756097561,0.0,0.040650406504065,0.0643330291584199,,,,,,,,,,
227,2024-09-08 14:35:03,industrial_engineer_interview.txt,3,0,0.0491803278688524,0.0163934426229508,0.0573770491803278,0.0,,,,,,,,,,
227,2024-09-08 14:35:03,barista_interview.txt,1,0,0.0897435897435897,0.0,0.0128205128205128,0.0681953019972214,,,,,,,,,,
227,2024-09-08 14:35:03,barista_interview.txt,2,0,0.0427350427350427,0.0,0.0256410256410256,0.1017040566415273,,,,,,,,,,
227,2024-09-08 14:35:03,barista_interview.txt,3,0,0.0625,0.0,0.0390625,0.0932079290911632,,,,,,,,,,
227,2024-09-08 14:35:03,petroleum_engineer_interview.txt,1,0,0.1333333333333333,0.0095238095238095,0.019047619047619,0.0843069329113059,,,,,,,,,,
227,2024-09-08 14:35:03,petroleum_engineer_interview.txt,2,0,0.125,0.0096153846153846,0.0384615384615384,0.0564175341466152,,,,,,,,,,
227,2024-09-08 14:35:03,petroleum_engineer_interview.txt,3,0,0.0990990990990991,0.018018018018018,0.027027027027027,0.0720336357130974,,,,,,,,,,
227,2024-09-08 14:35:03,business_analyst_interview.txt,1,0,0.0787401574803149,0.0,0.0314960629921259,0.0,,,,,,,,,,
227,2024-09-08 14:35:03,business_analyst_interview.txt,2,0,0.0754716981132075,0.0094339622641509,0.0188679245283018,0.0806541259927466,,,,,,,,,,
227,2024-09-08 14:35:03,business_analyst_interview.txt,3,0,0.1123595505617977,0.0112359550561797,0.0337078651685393,0.0,,,,,,,,,,
227,2024-09-08 14:35:03,data_engineer_interview.txt,1,0,0.1889763779527559,0.0078740157480314,0.0393700787401574,0.15220760143159,,,,,,,,,,
227,2024-09-08 14:35:03,data_engineer_interview.txt,2,0,0.0925925925925925,0.0,0.0277777777777777,0.0452239103227598,,,,,,,,,,
227,2024-09-08 14:35:03,data_engineer_interview.txt,3,0,0.1015625,0.015625,0.0234375,0.0,,,,,,,,,,
227,2024-09-08 14:35:03,aerospace_engineer_interview.txt,1,0,0.1566265060240964,0.0120481927710843,0.036144578313253,0.0598364515055597,,,,,,,,,,
227,2024-09-08 14:35:03,aerospace_engineer_interview.txt,2,0,0.1818181818181818,0.0113636363636363,0.034090909090909,0.0372874438364637,,,,,,,,,,
227,2024-09-08 14:35:03,aerospace_engineer_interview.txt,3,0,0.1354166666666666,0.0104166666666666,0.0833333333333333,0.047097992667724,,,,,,,,,,
227,2024-09-08 14:35:03,bartender_interview.txt,1,0,0.074074074074074,0.0092592592592592,0.0277777777777777,0.0802144581933062,,,,,,,,,,
227,2024-09-08 14:35:03,bartender_interview.txt,2,0,0.128440366972477,0.0091743119266055,0.018348623853211,0.0542195723652842,,,,,,,,,,
227,2024-09-08 14:35:03,bartender_interview.txt,3,0,0.07,0.0,0.03,0.0973387164224358,,,,,,,,,,
227,2024-09-08 14:35:03,natural_language_processing_engineer_interview.txt,1,0,0.1282051282051282,0.0,0.0641025641025641,0.0164392722606681,,,,,,,,,,
227,2024-09-08 14:35:03,natural_language_processing_engineer_interview.txt,2,0,0.0930232558139534,0.0077519379844961,0.0387596899224806,0.0706681390294403,,,,,,,,,,
227,2024-09-08 14:35:03,natural_language_processing_engineer_interview.txt,3,0,0.1278195488721804,0.0300751879699248,0.0150375939849624,0.0796851750714229,,,,,,,,,,
227,2024-09-08 14:35:03,cto_of_a_fintec_interview.txt,1,0,0.1209677419354838,0.0080645161290322,0.032258064516129,0.0542815808204184,,,,,,,,,,
227,2024-09-08 14:35:03,cto_of_a_fintec_interview.txt,2,0,0.1138211382113821,0.016260162601626,0.032520325203252,0.0907334966492485,,,,,,,,,,
227,2024-09-08 14:35:03,cto_of_a_fintec_interview.txt,3,0,0.1403508771929824,0.0175438596491228,0.0350877192982456,0.0552888252461915,,,,,,,,,,
227,2024-09-08 14:35:03,database_administrator_interview.txt,1,0,0.1057692307692307,0.0096153846153846,0.0192307692307692,0.0548225848771237,,,,,,,,,,
227,2024-09-08 14:35:03,database_administrator_interview.txt,2,0,0.1120689655172413,0.0086206896551724,0.0258620689655172,0.024114343310107,,,,,,,,,,
227,2024-09-08 14:35:03,database_administrator_interview.txt,3,0,0.0833333333333333,0.0151515151515151,0.0378787878787878,0.104152812248344,,,,,,,,,,
227,2024-09-08 14:35:03,nuclear_engineer_interview.txt,1,0,0.1181818181818181,0.009090909090909,0.0363636363636363,0.0449991497095448,,,,,,,,,,
227,2024-09-08 14:35:03,nuclear_engineer_interview.txt,2,0,0.1075268817204301,0.032258064516129,0.043010752688172,0.0757479536132003,,,,,,,,,,
227,2024-09-08 14:35:03,nuclear_engineer_interview.txt,3,0,0.0865384615384615,0.0192307692307692,0.0576923076923076,0.1100773347441114,,,,,,,,,,
227,2024-09-08 14:35:03,pharmacist_interview.txt,1,0,0.1020408163265306,0.0204081632653061,0.0408163265306122,0.0,,,,,,,,,,
227,2024-09-08 14:35:03,pharmacist_interview.txt,2,0,0.044776119402985,0.0074626865671641,0.0223880597014925,0.0690132425340739,,,,,,,,,,
227,2024-09-08 14:35:03,pharmacist_interview.txt,3,0,0.1290322580645161,0.075268817204301,0.021505376344086,0.0934611119352368,,,,,,,,,,
227,2024-09-08 14:35:03,chef_interview.txt,1,0,0.0481927710843373,0.0,0.0120481927710843,0.0332256967857307,,,,,,,,,,
227,2024-09-08 14:35:03,chef_interview.txt,2,0,0.0534351145038167,0.0,0.0305343511450381,0.0765835105514407,,,,,,,,,,
227,2024-09-08 14:35:03,chef_interview.txt,3,0,0.0777777777777777,0.0,0.0333333333333333,0.0449413215361284,,,,,,,,,,
227,2024-09-08 14:35:03,hotel_manager_interview.txt,1,0,0.0578512396694214,0.0,0.0165289256198347,0.1413053520565927,,,,,,,,,,
227,2024-09-08 14:35:03,hotel_manager_interview.txt,2,0,0.0964912280701754,0.0175438596491228,0.0350877192982456,0.1099607806113364,,,,,,,,,,
227,2024-09-08 14:35:03,hotel_manager_interview.txt,3,0,0.0806451612903225,0.0080645161290322,0.0161290322580645,0.0983426079695328,,,,,,,,,,
227,2024-09-08 14:35:03,mobile_app_developer_interview.txt,1,0,0.0763358778625954,0.0,0.0305343511450381,0.1013216232627603,,,,,,,,,,
227,2024-09-08 14:35:03,mobile_app_developer_interview.txt,2,0,0.0495867768595041,0.0,0.0413223140495867,0.0251933432248417,,,,,,,,,,
227,2024-09-08 14:35:03,mobile_app_developer_interview.txt,3,0,0.0708661417322834,0.0,0.0551181102362204,0.0713877057334111,,,,,,,,,,
227,2024-09-08 14:35:03,graphic_designer_interview.txt,1,0,0.0803571428571428,0.0,0.0267857142857142,0.0907194463199692,,,,,,,,,,
227,2024-09-08 14:35:03,graphic_designer_interview.txt,2,0,0.0603448275862069,0.0,0.0258620689655172,0.1235217831475955,,,,,,,,,,
227,2024-09-08 14:35:03,graphic_designer_interview.txt,3,0,0.0458015267175572,0.0,0.0229007633587786,0.1745280411231842,,,,,,,,,,
227,2024-09-08 14:35:03,geotechnical_engineer_interview.txt,1,0,0.1130434782608695,0.0,0.0347826086956521,0.0319974506476605,,,,,,,,,,
227,2024-09-08 14:35:03,geotechnical_engineer_interview.txt,2,0,0.1065573770491803,0.0,0.040983606557377,0.0214325208060958,,,,,,,,,,
227,2024-09-08 14:35:03,geotechnical_engineer_interview.txt,3,0,0.1089108910891089,0.0,0.0396039603960396,0.0773230010696247,,,,,,,,,,
227,2024-09-08 14:35:03,gardener_interview.txt,1,0,0.0490196078431372,0.0,0.0098039215686274,0.0456965816968714,,,,,,,,,,
227,2024-09-08 14:35:03,gardener_interview.txt,2,0,0.0695652173913043,0.0,0.017391304347826,0.1140851410160635,,,,,,,,,,
227,2024-09-08 14:35:03,gardener_interview.txt,3,0,0.0615384615384615,0.0,0.023076923076923,0.0,,,,,,,,,,
227,2024-09-08 14:35:03,ai_software_developer_interview.txt,1,0,0.1530612244897959,0.010204081632653,0.0510204081632653,0.0111499229117319,,,,,,,,,,
227,2024-09-08 14:35:03,ai_software_developer_interview.txt,2,0,0.1023622047244094,0.0078740157480314,0.0472440944881889,0.1105557259653508,,,,,,,,,,
227,2024-09-08 14:35:03,ai_software_developer_interview.txt,3,0,0.1074380165289256,0.0082644628099173,0.0578512396694214,0.0,,,,,,,,,,
227,2024-09-08 14:35:03,supply_chain_manager_interview.txt,1,0,0.099009900990099,0.0,0.0495049504950495,0.110396931184179,,,,,,,,,,
227,2024-09-08 14:35:03,supply_chain_manager_interview.txt,2,0,0.1,0.0,0.0181818181818181,0.0139712343151882,,,,,,,,,,
227,2024-09-08 14:35:03,supply_chain_manager_interview.txt,3,0,0.1119402985074626,0.0149253731343283,0.0149253731343283,0.028340865949965,,,,,,,,,,
227,2024-09-08 14:35:03,cloud_architect_interview.txt,1,0,0.0970873786407767,0.0097087378640776,0.058252427184466,0.0391645933980824,,,,,,,,,,
227,2024-09-08 14:35:03,cloud_architect_interview.txt,2,0,0.144,0.008,0.048,0.0392796140007774,,,,,,,,,,
227,2024-09-08 14:35:03,cloud_architect_interview.txt,3,0,0.1333333333333333,0.0083333333333333,0.05,0.0877736868278276,,,,,,,,,,
227,2024-09-08 14:35:03,mining_engineer_interview.txt,1,0,0.0701754385964912,0.0,0.0175438596491228,0.0623291883426047,,,,,,,,,,
227,2024-09-08 14:35:03,mining_engineer_interview.txt,2,0,0.0839694656488549,0.0,0.0305343511450381,0.0706375811030402,,,,,,,,,,
227,2024-09-08 14:35:03,mining_engineer_interview.txt,3,0,0.1477272727272727,0.0113636363636363,0.0568181818181818,0.0358635620371859,,,,,,,,,,
227,2024-09-08 14:35:03,devops_engineer_interview.txt,1,0,0.1068702290076335,0.0305343511450381,0.015267175572519,0.07311065388755,,,,,,,,,,
227,2024-09-08 14:35:03,devops_engineer_interview.txt,2,0,0.0560747663551401,0.0,0.0560747663551401,0.148397515332583,,,,,,,,,,
227,2024-09-08 14:35:03,devops_engineer_interview.txt,3,0,0.1935483870967742,0.010752688172043,0.064516129032258,0.0,,,,,,,,,,
227,2024-09-08 14:35:03,system_administrator_interview.txt,1,0,0.1041666666666666,0.0104166666666666,0.0416666666666666,0.0332782663987651,,,,,,,,,,
227,2024-09-08 14:35:03,system_administrator_interview.txt,2,0,0.0952380952380952,0.0095238095238095,0.0476190476190476,0.0204433907247207,,,,,,,,,,
227,2024-09-08 14:35:03,system_administrator_interview.txt,3,0,0.1621621621621621,0.0135135135135135,0.0405405405405405,0.1253139835189771,,,,,,,,,,
227,2024-09-08 14:35:03,content_writer_interview.txt,1,0,0.1348314606741573,0.0112359550561797,0.0337078651685393,0.055124321075318,,,,,,,,,,
227,2024-09-08 14:35:03,content_writer_interview.txt,2,0,0.0465116279069767,0.0,0.0348837209302325,0.1019393483798434,,,,,,,,,,
227,2024-09-08 14:35:03,content_writer_interview.txt,3,0,0.078125,0.0,0.03125,0.0877565421919958,,,,,,,,,,
227,2024-09-08 14:35:03,transportation_engineer_interview.txt,1,0,0.1037037037037037,0.0,0.037037037037037,0.1117562157628961,,,,,,,,,,
227,2024-09-08 14:35:03,transportation_engineer_interview.txt,2,0,0.0655737704918032,0.0245901639344262,0.0655737704918032,0.0349067186143281,,,,,,,,,,
227,2024-09-08 14:35:03,transportation_engineer_interview.txt,3,0,0.0697674418604651,0.0,0.0387596899224806,0.1166303786213575,,,,,,,,,,
227,2024-09-08 14:35:03,lorry_driver_interview.txt,1,0,0.074074074074074,0.0092592592592592,0.0185185185185185,0.0916819840397446,,,,,,,,,,
227,2024-09-08 14:35:03,lorry_driver_interview.txt,2,0,0.0852713178294573,0.0077519379844961,0.0232558139534883,0.0567176989464362,,,,,,,,,,
227,2024-09-08 14:35:03,lorry_driver_interview.txt,3,0,0.0672268907563025,0.0,0.0336134453781512,0.1123148981401632,,,,,,,,,,
227,2024-09-08 14:35:03,dentist_interview.txt,1,0,0.0451127819548872,0.0,0.0225563909774436,0.0704318199356172,,,,,,,,,,
227,2024-09-08 14:35:03,dentist_interview.txt,2,0,0.0982142857142857,0.0089285714285714,0.0446428571428571,0.0940702620980976,,,,,,,,,,
227,2024-09-08 14:35:03,dentist_interview.txt,3,0,0.0909090909090909,0.0,0.034090909090909,0.1371066698362683,,,,,,,,,,
227,2024-09-08 14:35:03,physicist_interview.txt,1,0,0.0973451327433628,0.0088495575221238,0.0353982300884955,0.1139810973689073,,,,,,,,,,
227,2024-09-08 14:35:03,physicist_interview.txt,2,0,0.072072072072072,0.0,0.063063063063063,0.1136156482515152,,,,,,,,,,
227,2024-09-08 14:35:03,physicist_interview.txt,3,0,0.0802919708029197,0.0,0.0364963503649635,0.062641834791487,,,,,,,,,,
227,2024-09-08 14:35:03,architect_interview.txt,1,0,0.1529411764705882,0.0117647058823529,0.0588235294117647,0.0,,,,,,,,,,
227,2024-09-08 14:35:03,architect_interview.txt,2,0,0.1317829457364341,0.0,0.0465116279069767,0.0876209078759001,,,,,,,,,,
227,2024-09-08 14:35:03,architect_interview.txt,3,0,0.064,0.056,0.04,0.0480218505844039,,,,,,,,,,
227,2024-09-08 14:35:03,materials_engineer_interview.txt,1,0,0.0833333333333333,0.0,0.0555555555555555,0.0329382443745014,,,,,,,,,,
227,2024-09-08 14:35:03,materials_engineer_interview.txt,2,0,0.1411764705882353,0.0117647058823529,0.0117647058823529,0.0418562922438496,,,,,,,,,,
227,2024-09-08 14:35:03,materials_engineer_interview.txt,3,0,0.0775862068965517,0.0,0.0517241379310344,0.0236745237289426,,,,,,,,,,
227,2024-09-08 14:35:03,computer_vision_engineer_interview.txt,1,0,0.1308411214953271,0.0093457943925233,0.0373831775700934,0.0651242189442417,,,,,,,,,,
227,2024-09-08 14:35:03,computer_vision_engineer_interview.txt,2,0,0.1224489795918367,0.0,0.0408163265306122,0.0806504300442508,,,,,,,,,,
227,2024-09-08 14:35:03,computer_vision_engineer_interview.txt,3,0,0.1147540983606557,0.0,0.040983606557377,0.0739659279494996,,,,,,,,,,
227,2024-09-08 14:35:03,data_scientist_interview.txt,1,0,0.0948275862068965,0.0086206896551724,0.0517241379310344,0.0,,,,,,,,,,
227,2024-09-08 14:35:03,data_scientist_interview.txt,2,0,0.1322314049586777,0.0413223140495867,0.0330578512396694,0.0524078414472835,,,,,,,,,,
227,2024-09-08 14:35:03,data_scientist_interview.txt,3,0,0.2113821138211382,0.008130081300813,0.032520325203252,0.0,,,,,,,,,,
227,2024-09-08 14:35:03,structural_engineer_interview.txt,1,0,0.1221374045801526,0.0076335877862595,0.0381679389312977,0.1294579871455792,,,,,,,,,,
227,2024-09-08 14:35:03,structural_engineer_interview.txt,2,0,0.08130081300813,0.0,0.048780487804878,0.0444434820554314,,,,,,,,,,
227,2024-09-08 14:35:03,structural_engineer_interview.txt,3,0,0.1619047619047619,0.0,0.0380952380952381,0.0492461992698414,,,,,,,,,,
227,2024-09-08 14:35:03,ai_ethicist_interview.txt,1,0,0.0984848484848484,0.0378787878787878,0.0151515151515151,0.0,,,,,,,,,,
227,2024-09-08 14:35:03,ai_ethicist_interview.txt,2,0,0.0707964601769911,0.0442477876106194,0.0442477876106194,0.0463364020063631,,,,,,,,,,
227,2024-09-08 14:35:03,ai_ethicist_interview.txt,3,0,0.0902255639097744,0.0601503759398496,0.0451127819548872,0.0627334709480612,,,,,,,,,,
227,2024-09-08 14:35:03,sales_manager_interview.txt,1,0,0.0581395348837209,0.0,0.0465116279069767,0.0927529785536527,,,,,,,,,,
227,2024-09-08 14:35:03,sales_manager_interview.txt,2,0,0.0648148148148148,0.0,0.0277777777777777,0.1185601973267088,,,,,,,,,,
227,2024-09-08 14:35:03,sales_manager_interview.txt,3,0,0.075187969924812,0.0,0.0300751879699248,0.106219738259975,,,,,,,,,,
227,2024-09-08 14:35:03,frontend_developer_interview.txt,1,0,0.043103448275862,0.0,0.0258620689655172,0.0463880667322203,,,,,,,,,,
227,2024-09-08 14:35:03,frontend_developer_interview.txt,2,0,0.0980392156862745,0.0,0.0392156862745098,0.0316033064174671,,,,,,,,,,
227,2024-09-08 14:35:03,frontend_developer_interview.txt,3,0,0.1206896551724138,0.0,0.043103448275862,0.1521935579294296,,,,,,,,,,
227,2024-09-08 14:35:03,public_relations_specialist_interview.txt,1,0,0.0824742268041237,0.0,0.0412371134020618,0.0612498751422564,,,,,,,,,,
227,2024-09-08 14:35:03,public_relations_specialist_interview.txt,2,0,0.0869565217391304,0.0260869565217391,0.0434782608695652,0.0,,,,,,,,,,
227,2024-09-08 14:35:03,public_relations_specialist_interview.txt,3,0,0.0701754385964912,0.0,0.0263157894736842,0.1004132052736,,,,,,,,,,
227,2024-09-08 14:35:03,logistics_coordinator_interview.txt,1,0,0.0964912280701754,0.0,0.0701754385964912,0.0536258473420191,,,,,,,,,,
227,2024-09-08 14:35:03,logistics_coordinator_interview.txt,2,0,0.0879120879120879,0.0,0.0659340659340659,0.0355816989033996,,,,,,,,,,
227,2024-09-08 14:35:03,logistics_coordinator_interview.txt,3,0,0.073394495412844,0.0,0.036697247706422,0.041870378325629,,,,,,,,,,
227,2024-09-08 14:35:03,nurse_interview.txt,1,0,0.1111111111111111,0.0111111111111111,0.0666666666666666,0.0792010942258981,,,,,,,,,,
227,2024-09-08 14:35:03,nurse_interview.txt,2,0,0.0597014925373134,0.0,0.0223880597014925,0.1370661560765469,,,,,,,,,,
227,2024-09-08 14:35:03,nurse_interview.txt,3,0,0.091743119266055,0.0091743119266055,0.055045871559633,0.1152664333805689,,,,,,,,,,
227,2024-09-08 14:35:03,chemist_interview.txt,1,0,0.0833333333333333,0.0185185185185185,0.0462962962962962,0.0527446151325422,,,,,,,,,,
227,2024-09-08 14:35:03,chemist_interview.txt,2,0,0.1648351648351648,0.0109890109890109,0.0109890109890109,0.1152384730306447,,,,,,,,,,
227,2024-09-08 14:35:03,chemist_interview.txt,3,0,0.0866141732283464,0.0,0.0393700787401574,0.0643850449549886,,,,,,,,,,
227,2024-09-08 14:35:03,manufacturing_engineer_interview.txt,1,0,0.0852713178294573,0.0310077519379844,0.0620155038759689,0.0482168090314157,,,,,,,,,,
227,2024-09-08 14:35:03,manufacturing_engineer_interview.txt,2,0,0.1272727272727272,0.009090909090909,0.0545454545454545,0.0834938300109287,,,,,,,,,,
227,2024-09-08 14:35:03,manufacturing_engineer_interview.txt,3,0,0.1234567901234567,0.0123456790123456,0.0493827160493827,0.0635358168333495,,,,,,,,,,
227,2024-09-08 14:35:03,veterinarian_interview.txt,1,0,0.0588235294117647,0.0,0.0392156862745098,0.0969298964109895,,,,,,,,,,
227,2024-09-08 14:35:03,veterinarian_interview.txt,2,0,0.053030303030303,0.0151515151515151,0.0075757575757575,0.0695811870523281,,,,,,,,,,
227,2024-09-08 14:35:03,veterinarian_interview.txt,3,0,0.0603448275862069,0.0172413793103448,0.043103448275862,0.0394390204432756,,,,,,,,,,
227,2024-09-08 14:35:03,event_planner_interview.txt,1,0,0.0454545454545454,0.0,0.0303030303030303,0.099059528098622,,,,,,,,,,
227,2024-09-08 14:35:03,event_planner_interview.txt,2,0,0.0873015873015873,0.0079365079365079,0.0317460317460317,0.0271201838699979,,,,,,,,,,
227,2024-09-08 14:35:03,event_planner_interview.txt,3,0,0.0490196078431372,0.0,0.0196078431372549,0.1572289573335409,,,,,,,,,,
227,2024-09-08 14:35:03,seo_specialist_interview.txt,1,0,0.0729166666666666,0.0,0.0208333333333333,0.0418630458366323,,,,,,,,,,
227,2024-09-08 14:35:03,seo_specialist_interview.txt,2,0,0.0459770114942528,0.0,0.0344827586206896,0.0469111864526693,,,,,,,,,,
227,2024-09-08 14:35:03,seo_specialist_interview.txt,3,0,0.0471698113207547,0.0,0.0283018867924528,0.1552382553045406,,,,,,,,,,
227,2024-09-08 14:35:03,procurement_specialist_interview.txt,1,0,0.1129032258064516,0.0080645161290322,0.0161290322580645,0.0,,,,,,,,,,
227,2024-09-08 14:35:03,procurement_specialist_interview.txt,2,0,0.0857142857142857,0.0095238095238095,0.0285714285714285,0.0290324715415137,,,,,,,,,,
227,2024-09-08 14:35:03,procurement_specialist_interview.txt,3,0,0.0714285714285714,0.0,0.0625,0.0990984254553111,,,,,,,,,,
227,2024-09-08 14:35:03,aerospace_engineer_interview.txt,-999,0,0.1579537848363149,0.0112761652671291,0.0511896069124984,0.0480739626699158,0.0232292144480414,33.93749217359016,0.0008192726969039,61.95611461389598,0.0278562156525578,8.638921471799875,0.0113061410215475,-49.35193438837489,2.0,76.0
227,2024-09-08 14:35:03,agricultural_engineer_interview.txt,-999,0,0.0769973105521278,0.0,0.0405227724164601,0.011394722776523,0.0203737158827427,-34.7098476294814,0.0,-100.0,0.0086447804274119,-13.999138577160082,0.0098783166486343,-87.99515091413978,77.0,100.0
227,2024-09-08 14:35:03,ai_ethicist_interview.txt,-999,0,0.0865022908572046,0.0474256504764189,0.0348373615723406,0.0363566243181414,0.0142147382473145,-26.65006465852805,0.0114708333605618,581.1601197960282,0.017053928162806,-26.06519923836068,0.0325356583816519,-61.69667338376586,63.0,91.0
227,2024-09-08 14:35:03,ai_professor_interview.txt,-999,0,0.1197533136966126,0.0148809523809523,0.0444996727213222,0.0340822291710896,0.0325918331272127,1.5452623222861348,0.0185863035666619,113.73056994818648,0.0031933755528298,-5.559023757376224,0.0420786958568103,-64.09285019626586,14.0,92.0
227,2024-09-08 14:35:03,ai_software_developer_interview.txt,-999,0,0.1209538152477103,0.0087808533968673,0.0520385807736252,0.0405685496256942,0.0279214122591925,2.563232023177804,0.0012479167381629,26.116713036871303,0.0053763732034059,10.4406857398518,0.0608665247425301,-57.25922205916984,12.0,88.0
227,2024-09-08 14:35:03,architect_interview.txt,-999,0,0.1162413740690074,0.0225882352941176,0.0484450524395804,0.0452142528201013,0.0464627652579288,-1.4326997877952152,0.0295273024791548,224.4279183175861,0.0095595456323168,2.8141954025396245,0.0438778740158845,-52.36476636767525,20.0,78.0
227,2024-09-08 14:35:03,astronomer_interview.txt,-999,0,0.0989247311827957,0.010752688172043,0.0413978494623656,0.0224049461475774,0.0101719520785223,-16.11641074444212,0.0186242022319234,54.43757312385088,0.0148993617855387,-12.141975918450784,0.0195158607931298,-76.39538911533178,45.0,97.0
227,2024-09-08 14:35:03,backend_developer_interview.txt,-999,0,0.0858172328760564,0.0060690943043884,0.0353013000071823,0.0863875677914038,0.0163666562069989,-27.230962090543287,0.0053024354302523,-12.83145382505336,0.0139982798443183,-25.0805897789312,0.0423274975700418,-8.986841139563666,66.0,16.0
227,2024-09-08 14:35:03,barista_interview.txt,-999,0,0.0649928774928775,0.0,0.0258413461538461,0.087702429243304,0.0236032137983276,-44.88905074631657,0.0,-100.0,0.0131221404127903,-45.15730545983465,0.0174195882811321,-7.601575906837013,92.0,14.0
227,2024-09-08 14:35:03,bartender_interview.txt,-999,0,0.090838147015517,0.0061445237286215,0.0253754672103295,0.0772575823270087,0.0326281278831465,-22.973459499167177,0.0053214831486181,-11.748084063528268,0.0061860297101893,-46.146033231207774,0.0217111142556495,-18.605688373125343,55.0,27.0
227,2024-09-08 14:35:03,biologist_interview.txt,-999,0,0.0875891303679257,0.0034013605442176,0.0338537846028502,0.0489864703554579,0.0305337550541416,-25.72847510236771,0.0058913292774451,-51.14729829755737,0.0211665675931543,-28.152629628919968,0.0437409249891785,-48.3905668088853,60.0,74.0
227,2024-09-08 14:35:03,biomedical_engineer_interview.txt,-999,0,0.1120803999591878,0.0085960616263646,0.0346393225181103,0.0789197619677442,0.0196127413682171,-4.961013071620684,0.0082843961072437,23.4626053278903,0.0227056625822035,-26.48549450059315,0.0318817554345985,-16.854507924775135,21.0,25.0
227,2024-09-08 14:35:03,business_analyst_interview.txt,-999,0,0.0888571353851067,0.0068899724401102,0.0280239508963223,0.0268847086642488,0.0204191906306732,-24.653265589403176,0.0060345326807251,-1.041432103701652,0.008006099634392,-40.52519672676368,0.0465656813531662,-71.67575933513768,59.0,95.0
227,2024-09-08 14:35:03,business_intelligence_analyst_interview.txt,-999,0,0.1089873247033441,0.0034722222222222,0.0404867853290183,0.1003877971033804,0.024379131255671,-7.583797598760711,0.0060140653040586,-50.12953367875648,0.0171121565398583,-14.075513423586813,0.0562029429299538,5.763025386719647,26.0,8.0
227,2024-09-08 14:35:03,chef_interview.txt,-999,0,0.0598018877886439,0.0,0.0253052924164852,0.0515835096244333,0.0157867034813484,-49.29076953769888,0.0,-100.0,0.0115659670403587,-46.29496412514459,0.0224290882691609,-45.654470011661154,96.0,69.0
227,2024-09-08 14:35:03,chemical_engineer_interview.txt,-999,0,0.0933161171590344,0.0036231884057971,0.0463705039441364,0.0708178587504109,0.0340623022045956,-20.872255611918234,0.006275546404235,-47.96125253435458,0.0157134193815333,-1.588587206657451,0.0689536349550145,-25.390224619236847,51.0,39.0
227,2024-09-08 14:35:03,chemist_interview.txt,-999,0,0.1115942237989481,0.0098358431691765,0.0322184620084882,0.0774560443727252,0.046137179469714,-5.37326793290535,0.0093129602729585,41.26920862672159,0.0187085626211643,-31.623249811912142,0.0332341516828835,-18.396599748959304,24.0,26.0
227,2024-09-08 14:35:03,civil_engineer_interview.txt,-999,0,0.0917765640840003,0.0031152647975077,0.0343852746708802,0.0633969770053524,0.0424258947476586,-22.177725298205857,0.0053957969083142,-55.25640404823011,0.0141857809399302,-27.024656369378235,0.017188509235205,-33.20845479303192,54.0,52.0
227,2024-09-08 14:35:03,cloud_architect_interview.txt,-999,0,0.12480690399137,0.008680690399137,0.052084142394822,0.0554059647422291,0.0245911266250874,5.83047277959821,0.0009057808622431,24.67810252024749,0.005434685173459,10.537380473135885,0.0280313285841514,-41.62734291725233,8.0,62.0
227,2024-09-08 14:35:03,computer_vision_engineer_interview.txt,-999,0,0.1226813998159398,0.0031152647975077,0.0397277035526942,0.0732468589793307,0.0080460296236275,4.02814370494751,0.0053957969083142,-55.25640404823011,0.0020321410418955,-15.686501092035044,0.0077880423033267,-22.831164451684472,10.0,36.0
227,2024-09-08 14:35:03,construction_manager_interview.txt,-999,0,0.1037596940455385,0.0080867208672086,0.0223606108958285,0.076807083260755,0.0101837238080021,-12.016586221343132,0.0081304281768819,16.147099709339074,0.0031834517450249,-52.54441677339249,0.0695745010677526,-19.0803092489258,34.0,29.0
227,2024-09-08 14:35:03,content_writer_interview.txt,-999,0,0.086489362860378,0.0037453183520599,0.0332805286995906,0.0816067372157191,0.0447500853580274,-26.66102700093465,0.0064870816762879,-46.20713745124294,0.001854169434807,-29.369241883120765,0.0240057653765828,-14.02365955908776,64.0,22.0
227,2024-09-08 14:35:03,cto_of_a_fintec_interview.txt,-999,0,0.1250465857799494,0.013956179459927,0.0332887030058755,0.0667679675719528,0.0137271442018583,6.033711832814205,0.0051425423800777,100.44833918610216,0.0015635024407279,-29.35189367765217,0.0207608663908648,-29.656965755907265,7.0,45.0
227,2024-09-08 14:35:03,customer_service_representative_interview.txt,-999,0,0.0893424342048937,0.0123852759370558,0.0369353692573757,0.0671208891698068,0.0186058317444694,-24.241754672178686,0.0053258486027179,77.88593211149677,0.0077588213681168,-21.612629549139,0.0489025078385463,-29.28514709875597,58.0,43.0
227,2024-09-08 14:35:03,cybersecurity_specialist_interview.txt,-999,0,0.0802896854726123,0.0199665609345487,0.0334108360022994,0.0511719302908732,0.0175362354275327,-31.918066219482995,0.0035944573766429,186.77361093559125,0.0144112494879355,-29.09269268339005,0.0555235444498658,-46.08808721175909,72.0,70.0
227,2024-09-08 14:35:03,data_engineer_interview.txt,-999,0,0.1277104901817828,0.0078330052493438,0.0301951188393117,0.0658105039181166,0.0532470333727473,8.292579357523962,0.007812580728911,12.503059850679293,0.008236772406936,-35.9173601386902,0.0781642140642681,-30.665696454751668,6.0,48.0
227,2024-09-08 14:35:03,data_scientist_interview.txt,-999,0,0.1461470349955708,0.0193576950018574,0.0391007714579853,0.0174692804824278,0.059510276812812,23.925915268174776,0.0190234997193799,178.02865567434566,0.0109354592676591,-17.017029508118767,0.0302576813672363,-81.5953332131787,3.0,99.0
227,2024-09-08 14:35:03,database_administrator_interview.txt,-999,0,0.1003905098732684,0.011129196474024,0.0276572086916914,0.0610299134785249,0.0151040431047355,-14.87349831859008,0.0035187554864522,59.84524676681187,0.0094527268474012,-41.30352811026895,0.0403786741209838,-35.70226188018239,41.0,55.0
227,2024-09-08 14:35:03,dentist_interview.txt,-999,0,0.0780787195260879,0.0029761904761904,0.0337633857370699,0.1005362506233277,0.028782047316803,-33.79286291691923,0.0051549131177645,-57.2538860103627,0.0110468751499902,-28.34448176205774,0.033804447311336,5.919427796693483,76.0,6.0
227,2024-09-08 14:35:03,devops_engineer_interview.txt,-999,0,0.1188311274865159,0.013762346439027,0.0452860236533057,0.073836056406711,0.0695129226782348,0.7632911373258651,0.0154880657967721,97.66437476157,0.0263374748416523,-3.890163176065883,0.0742014170742861,-22.210418661181293,16.0,35.0
227,2024-09-08 14:35:03,digital_marketing_specialist_interview.txt,-999,0,0.0752112373399502,0.0,0.0428803015436678,0.0832511521109623,0.0246456028426492,-36.22435497177396,0.0,-100.0,0.0079317560427817,-8.99579049214735,0.0721138721343955,-12.291195063101242,80.0,19.0
227,2024-09-08 14:35:03,doctor_interview.txt,-999,0,0.0757761686476545,0.0037878787878787,0.0440871229023839,0.0522903051616822,0.0230603716877812,-35.74531939385045,0.0065607985135184,-45.59585492227979,0.0264458986550197,-6.434571941589681,0.0202047210831162,-44.90982936303435,78.0,67.0
227,2024-09-08 14:35:03,electrical_engineer_interview.txt,-999,0,0.1362688063099868,0.0146828120403961,0.0408101012081794,0.039980860416496,0.0211545606931988,15.549634961657205,0.0059423497494545,110.8847408081764,0.0078274340155827,-13.389345067834242,0.0105493860274732,-57.87837887449393,5.0,90.0
227,2024-09-08 14:35:03,environmental_engineer_interview.txt,-999,0,0.0906243460975099,0.0,0.0334144172421008,0.0757482535843909,0.01307363357901,-23.154752773095083,0.0,-100.0,0.0112174222925081,-29.08509227281793,0.0665124574639047,-20.19583357730795,56.0,31.0
227,2024-09-08 14:35:03,environmental_scientist_interview.txt,-999,0,0.1044966227522008,0.0033670033670033,0.0415001946442108,0.08260450506481,0.0364046679627235,-11.391704817055455,0.0058318209009053,-51.64075993091537,0.0167393049567516,-11.924770301058343,0.0269700022423844,-12.97246659143272,31.0,20.0
227,2024-09-08 14:35:03,event_planner_interview.txt,-999,0,0.06059191353309,0.0026455026455026,0.0272189683954389,0.0944695564340536,0.0231998366820394,-48.62086430514412,0.0045821449935684,-62.00345423143351,0.0066307981467506,-42.23359880238685,0.0651757172032501,-0.4721053384833027,94.0,12.0
227,2024-09-08 14:35:03,financial_analyst_interview.txt,-999,0,0.1041725309766546,0.0064394291198414,0.0256993710601958,0.1144640016456769,0.0124399067840271,-11.666519628841826,0.0056144777702126,-7.512448081862118,0.0111285842740836,-45.458617034201644,0.0486399351293362,20.59293520954837,32.0,3.0
227,2024-09-08 14:35:03,fire_protection_engineer_interview.txt,-999,0,0.1057460792607535,0.0223292336391835,0.0396997895924166,0.0328066995261925,0.0167867012037599,-10.332223580129464,0.0093706059633852,220.7079567244391,0.0128804162027449,-15.745742463896889,0.029641073128454,-65.43667761461074,30.0,94.0
227,2024-09-08 14:35:03,focus_group_interview.txt,-999,0,0.2,0.0,0.0,0.0,0.0,69.59073479928011,0.0,-100.0,0.0,-100.0,0.0,-100.0,1.0,101.0
227,2024-09-08 14:35:03,frontend_developer_interview.txt,-999,0,0.0872774397115168,0.0,0.036060401171963,0.0767283103597056,0.0398969515345068,-25.99277433962,0.0,-100.0,0.0090434041261884,-23.469560962657454,0.0657715742358427,-19.163300016467915,62.0,30.0
227,2024-09-08 14:35:03,full_stack_developer_interview.txt,-999,0,0.0940751879699248,0.017704260651629,0.0366917293233082,0.0483128022847362,0.0163436441485173,-20.228598729000296,0.024071150367678,154.28088355604035,0.0169951159045996,-22.129702862669102,0.0514378645862778,-49.10030619277265,50.0,75.0
227,2024-09-08 14:35:03,game_developer_interview.txt,-999,0,0.0715677567988468,0.0037453183520599,0.0502500740054313,0.0658134742018097,0.0293826648895258,-39.313857682737,0.0064870816762879,-46.20713745124294,0.007934144696729,6.644965122701294,0.0101708631617814,-30.662567128292565,84.0,47.0
227,2024-09-08 14:35:03,gardener_interview.txt,-999,0,0.0600410955909677,0.0,0.0167573829977922,0.0532605742376449,0.0103543274292427,-49.08793240286986,0.0,-100.0,0.0066591692025601,-64.43606182243359,0.057417465439807,-43.88760758036767,95.0,66.0
227,2024-09-08 14:35:03,geneticist_interview.txt,-999,0,0.1032128698473925,0.0278045644487303,0.033337925334068,0.0973580478295555,0.0069362141964095,-12.480267809191218,0.0295432087139152,299.348459336168,0.0140137299822094,-29.247429881782367,0.0114069685173857,2.571049283957322,36.0,9.0
227,2024-09-08 14:35:03,geologist_interview.txt,-999,0,0.1083798330269442,0.0077073648152679,0.0304357365934003,0.0625965489539741,0.0492843158166744,-8.098922397686252,0.0074747102375288,10.698524704262596,0.0137196078132419,-35.406700751603424,0.0571174070875316,-34.05174147488816,27.0,53.0
227,2024-09-08 14:35:03,geotechnical_engineer_interview.txt,-999,0,0.1095039154663862,0.0,0.0384567252163562,0.0435843241744603,0.0032834639736264,-7.145752563286507,0.0,-100.0,0.0032557956075906,-18.383879017007303,0.0296922241439828,-54.08196895306461,25.0,82.0
227,2024-09-08 14:35:03,graphic_designer_interview.txt,-999,0,0.062167832386969,0.0,0.0251828488700033,0.129589756863583,0.0173497885167024,-47.284558123077225,0.0,-100.0,0.0020295851496763,-46.55482419505513,0.0422325155476891,36.5285935192658,93.0,1.0
227,2024-09-08 14:35:03,hotel_manager_interview.txt,-999,0,0.0783292096766398,0.008536125259385,0.0225818923920482,0.1165362468791539,0.0194238229967812,-33.580458873458866,0.0087814329255483,22.601757611478103,0.0108322093144022,-52.074794431262255,0.0222233416108369,22.77613806447352,75.0,2.0
227,2024-09-08 14:35:03,human_resources_manager_interview.txt,-999,0,0.0970501130075598,0.0136193593640402,0.0553931883719117,0.0579282148176675,0.0124161487833121,-17.706000113473806,0.0048627862837954,95.61069511460872,0.0118587851269351,17.560118246178973,0.0734851947736557,-38.97003987388016,47.0,58.0
227,2024-09-08 14:35:03,industrial_engineer_interview.txt,-999,0,0.0725358150702973,0.0054644808743169,0.0457991781415167,0.056356248609007,0.0242335021354551,-38.49298911481791,0.0094647585113053,-21.51533169115774,0.0100471455219511,-2.8011032377281566,0.0528215330852058,-40.62617644456724,82.0,59.0
227,2024-09-08 14:35:03,it_manager_interview.txt,-999,0,0.1003817704605106,0.0077140270053655,0.0386089850656779,0.1004112410170443,0.0096692189861962,-14.880908935746689,0.0001503106142354,10.794211704007324,0.0079527692327967,-18.06074026264952,0.072368648424168,5.787724596260446,42.0,7.0
227,2024-09-08 14:35:03,logistics_coordinator_interview.txt,-999,0,0.0859326037983691,0.0,0.0576022507456597,0.0436926415236826,0.011674910401301,-27.133132893095866,0.0,-100.0,0.0182280463727821,22.24837760628972,0.0091590559333901,-53.96785179055914,65.0,81.0
227,2024-09-08 14:35:03,lorry_driver_interview.txt,-999,0,0.0755240942199446,0.0056703990812517,0.025129259283386,0.086904860375448,0.0091091852499097,-35.959066830947634,0.0049682062821338,-18.55779143404159,0.0077198803279262,-46.66855655682495,0.0281047651195438,-8.44185031122339,79.0,15.0
227,2024-09-08 14:35:03,machine_learning_engineer_interview copy.txt,-999,0,0.1063435272737598,0.0026455026455026,0.0363025432792874,0.0497500160439961,0.0211822477998719,-9.82561534247894,0.0045821449935684,-62.00345423143351,0.0085394607858727,-22.95566646396358,0.0434329688699764,-47.5861373426463,29.0,73.0
227,2024-09-08 14:35:03,machine_learning_engineer_interview.txt,-999,0,0.1460871170173495,0.0026455026455026,0.020917927894672,0.0267045408274778,0.089998010065463,23.87510759840363,0.0045821449935684,-62.00345423143351,0.0181192175555063,-55.60620088787599,0.0462536215059891,-71.86557419355775,4.0,96.0
227,2024-09-08 14:35:03,manufacturing_engineer_interview.txt,-999,0,0.1120002784085471,0.017481446680413,0.0553145581569354,0.0650821519585646,0.0232264578511381,-5.028952434852755,0.0118266259876232,151.08067460158074,0.0063514149873694,17.393242541024037,0.0176892740534159,-31.43304775651628,22.0,49.0
227,2024-09-08 14:35:03,marine_engineer_interview.txt,-999,0,0.0945113890691516,0.0148216011759255,0.047757366854187,0.0635955669632064,0.0067985871968974,-19.858720404309665,0.0052018944448429,112.87812673401908,0.007711790898168,1.3547307804229831,0.0563358613200052,-32.99923140771915,49.0,51.0
227,2024-09-08 14:35:03,marketing_manager_interview.txt,-999,0,0.0734440974029729,0.0,0.0374530048007403,0.0433353117732308,0.0131561108141539,-37.72280777379957,0.0,-100.0,0.0036495094999721,-20.51405953584063,0.0335050053371757,-54.34431463324448,81.0,83.0
227,2024-09-08 14:35:03,materials_engineer_interview.txt,-999,0,0.1006986702727067,0.0039215686274509,0.0396814664563143,0.0328230201157645,0.035172384115353,-14.612192575706189,0.0067923561081132,-43.67570862541909,0.0242524036120399,-15.784629375990988,0.0090914319034334,-65.41948314497358,39.0,93.0
227,2024-09-08 14:35:03,mechanical_engineer_interview.txt,-999,0,0.1241887125220458,0.0033333333333333,0.0279409171075837,0.0506481015165538,0.0318933567115049,5.3062750519515305,0.0057735026918962,-52.12435233160622,0.008577064061792,-40.70141806930497,0.0135803186403236,-46.639964208318496,9.0,72.0
227,2024-09-08 14:35:03,meteorologist_interview.txt,-999,0,0.0566797385620915,0.0,0.0461686896981014,0.0407192739003882,0.0133414533254702,-51.93820744511907,0.0,-100.0,0.0109605620931214,-2.016894500838589,0.0705278512427857,-57.10042730770777,98.0,87.0
227,2024-09-08 14:35:03,microbiologist_interview.txt,-999,0,0.0932387558893583,0.0069922547332185,0.0361282793511709,0.081667457368724,0.0340960931527322,-20.93785438476512,0.0062531375341366,0.4276172045695858,0.0093344262568571,-23.3255041389116,0.0268522658028084,-13.95968816745406,52.0,21.0
227,2024-09-08 14:35:03,mining_engineer_interview.txt,-999,0,0.1006240589908729,0.0037878787878787,0.0349654642041142,0.0562767771609436,0.0413715282990978,-14.675459486258744,0.0065607985135184,-45.59585492227979,0.0200086023416553,-25.79332897810692,0.0181598970628145,-40.70990316257054,40.0,60.0
227,2024-09-08 14:35:03,mobile_app_developer_interview.txt,-999,0,0.0655962654847943,0.0,0.0423249251436151,0.0659675574070043,0.0141317832514613,-44.37740568172537,0.0,-100.0,0.0123225088564676,-10.17445734957714,0.0383524739918186,-30.50023359361124,91.0,46.0
227,2024-09-08 14:35:03,natural_language_processing_engineer_interview.txt,-999,0,0.116349310963754,0.0126090419848069,0.039299949336669,0.0555975287871771,0.0202018762617275,-1.3411743013350872,0.0156148271623144,81.09981545018107,0.024536946291995,-16.594317336129848,0.0342104300673422,-41.42552164481066,19.0,61.0
227,2024-09-08 14:35:03,network_administrator_interview.txt,-999,0,0.099443052074631,0.0191172375382901,0.0588833194096352,0.0677886964885345,0.024373758706705,-15.676898639901268,0.0143764391456747,174.5750386328515,0.0213550541281177,24.96717007960399,0.0437899583450664,-28.581582278708154,43.0,42.0
227,2024-09-08 14:35:03,neuroscientist_interview.txt,-999,0,0.0809130123154513,0.0138162988772744,0.0524014868527063,0.0424897054500683,0.0004937749193218,-31.389513932997048,0.0168020920584587,98.43927713888542,0.0110181403943963,11.21087577265132,0.0430262860033163,-55.23519864110567,71.0,85.0
227,2024-09-08 14:35:03,no_persona_interview.txt,-999,0,0.1179309708379475,0.0069624819624819,0.047119030839961,0.094917667810953,0.0114150323030899,0.0,0.0060994554681997,0.0,0.0093039288992219,0.0,0.027153427299694,0.0,18.0,11.0
227,2024-09-08 14:35:03,nuclear_engineer_interview.txt,-999,0,0.1040823871469032,0.0201932476126024,0.0456888989147053,0.0769414793556188,0.0161004320459097,-11.742957420467649,0.0116135285809566,190.02944239447663,0.0109136339305312,-3.0351471576593525,0.0325555052122015,-18.938716963776685,33.0,28.0
227,2024-09-08 14:35:03,nurse_interview.txt,-999,0,0.0875185743048265,0.0067618076792388,0.0480335326425974,0.110511227894338,0.0259638653819673,-25.788303375295385,0.0059354300676981,-2.882223384196095,0.0229570998061519,1.9408332182009929,0.0292241395109772,16.428511617502693,61.0,4.0
227,2024-09-08 14:35:03,occupational_therapist_interview.txt,-999,0,0.0677174677174677,0.0033670033670033,0.0484774484774484,0.0615201787989723,0.018816824899686,-42.57872445524061,0.0058318209009053,-51.64075993091537,0.0211637054970157,2.882949019264089,0.0268749397537979,-35.185745480491875,87.0,54.0
227,2024-09-08 14:35:03,operations_manager_interview.txt,-999,0,0.1018085172328291,0.0121773149296085,0.0472525277571149,0.0467300039765822,0.0116586686472904,-13.671093768296656,0.0140323419388873,74.89905173510252,0.006957407263849,0.2833184697861526,0.0464816574667467,-50.76785486380242,38.0,77.0
227,2024-09-08 14:35:03,petroleum_engineer_interview.txt,-999,0,0.1191441441441441,0.0123857373857373,0.0281787281787281,0.0709193675903395,0.0178525624002417,1.0287147621837391,0.0048779130106964,77.89255975784474,0.0097580673501294,-40.19671526259375,0.0139780483598758,-25.283280525192325,15.0,38.0
227,2024-09-08 14:35:03,pharmacist_interview.txt,-999,0,0.0919497312646772,0.0343798890122571,0.0282365875253969,0.0541581181564369,0.0430249546639151,-22.030887551135223,0.035997564893422,393.7878359687916,0.0109033094772579,-40.0739212542338,0.0484690715946676,-42.942004997106174,53.0,63.0
227,2024-09-08 14:35:03,physical_therapist_interview.txt,-999,0,0.0824099436472999,0.0024330900243309,0.0353682195255899,0.0753677820916746,0.0142183986043116,-30.12018551043566,0.0042142355415301,-65.05427177489506,0.0127183813371409,-24.938567506370266,0.0262464004677375,-20.59667727847652,68.0,32.0
227,2024-09-08 14:35:03,physicist_interview.txt,-999,0,0.0832363918727848,0.0029498525073746,0.044985881172174,0.0967461934706365,0.0128912416198435,-29.41939570126796,0.0051092944176073,-57.632170204961255,0.0156649240621399,-4.527150982863461,0.0295358062180704,1.926433404711787,67.0,10.0
227,2024-09-08 14:35:03,procurement_specialist_interview.txt,-999,0,0.0900153609831029,0.0058627752176139,0.0357334869431643,0.0427102989989416,0.0210691996832384,-23.671143938265644,0.0051294721212042,-15.79475179675748,0.0240007910790669,-24.16336604092622,0.0509454286947989,-55.00279349045167,57.0,84.0
227,2024-09-08 14:35:03,product_manager_interview.txt,-999,0,0.0963032340089655,0.0090681203078854,0.0392754842345446,0.0522449495829317,0.0202839790285589,-18.33931890436257,0.0002533443647036,30.24263986247871,0.0050942004363512,-16.64623924897107,0.0454785440816327,-44.957613489842906,48.0,68.0
227,2024-09-08 14:35:03,professor_of_classics_interview.txt,-999,0,0.0667900255529121,0.0028490028490028,0.0456721590742209,0.0728153593663539,0.030274518115878,-43.36515244609468,0.0049346176853814,-59.08064301846685,0.0099464220839576,-3.070673865628549,0.0363220071548864,-23.285768555354807,88.0,37.0
227,2024-09-08 14:35:03,project_manager_interview.txt,-999,0,0.0493011229853335,0.0,0.0381028802081433,0.0600194207659177,0.0119223488292455,-58.19493163243807,0.0,-100.0,0.0136134630263376,-19.13483887739733,0.0497708470280647,-36.76686105956788,101.0,56.0
227,2024-09-08 14:35:03,psychologist_interview.txt,-999,0,0.0698314413484692,0.005718954248366,0.049406604747162,0.0400466858845506,0.0178323674279776,-40.78617274810139,0.0051021225477111,-17.86040841206949,0.0113775334681744,4.854883189280045,0.017954888617755,-57.80902880556296,85.0,89.0
227,2024-09-08 14:35:03,public_relations_specialist_interview.txt,-999,0,0.0798687290465817,0.008695652173913,0.0370103879151037,0.0538876934719521,0.0086886507458557,-32.27501776752796,0.0150613113701641,24.892993917549006,0.0093293361157257,-21.45341859681099,0.050609823528041,-43.22690947350289,73.0,64.0
227,2024-09-08 14:35:03,quality_control_engineer_interview.txt,-999,0,0.0992837352059522,0.0064586244371991,0.0459278301267122,0.0707746374070316,0.0057660241535375,-15.81199196402703,0.0056558157490649,-7.236751606652021,0.0183989874004848,-2.5280670930916926,0.0364743133413402,-25.435760233813227,44.0,40.0
227,2024-09-08 14:35:03,restaurant_manager_interview.txt,-999,0,0.0815386878493674,0.0106060606060606,0.0373933509855839,0.0424769058623897,0.0287241341308553,-30.8589700652832,0.0114391430837435,52.33160621761655,0.0167092174250799,-20.64066191728385,0.0043504564912869,-55.24868357807652,69.0,86.0
227,2024-09-08 14:35:03,retail_manager_interview.txt,-999,0,0.0717461023371514,0.0,0.0283116876856029,0.0207524511111663,0.0278099828287107,-39.1626289282907,0.0,-100.0,0.0121858082880128,-39.9145373304406,0.0359442997061293,-78.13636640072222,83.0,98.0
227,2024-09-08 14:35:03,robotics_engineer_interview.txt,-999,0,0.1082954998008761,0.009753086419753,0.0550457984866587,0.0740966363403292,0.0391638298500185,-8.170433066570624,0.0100091407697329,40.08059873344848,0.0129759573107875,16.822857994725624,0.0446363190310999,-21.9358860692752,28.0,34.0
227,2024-09-08 14:35:03,safety_engineer_interview.txt,-999,0,0.1119096308401159,0.0456896737655672,0.0377571426636752,0.0536626179032506,0.0101521141336852,-5.105817373542791,0.0105464728561731,556.2268169852455,0.0150840303380585,-19.86859239122157,0.0179059943930516,-43.46403663211555,23.0,65.0
227,2024-09-08 14:35:03,sales_manager_interview.txt,-999,0,0.0660474398744492,0.0,0.0347881978848931,0.1058443047134455,0.0085907978524002,-43.9948307004044,0.0,-100.0,0.0102175648767093,-26.169538581872388,0.0129077049842715,11.511699723022131,90.0,5.0
227,2024-09-08 14:35:03,seo_specialist_interview.txt,-999,0,0.0553544964938914,0.0,0.0278726595821586,0.0813374958646141,0.0152209743032324,-53.06195132578391,0.0,-100.0,0.0068348284299844,-40.84627997373803,0.0640496886430233,-14.307317340946923,99.0,23.0
227,2024-09-08 14:35:03,shop_assistant_interview.txt,-999,0,0.0528707527611172,0.0,0.0470693388590508,0.0794152865978313,0.0078744514307649,-55.16805094925533,0.0,-100.0,0.0123949835308704,-0.1054605326647077,0.0401423217191564,-16.33245060761253,100.0,24.0
227,2024-09-08 14:35:03,social_media_manager_interview.txt,-999,0,0.0666253205935745,0.0,0.0380577682164983,0.0848462323556859,0.008921676927326,-43.50481462149042,0.0,-100.0,0.013169168277001,-19.230579368746163,0.0735823879732686,-10.610706823650888,89.0,18.0
227,2024-09-08 14:35:03,software_quality_assurance_tester_interview.txt,-999,0,0.0973062682820814,0.0198352116617337,0.038514896730076,0.0438768814903346,0.0405657841996036,-17.488792307329632,0.0186085600741486,184.8870814835544,0.0147147723113269,-18.26042250127938,0.0023085626447115,-53.77374676153655,46.0,80.0
227,2024-09-08 14:35:03,speech_therapist_interview.txt,-999,0,0.0810532509561635,0.0034722222222222,0.0368552025105423,0.0669799041283666,0.026955328905062,-31.270598062368848,0.0060140653040586,-50.12953367875648,0.0209826216415441,-21.782766212402933,0.0210258350421744,-29.43368113324256,70.0,44.0
227,2024-09-08 14:35:03,structural_engineer_interview.txt,-999,0,0.1217809931643482,0.0025445292620865,0.0416812216104712,0.0743825561569507,0.0403031564056178,3.264640576639593,0.0044072539632795,-63.45370406992841,0.0061482523311243,-11.540579533478107,0.0477571339916643,-21.63465677949648,11.0,33.0
227,2024-09-08 14:35:03,supply_chain_manager_interview.txt,-999,0,0.1036500664991872,0.0049751243781094,0.027537380603732,0.0509030104831107,0.0071965987852337,-12.109545302042974,0.00861716819686,-28.543809450158548,0.0190940227239905,-41.55783743247559,0.0520217889794126,-46.37140623335371,35.0,71.0
227,2024-09-08 14:35:03,system_administrator_interview.txt,-999,0,0.120522308022308,0.0111513299013299,0.0432754182754182,0.059678546880821,0.0363364546499795,2.197333886041932,0.0020938557812417,60.16314241702844,0.003803600520443,-8.15724028280114,0.0572030717304857,-37.125986913540174,13.0,57.0
227,2024-09-08 14:35:03,transportation_engineer_interview.txt,-999,0,0.079681638685324,0.0081967213114754,0.0471234991504403,0.0877644376661939,0.0209091230255486,-32.43366172672579,0.014197137766958,17.727002463263403,0.016001602034433,0.0094830271327452,0.045840955633769,-7.536247265373319,74.0,13.0
227,2024-09-08 14:35:03,travel_agent_interview.txt,-999,0,0.0678667280116555,0.0097155126140633,0.0577179664136185,0.0852174211265346,0.0405764600822864,-42.45215864040226,0.0110518306288536,39.540937648619575,0.0115275313105006,22.49395920229473,0.0389138725049479,-10.21964288433452,86.0,17.0
227,2024-09-08 14:35:03,veterinarian_interview.txt,-999,0,0.0573995533427582,0.0107976314872866,0.0299649640420431,0.0686500346355311,0.0038595787663367,-51.327837857255815,0.0094092251196378,55.08308022154725,0.0194868185701838,-36.40581415220826,0.0287567468344603,-27.674124092196408,97.0,41.0
227,2024-09-08 14:35:03,warehouse_manager_interview.txt,-999,0,0.1028355373597908,0.0071733303129837,0.0391853527777547,0.0650412265723094,0.0238318842019733,-12.800228278371264,0.0064114657553875,3.028350402025353,0.0110032851991648,-16.837523864089874,0.0177789052236073,-31.47616447777486,37.0,50.0
227,2024-09-08 14:35:03,water_resources_engineer_interview.txt,-999,0,0.1179565650333906,0.0128205128205128,0.0201291251312357,0.0440006396611022,0.0202262909249248,0.021702692058966,0.0222057795842163,84.13710641689917,0.0013974271491309,-57.280264953657614,0.0503493136199581,-53.64336200428139,17.0,79.0
228,2024-09-08 15:08:45,restaurant_manager_interview.txt,1,0,0.0727272727272727,0.009090909090909,0.0181818181818181,0.0466530557892966,,,,,,,,,,
228,2024-09-08 15:08:45,restaurant_manager_interview.txt,2,0,0.058252427184466,0.0,0.0485436893203883,0.0428067433298522,,,,,,,,,,
228,2024-09-08 15:08:45,restaurant_manager_interview.txt,3,0,0.1136363636363636,0.0227272727272727,0.0454545454545454,0.0379709184680204,,,,,,,,,,
228,2024-09-08 15:08:45,geneticist_interview.txt,1,0,0.1078431372549019,0.0588235294117647,0.0196078431372549,0.0937095795782794,,,,,,,,,,
228,2024-09-08 15:08:45,geneticist_interview.txt,2,0,0.0952380952380952,0.0,0.0476190476190476,0.0882216505718651,,,,,,,,,,
228,2024-09-08 15:08:45,geneticist_interview.txt,3,0,0.1065573770491803,0.0245901639344262,0.0327868852459016,0.1101429133385219,,,,,,,,,,
228,2024-09-08 15:08:45,speech_therapist_interview.txt,1,0,0.0833333333333333,0.0104166666666666,0.0208333333333333,0.0432621003107774,,,,,,,,,,
228,2024-09-08 15:08:45,speech_therapist_interview.txt,2,0,0.053030303030303,0.0,0.0606060606060606,0.0833315864428225,,,,,,,,,,
228,2024-09-08 15:08:45,speech_therapist_interview.txt,3,0,0.1067961165048543,0.0,0.029126213592233,0.0743460256315,,,,,,,,,,
228,2024-09-08 15:08:45,customer_service_representative_interview.txt,1,0,0.1018518518518518,0.0185185185185185,0.037037037037037,0.0311974890850877,,,,,,,,,,
228,2024-09-08 15:08:45,customer_service_representative_interview.txt,2,0,0.0679611650485436,0.0097087378640776,0.029126213592233,0.122813044651559,,,,,,,,,,
228,2024-09-08 15:08:45,customer_service_representative_interview.txt,3,0,0.0982142857142857,0.0089285714285714,0.0446428571428571,0.0473521337727738,,,,,,,,,,
228,2024-09-08 15:08:45,construction_manager_interview.txt,1,0,0.0934579439252336,0.0,0.0186915887850467,0.0948117237060615,,,,,,,,,,
228,2024-09-08 15:08:45,construction_manager_interview.txt,2,0,0.104,0.008,0.024,0.1356095260762036,,,,,,,,,,
228,2024-09-08 15:08:45,construction_manager_interview.txt,3,0,0.1138211382113821,0.016260162601626,0.024390243902439,0.0,,,,,,,,,,
228,2024-09-08 15:08:45,doctor_interview.txt,1,0,0.0648148148148148,0.0,0.074074074074074,0.0673965703749538,,,,,,,,,,
228,2024-09-08 15:08:45,doctor_interview.txt,2,0,0.0602409638554216,0.0,0.0240963855421686,0.0293397273927395,,,,,,,,,,
228,2024-09-08 15:08:45,doctor_interview.txt,3,0,0.1022727272727272,0.0113636363636363,0.034090909090909,0.0601346177173533,,,,,,,,,,
228,2024-09-08 15:08:45,human_resources_manager_interview.txt,1,0,0.0851063829787234,0.0106382978723404,0.0425531914893617,0.1425669620819004,,,,,,,,,,
228,2024-09-08 15:08:45,human_resources_manager_interview.txt,2,0,0.0961538461538461,0.0192307692307692,0.0576923076923076,0.0103852698901538,,,,,,,,,,
228,2024-09-08 15:08:45,human_resources_manager_interview.txt,3,0,0.1098901098901098,0.0109890109890109,0.0659340659340659,0.0208324124809482,,,,,,,,,,
228,2024-09-08 15:08:45,water_resources_engineer_interview.txt,1,0,0.1057692307692307,0.0384615384615384,0.0192307692307692,0.0,,,,,,,,,,
228,2024-09-08 15:08:45,water_resources_engineer_interview.txt,2,0,0.1067961165048543,0.0,0.0194174757281553,0.0989100944553876,,,,,,,,,,
228,2024-09-08 15:08:45,water_resources_engineer_interview.txt,3,0,0.1413043478260869,0.0,0.0217391304347826,0.0330918245279189,,,,,,,,,,
228,2024-09-08 15:08:45,project_manager_interview.txt,1,0,0.0421052631578947,0.0,0.0526315789473684,0.0555355117717458,,,,,,,,,,
228,2024-09-08 15:08:45,project_manager_interview.txt,2,0,0.0427350427350427,0.0,0.0256410256410256,0.1118805059888638,,,,,,,,,,
228,2024-09-08 15:08:45,project_manager_interview.txt,3,0,0.063063063063063,0.0,0.036036036036036,0.0126422445371434,,,,,,,,,,
228,2024-09-08 15:08:45,biologist_interview.txt,1,0,0.1122448979591836,0.010204081632653,0.0204081632653061,0.0628254664475309,,,,,,,,,,
228,2024-09-08 15:08:45,biologist_interview.txt,2,0,0.0970873786407767,0.0,0.058252427184466,0.084133944618843,,,,,,,,,,
228,2024-09-08 15:08:45,biologist_interview.txt,3,0,0.0534351145038167,0.0,0.0229007633587786,0.0,,,,,,,,,,
228,2024-09-08 15:08:45,occupational_therapist_interview.txt,1,0,0.0461538461538461,0.0,0.0461538461538461,0.0619600680328602,,,,,,,,,,
228,2024-09-08 15:08:45,occupational_therapist_interview.txt,2,0,0.0808080808080808,0.0101010101010101,0.0707070707070707,0.0881724737587123,,,,,,,,,,
228,2024-09-08 15:08:45,occupational_therapist_interview.txt,3,0,0.0761904761904762,0.0,0.0285714285714285,0.0344279946053444,,,,,,,,,,
228,2024-09-08 15:08:45,network_administrator_interview.txt,1,0,0.1111111111111111,0.0111111111111111,0.0777777777777777,0.0181441553921881,,,,,,,,,,
228,2024-09-08 15:08:45,network_administrator_interview.txt,2,0,0.0714285714285714,0.0357142857142857,0.0357142857142857,0.1009251180073442,,,,,,,,,,
228,2024-09-08 15:08:45,network_administrator_interview.txt,3,0,0.1157894736842105,0.0105263157894736,0.0631578947368421,0.0842968160660713,,,,,,,,,,
228,2024-09-08 15:08:45,neuroscientist_interview.txt,1,0,0.081081081081081,0.0,0.054054054054054,0.0414359038364657,,,,,,,,,,
228,2024-09-08 15:08:45,neuroscientist_interview.txt,2,0,0.0803571428571428,0.0089285714285714,0.0625,0.0,,,,,,,,,,
228,2024-09-08 15:08:45,neuroscientist_interview.txt,3,0,0.08130081300813,0.032520325203252,0.040650406504065,0.0860332125137391,,,,,,,,,,
228,2024-09-08 15:08:45,retail_manager_interview.txt,1,0,0.0671641791044776,0.0,0.0149253731343283,0.0,,,,,,,,,,
228,2024-09-08 15:08:45,retail_manager_interview.txt,2,0,0.1015625,0.0,0.03125,0.0,,,,,,,,,,
228,2024-09-08 15:08:45,retail_manager_interview.txt,3,0,0.0465116279069767,0.0,0.0387596899224806,0.0622573533334991,,,,,,,,,,
228,2024-09-08 15:08:45,agricultural_engineer_interview.txt,1,0,0.0612244897959183,0.0,0.0306122448979591,0.01754081509232,,,,,,,,,,
228,2024-09-08 15:08:45,agricultural_engineer_interview.txt,2,0,0.1,0.0,0.0444444444444444,0.016643353237249,,,,,,,,,,
228,2024-09-08 15:08:45,agricultural_engineer_interview.txt,3,0,0.0697674418604651,0.0,0.0465116279069767,0.0,,,,,,,,,,
228,2024-09-08 15:08:45,electrical_engineer_interview.txt,1,0,0.1309523809523809,0.0119047619047619,0.0476190476190476,0.0515248660596885,,,,,,,,,,
228,2024-09-08 15:08:45,electrical_engineer_interview.txt,2,0,0.1595744680851064,0.0106382978723404,0.0425531914893617,0.0375765713355705,,,,,,,,,,
228,2024-09-08 15:08:45,electrical_engineer_interview.txt,3,0,0.1182795698924731,0.021505376344086,0.032258064516129,0.030841143854229,,,,,,,,,,
228,2024-09-08 15:08:45,quality_control_engineer_interview.txt,1,0,0.0947368421052631,0.0105263157894736,0.0631578947368421,0.0571315807160011,,,,,,,,,,
228,2024-09-08 15:08:45,quality_control_engineer_interview.txt,2,0,0.1057692307692307,0.0,0.048076923076923,0.0430885464951094,,,,,,,,,,
228,2024-09-08 15:08:45,quality_control_engineer_interview.txt,3,0,0.0973451327433628,0.0088495575221238,0.0265486725663716,0.1121037850099844,,,,,,,,,,
228,2024-09-08 15:08:45,machine_learning_engineer_interview.txt,1,0,0.0707070707070707,0.0,0.0404040404040404,0.0858241538735865,,,,,,,,,,
228,2024-09-08 15:08:45,machine_learning_engineer_interview.txt,2,0,0.144578313253012,0.036144578313253,0.072289156626506,0.05233687853406,,,,,,,,,,
228,2024-09-08 15:08:45,machine_learning_engineer_interview.txt,3,0,0.1494252873563218,0.0114942528735632,0.0459770114942528,0.0777755151276191,,,,,,,,,,
228,2024-09-08 15:08:45,psychologist_interview.txt,1,0,0.0686274509803921,0.0098039215686274,0.0588235294117647,0.0323961959726534,,,,,,,,,,
228,2024-09-08 15:08:45,psychologist_interview.txt,2,0,0.088235294117647,0.0073529411764705,0.0367647058823529,0.0605596667072056,,,,,,,,,,
228,2024-09-08 15:08:45,psychologist_interview.txt,3,0,0.0526315789473684,0.0,0.0526315789473684,0.0271841949737927,,,,,,,,,,
228,2024-09-08 15:08:45,geologist_interview.txt,1,0,0.0901639344262295,0.0081967213114754,0.040983606557377,0.0759044861163816,,,,,,,,,,
228,2024-09-08 15:08:45,geologist_interview.txt,2,0,0.0707964601769911,0.0,0.0353982300884955,0.1118851607455407,,,,,,,,,,
228,2024-09-08 15:08:45,geologist_interview.txt,3,0,0.1641791044776119,0.0149253731343283,0.0149253731343283,0.0,,,,,,,,,,
228,2024-09-08 15:08:45,chemical_engineer_interview.txt,1,0,0.0634920634920634,0.0,0.0634920634920634,0.0,,,,,,,,,,
228,2024-09-08 15:08:45,chemical_engineer_interview.txt,2,0,0.086021505376344,0.0,0.043010752688172,0.0747112850356365,,,,,,,,,,
228,2024-09-08 15:08:45,chemical_engineer_interview.txt,3,0,0.1304347826086956,0.0108695652173913,0.0326086956521739,0.1377422912155963,,,,,,,,,,
228,2024-09-08 15:08:45,machine_learning_engineer_interview copy.txt,1,0,0.1374045801526717,0.0,0.0458015267175572,0.0689014253725686,,,,,,,,,,
228,2024-09-08 15:08:45,machine_learning_engineer_interview copy.txt,2,0,0.0930232558139534,0.0,0.0310077519379844,0.0801136224824336,,,,,,,,,,
228,2024-09-08 15:08:45,machine_learning_engineer_interview copy.txt,3,0,0.0952380952380952,0.0079365079365079,0.0317460317460317,0.0,,,,,,,,,,
228,2024-09-08 15:08:45,no_persona_interview.txt,1,0,0.1047619047619047,0.0095238095238095,0.0571428571428571,0.0635731657580273,,,,,,,,,,
228,2024-09-08 15:08:45,no_persona_interview.txt,2,0,0.125,0.0113636363636363,0.0454545454545454,0.1099189066092266,,,,,,,,,,
228,2024-09-08 15:08:45,no_persona_interview.txt,3,0,0.1240310077519379,0.0,0.0387596899224806,0.111260931065605,,,,,,,,,,
228,2024-09-08 15:08:45,financial_analyst_interview.txt,1,0,0.1171171171171171,0.009009009009009,0.018018018018018,0.0598254669070187,,,,,,,,,,
228,2024-09-08 15:08:45,financial_analyst_interview.txt,2,0,0.1030927835051546,0.0103092783505154,0.0206185567010309,0.1530445380640685,,,,,,,,,,
228,2024-09-08 15:08:45,financial_analyst_interview.txt,3,0,0.0923076923076923,0.0,0.0384615384615384,0.1305219999659435,,,,,,,,,,
228,2024-09-08 15:08:45,civil_engineer_interview.txt,1,0,0.0610687022900763,0.0,0.0381679389312977,0.0831598154358535,,,,,,,,,,
228,2024-09-08 15:08:45,civil_engineer_interview.txt,2,0,0.1401869158878504,0.0093457943925233,0.0186915887850467,0.0551022249278976,,,,,,,,,,
228,2024-09-08 15:08:45,civil_engineer_interview.txt,3,0,0.074074074074074,0.0,0.0462962962962962,0.0519288906523061,,,,,,,,,,
228,2024-09-08 15:08:45,meteorologist_interview.txt,1,0,0.0504201680672268,0.0,0.0588235294117647,0.0,,,,,,,,,,
228,2024-09-08 15:08:45,meteorologist_interview.txt,2,0,0.0476190476190476,0.0,0.0396825396825396,0.0,,,,,,,,,,
228,2024-09-08 15:08:45,meteorologist_interview.txt,3,0,0.072,0.0,0.04,0.1221578217011647,,,,,,,,,,
228,2024-09-08 15:08:45,shop_assistant_interview.txt,1,0,0.0495867768595041,0.0,0.0330578512396694,0.1223705927244681,,,,,,,,,,
228,2024-09-08 15:08:45,shop_assistant_interview.txt,2,0,0.0471698113207547,0.0,0.0566037735849056,0.0428532956412062,,,,,,,,,,
228,2024-09-08 15:08:45,shop_assistant_interview.txt,3,0,0.0618556701030927,0.0,0.0515463917525773,0.0730219714278197,,,,,,,,,,
228,2024-09-08 15:08:45,social_media_manager_interview.txt,1,0,0.0617283950617283,0.0,0.0246913580246913,0.1233699304830566,,,,,,,,,,
228,2024-09-08 15:08:45,social_media_manager_interview.txt,2,0,0.0612244897959183,0.0,0.0510204081632653,0.0,,,,,,,,,,
228,2024-09-08 15:08:45,social_media_manager_interview.txt,3,0,0.0769230769230769,0.0,0.0384615384615384,0.1311687665840011,,,,,,,,,,
228,2024-09-08 15:08:45,marine_engineer_interview.txt,1,0,0.087378640776699,0.0194174757281553,0.0485436893203883,0.0835429425346109,,,,,,,,,,
228,2024-09-08 15:08:45,marine_engineer_interview.txt,2,0,0.1009174311926605,0.0091743119266055,0.055045871559633,0.1072437583550084,,,,,,,,,,
228,2024-09-08 15:08:45,marine_engineer_interview.txt,3,0,0.0952380952380952,0.0158730158730158,0.0396825396825396,0.0,,,,,,,,,,
228,2024-09-08 15:08:45,warehouse_manager_interview.txt,1,0,0.0987654320987654,0.0123456790123456,0.0493827160493827,0.081493124342657,,,,,,,,,,
228,2024-09-08 15:08:45,warehouse_manager_interview.txt,2,0,0.128440366972477,0.0091743119266055,0.0275229357798165,0.0461808634688753,,,,,,,,,,
228,2024-09-08 15:08:45,warehouse_manager_interview.txt,3,0,0.08130081300813,0.0,0.040650406504065,0.067449691905396,,,,,,,,,,
228,2024-09-08 15:08:45,business_intelligence_analyst_interview.txt,1,0,0.087378640776699,0.0,0.0485436893203883,0.0519120125435854,,,,,,,,,,
228,2024-09-08 15:08:45,business_intelligence_analyst_interview.txt,2,0,0.1354166666666666,0.0104166666666666,0.0520833333333333,0.1619933830165744,,,,,,,,,,
228,2024-09-08 15:08:45,business_intelligence_analyst_interview.txt,3,0,0.1041666666666666,0.0,0.0208333333333333,0.0872579957499813,,,,,,,,,,
228,2024-09-08 15:08:45,full_stack_developer_interview.txt,1,0,0.112,0.008,0.024,0.0425483283606354,,,,,,,,,,
228,2024-09-08 15:08:45,full_stack_developer_interview.txt,2,0,0.0902255639097744,0.0451127819548872,0.0300751879699248,0.1023900784935733,,,,,,,,,,
228,2024-09-08 15:08:45,full_stack_developer_interview.txt,3,0,0.08,0.0,0.056,0.0,,,,,,,,,,
228,2024-09-08 15:08:45,focus_group_interview.txt,1,0,0.2,0.0,0.0,0.0,,,,,,,,,,
228,2024-09-08 15:08:45,focus_group_interview.txt,2,0,0.2,0.0,0.0,0.0,,,,,,,,,,
228,2024-09-08 15:08:45,focus_group_interview.txt,3,0,0.2,0.0,0.0,0.0,,,,,,,,,,
228,2024-09-08 15:08:45,travel_agent_interview.txt,1,0,0.0760869565217391,0.0217391304347826,0.0652173913043478,0.1283619363588929,,,,,,,,,,
228,2024-09-08 15:08:45,travel_agent_interview.txt,2,0,0.1037037037037037,0.0074074074074074,0.0444444444444444,0.0745172643816199,,,,,,,,,,
228,2024-09-08 15:08:45,travel_agent_interview.txt,3,0,0.0238095238095238,0.0,0.0634920634920634,0.0527730626390911,,,,,,,,,,
228,2024-09-08 15:08:45,robotics_engineer_interview.txt,1,0,0.14,0.02,0.06,0.0571924000726199,,,,,,,,,,
228,2024-09-08 15:08:45,robotics_engineer_interview.txt,2,0,0.1203703703703703,0.0092592592592592,0.0648148148148148,0.0403813965559999,,,,,,,,,,
228,2024-09-08 15:08:45,robotics_engineer_interview.txt,3,0,0.064516129032258,0.0,0.0403225806451612,0.1247161123923678,,,,,,,,,,
228,2024-09-08 15:08:45,biomedical_engineer_interview.txt,1,0,0.1296296296296296,0.0092592592592592,0.0185185185185185,0.1025907901717319,,,,,,,,,,
228,2024-09-08 15:08:45,biomedical_engineer_interview.txt,2,0,0.0909090909090909,0.0,0.0606060606060606,0.0426668739812379,,,,,,,,,,
228,2024-09-08 15:08:45,biomedical_engineer_interview.txt,3,0,0.1157024793388429,0.0165289256198347,0.024793388429752,0.0915016217502627,,,,,,,,,,
228,2024-09-08 15:08:45,marketing_manager_interview.txt,1,0,0.0823529411764705,0.0,0.0352941176470588,0.0775670553173294,,,,,,,,,,
228,2024-09-08 15:08:45,marketing_manager_interview.txt,2,0,0.0583333333333333,0.0,0.0416666666666666,0.0418311722270583,,,,,,,,,,
228,2024-09-08 15:08:45,marketing_manager_interview.txt,3,0,0.079646017699115,0.0,0.0353982300884955,0.0106077077753049,,,,,,,,,,
228,2024-09-08 15:08:45,professor_of_classics_interview.txt,1,0,0.0721649484536082,0.0,0.0515463917525773,0.1139617522607703,,,,,,,,,,
228,2024-09-08 15:08:45,professor_of_classics_interview.txt,2,0,0.0341880341880341,0.0,0.0341880341880341,0.0452051914403515,,,,,,,,,,
228,2024-09-08 15:08:45,professor_of_classics_interview.txt,3,0,0.094017094017094,0.0085470085470085,0.0512820512820512,0.0592791343979399,,,,,,,,,,
228,2024-09-08 15:08:45,environmental_engineer_interview.txt,1,0,0.09375,0.0,0.0208333333333333,0.1026424642988634,,,,,,,,,,
228,2024-09-08 15:08:45,environmental_engineer_interview.txt,2,0,0.1018518518518518,0.0,0.037037037037037,0.1246022964543093,,,,,,,,,,
228,2024-09-08 15:08:45,environmental_engineer_interview.txt,3,0,0.0762711864406779,0.0,0.0423728813559322,0.0,,,,,,,,,,
228,2024-09-08 15:08:45,physical_therapist_interview.txt,1,0,0.072992700729927,0.0072992700729927,0.0218978102189781,0.0976563572315262,,,,,,,,,,
228,2024-09-08 15:08:45,physical_therapist_interview.txt,2,0,0.0754716981132075,0.0,0.0471698113207547,0.0464390040542306,,,,,,,,,,
228,2024-09-08 15:08:45,physical_therapist_interview.txt,3,0,0.0987654320987654,0.0,0.037037037037037,0.0820079849892669,,,,,,,,,,
228,2024-09-08 15:08:45,astronomer_interview.txt,1,0,0.09,0.0,0.05,0.0357008884926808,,,,,,,,,,
228,2024-09-08 15:08:45,astronomer_interview.txt,2,0,0.0967741935483871,0.032258064516129,0.0241935483870967,0.0,,,,,,,,,,
228,2024-09-08 15:08:45,astronomer_interview.txt,3,0,0.11,0.0,0.05,0.0315139499500514,,,,,,,,,,
228,2024-09-08 15:08:45,ai_professor_interview.txt,1,0,0.1391304347826087,0.017391304347826,0.0347826086956521,0.0963797997622013,,,,,,,,,,
228,2024-09-08 15:08:45,ai_professor_interview.txt,2,0,0.15625,0.0104166666666666,0.0520833333333333,0.0291652621239683,,,,,,,,,,
228,2024-09-08 15:08:45,ai_professor_interview.txt,3,0,0.099009900990099,0.0099009900990099,0.0396039603960396,0.0815729785700701,,,,,,,,,,
228,2024-09-08 15:08:45,game_developer_interview.txt,1,0,0.0449438202247191,0.0112359550561797,0.0561797752808988,0.0605193719036507,,,,,,,,,,
228,2024-09-08 15:08:45,game_developer_interview.txt,2,0,0.1030927835051546,0.0,0.0412371134020618,0.0593816587862705,,,,,,,,,,
228,2024-09-08 15:08:45,game_developer_interview.txt,3,0,0.0666666666666666,0.0,0.0533333333333333,0.0775393919155081,,,,,,,,,,
228,2024-09-08 15:08:45,fire_protection_engineer_interview.txt,1,0,0.1239669421487603,0.0330578512396694,0.0330578512396694,0.0,,,,,,,,,,
228,2024-09-08 15:08:45,fire_protection_engineer_interview.txt,2,0,0.0909090909090909,0.0181818181818181,0.0545454545454545,0.0407611697271842,,,,,,,,,,
228,2024-09-08 15:08:45,fire_protection_engineer_interview.txt,3,0,0.1023622047244094,0.0157480314960629,0.0314960629921259,0.0576589288513933,,,,,,,,,,
228,2024-09-08 15:08:45,safety_engineer_interview.txt,1,0,0.1052631578947368,0.0350877192982456,0.0526315789473684,0.0454675110134519,,,,,,,,,,
228,2024-09-08 15:08:45,safety_engineer_interview.txt,2,0,0.1235955056179775,0.0561797752808988,0.0224719101123595,0.0741995996381659,,,,,,,,,,
228,2024-09-08 15:08:45,safety_engineer_interview.txt,3,0,0.1068702290076335,0.0458015267175572,0.0381679389312977,0.0413207430581339,,,,,,,,,,
228,2024-09-08 15:08:45,environmental_scientist_interview.txt,1,0,0.0686274509803921,0.0,0.0294117647058823,0.0534300314907251,,,,,,,,,,
228,2024-09-08 15:08:45,environmental_scientist_interview.txt,2,0,0.1414141414141414,0.0101010101010101,0.0606060606060606,0.0877567755185532,,,,,,,,,,
228,2024-09-08 15:08:45,environmental_scientist_interview.txt,3,0,0.1034482758620689,0.0,0.0344827586206896,0.1066267081851516,,,,,,,,,,
228,2024-09-08 15:08:45,operations_manager_interview.txt,1,0,0.091743119266055,0.0275229357798165,0.055045871559633,0.0,,,,,,,,,,
228,2024-09-08 15:08:45,operations_manager_interview.txt,2,0,0.1145833333333333,0.0,0.0416666666666666,0.047230742864624,,,,,,,,,,
228,2024-09-08 15:08:45,operations_manager_interview.txt,3,0,0.0990990990990991,0.009009009009009,0.045045045045045,0.0929592690651228,,,,,,,,,,
228,2024-09-08 15:08:45,backend_developer_interview.txt,1,0,0.1008403361344537,0.0084033613445378,0.0252100840336134,0.1284026295844632,,,,,,,,,,
228,2024-09-08 15:08:45,backend_developer_interview.txt,2,0,0.088235294117647,0.0098039215686274,0.0294117647058823,0.0870056695430988,,,,,,,,,,
228,2024-09-08 15:08:45,backend_developer_interview.txt,3,0,0.0683760683760683,0.0,0.0512820512820512,0.0437544042466496,,,,,,,,,,
228,2024-09-08 15:08:45,digital_marketing_specialist_interview.txt,1,0,0.1022727272727272,0.0,0.034090909090909,0.1233454514559801,,,,,,,,,,
228,2024-09-08 15:08:45,digital_marketing_specialist_interview.txt,2,0,0.054054054054054,0.0,0.045045045045045,0.0,,,,,,,,,,
228,2024-09-08 15:08:45,digital_marketing_specialist_interview.txt,3,0,0.0693069306930693,0.0,0.0495049504950495,0.1264080048769068,,,,,,,,,,
228,2024-09-08 15:08:45,mechanical_engineer_interview.txt,1,0,0.1018518518518518,0.0,0.037037037037037,0.0662024475332696,,,,,,,,,,
228,2024-09-08 15:08:45,mechanical_engineer_interview.txt,2,0,0.11,0.01,0.02,0.0445948178221984,,,,,,,,,,
228,2024-09-08 15:08:45,mechanical_engineer_interview.txt,3,0,0.1607142857142857,0.0,0.0267857142857142,0.0411470391941935,,,,,,,,,,
228,2024-09-08 15:08:45,software_quality_assurance_tester_interview.txt,1,0,0.073394495412844,0.0091743119266055,0.036697247706422,0.0413513341749755,,,,,,,,,,
228,2024-09-08 15:08:45,software_quality_assurance_tester_interview.txt,2,0,0.1441441441441441,0.009009009009009,0.054054054054054,0.0458783496403244,,,,,,,,,,
228,2024-09-08 15:08:45,software_quality_assurance_tester_interview.txt,3,0,0.0743801652892562,0.0413223140495867,0.024793388429752,0.0444009606557039,,,,,,,,,,
228,2024-09-08 15:08:45,cybersecurity_specialist_interview.txt,1,0,0.0625,0.0234375,0.03125,0.0,,,,,,,,,,
228,2024-09-08 15:08:45,cybersecurity_specialist_interview.txt,2,0,0.0975609756097561,0.016260162601626,0.048780487804878,0.0433073475931765,,,,,,,,,,
228,2024-09-08 15:08:45,cybersecurity_specialist_interview.txt,3,0,0.0808080808080808,0.0202020202020202,0.0202020202020202,0.110208443279443,,,,,,,,,,
228,2024-09-08 15:08:45,product_manager_interview.txt,1,0,0.1150442477876106,0.0088495575221238,0.0353982300884955,0.0737688480628956,,,,,,,,,,
228,2024-09-08 15:08:45,product_manager_interview.txt,2,0,0.0990990990990991,0.009009009009009,0.045045045045045,0.0829660006858995,,,,,,,,,,
228,2024-09-08 15:08:45,product_manager_interview.txt,3,0,0.0747663551401869,0.0093457943925233,0.0373831775700934,0.0,,,,,,,,,,
228,2024-09-08 15:08:45,microbiologist_interview.txt,1,0,0.1325301204819277,0.0120481927710843,0.036144578313253,0.1101574773451147,,,,,,,,,,
228,2024-09-08 15:08:45,microbiologist_interview.txt,2,0,0.0714285714285714,0.0089285714285714,0.0267857142857142,0.0780188264815857,,,,,,,,,,
228,2024-09-08 15:08:45,microbiologist_interview.txt,3,0,0.0757575757575757,0.0,0.0454545454545454,0.0568260682794716,,,,,,,,,,
228,2024-09-08 15:08:45,it_manager_interview.txt,1,0,0.1102362204724409,0.0078740157480314,0.0393700787401574,0.0830915813122366,,,,,,,,,,
228,2024-09-08 15:08:45,it_manager_interview.txt,2,0,0.0909090909090909,0.0075757575757575,0.0303030303030303,0.1798682693699755,,,,,,,,,,
228,2024-09-08 15:08:45,it_manager_interview.txt,3,0,0.1,0.0076923076923076,0.0461538461538461,0.0382738723689206,,,,,,,,,,
228,2024-09-08 15:08:45,industrial_engineer_interview.txt,1,0,0.0708661417322834,0.0,0.0393700787401574,0.1047357166686011,,,,,,,,,,
228,2024-09-08 15:08:45,industrial_engineer_interview.txt,2,0,0.0975609756097561,0.0,0.040650406504065,0.0643330291584199,,,,,,,,,,
228,2024-09-08 15:08:45,industrial_engineer_interview.txt,3,0,0.0491803278688524,0.0163934426229508,0.0573770491803278,0.0,,,,,,,,,,
228,2024-09-08 15:08:45,barista_interview.txt,1,0,0.0897435897435897,0.0,0.0128205128205128,0.0681953019972214,,,,,,,,,,
228,2024-09-08 15:08:45,barista_interview.txt,2,0,0.0427350427350427,0.0,0.0256410256410256,0.1017040566415273,,,,,,,,,,
228,2024-09-08 15:08:45,barista_interview.txt,3,0,0.0625,0.0,0.0390625,0.0932079290911632,,,,,,,,,,
228,2024-09-08 15:08:45,petroleum_engineer_interview.txt,1,0,0.1333333333333333,0.0095238095238095,0.019047619047619,0.0843069329113059,,,,,,,,,,
228,2024-09-08 15:08:45,petroleum_engineer_interview.txt,2,0,0.125,0.0096153846153846,0.0384615384615384,0.0564175341466152,,,,,,,,,,
228,2024-09-08 15:08:45,petroleum_engineer_interview.txt,3,0,0.0990990990990991,0.018018018018018,0.027027027027027,0.0720336357130974,,,,,,,,,,
228,2024-09-08 15:08:45,business_analyst_interview.txt,1,0,0.0787401574803149,0.0,0.0314960629921259,0.0,,,,,,,,,,
228,2024-09-08 15:08:45,business_analyst_interview.txt,2,0,0.0754716981132075,0.0094339622641509,0.0188679245283018,0.0806541259927466,,,,,,,,,,
228,2024-09-08 15:08:45,business_analyst_interview.txt,3,0,0.1123595505617977,0.0112359550561797,0.0337078651685393,0.0,,,,,,,,,,
228,2024-09-08 15:08:45,data_engineer_interview.txt,1,0,0.1889763779527559,0.0078740157480314,0.0393700787401574,0.15220760143159,,,,,,,,,,
228,2024-09-08 15:08:45,data_engineer_interview.txt,2,0,0.0925925925925925,0.0,0.0277777777777777,0.0452239103227598,,,,,,,,,,
228,2024-09-08 15:08:45,data_engineer_interview.txt,3,0,0.1015625,0.015625,0.0234375,0.0,,,,,,,,,,
228,2024-09-08 15:08:45,aerospace_engineer_interview.txt,1,0,0.1566265060240964,0.0120481927710843,0.036144578313253,0.0598364515055597,,,,,,,,,,
228,2024-09-08 15:08:45,aerospace_engineer_interview.txt,2,0,0.1818181818181818,0.0113636363636363,0.034090909090909,0.0372874438364637,,,,,,,,,,
228,2024-09-08 15:08:45,aerospace_engineer_interview.txt,3,0,0.1354166666666666,0.0104166666666666,0.0833333333333333,0.047097992667724,,,,,,,,,,
228,2024-09-08 15:08:45,bartender_interview.txt,1,0,0.074074074074074,0.0092592592592592,0.0277777777777777,0.0802144581933062,,,,,,,,,,
228,2024-09-08 15:08:45,bartender_interview.txt,2,0,0.128440366972477,0.0091743119266055,0.018348623853211,0.0542195723652842,,,,,,,,,,
228,2024-09-08 15:08:45,bartender_interview.txt,3,0,0.07,0.0,0.03,0.0973387164224358,,,,,,,,,,
228,2024-09-08 15:08:45,natural_language_processing_engineer_interview.txt,1,0,0.1282051282051282,0.0,0.0641025641025641,0.0164392722606681,,,,,,,,,,
228,2024-09-08 15:08:45,natural_language_processing_engineer_interview.txt,2,0,0.0930232558139534,0.0077519379844961,0.0387596899224806,0.0706681390294403,,,,,,,,,,
228,2024-09-08 15:08:45,natural_language_processing_engineer_interview.txt,3,0,0.1278195488721804,0.0300751879699248,0.0150375939849624,0.0796851750714229,,,,,,,,,,
228,2024-09-08 15:08:45,cto_of_a_fintec_interview.txt,1,0,0.1209677419354838,0.0080645161290322,0.032258064516129,0.0542815808204184,,,,,,,,,,
228,2024-09-08 15:08:45,cto_of_a_fintec_interview.txt,2,0,0.1138211382113821,0.016260162601626,0.032520325203252,0.0907334966492485,,,,,,,,,,
228,2024-09-08 15:08:45,cto_of_a_fintec_interview.txt,3,0,0.1403508771929824,0.0175438596491228,0.0350877192982456,0.0552888252461915,,,,,,,,,,
228,2024-09-08 15:08:45,database_administrator_interview.txt,1,0,0.1057692307692307,0.0096153846153846,0.0192307692307692,0.0548225848771237,,,,,,,,,,
228,2024-09-08 15:08:45,database_administrator_interview.txt,2,0,0.1120689655172413,0.0086206896551724,0.0258620689655172,0.024114343310107,,,,,,,,,,
228,2024-09-08 15:08:45,database_administrator_interview.txt,3,0,0.0833333333333333,0.0151515151515151,0.0378787878787878,0.104152812248344,,,,,,,,,,
228,2024-09-08 15:08:45,nuclear_engineer_interview.txt,1,0,0.1181818181818181,0.009090909090909,0.0363636363636363,0.0449991497095448,,,,,,,,,,
228,2024-09-08 15:08:45,nuclear_engineer_interview.txt,2,0,0.1075268817204301,0.032258064516129,0.043010752688172,0.0757479536132003,,,,,,,,,,
228,2024-09-08 15:08:45,nuclear_engineer_interview.txt,3,0,0.0865384615384615,0.0192307692307692,0.0576923076923076,0.1100773347441114,,,,,,,,,,
228,2024-09-08 15:08:45,pharmacist_interview.txt,1,0,0.1020408163265306,0.0204081632653061,0.0408163265306122,0.0,,,,,,,,,,
228,2024-09-08 15:08:45,pharmacist_interview.txt,2,0,0.044776119402985,0.0074626865671641,0.0223880597014925,0.0690132425340739,,,,,,,,,,
228,2024-09-08 15:08:45,pharmacist_interview.txt,3,0,0.1290322580645161,0.075268817204301,0.021505376344086,0.0934611119352368,,,,,,,,,,
228,2024-09-08 15:08:45,chef_interview.txt,1,0,0.0481927710843373,0.0,0.0120481927710843,0.0332256967857307,,,,,,,,,,
228,2024-09-08 15:08:45,chef_interview.txt,2,0,0.0534351145038167,0.0,0.0305343511450381,0.0765835105514407,,,,,,,,,,
228,2024-09-08 15:08:45,chef_interview.txt,3,0,0.0777777777777777,0.0,0.0333333333333333,0.0449413215361284,,,,,,,,,,
228,2024-09-08 15:08:45,hotel_manager_interview.txt,1,0,0.0578512396694214,0.0,0.0165289256198347,0.1413053520565927,,,,,,,,,,
228,2024-09-08 15:08:45,hotel_manager_interview.txt,2,0,0.0964912280701754,0.0175438596491228,0.0350877192982456,0.1099607806113364,,,,,,,,,,
228,2024-09-08 15:08:45,hotel_manager_interview.txt,3,0,0.0806451612903225,0.0080645161290322,0.0161290322580645,0.0983426079695328,,,,,,,,,,
228,2024-09-08 15:08:45,mobile_app_developer_interview.txt,1,0,0.0763358778625954,0.0,0.0305343511450381,0.1013216232627603,,,,,,,,,,
228,2024-09-08 15:08:45,mobile_app_developer_interview.txt,2,0,0.0495867768595041,0.0,0.0413223140495867,0.0251933432248417,,,,,,,,,,
228,2024-09-08 15:08:45,mobile_app_developer_interview.txt,3,0,0.0708661417322834,0.0,0.0551181102362204,0.0713877057334111,,,,,,,,,,
228,2024-09-08 15:08:45,graphic_designer_interview.txt,1,0,0.0803571428571428,0.0,0.0267857142857142,0.0907194463199692,,,,,,,,,,
228,2024-09-08 15:08:45,graphic_designer_interview.txt,2,0,0.0603448275862069,0.0,0.0258620689655172,0.1235217831475955,,,,,,,,,,
228,2024-09-08 15:08:45,graphic_designer_interview.txt,3,0,0.0458015267175572,0.0,0.0229007633587786,0.1745280411231842,,,,,,,,,,
228,2024-09-08 15:08:45,geotechnical_engineer_interview.txt,1,0,0.1130434782608695,0.0,0.0347826086956521,0.0319974506476605,,,,,,,,,,
228,2024-09-08 15:08:45,geotechnical_engineer_interview.txt,2,0,0.1065573770491803,0.0,0.040983606557377,0.0214325208060958,,,,,,,,,,
228,2024-09-08 15:08:45,geotechnical_engineer_interview.txt,3,0,0.1089108910891089,0.0,0.0396039603960396,0.0773230010696247,,,,,,,,,,
228,2024-09-08 15:08:45,gardener_interview.txt,1,0,0.0490196078431372,0.0,0.0098039215686274,0.0456965816968714,,,,,,,,,,
228,2024-09-08 15:08:45,gardener_interview.txt,2,0,0.0695652173913043,0.0,0.017391304347826,0.1140851410160635,,,,,,,,,,
228,2024-09-08 15:08:45,gardener_interview.txt,3,0,0.0615384615384615,0.0,0.023076923076923,0.0,,,,,,,,,,
228,2024-09-08 15:08:45,ai_software_developer_interview.txt,1,0,0.1327433628318584,0.0088495575221238,0.0442477876106194,0.0,,,,,,,,,,
228,2024-09-08 15:08:45,ai_software_developer_interview.txt,2,0,0.1909090909090909,0.0,0.0545454545454545,0.0,,,,,,,,,,
228,2024-09-08 15:08:45,ai_software_developer_interview.txt,3,0,0.1047619047619047,0.0095238095238095,0.0380952380952381,0.0,,,,,,,,,,
228,2024-09-08 15:08:45,supply_chain_manager_interview.txt,1,0,0.099009900990099,0.0,0.0495049504950495,0.110396931184179,,,,,,,,,,
228,2024-09-08 15:08:45,supply_chain_manager_interview.txt,2,0,0.1,0.0,0.0181818181818181,0.0139712343151882,,,,,,,,,,
228,2024-09-08 15:08:45,supply_chain_manager_interview.txt,3,0,0.1119402985074626,0.0149253731343283,0.0149253731343283,0.028340865949965,,,,,,,,,,
228,2024-09-08 15:08:45,cloud_architect_interview.txt,1,0,0.0970873786407767,0.0097087378640776,0.058252427184466,0.0391645933980824,,,,,,,,,,
228,2024-09-08 15:08:45,cloud_architect_interview.txt,2,0,0.144,0.008,0.048,0.0392796140007774,,,,,,,,,,
228,2024-09-08 15:08:45,cloud_architect_interview.txt,3,0,0.1333333333333333,0.0083333333333333,0.05,0.0877736868278276,,,,,,,,,,
228,2024-09-08 15:08:45,mining_engineer_interview.txt,1,0,0.0701754385964912,0.0,0.0175438596491228,0.0623291883426047,,,,,,,,,,
228,2024-09-08 15:08:45,mining_engineer_interview.txt,2,0,0.0839694656488549,0.0,0.0305343511450381,0.0706375811030402,,,,,,,,,,
228,2024-09-08 15:08:45,mining_engineer_interview.txt,3,0,0.1477272727272727,0.0113636363636363,0.0568181818181818,0.0358635620371859,,,,,,,,,,
228,2024-09-08 15:08:45,devops_engineer_interview.txt,1,0,0.1068702290076335,0.0305343511450381,0.015267175572519,0.07311065388755,,,,,,,,,,
228,2024-09-08 15:08:45,devops_engineer_interview.txt,2,0,0.0560747663551401,0.0,0.0560747663551401,0.148397515332583,,,,,,,,,,
228,2024-09-08 15:08:45,devops_engineer_interview.txt,3,0,0.1935483870967742,0.010752688172043,0.064516129032258,0.0,,,,,,,,,,
228,2024-09-08 15:08:45,system_administrator_interview.txt,1,0,0.1041666666666666,0.0104166666666666,0.0416666666666666,0.0332782663987651,,,,,,,,,,
228,2024-09-08 15:08:45,system_administrator_interview.txt,2,0,0.0952380952380952,0.0095238095238095,0.0476190476190476,0.0204433907247207,,,,,,,,,,
228,2024-09-08 15:08:45,system_administrator_interview.txt,3,0,0.1621621621621621,0.0135135135135135,0.0405405405405405,0.1253139835189771,,,,,,,,,,
228,2024-09-08 15:08:45,content_writer_interview.txt,1,0,0.1348314606741573,0.0112359550561797,0.0337078651685393,0.055124321075318,,,,,,,,,,
228,2024-09-08 15:08:45,content_writer_interview.txt,2,0,0.0465116279069767,0.0,0.0348837209302325,0.1019393483798434,,,,,,,,,,
228,2024-09-08 15:08:45,content_writer_interview.txt,3,0,0.078125,0.0,0.03125,0.0877565421919958,,,,,,,,,,
228,2024-09-08 15:08:45,transportation_engineer_interview.txt,1,0,0.1037037037037037,0.0,0.037037037037037,0.1117562157628961,,,,,,,,,,
228,2024-09-08 15:08:45,transportation_engineer_interview.txt,2,0,0.0655737704918032,0.0245901639344262,0.0655737704918032,0.0349067186143281,,,,,,,,,,
228,2024-09-08 15:08:45,transportation_engineer_interview.txt,3,0,0.0697674418604651,0.0,0.0387596899224806,0.1166303786213575,,,,,,,,,,
228,2024-09-08 15:08:45,lorry_driver_interview.txt,1,0,0.074074074074074,0.0092592592592592,0.0185185185185185,0.0916819840397446,,,,,,,,,,
228,2024-09-08 15:08:45,lorry_driver_interview.txt,2,0,0.0852713178294573,0.0077519379844961,0.0232558139534883,0.0567176989464362,,,,,,,,,,
228,2024-09-08 15:08:45,lorry_driver_interview.txt,3,0,0.0672268907563025,0.0,0.0336134453781512,0.1123148981401632,,,,,,,,,,
228,2024-09-08 15:08:45,dentist_interview.txt,1,0,0.0451127819548872,0.0,0.0225563909774436,0.0704318199356172,,,,,,,,,,
228,2024-09-08 15:08:45,dentist_interview.txt,2,0,0.0982142857142857,0.0089285714285714,0.0446428571428571,0.0940702620980976,,,,,,,,,,
228,2024-09-08 15:08:45,dentist_interview.txt,3,0,0.0909090909090909,0.0,0.034090909090909,0.1371066698362683,,,,,,,,,,
228,2024-09-08 15:08:45,physicist_interview.txt,1,0,0.0973451327433628,0.0088495575221238,0.0353982300884955,0.1139810973689073,,,,,,,,,,
228,2024-09-08 15:08:45,physicist_interview.txt,2,0,0.072072072072072,0.0,0.063063063063063,0.1136156482515152,,,,,,,,,,
228,2024-09-08 15:08:45,physicist_interview.txt,3,0,0.0802919708029197,0.0,0.0364963503649635,0.062641834791487,,,,,,,,,,
228,2024-09-08 15:08:45,architect_interview.txt,1,0,0.1529411764705882,0.0117647058823529,0.0588235294117647,0.0,,,,,,,,,,
228,2024-09-08 15:08:45,architect_interview.txt,2,0,0.1317829457364341,0.0,0.0465116279069767,0.0876209078759001,,,,,,,,,,
228,2024-09-08 15:08:45,architect_interview.txt,3,0,0.064,0.056,0.04,0.0480218505844039,,,,,,,,,,
228,2024-09-08 15:08:45,materials_engineer_interview.txt,1,0,0.0833333333333333,0.0,0.0555555555555555,0.0329382443745014,,,,,,,,,,
228,2024-09-08 15:08:45,materials_engineer_interview.txt,2,0,0.1411764705882353,0.0117647058823529,0.0117647058823529,0.0418562922438496,,,,,,,,,,
228,2024-09-08 15:08:45,materials_engineer_interview.txt,3,0,0.0775862068965517,0.0,0.0517241379310344,0.0236745237289426,,,,,,,,,,
228,2024-09-08 15:08:45,computer_vision_engineer_interview.txt,1,0,0.1308411214953271,0.0093457943925233,0.0373831775700934,0.0651242189442417,,,,,,,,,,
228,2024-09-08 15:08:45,computer_vision_engineer_interview.txt,2,0,0.1224489795918367,0.0,0.0408163265306122,0.0806504300442508,,,,,,,,,,
228,2024-09-08 15:08:45,computer_vision_engineer_interview.txt,3,0,0.1147540983606557,0.0,0.040983606557377,0.0739659279494996,,,,,,,,,,
228,2024-09-08 15:08:45,data_scientist_interview.txt,1,0,0.0948275862068965,0.0086206896551724,0.0517241379310344,0.0,,,,,,,,,,
228,2024-09-08 15:08:45,data_scientist_interview.txt,2,0,0.1322314049586777,0.0413223140495867,0.0330578512396694,0.0524078414472835,,,,,,,,,,
228,2024-09-08 15:08:45,data_scientist_interview.txt,3,0,0.2113821138211382,0.008130081300813,0.032520325203252,0.0,,,,,,,,,,
228,2024-09-08 15:08:45,structural_engineer_interview.txt,1,0,0.1221374045801526,0.0076335877862595,0.0381679389312977,0.1294579871455792,,,,,,,,,,
228,2024-09-08 15:08:45,structural_engineer_interview.txt,2,0,0.08130081300813,0.0,0.048780487804878,0.0444434820554314,,,,,,,,,,
228,2024-09-08 15:08:45,structural_engineer_interview.txt,3,0,0.1619047619047619,0.0,0.0380952380952381,0.0492461992698414,,,,,,,,,,
228,2024-09-08 15:08:45,ai_ethicist_interview.txt,1,0,0.0984848484848484,0.0378787878787878,0.0151515151515151,0.0,,,,,,,,,,
228,2024-09-08 15:08:45,ai_ethicist_interview.txt,2,0,0.0707964601769911,0.0442477876106194,0.0442477876106194,0.0463364020063631,,,,,,,,,,
228,2024-09-08 15:08:45,ai_ethicist_interview.txt,3,0,0.0902255639097744,0.0601503759398496,0.0451127819548872,0.0627334709480612,,,,,,,,,,
228,2024-09-08 15:08:45,sales_manager_interview.txt,1,0,0.0581395348837209,0.0,0.0465116279069767,0.0927529785536527,,,,,,,,,,
228,2024-09-08 15:08:45,sales_manager_interview.txt,2,0,0.0648148148148148,0.0,0.0277777777777777,0.1185601973267088,,,,,,,,,,
228,2024-09-08 15:08:45,sales_manager_interview.txt,3,0,0.075187969924812,0.0,0.0300751879699248,0.106219738259975,,,,,,,,,,
228,2024-09-08 15:08:45,frontend_developer_interview.txt,1,0,0.043103448275862,0.0,0.0258620689655172,0.0463880667322203,,,,,,,,,,
228,2024-09-08 15:08:45,frontend_developer_interview.txt,2,0,0.0980392156862745,0.0,0.0392156862745098,0.0316033064174671,,,,,,,,,,
228,2024-09-08 15:08:45,frontend_developer_interview.txt,3,0,0.1206896551724138,0.0,0.043103448275862,0.1521935579294296,,,,,,,,,,
228,2024-09-08 15:08:45,public_relations_specialist_interview.txt,1,0,0.0824742268041237,0.0,0.0412371134020618,0.0612498751422564,,,,,,,,,,
228,2024-09-08 15:08:45,public_relations_specialist_interview.txt,2,0,0.0869565217391304,0.0260869565217391,0.0434782608695652,0.0,,,,,,,,,,
228,2024-09-08 15:08:45,public_relations_specialist_interview.txt,3,0,0.0701754385964912,0.0,0.0263157894736842,0.1004132052736,,,,,,,,,,
228,2024-09-08 15:08:45,logistics_coordinator_interview.txt,1,0,0.0964912280701754,0.0,0.0701754385964912,0.0536258473420191,,,,,,,,,,
228,2024-09-08 15:08:45,logistics_coordinator_interview.txt,2,0,0.0879120879120879,0.0,0.0659340659340659,0.0355816989033996,,,,,,,,,,
228,2024-09-08 15:08:45,logistics_coordinator_interview.txt,3,0,0.073394495412844,0.0,0.036697247706422,0.041870378325629,,,,,,,,,,
228,2024-09-08 15:08:45,nurse_interview.txt,1,0,0.1111111111111111,0.0111111111111111,0.0666666666666666,0.0792010942258981,,,,,,,,,,
228,2024-09-08 15:08:45,nurse_interview.txt,2,0,0.0597014925373134,0.0,0.0223880597014925,0.1370661560765469,,,,,,,,,,
228,2024-09-08 15:08:45,nurse_interview.txt,3,0,0.091743119266055,0.0091743119266055,0.055045871559633,0.1152664333805689,,,,,,,,,,
228,2024-09-08 15:08:45,chemist_interview.txt,1,0,0.0833333333333333,0.0185185185185185,0.0462962962962962,0.0527446151325422,,,,,,,,,,
228,2024-09-08 15:08:45,chemist_interview.txt,2,0,0.1648351648351648,0.0109890109890109,0.0109890109890109,0.1152384730306447,,,,,,,,,,
228,2024-09-08 15:08:45,chemist_interview.txt,3,0,0.0866141732283464,0.0,0.0393700787401574,0.0643850449549886,,,,,,,,,,
228,2024-09-08 15:08:45,manufacturing_engineer_interview.txt,1,0,0.0852713178294573,0.0310077519379844,0.0620155038759689,0.0482168090314157,,,,,,,,,,
228,2024-09-08 15:08:45,manufacturing_engineer_interview.txt,2,0,0.1272727272727272,0.009090909090909,0.0545454545454545,0.0834938300109287,,,,,,,,,,
228,2024-09-08 15:08:45,manufacturing_engineer_interview.txt,3,0,0.1234567901234567,0.0123456790123456,0.0493827160493827,0.0635358168333495,,,,,,,,,,
228,2024-09-08 15:08:45,veterinarian_interview.txt,1,0,0.0588235294117647,0.0,0.0392156862745098,0.0969298964109895,,,,,,,,,,
228,2024-09-08 15:08:45,veterinarian_interview.txt,2,0,0.053030303030303,0.0151515151515151,0.0075757575757575,0.0695811870523281,,,,,,,,,,
228,2024-09-08 15:08:45,veterinarian_interview.txt,3,0,0.0603448275862069,0.0172413793103448,0.043103448275862,0.0394390204432756,,,,,,,,,,
228,2024-09-08 15:08:45,event_planner_interview.txt,1,0,0.0454545454545454,0.0,0.0303030303030303,0.099059528098622,,,,,,,,,,
228,2024-09-08 15:08:45,event_planner_interview.txt,2,0,0.0873015873015873,0.0079365079365079,0.0317460317460317,0.0271201838699979,,,,,,,,,,
228,2024-09-08 15:08:45,event_planner_interview.txt,3,0,0.0490196078431372,0.0,0.0196078431372549,0.1572289573335409,,,,,,,,,,
228,2024-09-08 15:08:45,seo_specialist_interview.txt,1,0,0.0729166666666666,0.0,0.0208333333333333,0.0418630458366323,,,,,,,,,,
228,2024-09-08 15:08:45,seo_specialist_interview.txt,2,0,0.0459770114942528,0.0,0.0344827586206896,0.0469111864526693,,,,,,,,,,
228,2024-09-08 15:08:45,seo_specialist_interview.txt,3,0,0.0471698113207547,0.0,0.0283018867924528,0.1552382553045406,,,,,,,,,,
228,2024-09-08 15:08:45,procurement_specialist_interview.txt,1,0,0.1129032258064516,0.0080645161290322,0.0161290322580645,0.0,,,,,,,,,,
228,2024-09-08 15:08:45,procurement_specialist_interview.txt,2,0,0.0857142857142857,0.0095238095238095,0.0285714285714285,0.0290324715415137,,,,,,,,,,
228,2024-09-08 15:08:45,procurement_specialist_interview.txt,3,0,0.0714285714285714,0.0,0.0625,0.0990984254553111,,,,,,,,,,
228,2024-09-08 15:08:45,aerospace_engineer_interview.txt,-999,0,0.1579537848363149,0.0112761652671291,0.0511896069124984,0.0480739626699158,0.0232292144480414,33.93749217359016,0.0008192726969039,61.95611461389598,0.0278562156525578,8.638921471799875,0.0113061410215475,-49.35193438837489,2.0,78.0
228,2024-09-08 15:08:45,agricultural_engineer_interview.txt,-999,0,0.0769973105521278,0.0,0.0405227724164601,0.011394722776523,0.0203737158827427,-34.7098476294814,0.0,-100.0,0.0086447804274119,-13.999138577160082,0.0098783166486343,-87.99515091413978,77.0,99.0
228,2024-09-08 15:08:45,ai_ethicist_interview.txt,-999,0,0.0865022908572046,0.0474256504764189,0.0348373615723406,0.0363566243181414,0.0142147382473145,-26.65006465852805,0.0114708333605618,581.1601197960282,0.017053928162806,-26.06519923836068,0.0325356583816519,-61.69667338376586,63.0,92.0
228,2024-09-08 15:08:45,ai_professor_interview.txt,-999,0,0.1314634452575692,0.0125696537045008,0.042156634141675,0.0690393468187466,0.0293801681402373,11.474911402380483,0.004183624836827,80.53409362112149,0.0089283747505332,-10.53161877446233,0.0353166739818276,-27.2639663289537,6.0,42.0
228,2024-09-08 15:08:45,ai_software_developer_interview.txt,-999,0,0.142804786167618,0.0061244556819778,0.045629493417104,0.0,0.0439460874245422,21.091843095102035,0.0053146375220542,-12.036315282681471,0.0083116928791009,-3.161222538545445,0.0,-100.0,4.0,101.0
228,2024-09-08 15:08:45,architect_interview.txt,-999,0,0.1162413740690074,0.0225882352941176,0.0484450524395804,0.0452142528201013,0.0464627652579288,-1.4326997877952152,0.0295273024791548,224.4279183175861,0.0095595456323168,2.8141954025396245,0.0438778740158845,-52.36476636767525,20.0,80.0
228,2024-09-08 15:08:45,astronomer_interview.txt,-999,0,0.0989247311827957,0.010752688172043,0.0413978494623656,0.0224049461475774,0.0101719520785223,-16.11641074444212,0.0186242022319234,54.43757312385088,0.0148993617855387,-12.141975918450784,0.0195158607931298,-76.39538911533178,45.0,96.0
228,2024-09-08 15:08:45,backend_developer_interview.txt,-999,0,0.0858172328760564,0.0060690943043884,0.0353013000071823,0.0863875677914038,0.0163666562069989,-27.230962090543287,0.0053024354302523,-12.83145382505336,0.0139982798443183,-25.0805897789312,0.0423274975700418,-8.986841139563666,66.0,16.0
228,2024-09-08 15:08:45,barista_interview.txt,-999,0,0.0649928774928775,0.0,0.0258413461538461,0.087702429243304,0.0236032137983276,-44.88905074631657,0.0,-100.0,0.0131221404127903,-45.15730545983465,0.0174195882811321,-7.601575906837013,92.0,14.0
228,2024-09-08 15:08:45,bartender_interview.txt,-999,0,0.090838147015517,0.0061445237286215,0.0253754672103295,0.0772575823270087,0.0326281278831465,-22.973459499167177,0.0053214831486181,-11.748084063528268,0.0061860297101893,-46.146033231207774,0.0217111142556495,-18.605688373125343,55.0,27.0
228,2024-09-08 15:08:45,biologist_interview.txt,-999,0,0.0875891303679257,0.0034013605442176,0.0338537846028502,0.0489864703554579,0.0305337550541416,-25.72847510236771,0.0058913292774451,-51.14729829755737,0.0211665675931543,-28.152629628919968,0.0437409249891785,-48.3905668088853,60.0,76.0
228,2024-09-08 15:08:45,biomedical_engineer_interview.txt,-999,0,0.1120803999591878,0.0085960616263646,0.0346393225181103,0.0789197619677442,0.0196127413682171,-4.961013071620684,0.0082843961072437,23.4626053278903,0.0227056625822035,-26.48549450059315,0.0318817554345985,-16.854507924775135,21.0,25.0
228,2024-09-08 15:08:45,business_analyst_interview.txt,-999,0,0.0888571353851067,0.0068899724401102,0.0280239508963223,0.0268847086642488,0.0204191906306732,-24.653265589403176,0.0060345326807251,-1.041432103701652,0.008006099634392,-40.52519672676368,0.0465656813531662,-71.67575933513768,59.0,95.0
228,2024-09-08 15:08:45,business_intelligence_analyst_interview.txt,-999,0,0.1089873247033441,0.0034722222222222,0.0404867853290183,0.1003877971033804,0.024379131255671,-7.583797598760711,0.0060140653040586,-50.12953367875648,0.0171121565398583,-14.075513423586813,0.0562029429299538,5.763025386719647,26.0,8.0
228,2024-09-08 15:08:45,chef_interview.txt,-999,0,0.0598018877886439,0.0,0.0253052924164852,0.0515835096244333,0.0157867034813484,-49.29076953769888,0.0,-100.0,0.0115659670403587,-46.29496412514459,0.0224290882691609,-45.654470011661154,96.0,71.0
228,2024-09-08 15:08:45,chemical_engineer_interview.txt,-999,0,0.0933161171590344,0.0036231884057971,0.0463705039441364,0.0708178587504109,0.0340623022045956,-20.872255611918234,0.006275546404235,-47.96125253435458,0.0157134193815333,-1.588587206657451,0.0689536349550145,-25.390224619236847,51.0,40.0
228,2024-09-08 15:08:45,chemist_interview.txt,-999,0,0.1115942237989481,0.0098358431691765,0.0322184620084882,0.0774560443727252,0.046137179469714,-5.37326793290535,0.0093129602729585,41.26920862672159,0.0187085626211643,-31.623249811912142,0.0332341516828835,-18.396599748959304,24.0,26.0
228,2024-09-08 15:08:45,civil_engineer_interview.txt,-999,0,0.0917765640840003,0.0031152647975077,0.0343852746708802,0.0633969770053524,0.0424258947476586,-22.177725298205857,0.0053957969083142,-55.25640404823011,0.0141857809399302,-27.024656369378235,0.017188509235205,-33.20845479303192,54.0,54.0
228,2024-09-08 15:08:45,cloud_architect_interview.txt,-999,0,0.12480690399137,0.008680690399137,0.052084142394822,0.0554059647422291,0.0245911266250874,5.83047277959821,0.0009057808622431,24.67810252024749,0.005434685173459,10.537380473135885,0.0280313285841514,-41.62734291725233,9.0,64.0
228,2024-09-08 15:08:45,computer_vision_engineer_interview.txt,-999,0,0.1226813998159398,0.0031152647975077,0.0397277035526942,0.0732468589793307,0.0080460296236275,4.02814370494751,0.0053957969083142,-55.25640404823011,0.0020321410418955,-15.686501092035044,0.0077880423033267,-22.831164451684472,11.0,36.0
228,2024-09-08 15:08:45,construction_manager_interview.txt,-999,0,0.1037596940455385,0.0080867208672086,0.0223606108958285,0.076807083260755,0.0101837238080021,-12.016586221343132,0.0081304281768819,16.147099709339074,0.0031834517450249,-52.54441677339249,0.0695745010677526,-19.0803092489258,34.0,29.0
228,2024-09-08 15:08:45,content_writer_interview.txt,-999,0,0.086489362860378,0.0037453183520599,0.0332805286995906,0.0816067372157191,0.0447500853580274,-26.66102700093465,0.0064870816762879,-46.20713745124294,0.001854169434807,-29.369241883120765,0.0240057653765828,-14.02365955908776,64.0,22.0
228,2024-09-08 15:08:45,cto_of_a_fintec_interview.txt,-999,0,0.1250465857799494,0.013956179459927,0.0332887030058755,0.0667679675719528,0.0137271442018583,6.033711832814205,0.0051425423800777,100.44833918610216,0.0015635024407279,-29.35189367765217,0.0207608663908648,-29.656965755907265,8.0,47.0
228,2024-09-08 15:08:45,customer_service_representative_interview.txt,-999,0,0.0893424342048937,0.0123852759370558,0.0369353692573757,0.0671208891698068,0.0186058317444694,-24.241754672178686,0.0053258486027179,77.88593211149677,0.0077588213681168,-21.612629549139,0.0489025078385463,-29.28514709875597,58.0,45.0
228,2024-09-08 15:08:45,cybersecurity_specialist_interview.txt,-999,0,0.0802896854726123,0.0199665609345487,0.0334108360022994,0.0511719302908732,0.0175362354275327,-31.918066219482995,0.0035944573766429,186.77361093559125,0.0144112494879355,-29.09269268339005,0.0555235444498658,-46.08808721175909,72.0,72.0
228,2024-09-08 15:08:45,data_engineer_interview.txt,-999,0,0.1277104901817828,0.0078330052493438,0.0301951188393117,0.0658105039181166,0.0532470333727473,8.292579357523962,0.007812580728911,12.503059850679293,0.008236772406936,-35.9173601386902,0.0781642140642681,-30.665696454751668,7.0,50.0
228,2024-09-08 15:08:45,data_scientist_interview.txt,-999,0,0.1461470349955708,0.0193576950018574,0.0391007714579853,0.0174692804824278,0.059510276812812,23.925915268174776,0.0190234997193799,178.02865567434566,0.0109354592676591,-17.017029508118767,0.0302576813672363,-81.5953332131787,3.0,98.0
228,2024-09-08 15:08:45,database_administrator_interview.txt,-999,0,0.1003905098732684,0.011129196474024,0.0276572086916914,0.0610299134785249,0.0151040431047355,-14.87349831859008,0.0035187554864522,59.84524676681187,0.0094527268474012,-41.30352811026895,0.0403786741209838,-35.70226188018239,41.0,57.0
228,2024-09-08 15:08:45,dentist_interview.txt,-999,0,0.0780787195260879,0.0029761904761904,0.0337633857370699,0.1005362506233277,0.028782047316803,-33.79286291691923,0.0051549131177645,-57.2538860103627,0.0110468751499902,-28.34448176205774,0.033804447311336,5.919427796693483,76.0,6.0
228,2024-09-08 15:08:45,devops_engineer_interview.txt,-999,0,0.1188311274865159,0.013762346439027,0.0452860236533057,0.073836056406711,0.0695129226782348,0.7632911373258651,0.0154880657967721,97.66437476157,0.0263374748416523,-3.890163176065883,0.0742014170742861,-22.210418661181293,16.0,35.0
228,2024-09-08 15:08:45,digital_marketing_specialist_interview.txt,-999,0,0.0752112373399502,0.0,0.0428803015436678,0.0832511521109623,0.0246456028426492,-36.22435497177396,0.0,-100.0,0.0079317560427817,-8.99579049214735,0.0721138721343955,-12.291195063101242,80.0,19.0
228,2024-09-08 15:08:45,doctor_interview.txt,-999,0,0.0757761686476545,0.0037878787878787,0.0440871229023839,0.0522903051616822,0.0230603716877812,-35.74531939385045,0.0065607985135184,-45.59585492227979,0.0264458986550197,-6.434571941589681,0.0202047210831162,-44.90982936303435,78.0,69.0
228,2024-09-08 15:08:45,electrical_engineer_interview.txt,-999,0,0.1362688063099868,0.0146828120403961,0.0408101012081794,0.039980860416496,0.0211545606931988,15.549634961657205,0.0059423497494545,110.8847408081764,0.0078274340155827,-13.389345067834242,0.0105493860274732,-57.87837887449393,5.0,91.0
228,2024-09-08 15:08:45,environmental_engineer_interview.txt,-999,0,0.0906243460975099,0.0,0.0334144172421008,0.0757482535843909,0.01307363357901,-23.154752773095083,0.0,-100.0,0.0112174222925081,-29.08509227281793,0.0665124574639047,-20.19583357730795,56.0,31.0
228,2024-09-08 15:08:45,environmental_scientist_interview.txt,-999,0,0.1044966227522008,0.0033670033670033,0.0415001946442108,0.08260450506481,0.0364046679627235,-11.391704817055455,0.0058318209009053,-51.64075993091537,0.0167393049567516,-11.924770301058343,0.0269700022423844,-12.97246659143272,31.0,20.0
228,2024-09-08 15:08:45,event_planner_interview.txt,-999,0,0.06059191353309,0.0026455026455026,0.0272189683954389,0.0944695564340536,0.0231998366820394,-48.62086430514412,0.0045821449935684,-62.00345423143351,0.0066307981467506,-42.23359880238685,0.0651757172032501,-0.4721053384833027,94.0,12.0
228,2024-09-08 15:08:45,financial_analyst_interview.txt,-999,0,0.1041725309766546,0.0064394291198414,0.0256993710601958,0.1144640016456769,0.0124399067840271,-11.666519628841826,0.0056144777702126,-7.512448081862118,0.0111285842740836,-45.458617034201644,0.0486399351293362,20.59293520954837,32.0,3.0
228,2024-09-08 15:08:45,fire_protection_engineer_interview.txt,-999,0,0.1057460792607535,0.0223292336391835,0.0396997895924166,0.0328066995261925,0.0167867012037599,-10.332223580129464,0.0093706059633852,220.7079567244391,0.0128804162027449,-15.745742463896889,0.029641073128454,-65.43667761461074,30.0,94.0
228,2024-09-08 15:08:45,focus_group_interview.txt,-999,0,0.2,0.0,0.0,0.0,0.0,69.59073479928011,0.0,-100.0,0.0,-100.0,0.0,-100.0,1.0,100.0
228,2024-09-08 15:08:45,frontend_developer_interview.txt,-999,0,0.0872774397115168,0.0,0.036060401171963,0.0767283103597056,0.0398969515345068,-25.99277433962,0.0,-100.0,0.0090434041261884,-23.469560962657454,0.0657715742358427,-19.163300016467915,62.0,30.0
228,2024-09-08 15:08:45,full_stack_developer_interview.txt,-999,0,0.0940751879699248,0.017704260651629,0.0366917293233082,0.0483128022847362,0.0163436441485173,-20.228598729000296,0.024071150367678,154.28088355604035,0.0169951159045996,-22.129702862669102,0.0514378645862778,-49.10030619277265,50.0,77.0
228,2024-09-08 15:08:45,game_developer_interview.txt,-999,0,0.0715677567988468,0.0037453183520599,0.0502500740054313,0.0658134742018097,0.0293826648895258,-39.313857682737,0.0064870816762879,-46.20713745124294,0.007934144696729,6.644965122701294,0.0101708631617814,-30.662567128292565,84.0,49.0
228,2024-09-08 15:08:45,gardener_interview.txt,-999,0,0.0600410955909677,0.0,0.0167573829977922,0.0532605742376449,0.0103543274292427,-49.08793240286986,0.0,-100.0,0.0066591692025601,-64.43606182243359,0.057417465439807,-43.88760758036767,95.0,68.0
228,2024-09-08 15:08:45,geneticist_interview.txt,-999,0,0.1032128698473925,0.0278045644487303,0.033337925334068,0.0973580478295555,0.0069362141964095,-12.480267809191218,0.0295432087139152,299.348459336168,0.0140137299822094,-29.247429881782367,0.0114069685173857,2.571049283957322,36.0,9.0
228,2024-09-08 15:08:45,geologist_interview.txt,-999,0,0.1083798330269442,0.0077073648152679,0.0304357365934003,0.0625965489539741,0.0492843158166744,-8.098922397686252,0.0074747102375288,10.698524704262596,0.0137196078132419,-35.406700751603424,0.0571174070875316,-34.05174147488816,28.0,55.0
228,2024-09-08 15:08:45,geotechnical_engineer_interview.txt,-999,0,0.1095039154663862,0.0,0.0384567252163562,0.0435843241744603,0.0032834639736264,-7.145752563286507,0.0,-100.0,0.0032557956075906,-18.383879017007303,0.0296922241439828,-54.08196895306461,25.0,84.0
228,2024-09-08 15:08:45,graphic_designer_interview.txt,-999,0,0.062167832386969,0.0,0.0251828488700033,0.129589756863583,0.0173497885167024,-47.284558123077225,0.0,-100.0,0.0020295851496763,-46.55482419505513,0.0422325155476891,36.5285935192658,93.0,1.0
228,2024-09-08 15:08:45,hotel_manager_interview.txt,-999,0,0.0783292096766398,0.008536125259385,0.0225818923920482,0.1165362468791539,0.0194238229967812,-33.580458873458866,0.0087814329255483,22.601757611478103,0.0108322093144022,-52.074794431262255,0.0222233416108369,22.77613806447352,75.0,2.0
228,2024-09-08 15:08:45,human_resources_manager_interview.txt,-999,0,0.0970501130075598,0.0136193593640402,0.0553931883719117,0.0579282148176675,0.0124161487833121,-17.706000113473806,0.0048627862837954,95.61069511460872,0.0118587851269351,17.560118246178973,0.0734851947736557,-38.97003987388016,47.0,60.0
228,2024-09-08 15:08:45,industrial_engineer_interview.txt,-999,0,0.0725358150702973,0.0054644808743169,0.0457991781415167,0.056356248609007,0.0242335021354551,-38.49298911481791,0.0094647585113053,-21.51533169115774,0.0100471455219511,-2.8011032377281566,0.0528215330852058,-40.62617644456724,82.0,61.0
228,2024-09-08 15:08:45,it_manager_interview.txt,-999,0,0.1003817704605106,0.0077140270053655,0.0386089850656779,0.1004112410170443,0.0096692189861962,-14.880908935746689,0.0001503106142354,10.794211704007324,0.0079527692327967,-18.06074026264952,0.072368648424168,5.787724596260446,42.0,7.0
228,2024-09-08 15:08:45,logistics_coordinator_interview.txt,-999,0,0.0859326037983691,0.0,0.0576022507456597,0.0436926415236826,0.011674910401301,-27.133132893095866,0.0,-100.0,0.0182280463727821,22.24837760628972,0.0091590559333901,-53.96785179055914,65.0,83.0
228,2024-09-08 15:08:45,lorry_driver_interview.txt,-999,0,0.0755240942199446,0.0056703990812517,0.025129259283386,0.086904860375448,0.0091091852499097,-35.959066830947634,0.0049682062821338,-18.55779143404159,0.0077198803279262,-46.66855655682495,0.0281047651195438,-8.44185031122339,79.0,15.0
228,2024-09-08 15:08:45,machine_learning_engineer_interview copy.txt,-999,0,0.1085553104015735,0.0026455026455026,0.0361851034671911,0.0496716826183341,0.0250087315211589,-7.950125713166102,0.0045821449935684,-62.00345423143351,0.0083362438403863,-23.20490718475682,0.0433807028713228,-47.668665103250405,27.0,75.0
228,2024-09-08 15:08:45,machine_learning_engineer_interview.txt,-999,0,0.1215702237721348,0.0158796103956054,0.0528900695082664,0.0719788491784219,0.0441154003073716,3.0859178961462987,0.0184670288841442,128.0739897234103,0.0170296194161488,12.247787285580202,0.0174800001290404,-24.1670693787148,13.0,38.0
228,2024-09-08 15:08:45,manufacturing_engineer_interview.txt,-999,0,0.1120002784085471,0.017481446680413,0.0553145581569354,0.0650821519585646,0.0232264578511381,-5.028952434852755,0.0118266259876232,151.08067460158074,0.0063514149873694,17.393242541024037,0.0176892740534159,-31.43304775651628,22.0,51.0
228,2024-09-08 15:08:45,marine_engineer_interview.txt,-999,0,0.0945113890691516,0.0148216011759255,0.047757366854187,0.0635955669632064,0.0067985871968974,-19.858720404309665,0.0052018944448429,112.87812673401908,0.007711790898168,1.3547307804229831,0.0563358613200052,-32.99923140771915,49.0,53.0
228,2024-09-08 15:08:45,marketing_manager_interview.txt,-999,0,0.0734440974029729,0.0,0.0374530048007403,0.0433353117732308,0.0131561108141539,-37.72280777379957,0.0,-100.0,0.0036495094999721,-20.51405953584063,0.0335050053371757,-54.34431463324448,81.0,85.0
228,2024-09-08 15:08:45,materials_engineer_interview.txt,-999,0,0.1006986702727067,0.0039215686274509,0.0396814664563143,0.0328230201157645,0.035172384115353,-14.612192575706189,0.0067923561081132,-43.67570862541909,0.0242524036120399,-15.784629375990988,0.0090914319034334,-65.41948314497358,39.0,93.0
228,2024-09-08 15:08:45,mechanical_engineer_interview.txt,-999,0,0.1241887125220458,0.0033333333333333,0.0279409171075837,0.0506481015165538,0.0318933567115049,5.3062750519515305,0.0057735026918962,-52.12435233160622,0.008577064061792,-40.70141806930497,0.0135803186403236,-46.639964208318496,10.0,74.0
228,2024-09-08 15:08:45,meteorologist_interview.txt,-999,0,0.0566797385620915,0.0,0.0461686896981014,0.0407192739003882,0.0133414533254702,-51.93820744511907,0.0,-100.0,0.0109605620931214,-2.016894500838589,0.0705278512427857,-57.10042730770777,98.0,89.0
228,2024-09-08 15:08:45,microbiologist_interview.txt,-999,0,0.0932387558893583,0.0069922547332185,0.0361282793511709,0.081667457368724,0.0340960931527322,-20.93785438476512,0.0062531375341366,0.4276172045695858,0.0093344262568571,-23.3255041389116,0.0268522658028084,-13.95968816745406,52.0,21.0
228,2024-09-08 15:08:45,mining_engineer_interview.txt,-999,0,0.1006240589908729,0.0037878787878787,0.0349654642041142,0.0562767771609436,0.0413715282990978,-14.675459486258744,0.0065607985135184,-45.59585492227979,0.0200086023416553,-25.79332897810692,0.0181598970628145,-40.70990316257054,40.0,62.0
228,2024-09-08 15:08:45,mobile_app_developer_interview.txt,-999,0,0.0655962654847943,0.0,0.0423249251436151,0.0659675574070043,0.0141317832514613,-44.37740568172537,0.0,-100.0,0.0123225088564676,-10.17445734957714,0.0383524739918186,-30.50023359361124,91.0,48.0
228,2024-09-08 15:08:45,natural_language_processing_engineer_interview.txt,-999,0,0.116349310963754,0.0126090419848069,0.039299949336669,0.0555975287871771,0.0202018762617275,-1.3411743013350872,0.0156148271623144,81.09981545018107,0.024536946291995,-16.594317336129848,0.0342104300673422,-41.42552164481066,19.0,63.0
228,2024-09-08 15:08:45,network_administrator_interview.txt,-999,0,0.099443052074631,0.0191172375382901,0.0588833194096352,0.0677886964885345,0.024373758706705,-15.676898639901268,0.0143764391456747,174.5750386328515,0.0213550541281177,24.96717007960399,0.0437899583450664,-28.581582278708154,43.0,44.0
228,2024-09-08 15:08:45,neuroscientist_interview.txt,-999,0,0.0809130123154513,0.0138162988772744,0.0524014868527063,0.0424897054500683,0.0004937749193218,-31.389513932997048,0.0168020920584587,98.43927713888542,0.0110181403943963,11.21087577265132,0.0430262860033163,-55.23519864110567,71.0,87.0
228,2024-09-08 15:08:45,no_persona_interview.txt,-999,0,0.1179309708379475,0.0069624819624819,0.047119030839961,0.094917667810953,0.0114150323030899,0.0,0.0060994554681997,0.0,0.0093039288992219,0.0,0.027153427299694,0.0,18.0,11.0
228,2024-09-08 15:08:45,nuclear_engineer_interview.txt,-999,0,0.1040823871469032,0.0201932476126024,0.0456888989147053,0.0769414793556188,0.0161004320459097,-11.742957420467649,0.0116135285809566,190.02944239447663,0.0109136339305312,-3.0351471576593525,0.0325555052122015,-18.938716963776685,33.0,28.0
228,2024-09-08 15:08:45,nurse_interview.txt,-999,0,0.0875185743048265,0.0067618076792388,0.0480335326425974,0.110511227894338,0.0259638653819673,-25.788303375295385,0.0059354300676981,-2.882223384196095,0.0229570998061519,1.9408332182009929,0.0292241395109772,16.428511617502693,61.0,4.0
228,2024-09-08 15:08:45,occupational_therapist_interview.txt,-999,0,0.0677174677174677,0.0033670033670033,0.0484774484774484,0.0615201787989723,0.018816824899686,-42.57872445524061,0.0058318209009053,-51.64075993091537,0.0211637054970157,2.882949019264089,0.0268749397537979,-35.185745480491875,87.0,56.0
228,2024-09-08 15:08:45,operations_manager_interview.txt,-999,0,0.1018085172328291,0.0121773149296085,0.0472525277571149,0.0467300039765822,0.0116586686472904,-13.671093768296656,0.0140323419388873,74.89905173510252,0.006957407263849,0.2833184697861526,0.0464816574667467,-50.76785486380242,38.0,79.0
228,2024-09-08 15:08:45,petroleum_engineer_interview.txt,-999,0,0.1191441441441441,0.0123857373857373,0.0281787281787281,0.0709193675903395,0.0178525624002417,1.0287147621837391,0.0048779130106964,77.89255975784474,0.0097580673501294,-40.19671526259375,0.0139780483598758,-25.283280525192325,15.0,39.0
228,2024-09-08 15:08:45,pharmacist_interview.txt,-999,0,0.0919497312646772,0.0343798890122571,0.0282365875253969,0.0541581181564369,0.0430249546639151,-22.030887551135223,0.035997564893422,393.7878359687916,0.0109033094772579,-40.0739212542338,0.0484690715946676,-42.942004997106174,53.0,65.0
228,2024-09-08 15:08:45,physical_therapist_interview.txt,-999,0,0.0824099436472999,0.0024330900243309,0.0353682195255899,0.0753677820916746,0.0142183986043116,-30.12018551043566,0.0042142355415301,-65.05427177489506,0.0127183813371409,-24.938567506370266,0.0262464004677375,-20.59667727847652,68.0,32.0
228,2024-09-08 15:08:45,physicist_interview.txt,-999,0,0.0832363918727848,0.0029498525073746,0.044985881172174,0.0967461934706365,0.0128912416198435,-29.41939570126796,0.0051092944176073,-57.632170204961255,0.0156649240621399,-4.527150982863461,0.0295358062180704,1.926433404711787,67.0,10.0
228,2024-09-08 15:08:45,procurement_specialist_interview.txt,-999,0,0.0900153609831029,0.0058627752176139,0.0357334869431643,0.0427102989989416,0.0210691996832384,-23.671143938265644,0.0051294721212042,-15.79475179675748,0.0240007910790669,-24.16336604092622,0.0509454286947989,-55.00279349045167,57.0,86.0
228,2024-09-08 15:08:45,product_manager_interview.txt,-999,0,0.0963032340089655,0.0090681203078854,0.0392754842345446,0.0522449495829317,0.0202839790285589,-18.33931890436257,0.0002533443647036,30.24263986247871,0.0050942004363512,-16.64623924897107,0.0454785440816327,-44.957613489842906,48.0,70.0
228,2024-09-08 15:08:45,professor_of_classics_interview.txt,-999,0,0.0667900255529121,0.0028490028490028,0.0456721590742209,0.0728153593663539,0.030274518115878,-43.36515244609468,0.0049346176853814,-59.08064301846685,0.0099464220839576,-3.070673865628549,0.0363220071548864,-23.285768555354807,88.0,37.0
228,2024-09-08 15:08:45,project_manager_interview.txt,-999,0,0.0493011229853335,0.0,0.0381028802081433,0.0600194207659177,0.0119223488292455,-58.19493163243807,0.0,-100.0,0.0136134630263376,-19.13483887739733,0.0497708470280647,-36.76686105956788,101.0,58.0
228,2024-09-08 15:08:45,psychologist_interview.txt,-999,0,0.0698314413484692,0.005718954248366,0.049406604747162,0.0400466858845506,0.0178323674279776,-40.78617274810139,0.0051021225477111,-17.86040841206949,0.0113775334681744,4.854883189280045,0.017954888617755,-57.80902880556296,85.0,90.0
228,2024-09-08 15:08:45,public_relations_specialist_interview.txt,-999,0,0.0798687290465817,0.008695652173913,0.0370103879151037,0.0538876934719521,0.0086886507458557,-32.27501776752796,0.0150613113701641,24.892993917549006,0.0093293361157257,-21.45341859681099,0.050609823528041,-43.22690947350289,73.0,66.0
228,2024-09-08 15:08:45,quality_control_engineer_interview.txt,-999,0,0.0992837352059522,0.0064586244371991,0.0459278301267122,0.0707746374070316,0.0057660241535375,-15.81199196402703,0.0056558157490649,-7.236751606652021,0.0183989874004848,-2.5280670930916926,0.0364743133413402,-25.435760233813227,44.0,41.0
228,2024-09-08 15:08:45,restaurant_manager_interview.txt,-999,0,0.0815386878493674,0.0106060606060606,0.0373933509855839,0.0424769058623897,0.0287241341308553,-30.8589700652832,0.0114391430837435,52.33160621761655,0.0167092174250799,-20.64066191728385,0.0043504564912869,-55.24868357807652,69.0,88.0
228,2024-09-08 15:08:45,retail_manager_interview.txt,-999,0,0.0717461023371514,0.0,0.0283116876856029,0.0207524511111663,0.0278099828287107,-39.1626289282907,0.0,-100.0,0.0121858082880128,-39.9145373304406,0.0359442997061293,-78.13636640072222,83.0,97.0
228,2024-09-08 15:08:45,robotics_engineer_interview.txt,-999,0,0.1082954998008761,0.009753086419753,0.0550457984866587,0.0740966363403292,0.0391638298500185,-8.170433066570624,0.0100091407697329,40.08059873344848,0.0129759573107875,16.822857994725624,0.0446363190310999,-21.9358860692752,29.0,34.0
228,2024-09-08 15:08:45,safety_engineer_interview.txt,-999,0,0.1119096308401159,0.0456896737655672,0.0377571426636752,0.0536626179032506,0.0101521141336852,-5.105817373542791,0.0105464728561731,556.2268169852455,0.0150840303380585,-19.86859239122157,0.0179059943930516,-43.46403663211555,23.0,67.0
228,2024-09-08 15:08:45,sales_manager_interview.txt,-999,0,0.0660474398744492,0.0,0.0347881978848931,0.1058443047134455,0.0085907978524002,-43.9948307004044,0.0,-100.0,0.0102175648767093,-26.169538581872388,0.0129077049842715,11.511699723022131,90.0,5.0
228,2024-09-08 15:08:45,seo_specialist_interview.txt,-999,0,0.0553544964938914,0.0,0.0278726595821586,0.0813374958646141,0.0152209743032324,-53.06195132578391,0.0,-100.0,0.0068348284299844,-40.84627997373803,0.0640496886430233,-14.307317340946923,99.0,23.0
228,2024-09-08 15:08:45,shop_assistant_interview.txt,-999,0,0.0528707527611172,0.0,0.0470693388590508,0.0794152865978313,0.0078744514307649,-55.16805094925533,0.0,-100.0,0.0123949835308704,-0.1054605326647077,0.0401423217191564,-16.33245060761253,100.0,24.0
228,2024-09-08 15:08:45,social_media_manager_interview.txt,-999,0,0.0666253205935745,0.0,0.0380577682164983,0.0848462323556859,0.008921676927326,-43.50481462149042,0.0,-100.0,0.013169168277001,-19.230579368746163,0.0735823879732686,-10.610706823650888,89.0,18.0
228,2024-09-08 15:08:45,software_quality_assurance_tester_interview.txt,-999,0,0.0973062682820814,0.0198352116617337,0.038514896730076,0.0438768814903346,0.0405657841996036,-17.488792307329632,0.0186085600741486,184.8870814835544,0.0147147723113269,-18.26042250127938,0.0023085626447115,-53.77374676153655,46.0,82.0
228,2024-09-08 15:08:45,speech_therapist_interview.txt,-999,0,0.0810532509561635,0.0034722222222222,0.0368552025105423,0.0669799041283666,0.026955328905062,-31.270598062368848,0.0060140653040586,-50.12953367875648,0.0209826216415441,-21.782766212402933,0.0210258350421744,-29.43368113324256,70.0,46.0
228,2024-09-08 15:08:45,structural_engineer_interview.txt,-999,0,0.1217809931643482,0.0025445292620865,0.0416812216104712,0.0743825561569507,0.0403031564056178,3.264640576639593,0.0044072539632795,-63.45370406992841,0.0061482523311243,-11.540579533478107,0.0477571339916643,-21.63465677949648,12.0,33.0
228,2024-09-08 15:08:45,supply_chain_manager_interview.txt,-999,0,0.1036500664991872,0.0049751243781094,0.027537380603732,0.0509030104831107,0.0071965987852337,-12.109545302042974,0.00861716819686,-28.543809450158548,0.0190940227239905,-41.55783743247559,0.0520217889794126,-46.37140623335371,35.0,73.0
228,2024-09-08 15:08:45,system_administrator_interview.txt,-999,0,0.120522308022308,0.0111513299013299,0.0432754182754182,0.059678546880821,0.0363364546499795,2.197333886041932,0.0020938557812417,60.16314241702844,0.003803600520443,-8.15724028280114,0.0572030717304857,-37.125986913540174,14.0,59.0
228,2024-09-08 15:08:45,transportation_engineer_interview.txt,-999,0,0.079681638685324,0.0081967213114754,0.0471234991504403,0.0877644376661939,0.0209091230255486,-32.43366172672579,0.014197137766958,17.727002463263403,0.016001602034433,0.0094830271327452,0.045840955633769,-7.536247265373319,74.0,13.0
228,2024-09-08 15:08:45,travel_agent_interview.txt,-999,0,0.0678667280116555,0.0097155126140633,0.0577179664136185,0.0852174211265346,0.0405764600822864,-42.45215864040226,0.0110518306288536,39.540937648619575,0.0115275313105006,22.49395920229473,0.0389138725049479,-10.21964288433452,86.0,17.0
228,2024-09-08 15:08:45,veterinarian_interview.txt,-999,0,0.0573995533427582,0.0107976314872866,0.0299649640420431,0.0686500346355311,0.0038595787663367,-51.327837857255815,0.0094092251196378,55.08308022154725,0.0194868185701838,-36.40581415220826,0.0287567468344603,-27.674124092196408,97.0,43.0
228,2024-09-08 15:08:45,warehouse_manager_interview.txt,-999,0,0.1028355373597908,0.0071733303129837,0.0391853527777547,0.0650412265723094,0.0238318842019733,-12.800228278371264,0.0064114657553875,3.028350402025353,0.0110032851991648,-16.837523864089874,0.0177789052236073,-31.47616447777486,37.0,52.0
228,2024-09-08 15:08:45,water_resources_engineer_interview.txt,-999,0,0.1179565650333906,0.0128205128205128,0.0201291251312357,0.0440006396611022,0.0202262909249248,0.021702692058966,0.0222057795842163,84.13710641689917,0.0013974271491309,-57.280264953657614,0.0503493136199581,-53.64336200428139,17.0,81.0
229,2024-09-08 18:15:47,restaurant_manager_interview.txt,1,0,0.01875,0.0041666666666666,0.0104166666666666,0.1317920361857331,,,,,,,,,,
229,2024-09-08 18:15:47,restaurant_manager_interview.txt,2,0,0.0119705340699815,0.0,0.011049723756906,0.0699971644105389,,,,,,,,,,
229,2024-09-08 18:15:47,restaurant_manager_interview.txt,3,0,0.0182516810758885,0.0086455331412103,0.010566762728146,0.1158869135315509,,,,,,,,,,
229,2024-09-08 18:15:47,geneticist_interview.txt,1,0,0.0204991087344028,0.0089126559714795,0.0071301247771836,0.1023018909308028,,,,,,,,,,
229,2024-09-08 18:15:47,geneticist_interview.txt,2,0,0.0187090739008419,0.0,0.010289990645463,0.0976658041305644,,,,,,,,,,
229,2024-09-08 18:15:47,geneticist_interview.txt,3,0,0.0200320512820512,0.0072115384615384,0.0096153846153846,0.0870934718897853,,,,,,,,,,
229,2024-09-08 18:15:47,speech_therapist_interview.txt,1,0,0.0174013921113689,0.0046403712296983,0.0116009280742459,0.0850641021876443,,,,,,,,,,
229,2024-09-08 18:15:47,speech_therapist_interview.txt,2,0,0.0153698366954851,0.0,0.0124879923150816,0.0926135462215361,,,,,,,,,,
229,2024-09-08 18:15:47,speech_therapist_interview.txt,3,0,0.0148975791433892,0.0,0.0111731843575419,0.0954065671203025,,,,,,,,,,
229,2024-09-08 18:15:47,customer_service_representative_interview.txt,1,0,0.0201931518876207,0.0079016681299385,0.0105355575065847,0.0750223999223702,,,,,,,,,,
229,2024-09-08 18:15:47,customer_service_representative_interview.txt,2,0,0.0122164048865619,0.0052356020942408,0.0095986038394415,0.0728085511762013,,,,,,,,,,
229,2024-09-08 18:15:47,customer_service_representative_interview.txt,3,0,0.0201729106628242,0.0019212295869356,0.0115273775216138,0.0944947718938065,,,,,,,,,,
229,2024-09-08 18:15:47,construction_manager_interview.txt,1,0,0.0155490767735665,0.0,0.0087463556851311,0.0827157081994325,,,,,,,,,,
229,2024-09-08 18:15:47,construction_manager_interview.txt,2,0,0.0192953020134228,0.0025167785234899,0.0075503355704697,0.0786702898424613,,,,,,,,,,
229,2024-09-08 18:15:47,construction_manager_interview.txt,3,0,0.0226843100189035,0.0018903591682419,0.0103969754253308,0.0594957588169325,,,,,,,,,,
229,2024-09-08 18:15:47,doctor_interview.txt,1,0,0.019538188277087,0.0008880994671403,0.0124333925399644,0.0796877522239052,,,,,,,,,,
229,2024-09-08 18:15:47,doctor_interview.txt,2,0,0.0178372352285395,0.0011148272017837,0.0066889632107023,0.0512211063365923,,,,,,,,,,
229,2024-09-08 18:15:47,doctor_interview.txt,3,0,0.0159914712153518,0.0010660980810234,0.009594882729211,0.0982768714941978,,,,,,,,,,
229,2024-09-08 18:15:47,human_resources_manager_interview.txt,1,0,0.0166051660516605,0.0055350553505535,0.0101476014760147,0.0990048734669838,,,,,,,,,,
229,2024-09-08 18:15:47,human_resources_manager_interview.txt,2,0,0.0153061224489795,0.0020408163265306,0.0132653061224489,0.0695284925158567,,,,,,,,,,
229,2024-09-08 18:15:47,human_resources_manager_interview.txt,3,0,0.0232158211521926,0.0051590713671539,0.0120378331900257,0.0808979371391556,,,,,,,,,,
229,2024-09-08 18:15:47,water_resources_engineer_interview.txt,1,0,0.0248091603053435,0.0143129770992366,0.0057251908396946,0.0922137330310751,,,,,,,,,,
229,2024-09-08 18:15:47,water_resources_engineer_interview.txt,2,0,0.02088772845953,0.000870322019147,0.0078328981723237,0.1393499968719819,,,,,,,,,,
229,2024-09-08 18:15:47,water_resources_engineer_interview.txt,3,0,0.0234301780693533,0.0,0.0093720712277413,0.0884055391769336,,,,,,,,,,
229,2024-09-08 18:15:47,project_manager_interview.txt,1,0,0.0169312169312169,0.0,0.0137566137566137,0.0956805932924724,,,,,,,,,,
229,2024-09-08 18:15:47,project_manager_interview.txt,2,0,0.0091438071487946,0.0,0.0099750623441396,0.0847172704784101,,,,,,,,,,
229,2024-09-08 18:15:47,project_manager_interview.txt,3,0,0.0223255813953488,0.0,0.0120930232558139,0.0615118516443266,,,,,,,,,,
229,2024-09-08 18:15:47,biologist_interview.txt,1,0,0.0206422018348623,0.0068807339449541,0.0080275229357798,0.1179416952887757,,,,,,,,,,
229,2024-09-08 18:15:47,biologist_interview.txt,2,0,0.0313390313390313,0.0009496676163342,0.0113960113960113,0.0990934647871438,,,,,,,,,,
229,2024-09-08 18:15:47,biologist_interview.txt,3,0,0.0160984848484848,0.0,0.0056818181818181,0.0790558234130636,,,,,,,,,,
229,2024-09-08 18:15:47,occupational_therapist_interview.txt,1,0,0.0092592592592592,0.0,0.0111111111111111,0.0525151165224253,,,,,,,,,,
229,2024-09-08 18:15:47,occupational_therapist_interview.txt,2,0,0.020076481835564,0.005736137667304,0.0133843212237093,0.1064284965608685,,,,,,,,,,
229,2024-09-08 18:15:47,occupational_therapist_interview.txt,3,0,0.0138632162661737,0.0018484288354898,0.010166358595194,0.093648386849192,,,,,,,,,,
229,2024-09-08 18:15:47,network_administrator_interview.txt,1,0,0.0232288037166085,0.0046457607433217,0.0174216027874564,0.0948924220450245,,,,,,,,,,
229,2024-09-08 18:15:47,network_administrator_interview.txt,2,0,0.015267175572519,0.0076335877862595,0.006679389312977,0.0621201694549259,,,,,,,,,,
229,2024-09-08 18:15:47,network_administrator_interview.txt,3,0,0.0159744408945686,0.0031948881789137,0.0106496272630457,0.1176123346872322,,,,,,,,,,
229,2024-09-08 18:15:47,neuroscientist_interview.txt,1,0,0.017094017094017,0.0009496676163342,0.0085470085470085,0.0748619456832399,,,,,,,,,,
229,2024-09-08 18:15:47,neuroscientist_interview.txt,2,0,0.019538188277087,0.0035523978685612,0.0115452930728241,0.0780883101199014,,,,,,,,,,
229,2024-09-08 18:15:47,neuroscientist_interview.txt,3,0,0.0158878504672897,0.0102803738317757,0.0074766355140186,0.0898692325460021,,,,,,,,,,
229,2024-09-08 18:15:47,retail_manager_interview.txt,1,0,0.0155820348304307,0.0,0.0054995417048579,0.0851586142248364,,,,,,,,,,
229,2024-09-08 18:15:47,retail_manager_interview.txt,2,0,0.0220264317180616,0.0,0.0079295154185022,0.0926740640862768,,,,,,,,,,
229,2024-09-08 18:15:47,retail_manager_interview.txt,3,0,0.0149532710280373,0.0,0.0093457943925233,0.0687488913496817,,,,,,,,,,
229,2024-09-08 18:15:47,agricultural_engineer_interview.txt,1,0,0.0157068062827225,0.0,0.0094240837696335,0.0677304538869327,,,,,,,,,,
229,2024-09-08 18:15:47,agricultural_engineer_interview.txt,2,0,0.0191387559808612,0.0,0.0105263157894736,0.0730479753031924,,,,,,,,,,
229,2024-09-08 18:15:47,agricultural_engineer_interview.txt,3,0,0.0183566433566433,0.0,0.0113636363636363,0.0622914920299397,,,,,,,,,,
229,2024-09-08 18:15:47,electrical_engineer_interview.txt,1,0,0.0229276895943562,0.0052910052910052,0.0070546737213403,0.0797883593735699,,,,,,,,,,
229,2024-09-08 18:15:47,electrical_engineer_interview.txt,2,0,0.0422705314009661,0.0048309178743961,0.0084541062801932,0.061414648015585,,,,,,,,,,
229,2024-09-08 18:15:47,electrical_engineer_interview.txt,3,0,0.0186335403726708,0.0079858030168589,0.0079858030168589,0.0725200308837372,,,,,,,,,,
229,2024-09-08 18:15:47,quality_control_engineer_interview.txt,1,0,0.0184287099903006,0.0038797284190106,0.0126091173617846,0.0750452380239722,,,,,,,,,,
229,2024-09-08 18:15:47,quality_control_engineer_interview.txt,2,0,0.0274621212121212,0.0,0.012310606060606,0.0983734634910823,,,,,,,,,,
229,2024-09-08 18:15:47,quality_control_engineer_interview.txt,3,0,0.022667829119442,0.004359197907585,0.007846556233653,0.1061967959847522,,,,,,,,,,
229,2024-09-08 18:15:47,machine_learning_engineer_interview.txt,1,0,0.0267686424474187,0.002868068833652,0.0105162523900573,0.0977161027342026,,,,,,,,,,
229,2024-09-08 18:15:47,machine_learning_engineer_interview.txt,2,0,0.0295616717635066,0.0050968399592252,0.0101936799184505,0.0690847307453252,,,,,,,,,,
229,2024-09-08 18:15:47,machine_learning_engineer_interview.txt,3,0,0.0275510204081632,0.0061224489795918,0.0112244897959183,0.0947886054930001,,,,,,,,,,
229,2024-09-08 18:15:47,psychologist_interview.txt,1,0,0.0153403643336529,0.0009587727708533,0.0115052732502396,0.1184135611316723,,,,,,,,,,
229,2024-09-08 18:15:47,psychologist_interview.txt,2,0,0.025096525096525,0.0067567567567567,0.0125482625482625,0.072296317988978,,,,,,,,,,
229,2024-09-08 18:15:47,psychologist_interview.txt,3,0,0.0177404295051353,0.0018674136321195,0.0121381886087768,0.1010528922126755,,,,,,,,,,
229,2024-09-08 18:15:47,geologist_interview.txt,1,0,0.0247770069375619,0.0019821605550049,0.0099108027750247,0.0819414717231977,,,,,,,,,,
229,2024-09-08 18:15:47,geologist_interview.txt,2,0,0.0242424242424242,0.0,0.0121212121212121,0.1057528576386272,,,,,,,,,,
229,2024-09-08 18:15:47,geologist_interview.txt,3,0,0.018348623853211,0.0036697247706422,0.0064220183486238,0.0863602400187569,,,,,,,,,,
229,2024-09-08 18:15:47,chemical_engineer_interview.txt,1,0,0.0188679245283018,0.0,0.012909632571996,0.1213271515812998,,,,,,,,,,
229,2024-09-08 18:15:47,chemical_engineer_interview.txt,2,0,0.0212355212355212,0.0,0.0106177606177606,0.1066328861576164,,,,,,,,,,
229,2024-09-08 18:15:47,chemical_engineer_interview.txt,3,0,0.0267527675276752,0.007380073800738,0.007380073800738,0.0845483481268637,,,,,,,,,,
229,2024-09-08 18:15:47,machine_learning_engineer_interview copy.txt,1,0,0.0282375851996105,0.0009737098344693,0.0146056475170399,0.0930669448190147,,,,,,,,,,
229,2024-09-08 18:15:47,machine_learning_engineer_interview copy.txt,2,0,0.0245499181669394,0.0,0.0081833060556464,0.0873749299909319,,,,,,,,,,
229,2024-09-08 18:15:47,machine_learning_engineer_interview copy.txt,3,0,0.0212404418011894,0.0016992353440951,0.0084961767204757,0.0818841960429814,,,,,,,,,,
229,2024-09-08 18:15:47,no_persona_interview.txt,1,0,0.0190114068441064,0.0019011406844106,0.0104562737642585,0.1289230293721793,,,,,,,,,,
229,2024-09-08 18:15:47,no_persona_interview.txt,2,0,0.0186219739292365,0.0046554934823091,0.01024208566108,0.1090166668724607,,,,,,,,,,
229,2024-09-08 18:15:47,no_persona_interview.txt,3,0,0.0243243243243243,0.0,0.0108108108108108,0.1264517507977707,,,,,,,,,,
229,2024-09-08 18:15:47,financial_analyst_interview.txt,1,0,0.0285110876451953,0.0031678986272439,0.0073917634635691,0.0758637410140517,,,,,,,,,,
229,2024-09-08 18:15:47,financial_analyst_interview.txt,2,0,0.0185185185185185,0.0027777777777777,0.0101851851851851,0.1016685058780362,,,,,,,,,,
229,2024-09-08 18:15:47,financial_analyst_interview.txt,3,0,0.02465483234714,0.0009861932938856,0.0118343195266272,0.1062330575626549,,,,,,,,,,
229,2024-09-08 18:15:47,civil_engineer_interview.txt,1,0,0.0127041742286751,0.0,0.014519056261343,0.0840848943151754,,,,,,,,,,
229,2024-09-08 18:15:47,civil_engineer_interview.txt,2,0,0.0210896309314587,0.0043936731107205,0.0087873462214411,0.0814986554562683,,,,,,,,,,
229,2024-09-08 18:15:47,civil_engineer_interview.txt,3,0,0.0228873239436619,0.0,0.0088028169014084,0.0697314998462514,,,,,,,,,,
229,2024-09-08 18:15:47,meteorologist_interview.txt,1,0,0.0120147874306839,0.0009242144177449,0.011090573012939,0.0828745919947205,,,,,,,,,,
229,2024-09-08 18:15:47,meteorologist_interview.txt,2,0,0.0114503816793893,0.0019083969465648,0.0085877862595419,0.1053028703368924,,,,,,,,,,
229,2024-09-08 18:15:47,meteorologist_interview.txt,3,0,0.0162835249042145,0.0,0.0086206896551724,0.094658853795468,,,,,,,,,,
229,2024-09-08 18:15:47,shop_assistant_interview.txt,1,0,0.0141129032258064,0.001008064516129,0.0070564516129032,0.0697119816015086,,,,,,,,,,
229,2024-09-08 18:15:47,shop_assistant_interview.txt,2,0,0.0141612200435729,0.0,0.0108932461873638,0.0950335823015481,,,,,,,,,,
229,2024-09-08 18:15:47,shop_assistant_interview.txt,3,0,0.0087548638132295,0.0,0.0107003891050583,0.0772149984104272,,,,,,,,,,
229,2024-09-08 18:15:47,social_media_manager_interview.txt,1,0,0.0083594566353187,0.0,0.0104493207941483,0.0848200489752304,,,,,,,,,,
229,2024-09-08 18:15:47,social_media_manager_interview.txt,2,0,0.0101954120645709,0.0008496176720475,0.0118946474086661,0.0782826236600617,,,,,,,,,,
229,2024-09-08 18:15:47,social_media_manager_interview.txt,3,0,0.0133689839572192,0.0,0.0089126559714795,0.0962863674777385,,,,,,,,,,
229,2024-09-08 18:15:47,marine_engineer_interview.txt,1,0,0.0225498699045967,0.007805724197745,0.0121422376409366,0.0740413802677727,,,,,,,,,,
229,2024-09-08 18:15:47,marine_engineer_interview.txt,2,0,0.0252672497570456,0.0038872691933916,0.0097181729834791,0.0963290488970035,,,,,,,,,,
229,2024-09-08 18:15:47,marine_engineer_interview.txt,3,0,0.0201938610662358,0.0064620355411954,0.0088852988691437,0.0636564377243725,,,,,,,,,,
229,2024-09-08 18:15:47,warehouse_manager_interview.txt,1,0,0.0224828934506353,0.002932551319648,0.0087976539589442,0.1110369687520402,,,,,,,,,,
229,2024-09-08 18:15:47,warehouse_manager_interview.txt,2,0,0.0221434898139946,0.0062001771479185,0.0115146147032772,0.0930088816144836,,,,,,,,,,
229,2024-09-08 18:15:47,warehouse_manager_interview.txt,3,0,0.0216998191681736,0.0,0.011754068716094,0.0899666483298664,,,,,,,,,,
229,2024-09-08 18:15:47,business_intelligence_analyst_interview.txt,1,0,0.0277185501066098,0.0106609808102345,0.0085287846481876,0.0842939637913583,,,,,,,,,,
229,2024-09-08 18:15:47,business_intelligence_analyst_interview.txt,2,0,0.0227081581160639,0.0075693860386879,0.0042052144659377,0.0536801276246441,,,,,,,,,,
229,2024-09-08 18:15:47,business_intelligence_analyst_interview.txt,3,0,0.0148809523809523,0.0009920634920634,0.0089285714285714,0.0736783828237876,,,,,,,,,,
229,2024-09-08 18:15:47,full_stack_developer_interview.txt,1,0,0.02504816955684,0.001926782273603,0.0115606936416184,0.0740868209222874,,,,,,,,,,
229,2024-09-08 18:15:47,full_stack_developer_interview.txt,2,0,0.027027027027027,0.0077220077220077,0.0086872586872586,0.0984660901890756,,,,,,,,,,
229,2024-09-08 18:15:47,full_stack_developer_interview.txt,3,0,0.0206692913385826,0.0009842519685039,0.0108267716535433,0.0597247938729735,,,,,,,,,,
229,2024-09-08 18:15:47,focus_group_interview.txt,1,0,0.0012826679493346,0.0004810004810004,0.0002886002886002,0.1209443028271942,,,,,,,,,,
229,2024-09-08 18:15:47,focus_group_interview.txt,2,0,0.00125262318817,0.0004392315075401,0.0002765531714141,0.1264977604862439,,,,,,,,,,
229,2024-09-08 18:15:47,focus_group_interview.txt,3,0,0.0012268570153914,0.0005098626557471,0.0002867977438577,0.1127472742737444,,,,,,,,,,
229,2024-09-08 18:15:47,travel_agent_interview.txt,1,0,0.0145208131655372,0.0067763794772507,0.0116166505324298,0.1128120843439154,,,,,,,,,,
229,2024-09-08 18:15:47,travel_agent_interview.txt,2,0,0.0261261261261261,0.0045045045045045,0.0099099099099099,0.1179650970472129,,,,,,,,,,
229,2024-09-08 18:15:47,travel_agent_interview.txt,3,0,0.0105263157894736,0.0008771929824561,0.0087719298245614,0.0618619937340687,,,,,,,,,,
229,2024-09-08 18:15:47,robotics_engineer_interview.txt,1,0,0.0338818973862536,0.0096805421103581,0.0087124878993223,0.0737664384820222,,,,,,,,,,
229,2024-09-08 18:15:47,robotics_engineer_interview.txt,2,0,0.019193857965451,0.0115163147792706,0.0115163147792706,0.0607234353190345,,,,,,,,,,
229,2024-09-08 18:15:47,robotics_engineer_interview.txt,3,0,0.0269058295964125,0.0044843049327354,0.0134529147982062,0.0859046974533807,,,,,,,,,,
229,2024-09-08 18:15:47,biomedical_engineer_interview.txt,1,0,0.025025025025025,0.002002002002002,0.011011011011011,0.1130612484987703,,,,,,,,,,
229,2024-09-08 18:15:47,biomedical_engineer_interview.txt,2,0,0.0233463035019455,0.0,0.0126459143968871,0.0910505492032178,,,,,,,,,,
229,2024-09-08 18:15:47,biomedical_engineer_interview.txt,3,0,0.023598820058997,0.0019665683382497,0.0117994100294985,0.0734591235034939,,,,,,,,,,
229,2024-09-08 18:15:47,marketing_manager_interview.txt,1,0,0.0130391173520561,0.0,0.0110330992978936,0.0886342547429894,,,,,,,,,,
229,2024-09-08 18:15:47,marketing_manager_interview.txt,2,0,0.0133451957295373,0.0,0.0106761565836298,0.0514095195630638,,,,,,,,,,
229,2024-09-08 18:15:47,marketing_manager_interview.txt,3,0,0.0133470225872689,0.0,0.0123203285420944,0.107206969551131,,,,,,,,,,
229,2024-09-08 18:15:47,professor_of_classics_interview.txt,1,0,0.017094017094017,0.0037986704653371,0.0104463437796771,0.1100186107069444,,,,,,,,,,
229,2024-09-08 18:15:47,professor_of_classics_interview.txt,2,0,0.012807881773399,0.0,0.0108374384236453,0.066959389524539,,,,,,,,,,
229,2024-09-08 18:15:47,professor_of_classics_interview.txt,3,0,0.0167197452229299,0.0047770700636942,0.0087579617834394,0.0978124771633882,,,,,,,,,,
229,2024-09-08 18:15:47,environmental_engineer_interview.txt,1,0,0.0163043478260869,0.0021739130434782,0.008695652173913,0.0832430021291639,,,,,,,,,,
229,2024-09-08 18:15:47,environmental_engineer_interview.txt,2,0,0.0150842945874001,0.0017746228926353,0.0106477373558118,0.0786494166932998,,,,,,,,,,
229,2024-09-08 18:15:47,environmental_engineer_interview.txt,3,0,0.0176056338028169,0.0008802816901408,0.0105633802816901,0.0646709598922434,,,,,,,,,,
229,2024-09-08 18:15:47,physical_therapist_interview.txt,1,0,0.0129629629629629,0.0055555555555555,0.0083333333333333,0.086200272193477,,,,,,,,,,
229,2024-09-08 18:15:47,physical_therapist_interview.txt,2,0,0.0124760076775431,0.0,0.010556621880998,0.0944294363378905,,,,,,,,,,
229,2024-09-08 18:15:47,physical_therapist_interview.txt,3,0,0.0179704016913319,0.0010570824524312,0.007399577167019,0.0900183778121243,,,,,,,,,,
229,2024-09-08 18:15:47,astronomer_interview.txt,1,0,0.0191204588910133,0.0,0.0105162523900573,0.0375008175954264,,,,,,,,,,
229,2024-09-08 18:15:47,astronomer_interview.txt,2,0,0.0212962962962962,0.0083333333333333,0.0083333333333333,0.0817300924473827,,,,,,,,,,
229,2024-09-08 18:15:47,astronomer_interview.txt,3,0,0.0257116620752984,0.0009182736455463,0.0082644628099173,0.0861344949881433,,,,,,,,,,
229,2024-09-08 18:15:47,ai_professor_interview.txt,1,0,0.0256166982922201,0.0066413662239089,0.00853889943074,0.0874196362482124,,,,,,,,,,
229,2024-09-08 18:15:47,ai_professor_interview.txt,2,0,0.0208522212148685,0.0054397098821396,0.0117860380779691,0.099253378493138,,,,,,,,,,
229,2024-09-08 18:15:47,ai_professor_interview.txt,3,0,0.018596787827557,0.0025359256128486,0.0118343195266272,0.0929705997245477,,,,,,,,,,
229,2024-09-08 18:15:47,game_developer_interview.txt,1,0,0.0196078431372549,0.0009337068160597,0.0093370681605975,0.0950273082398578,,,,,,,,,,
229,2024-09-08 18:15:47,game_developer_interview.txt,2,0,0.0201342281879194,0.0028763183125599,0.0086289549376797,0.0912470143576568,,,,,,,,,,
229,2024-09-08 18:15:47,game_developer_interview.txt,3,0,0.018034265103697,0.0009017132551848,0.0108205590622182,0.0713314496974882,,,,,,,,,,
229,2024-09-08 18:15:47,fire_protection_engineer_interview.txt,1,0,0.0245231607629427,0.0054495912806539,0.0054495912806539,0.1257401749316732,,,,,,,,,,
229,2024-09-08 18:15:47,fire_protection_engineer_interview.txt,2,0,0.0170709793351302,0.004492362982929,0.008984725965858,0.098486354253508,,,,,,,,,,
229,2024-09-08 18:15:47,fire_protection_engineer_interview.txt,3,0,0.0161812297734627,0.0048543689320388,0.0080906148867313,0.0983412660547034,,,,,,,,,,
229,2024-09-08 18:15:47,safety_engineer_interview.txt,1,0,0.0287234042553191,0.0063829787234042,0.0127659574468085,0.1001046125814143,,,,,,,,,,
229,2024-09-08 18:15:47,safety_engineer_interview.txt,2,0,0.0187265917602996,0.0065543071161048,0.0074906367041198,0.0912473319977468,,,,,,,,,,
229,2024-09-08 18:15:47,safety_engineer_interview.txt,3,0,0.02428810720268,0.0117252931323283,0.0100502512562814,0.0705526083149029,,,,,,,,,,
229,2024-09-08 18:15:47,environmental_scientist_interview.txt,1,0,0.0158450704225352,0.0017605633802816,0.0105633802816901,0.091746311655232,,,,,,,,,,
229,2024-09-08 18:15:47,environmental_scientist_interview.txt,2,0,0.025305410122164,0.0034904013961605,0.013089005235602,0.0602569739410095,,,,,,,,,,
229,2024-09-08 18:15:47,environmental_scientist_interview.txt,3,0,0.0200190657769304,0.0028598665395614,0.0076263107721639,0.1045621014779737,,,,,,,,,,
229,2024-09-08 18:15:47,operations_manager_interview.txt,1,0,0.011204481792717,0.0065359477124183,0.0093370681605975,0.0796899824810419,,,,,,,,,,
229,2024-09-08 18:15:47,operations_manager_interview.txt,2,0,0.0197309417040358,0.0,0.0098654708520179,0.0884000892882124,,,,,,,,,,
229,2024-09-08 18:15:47,operations_manager_interview.txt,3,0,0.0193842645381984,0.0022805017103762,0.0125427594070695,0.0965646635250467,,,,,,,,,,
229,2024-09-08 18:15:47,backend_developer_interview.txt,1,0,0.0357833655705996,0.0029013539651837,0.011605415860735,0.0775645197639873,,,,,,,,,,
229,2024-09-08 18:15:47,backend_developer_interview.txt,2,0,0.0193370165745856,0.005524861878453,0.011049723756906,0.1126449716727516,,,,,,,,,,
229,2024-09-08 18:15:47,backend_developer_interview.txt,3,0,0.0230840258541089,0.0018467220683287,0.0101569713758079,0.0638261351828795,,,,,,,,,,
229,2024-09-08 18:15:47,digital_marketing_specialist_interview.txt,1,0,0.0155189136760426,0.0,0.008729388942774,0.0946016776205797,,,,,,,,,,
229,2024-09-08 18:15:47,digital_marketing_specialist_interview.txt,2,0,0.013599274705349,0.0,0.0099728014505893,0.1059605863457252,,,,,,,,,,
229,2024-09-08 18:15:47,digital_marketing_specialist_interview.txt,3,0,0.0121268656716417,0.0,0.0102611940298507,0.1010068261808056,,,,,,,,,,
229,2024-09-08 18:15:47,mechanical_engineer_interview.txt,1,0,0.0268518518518518,0.0,0.012037037037037,0.1075951784023088,,,,,,,,,,
229,2024-09-08 18:15:47,mechanical_engineer_interview.txt,2,0,0.0200190657769304,0.0019065776930409,0.0095328884652049,0.0927810278598756,,,,,,,,,,
229,2024-09-08 18:15:47,mechanical_engineer_interview.txt,3,0,0.024390243902439,0.0016820857863751,0.0075693860386879,0.0560655472584337,,,,,,,,,,
229,2024-09-08 18:15:47,software_quality_assurance_tester_interview.txt,1,0,0.0294659300184162,0.003683241252302,0.009208103130755,0.084448683178574,,,,,,,,,,
229,2024-09-08 18:15:47,software_quality_assurance_tester_interview.txt,2,0,0.0204626334519572,0.0044483985765124,0.0115658362989323,0.0692551251722067,,,,,,,,,,
229,2024-09-08 18:15:47,software_quality_assurance_tester_interview.txt,3,0,0.0176908752327746,0.0046554934823091,0.0083798882681564,0.0693942962241592,,,,,,,,,,
229,2024-09-08 18:15:47,cybersecurity_specialist_interview.txt,1,0,0.0151387720773759,0.0084104289318755,0.009251471825063,0.0910500897185939,,,,,,,,,,
229,2024-09-08 18:15:47,cybersecurity_specialist_interview.txt,2,0,0.0245454545454545,0.0063636363636363,0.009090909090909,0.0776266578841167,,,,,,,,,,
229,2024-09-08 18:15:47,cybersecurity_specialist_interview.txt,3,0,0.0134892086330935,0.0080935251798561,0.0080935251798561,0.0943473765778336,,,,,,,,,,
229,2024-09-08 18:15:47,product_manager_interview.txt,1,0,0.01806684733514,0.001806684733514,0.009936766034327,0.1130421583225381,,,,,,,,,,
229,2024-09-08 18:15:47,product_manager_interview.txt,2,0,0.0307692307692307,0.004524886877828,0.0099547511312217,0.0895924275792146,,,,,,,,,,
229,2024-09-08 18:15:47,product_manager_interview.txt,3,0,0.0270812437311935,0.0040120361083249,0.0080240722166499,0.0726459769234118,,,,,,,,,,
229,2024-09-08 18:15:47,microbiologist_interview.txt,1,0,0.0229990800367985,0.0073597056117755,0.0064397424103035,0.0821776129926555,,,,,,,,,,
229,2024-09-08 18:15:47,microbiologist_interview.txt,2,0,0.0185185185185185,0.0077972709551656,0.0107212475633528,0.0788788302954798,,,,,,,,,,
229,2024-09-08 18:15:47,microbiologist_interview.txt,3,0,0.019047619047619,0.0008658008658008,0.0095238095238095,0.0757488213693337,,,,,,,,,,
229,2024-09-08 18:15:47,it_manager_interview.txt,1,0,0.0239931448157669,0.001713796058269,0.0119965724078834,0.0740302382422294,,,,,,,,,,
229,2024-09-08 18:15:47,it_manager_interview.txt,2,0,0.0186457311089303,0.000981354268891,0.0107948969578017,0.06599965189037,,,,,,,,,,
229,2024-09-08 18:15:47,it_manager_interview.txt,3,0,0.015650741350906,0.0032948929159802,0.0098846787479406,0.0576458948561474,,,,,,,,,,
229,2024-09-08 18:15:47,industrial_engineer_interview.txt,1,0,0.027592768791627,0.0028544243577545,0.0104662226450999,0.0843938912697589,,,,,,,,,,
229,2024-09-08 18:15:47,industrial_engineer_interview.txt,2,0,0.0173357664233576,0.0,0.0100364963503649,0.0827891975997937,,,,,,,,,,
229,2024-09-08 18:15:47,industrial_engineer_interview.txt,3,0,0.0190146931719965,0.0043215211754537,0.0095073465859982,0.0574937004381569,,,,,,,,,,
229,2024-09-08 18:15:47,barista_interview.txt,1,0,0.0144329896907216,0.0,0.0072164948453608,0.1173855422044943,,,,,,,,,,
229,2024-09-08 18:15:47,barista_interview.txt,2,0,0.0067681895093062,0.0,0.0076142131979695,0.1084104273421692,,,,,,,,,,
229,2024-09-08 18:15:47,barista_interview.txt,3,0,0.0183397683397683,0.0,0.0106177606177606,0.0835339494257012,,,,,,,,,,
229,2024-09-08 18:15:47,petroleum_engineer_interview.txt,1,0,0.0246262093227792,0.0052770448548812,0.0096745822339489,0.0602316249638849,,,,,,,,,,
229,2024-09-08 18:15:47,petroleum_engineer_interview.txt,2,0,0.0222868217054263,0.003875968992248,0.0116279069767441,0.1139156552894319,,,,,,,,,,
229,2024-09-08 18:15:47,petroleum_engineer_interview.txt,3,0,0.0265748031496063,0.0029527559055118,0.0118110236220472,0.096900984807217,,,,,,,,,,
229,2024-09-08 18:15:47,business_analyst_interview.txt,1,0,0.0205799812909261,0.0,0.0130963517305893,0.1099064980452027,,,,,,,,,,
229,2024-09-08 18:15:47,business_analyst_interview.txt,2,0,0.0145586897179253,0.005459508644222,0.0090991810737033,0.0864714623139089,,,,,,,,,,
229,2024-09-08 18:15:47,business_analyst_interview.txt,3,0,0.0256410256410256,0.003076923076923,0.0092307692307692,0.0899334908540706,,,,,,,,,,
229,2024-09-08 18:15:47,data_engineer_interview.txt,1,0,0.0326923076923076,0.0009615384615384,0.0125,0.0835953100699987,,,,,,,,,,
229,2024-09-08 18:15:47,data_engineer_interview.txt,2,0,0.0277481323372465,0.0,0.0128068303094983,0.1054980182880579,,,,,,,,,,
229,2024-09-08 18:15:47,data_engineer_interview.txt,3,0,0.0215439856373429,0.0,0.0080789946140035,0.090817131634551,,,,,,,,,,
229,2024-09-08 18:15:47,aerospace_engineer_interview.txt,1,0,0.0265151515151515,0.0047348484848484,0.0085227272727272,0.0504801251032733,,,,,,,,,,
229,2024-09-08 18:15:47,aerospace_engineer_interview.txt,2,0,0.0225890529973935,0.0043440486533449,0.0078192875760208,0.0857760055006307,,,,,,,,,,
229,2024-09-08 18:15:47,aerospace_engineer_interview.txt,3,0,0.0257680872150644,0.0069375619425173,0.0118929633300297,0.0992594065240996,,,,,,,,,,
229,2024-09-08 18:15:47,bartender_interview.txt,1,0,0.0157480314960629,0.0029527559055118,0.0108267716535433,0.0820807954251731,,,,,,,,,,
229,2024-09-08 18:15:47,bartender_interview.txt,2,0,0.0255885363357216,0.0040941658137154,0.0061412487205731,0.0873221164161693,,,,,,,,,,
229,2024-09-08 18:15:47,bartender_interview.txt,3,0,0.0092165898617511,0.0,0.0073732718894009,0.115190499787362,,,,,,,,,,
229,2024-09-08 18:15:47,natural_language_processing_engineer_interview.txt,1,0,0.0382043935052531,0.0028653295128939,0.0095510983763132,0.0947047133446147,,,,,,,,,,
229,2024-09-08 18:15:47,natural_language_processing_engineer_interview.txt,2,0,0.0332409972299169,0.0064635272391505,0.0064635272391505,0.0916865791280011,,,,,,,,,,
229,2024-09-08 18:15:47,natural_language_processing_engineer_interview.txt,3,0,0.0261927034611786,0.000935453695042,0.010289990645463,0.0772371128762937,,,,,,,,,,
229,2024-09-08 18:15:47,cto_of_a_fintec_interview.txt,1,0,0.0227272727272727,0.0047021943573667,0.0101880877742946,0.0788088463475379,,,,,,,,,,
229,2024-09-08 18:15:47,cto_of_a_fintec_interview.txt,2,0,0.0271782573940847,0.0047961630695443,0.008792965627498,0.0832224900664444,,,,,,,,,,
229,2024-09-08 18:15:47,cto_of_a_fintec_interview.txt,3,0,0.0203252032520325,0.0032520325203252,0.008130081300813,0.0595485652286367,,,,,,,,,,
229,2024-09-08 18:15:47,database_administrator_interview.txt,1,0,0.0238313473877176,0.0054995417048579,0.0091659028414298,0.1052574361681323,,,,,,,,,,
229,2024-09-08 18:15:47,database_administrator_interview.txt,2,0,0.0310077519379844,0.0043066322136089,0.0103359173126615,0.0393185297798625,,,,,,,,,,
229,2024-09-08 18:15:47,database_administrator_interview.txt,3,0,0.0250929368029739,0.0120817843866171,0.0102230483271375,0.1135555489487505,,,,,,,,,,
229,2024-09-08 18:15:47,nuclear_engineer_interview.txt,1,0,0.020776874435411,0.003613369467028,0.008130081300813,0.1046990405798106,,,,,,,,,,
229,2024-09-08 18:15:47,nuclear_engineer_interview.txt,2,0,0.0188857412653446,0.0084985835694051,0.0084985835694051,0.0914187181378944,,,,,,,,,,
229,2024-09-08 18:15:47,nuclear_engineer_interview.txt,3,0,0.020671834625323,0.0025839793281653,0.0103359173126615,0.0757400401737681,,,,,,,,,,
229,2024-09-08 18:15:47,pharmacist_interview.txt,1,0,0.0194472876151484,0.0040941658137154,0.0102354145342886,0.1213449543961686,,,,,,,,,,
229,2024-09-08 18:15:47,pharmacist_interview.txt,2,0,0.0094250706880301,0.000942507068803,0.0065975494816211,0.0891625811675973,,,,,,,,,,
229,2024-09-08 18:15:47,pharmacist_interview.txt,3,0,0.0193089430894308,0.0121951219512195,0.0091463414634146,0.1016222875848202,,,,,,,,,,
229,2024-09-08 18:15:47,chef_interview.txt,1,0,0.0076169749727965,0.0,0.0087051142546245,0.1134364470557975,,,,,,,,,,
229,2024-09-08 18:15:47,chef_interview.txt,2,0,0.0099700897308075,0.0,0.007976071784646,0.0754862732996238,,,,,,,,,,
229,2024-09-08 18:15:47,chef_interview.txt,3,0,0.0167130919220055,0.0,0.0074280408542246,0.095732947131046,,,,,,,,,,
229,2024-09-08 18:15:47,hotel_manager_interview.txt,1,0,0.0199240986717267,0.0,0.0113851992409867,0.0775040196921617,,,,,,,,,,
229,2024-09-08 18:15:47,hotel_manager_interview.txt,2,0,0.0174563591022443,0.0033250207813798,0.0091438071487946,0.0889248394711462,,,,,,,,,,
229,2024-09-08 18:15:47,hotel_manager_interview.txt,3,0,0.014026402640264,0.0049504950495049,0.0057755775577557,0.0547422850483237,,,,,,,,,,
229,2024-09-08 18:15:47,mobile_app_developer_interview.txt,1,0,0.0274509803921568,0.0009803921568627,0.0127450980392156,0.102458571675145,,,,,,,,,,
229,2024-09-08 18:15:47,mobile_app_developer_interview.txt,2,0,0.0126984126984126,0.0,0.0071428571428571,0.093852536857671,,,,,,,,,,
229,2024-09-08 18:15:47,mobile_app_developer_interview.txt,3,0,0.0160183066361556,0.0,0.0148741418764302,0.0881578312588741,,,,,,,,,,
229,2024-09-08 18:15:47,graphic_designer_interview.txt,1,0,0.0157545605306799,0.0,0.0082918739635157,0.0738643154861539,,,,,,,,,,
229,2024-09-08 18:15:47,graphic_designer_interview.txt,2,0,0.0187561697926949,0.0,0.0098716683119447,0.1248065428257155,,,,,,,,,,
229,2024-09-08 18:15:47,graphic_designer_interview.txt,3,0,0.0171198388721047,0.0,0.0080563947633434,0.1175534695282983,,,,,,,,,,
229,2024-09-08 18:15:47,geotechnical_engineer_interview.txt,1,0,0.0293255131964809,0.0048875855327468,0.0078201368523949,0.0775311010523303,,,,,,,,,,
229,2024-09-08 18:15:47,geotechnical_engineer_interview.txt,2,0,0.0216346153846153,0.0,0.0104166666666666,0.0559366143994804,,,,,,,,,,
229,2024-09-08 18:15:47,geotechnical_engineer_interview.txt,3,0,0.0192131747483989,0.000914913083257,0.010978956999085,0.0978052079561543,,,,,,,,,,
229,2024-09-08 18:15:47,gardener_interview.txt,1,0,0.0073839662447257,0.0,0.0052742616033755,0.0942289503618049,,,,,,,,,,
229,2024-09-08 18:15:47,gardener_interview.txt,2,0,0.0141242937853107,0.0,0.0065913370998116,0.077137865803467,,,,,,,,,,
229,2024-09-08 18:15:47,gardener_interview.txt,3,0,0.0123809523809523,0.0,0.0066666666666666,0.0822283357377867,,,,,,,,,,
229,2024-09-08 18:15:47,ai_software_developer_interview.txt,1,0,0.0266666666666666,0.0019047619047619,0.0095238095238095,0.1413849816903215,,,,,,,,,,
229,2024-09-08 18:15:47,ai_software_developer_interview.txt,2,0,0.035230352303523,0.0,0.00903342366757,0.0569500348168215,,,,,,,,,,
229,2024-09-08 18:15:47,ai_software_developer_interview.txt,3,0,0.0176165803108808,0.0020725388601036,0.0103626943005181,0.0855797711265753,,,,,,,,,,
229,2024-09-08 18:15:47,supply_chain_manager_interview.txt,1,0,0.0175438596491228,0.0036934441366574,0.0120036934441366,0.1062465029739842,,,,,,,,,,
229,2024-09-08 18:15:47,supply_chain_manager_interview.txt,2,0,0.0204841713221601,0.0018621973929236,0.0093109869646182,0.1256518643156934,,,,,,,,,,
229,2024-09-08 18:15:47,supply_chain_manager_interview.txt,3,0,0.0195712954333644,0.0065237651444548,0.0065237651444548,0.0800263248448211,,,,,,,,,,
229,2024-09-08 18:15:47,cloud_architect_interview.txt,1,0,0.0189035916824196,0.0028355387523629,0.0094517958412098,0.0815616883688334,,,,,,,,,,
229,2024-09-08 18:15:47,cloud_architect_interview.txt,2,0,0.0259459459459459,0.0032432432432432,0.0129729729729729,0.1227742129001404,,,,,,,,,,
229,2024-09-08 18:15:47,cloud_architect_interview.txt,3,0,0.027198549410698,0.0009066183136899,0.0108794197642792,0.0794644671056724,,,,,,,,,,
229,2024-09-08 18:15:47,mining_engineer_interview.txt,1,0,0.0183044315992292,0.0086705202312138,0.0077071290944123,0.1110249279072813,,,,,,,,,,
229,2024-09-08 18:15:47,mining_engineer_interview.txt,2,0,0.0244969378827646,0.0052493438320209,0.0087489063867016,0.0804258145885646,,,,,,,,,,
229,2024-09-08 18:15:47,mining_engineer_interview.txt,3,0,0.0182450043440486,0.0095569070373588,0.0095569070373588,0.0792268913403366,,,,,,,,,,
229,2024-09-08 18:15:47,devops_engineer_interview.txt,1,0,0.0173310225303292,0.0086655112651646,0.0051993067590987,0.0766568619381764,,,,,,,,,,
229,2024-09-08 18:15:47,devops_engineer_interview.txt,2,0,0.0183930300096805,0.0019361084220716,0.0096805421103581,0.0943348378989768,,,,,,,,,,
229,2024-09-08 18:15:47,devops_engineer_interview.txt,3,0,0.0219981668194317,0.0018331805682859,0.0100824931255728,0.0803044321457283,,,,,,,,,,
229,2024-09-08 18:15:47,system_administrator_interview.txt,1,0,0.0200181983621474,0.0063694267515923,0.010919017288444,0.0813135197977792,,,,,,,,,,
229,2024-09-08 18:15:47,system_administrator_interview.txt,2,0,0.0225776105362182,0.0056444026340545,0.0112888052681091,0.0798922658027445,,,,,,,,,,
229,2024-09-08 18:15:47,system_administrator_interview.txt,3,0,0.0297219558964525,0.0047938638542665,0.0115052732502396,0.1194112186182344,,,,,,,,,,
229,2024-09-08 18:15:47,content_writer_interview.txt,1,0,0.0232333010648596,0.0038722168441432,0.0125847047434656,0.068402322400382,,,,,,,,,,
229,2024-09-08 18:15:47,content_writer_interview.txt,2,0,0.0114942528735632,0.0,0.0114942528735632,0.0968009984223794,,,,,,,,,,
229,2024-09-08 18:15:47,content_writer_interview.txt,3,0,0.0200546946216955,0.0018231540565177,0.0091157702825888,0.0831675809690844,,,,,,,,,,
229,2024-09-08 18:15:47,transportation_engineer_interview.txt,1,0,0.0170731707317073,0.0016260162601626,0.008130081300813,0.0603701528943023,,,,,,,,,,
229,2024-09-08 18:15:47,transportation_engineer_interview.txt,2,0,0.0185029436501261,0.0050462573591253,0.0109335576114381,0.0944372786691996,,,,,,,,,,
229,2024-09-08 18:15:47,transportation_engineer_interview.txt,3,0,0.0263157894736842,0.0018796992481203,0.0112781954887218,0.1255145572754779,,,,,,,,,,
229,2024-09-08 18:15:47,lorry_driver_interview.txt,1,0,0.015755329008341,0.0046339202965708,0.0083410565338276,0.0758627111763279,,,,,,,,,,
229,2024-09-08 18:15:47,lorry_driver_interview.txt,2,0,0.0134408602150537,0.0062724014336917,0.010752688172043,0.1019314870887789,,,,,,,,,,
229,2024-09-08 18:15:47,lorry_driver_interview.txt,3,0,0.0166340508806262,0.0009784735812133,0.009784735812133,0.1035235365994183,,,,,,,,,,
229,2024-09-08 18:15:47,dentist_interview.txt,1,0,0.0115183246073298,0.0010471204188481,0.006282722513089,0.0696381692863891,,,,,,,,,,
229,2024-09-08 18:15:47,dentist_interview.txt,2,0,0.0197086546700942,0.0034275921165381,0.0128534704370179,0.1009217187823482,,,,,,,,,,
229,2024-09-08 18:15:47,dentist_interview.txt,3,0,0.0195895522388059,0.0,0.0074626865671641,0.086744739491827,,,,,,,,,,
229,2024-09-08 18:15:47,physicist_interview.txt,1,0,0.023070097604259,0.0044365572315882,0.0115350488021295,0.0793935858919392,,,,,,,,,,
229,2024-09-08 18:15:47,physicist_interview.txt,2,0,0.0242763772175536,0.0018674136321195,0.011204481792717,0.1135635892722411,,,,,,,,,,
229,2024-09-08 18:15:47,physicist_interview.txt,3,0,0.0297366185216652,0.0,0.0084961767204757,0.0491710592099012,,,,,,,,,,
229,2024-09-08 18:15:47,architect_interview.txt,1,0,0.0203900709219858,0.0,0.0106382978723404,0.0848024463843482,,,,,,,,,,
229,2024-09-08 18:15:47,architect_interview.txt,2,0,0.0171591992373689,0.0038131553860819,0.0123927550047664,0.0605484157580313,,,,,,,,,,
229,2024-09-08 18:15:47,architect_interview.txt,3,0,0.0209059233449477,0.0156794425087108,0.0087108013937282,0.0998510155514528,,,,,,,,,,
229,2024-09-08 18:15:47,materials_engineer_interview.txt,1,0,0.0190380761523046,0.0,0.0100200400801603,0.1179894222215556,,,,,,,,,,
229,2024-09-08 18:15:47,materials_engineer_interview.txt,2,0,0.0225321888412017,0.0085836909871244,0.0064377682403433,0.0772447903040978,,,,,,,,,,
229,2024-09-08 18:15:47,materials_engineer_interview.txt,3,0,0.021917808219178,0.0,0.0127853881278538,0.072521000279223,,,,,,,,,,
229,2024-09-08 18:15:47,computer_vision_engineer_interview.txt,1,0,0.0332383665716999,0.0047483380816714,0.0104463437796771,0.0851047144851747,,,,,,,,,,
229,2024-09-08 18:15:47,computer_vision_engineer_interview.txt,2,0,0.0253853127833182,0.0045330915684496,0.0108794197642792,0.0472605221977431,,,,,,,,,,
229,2024-09-08 18:15:47,computer_vision_engineer_interview.txt,3,0,0.031465093411996,0.0019665683382497,0.0108161258603736,0.0703393265320347,,,,,,,,,,
229,2024-09-08 18:15:47,data_scientist_interview.txt,1,0,0.0271247739602169,0.0009041591320072,0.0126582278481012,0.0830465273136479,,,,,,,,,,
229,2024-09-08 18:15:47,data_scientist_interview.txt,2,0,0.0248667850799289,0.0035523978685612,0.0124333925399644,0.072983490202201,,,,,,,,,,
229,2024-09-08 18:15:47,data_scientist_interview.txt,3,0,0.0182555780933062,0.0,0.0101419878296146,0.0933012184853132,,,,,,,,,,
229,2024-09-08 18:15:47,structural_engineer_interview.txt,1,0,0.0283505154639175,0.0068728522336769,0.0103092783505154,0.0712299036402281,,,,,,,,,,
229,2024-09-08 18:15:47,structural_engineer_interview.txt,2,0,0.0197594501718213,0.0,0.011168384879725,0.0858998025785572,,,,,,,,,,
229,2024-09-08 18:15:47,structural_engineer_interview.txt,3,0,0.0250783699059561,0.0020898641588296,0.012539184952978,0.1063752050325275,,,,,,,,,,
229,2024-09-08 18:15:47,ai_ethicist_interview.txt,1,0,0.0093062605752961,0.0126903553299492,0.0076142131979695,0.0712937001833526,,,,,,,,,,
229,2024-09-08 18:15:47,ai_ethicist_interview.txt,2,0,0.0168350168350168,0.0084175084175084,0.0109427609427609,0.0693554288266813,,,,,,,,,,
229,2024-09-08 18:15:47,ai_ethicist_interview.txt,3,0,0.0189753320683111,0.0161290322580645,0.00853889943074,0.1331826318055371,,,,,,,,,,
229,2024-09-08 18:15:47,sales_manager_interview.txt,1,0,0.0099601593625498,0.0,0.0079681274900398,0.1200163689237812,,,,,,,,,,
229,2024-09-08 18:15:47,sales_manager_interview.txt,2,0,0.0175600739371534,0.0,0.0092421441774491,0.1026029838816162,,,,,,,,,,
229,2024-09-08 18:15:47,sales_manager_interview.txt,3,0,0.0136986301369863,0.0,0.0085616438356164,0.1182184354903653,,,,,,,,,,
229,2024-09-08 18:15:47,frontend_developer_interview.txt,1,0,0.0153291253381424,0.0009017132551848,0.0081154192966636,0.0983475683188849,,,,,,,,,,
229,2024-09-08 18:15:47,frontend_developer_interview.txt,2,0,0.0214285714285714,0.0008928571428571,0.0080357142857142,0.0954169146423821,,,,,,,,,,
229,2024-09-08 18:15:47,frontend_developer_interview.txt,3,0,0.0233236151603498,0.0,0.0097181729834791,0.1298349151906563,,,,,,,,,,
229,2024-09-08 18:15:47,public_relations_specialist_interview.txt,1,0,0.0120240480961923,0.001002004008016,0.0090180360721442,0.1247635370210052,,,,,,,,,,
229,2024-09-08 18:15:47,public_relations_specialist_interview.txt,2,0,0.014367816091954,0.0067049808429118,0.0086206896551724,0.0480502479195583,,,,,,,,,,
229,2024-09-08 18:15:47,public_relations_specialist_interview.txt,3,0,0.0122484689413823,0.0,0.0078740157480314,0.0866205714714645,,,,,,,,,,
229,2024-09-08 18:15:47,logistics_coordinator_interview.txt,1,0,0.0200873362445414,0.0026200873362445,0.0139737991266375,0.076169293482586,,,,,,,,,,
229,2024-09-08 18:15:47,logistics_coordinator_interview.txt,2,0,0.0158562367864693,0.0,0.0126849894291754,0.0835658640852856,,,,,,,,,,
229,2024-09-08 18:15:47,logistics_coordinator_interview.txt,3,0,0.0155963302752293,0.0,0.010091743119266,0.1182041850851663,,,,,,,,,,
229,2024-09-08 18:15:47,nurse_interview.txt,1,0,0.01252408477842,0.0028901734104046,0.0105973025048169,0.0933639942278636,,,,,,,,,,
229,2024-09-08 18:15:47,nurse_interview.txt,2,0,0.012891344383057,0.0,0.0082872928176795,0.1343054603756712,,,,,,,,,,
229,2024-09-08 18:15:47,nurse_interview.txt,3,0,0.0162532078699743,0.0051325919589392,0.0102651839178785,0.0638057953688281,,,,,,,,,,
229,2024-09-08 18:15:47,chemist_interview.txt,1,0,0.0191725529767911,0.007063572149344,0.0110998990918264,0.0617076719218869,,,,,,,,,,
229,2024-09-08 18:15:47,chemist_interview.txt,2,0,0.0288568257491675,0.004439511653718,0.0077691453940066,0.1051183845685398,,,,,,,,,,
229,2024-09-08 18:15:47,chemist_interview.txt,3,0,0.0204953031596925,0.0,0.0076857386848847,0.0764573054170216,,,,,,,,,,
229,2024-09-08 18:15:47,manufacturing_engineer_interview.txt,1,0,0.0183654729109274,0.0101010101010101,0.0119375573921028,0.0848147692492656,,,,,,,,,,
229,2024-09-08 18:15:47,manufacturing_engineer_interview.txt,2,0,0.022198731501057,0.0021141649048625,0.0126849894291754,0.096173198102252,,,,,,,,,,
229,2024-09-08 18:15:47,manufacturing_engineer_interview.txt,3,0,0.0239005736137667,0.0076481835564053,0.0095602294455066,0.0845079200795403,,,,,,,,,,
229,2024-09-08 18:15:47,veterinarian_interview.txt,1,0,0.0139372822299651,0.0008710801393728,0.0087108013937282,0.0913388325339192,,,,,,,,,,
229,2024-09-08 18:15:47,veterinarian_interview.txt,2,0,0.0161870503597122,0.0098920863309352,0.0080935251798561,0.1051109525853345,,,,,,,,,,
229,2024-09-08 18:15:47,veterinarian_interview.txt,3,0,0.0148809523809523,0.0019841269841269,0.0119047619047619,0.0930863649025781,,,,,,,,,,
229,2024-09-08 18:15:47,event_planner_interview.txt,1,0,0.0078508341511285,0.0,0.0078508341511285,0.1429607445555735,,,,,,,,,,
229,2024-09-08 18:15:47,event_planner_interview.txt,2,0,0.0186219739292365,0.0027932960893854,0.01024208566108,0.1144315325306319,,,,,,,,,,
229,2024-09-08 18:15:47,event_planner_interview.txt,3,0,0.0076400679117147,0.0008488964346349,0.0067911714770797,0.062380556562835,,,,,,,,,,
229,2024-09-08 18:15:47,seo_specialist_interview.txt,1,0,0.0153110047846889,0.0,0.0114832535885167,0.0907149768004547,,,,,,,,,,
229,2024-09-08 18:15:47,seo_specialist_interview.txt,2,0,0.0168316831683168,0.0,0.0089108910891089,0.1013203356818207,,,,,,,,,,
229,2024-09-08 18:15:47,seo_specialist_interview.txt,3,0,0.0123583934088568,0.0,0.0072090628218331,0.1024439280748496,,,,,,,,,,
229,2024-09-08 18:15:47,procurement_specialist_interview.txt,1,0,0.018348623853211,0.0050968399592252,0.0081549439347604,0.0668610907103222,,,,,,,,,,
229,2024-09-08 18:15:47,procurement_specialist_interview.txt,2,0,0.0149953139643861,0.0084348641049671,0.0103092783505154,0.0932307923266924,,,,,,,,,,
229,2024-09-08 18:15:47,procurement_specialist_interview.txt,3,0,0.0154738878143133,0.0009671179883945,0.011605415860735,0.088122801961651,,,,,,,,,,
229,2024-09-08 18:15:47,aerospace_engineer_interview.txt,-999,0,0.0249574305758698,0.0053388196935702,0.0094116593929259,0.0785051790426678,0.0020848106707295,20.844197843648743,0.0013982716871202,144.27867520819214,0.0021774661358883,-10.391235417603014,0.0251893481856796,-35.36743547644451,12.0,83.0
229,2024-09-08 18:15:47,agricultural_engineer_interview.txt,-999,0,0.0177340685400757,0.0,0.0104380119742478,0.0676899737400216,0.0017986854183838,-14.131413459614777,0.0,-100.0,0.0009727868415348,-0.6192937228858284,0.0053783558903871,-44.271490764043655,64.0,99.0
229,2024-09-08 18:15:47,ai_ethicist_interview.txt,-999,0,0.015038869826208,0.0124122986685073,0.0090319578571568,0.0912772536051903,0.0050786163413078,-27.18160008104823,0.003863274079857,467.92700429329386,0.001718178535902,-14.006388081954896,0.0363040599044872,-24.852308406761168,84.0,43.0
229,2024-09-08 18:15:47,ai_professor_interview.txt,-999,0,0.0216885691115485,0.004872333906299,0.0107197523451121,0.0932145381552994,0.0035839076559228,5.016328852205092,0.0021107101355246,122.93453237166028,0.0018888283008693,2.063166990164575,0.0059206412953608,-23.25736052927965,37.0,35.0
229,2024-09-08 18:15:47,ai_software_developer_interview.txt,-999,0,0.0265045330936901,0.0013257669216218,0.0096399758306325,0.0946382625445728,0.0088080052465817,28.33528800934272,0.0011512083758103,-39.33929110985703,0.0006722061157377,-8.217425990104985,0.0429401590991479,-22.085221829953056,8.0,27.0
229,2024-09-08 18:15:47,architect_interview.txt,-999,0,0.0194850645014341,0.0064975326315975,0.0105806180902783,0.0817339592312774,0.0020307050131685,-5.653068634229783,0.0081771413246423,197.2957984103109,0.0018416543694198,0.7384644944369256,0.0198301613126793,-32.709211567939505,50.0,75.0
229,2024-09-08 18:15:47,astronomer_interview.txt,-999,0,0.0220428057542027,0.0030838689929599,0.0090380161777693,0.0684551350103175,0.0033584143776773,6.731547203638868,0.0045692957354132,41.10299192593516,0.0012806531582511,-13.948706582564997,0.0268975280537382,-43.641540794164,35.0,98.0
229,2024-09-08 18:15:47,backend_developer_interview.txt,-999,0,0.0260681359997647,0.0034243126373218,0.0109373703311496,0.0846785422065395,0.0086197032342028,26.22224770271326,0.0018940149010181,56.68005337416852,0.0007307293108178,4.135116055213572,0.0251749217583902,-30.284964512338888,9.0,65.0
229,2024-09-08 18:15:47,barista_interview.txt,-999,0,0.0131803158465987,0.0,0.0084828228870303,0.1031099729907882,0.0058866164285786,-36.18074220556472,0.0,-100.0,0.0018595736897397,-19.23472287475603,0.0175372088903455,-15.110543487492292,94.0,13.0
229,2024-09-08 18:15:47,bartender_interview.txt,-999,0,0.0168510525645119,0.002348973906409,0.0081137640878391,0.0948644705429014,0.008241519850411,-18.406988099630126,0.0021128092565064,7.477732324858096,0.0024289458229462,-22.748545642146283,0.0177968665800377,-21.898986944229463,74.0,25.0
229,2024-09-08 18:15:47,biologist_interview.txt,-999,0,0.0226932393407928,0.0026101338537628,0.0083684508378697,0.0986969944963277,0.0078245530524546,9.880954943474478,0.0037288049023166,19.42715366115806,0.002872311768959,-20.323663474937064,0.0194459674329203,-18.743706557272247,29.0,15.0
229,2024-09-08 18:15:47,biomedical_engineer_interview.txt,-999,0,0.0239900495286558,0.0013228567800839,0.0118187784791322,0.0925236404018273,0.000905163996997,16.160126448384688,0.0011457645620249,-39.47244517018403,0.0008176237661163,12.527036325186373,0.0198421161748171,-23.8261700546511,19.0,38.0
229,2024-09-08 18:15:47,business_analyst_interview.txt,-999,0,0.0202598988832923,0.0028454772403816,0.0104754340116873,0.0954371504043941,0.0055480971457669,-1.90131065366802,0.0027371032206555,30.195333521494945,0.0022707347109935,-0.2629970908990486,0.0126498192187143,-21.42750508085905,45.0,23.0
229,2024-09-08 18:15:47,business_intelligence_analyst_interview.txt,-999,0,0.0217692202012087,0.0064074767803286,0.0072208568475656,0.0705508247465967,0.0064700990832765,5.406842459187459,0.0049380679794736,193.1752764025696,0.0026192616512759,-31.24994920417147,0.0155447082910956,-41.91617943898768,36.0,97.0
229,2024-09-08 18:15:47,chef_interview.txt,-999,0,0.0114333855418698,0.0,0.0080364089644984,0.0948852224954891,0.0047213093376124,-44.63940106958372,0.0,-100.0,0.0006406711706926,-23.485046693373008,0.0189892838154639,-21.88190205975472,97.0,24.0
229,2024-09-08 18:15:47,chemical_engineer_interview.txt,-999,0,0.0222854044304994,0.002460024600246,0.0103024889968315,0.10416946195526,0.0040459088377662,7.906213095061105,0.0042608875954953,12.558877208642484,0.0027782282478985,-1.9096131099144884,0.0185127372364428,-14.23827633654426,33.0,10.0
229,2024-09-08 18:15:47,chemist_interview.txt,-999,0,0.0228415606285504,0.0038343612676873,0.0088515943902392,0.0810944539691494,0.0052511882336359,10.599128514576378,0.0035704576904834,75.44190373545095,0.0019475355434923,-15.723635463264657,0.0220737367281446,-33.235710145761686,28.0,76.0
229,2024-09-08 18:15:47,civil_engineer_interview.txt,-999,0,0.0188937097012652,0.0014645577035735,0.0107030731280641,0.078438349872565,0.0054351345030615,-8.51641613509365,0.0025366883532057,-32.98889340170888,0.0033047473868037,1.904363534634541,0.0076504304385027,-35.422455294262875,58.0,84.0
229,2024-09-08 18:15:47,cloud_architect_interview.txt,-999,0,0.0240160290130212,0.0023284667697653,0.0111013961928206,0.0946001227915488,0.0044715786311406,16.28591944374054,0.0012481167862039,6.539424522915937,0.0017710525823458,5.696812479857812,0.0244220003141009,-22.11662192454933,18.0,28.0
229,2024-09-08 18:15:47,computer_vision_engineer_interview.txt,-999,0,0.030029590922338,0.0037493326627902,0.0107139631347766,0.0675681877383175,0.0041186301119625,45.40366307144913,0.0015476657400757,71.55140430838051,0.0002339158373984,2.008047699887271,0.0190736763664626,-44.37175601672112,2.0,100.0
229,2024-09-08 18:15:47,construction_manager_interview.txt,-999,0,0.0191762296019643,0.0014690458972439,0.0088978888936439,0.0736272522862754,0.0035691066173089,-7.1484511648593525,0.0013102183742851,-32.783535276351216,0.0014293569710825,-15.282863747687529,0.0124042606864049,-39.38338601204367,57.0,94.0
229,2024-09-08 18:15:47,content_writer_interview.txt,-999,0,0.0182607495200394,0.001898456966887,0.0110649092998725,0.082790300597282,0.0060716548304569,-11.58121742281746,0.0019372064211769,-13.13575295126779,0.00177387386859,5.349419393896042,0.0142030966802948,-31.83953580476367,61.0,71.0
229,2024-09-08 18:15:47,cto_of_a_fintec_interview.txt,-999,0,0.0234102444577966,0.0042501299824121,0.0090370449008685,0.0738599672142063,0.0034772008220687,13.35270288446202,0.0008656537631093,94.46547760671004,0.0010504897334052,-13.957954146625028,0.0125889726671315,-39.19179403329137,24.0,92.0
229,2024-09-08 18:15:47,customer_service_representative_interview.txt,-999,0,0.0175274891456689,0.0050194999370383,0.0105538462892133,0.0807752409974593,0.0045995450244883,-15.13167352774238,0.0029960701591283,129.6681411256572,0.0009645168940654,0.4835691652579328,0.0119329136249114,-33.498515138261666,66.0,78.0
229,2024-09-08 18:15:47,cybersecurity_specialist_interview.txt,-999,0,0.0177244784186413,0.007622530158456,0.0088119686986094,0.0876747080601814,0.0059644405757032,-14.177848950176823,0.0011016883347787,248.7702667847406,0.0006273483204159,-16.100913170035696,0.0088566646890104,-27.818249765359752,65.0,54.0
229,2024-09-08 18:15:47,data_engineer_interview.txt,-999,0,0.0273281418889657,0.0003205128205128,0.0111286083078339,0.0933034866642025,0.0055860151398639,32.32321232308496,0.0005551444896054,-85.33487705598937,0.0026454950332414,5.95590005477051,0.011161031664746,-23.184130070970227,5.0,34.0
229,2024-09-08 18:15:47,data_scientist_interview.txt,-999,0,0.0234157123778174,0.0014855190001895,0.0117445360725601,0.0831104120003874,0.0046092155321178,13.37917862309112,0.0018461763530035,-32.029805426858374,0.0013923930415554,11.820171567888464,0.0101590147940877,-31.57599114225559,23.0,70.0
229,2024-09-08 18:15:47,database_administrator_interview.txt,-999,0,0.026644012042892,0.0072959861016946,0.0099082894937429,0.0860438382989151,0.0038313928755986,29.010646864138977,0.0041873210029269,233.82918351893267,0.0006453977906088,-5.66280146874017,0.040677457038026,-29.16092927211268,7.0,60.0
229,2024-09-08 18:15:47,dentist_interview.txt,-999,0,0.0169388438387433,0.0014915708451287,0.0088662931724237,0.0857682091868548,0.0046946850694032,-17.98190162769066,0.00175648770716,-31.75290215063255,0.0035030366393602,-15.583687802876,0.0156646201946912,-29.387852089015325,73.0,62.0
229,2024-09-08 18:15:47,devops_engineer_interview.txt,-999,0,0.0192407397864805,0.0041449334185074,0.0083207806650099,0.0837653773276272,0.0024463274214804,-6.836092026890142,0.00391527350086,89.65218951270666,0.0027107361848068,-20.77753299135958,0.0093333442388964,-31.03676444040306,55.0,68.0
229,2024-09-08 18:15:47,digital_marketing_specialist_interview.txt,-999,0,0.0137483513510111,0.0,0.0096544614744046,0.1005230300490368,0.001700930716035,-33.430307032811015,0.0,-100.0,0.0008140098043183,-8.07950762859089,0.0056948876968191,-17.240348917407047,90.0,14.0
229,2024-09-08 18:15:47,doctor_interview.txt,-999,0,0.0177889649069928,0.0010230082499824,0.0095724128266259,0.0763952433515651,0.0017738511766655,-13.865604549340077,0.0001193478804524,-53.192069712760805,0.0028722805838067,-8.860695903278483,0.0237000362794607,-37.1045253902403,63.0,88.0
229,2024-09-08 18:15:47,electrical_engineer_interview.txt,-999,0,0.0279439204559977,0.0060359087274201,0.0078315276727975,0.0712410127576307,0.0125916148789935,35.30482001527446,0.0017042552369642,176.17411192730128,0.0007123577282751,-25.4357292105459,0.0092533903404005,-41.34795423779051,4.0,96.0
229,2024-09-08 18:15:47,environmental_engineer_interview.txt,-999,0,0.0163314254054346,0.0016096058754181,0.0099689232704716,0.0755211262382357,0.0012608876858297,-20.923029445535946,0.0006624148862781,-26.35218767024428,0.0011034915010942,-5.085504990213877,0.0096731504222214,-37.82417766563604,76.0,89.0
229,2024-09-08 18:15:47,environmental_scientist_interview.txt,-999,0,0.0203898487738765,0.0027036104386679,0.0104262320964854,0.0855217956914051,0.0047410565100209,-1.2720916224950545,0.0008754409558015,23.70419196441938,0.0027339284772554,-0.7314503840181033,0.0227990028456206,-29.59072196764427,43.0,63.0
229,2024-09-08 18:15:47,event_planner_interview.txt,-999,0,0.0113709586640266,0.0012140641746734,0.0082946970964294,0.1065909445496801,0.0062804476260971,-44.94167281001474,0.0014320043189591,-44.45027080346306,0.0017677564628624,-21.02587563305705,0.0408582646370542,-12.244692831162196,98.0,7.0
229,2024-09-08 18:15:47,financial_analyst_interview.txt,-999,0,0.0238948128369513,0.0023106232329691,0.0098037560584605,0.0945884348182476,0.0050394525178589,15.6989891698762,0.0011634580211389,5.722990220991136,0.0022457052850694,-6.658068254558529,0.0163758786501994,-22.126244521398988,21.0,29.0
229,2024-09-08 18:15:47,fire_protection_engineer_interview.txt,-999,0,0.0192584566238452,0.0049321077318739,0.0075083107110811,0.1075225984132948,0.0045810201729303,-6.750306873920877,0.000483325970998,125.66949473443448,0.0018380976376047,-28.51309011177556,0.0157770508428725,-11.477671098481736,54.0,5.0
229,2024-09-08 18:15:47,focus_group_interview.txt,-999,0,0.0012540493842987,0.0004766982147625,0.000283983734624,0.1200631125290609,2.7932787427132995e-05,-93.92787685249856,3.551157410401575e-05,-78.18858566874727,6.497864579959834e-06,-97.29618013585524,0.0069174663010511,-1.1531855342200004,101.0,2.0
229,2024-09-08 18:15:47,frontend_developer_interview.txt,-999,0,0.0200271039756879,0.0005981901326806,0.008623102188619,0.1078664660506411,0.0041774454090344,-3.028506571774514,0.0005180667754341,-72.62970066027334,0.000949196110669,-17.899118345623577,0.0190815814584634,-11.194568155091671,48.0,4.0
229,2024-09-08 18:15:47,full_stack_developer_interview.txt,-999,0,0.0242481626408165,0.0035443473213715,0.0103582413274734,0.0774259016614455,0.0032534918272978,17.40991343655918,0.0036485237646601,62.17226237946966,0.0014929158077632,-1.3787930639649773,0.0195853032960934,-36.25599424201022,16.0,86.0
229,2024-09-08 18:15:47,game_developer_interview.txt,-999,0,0.0192587788096237,0.0015705794612681,0.0095955273868318,0.0858685907650009,0.0010926324484439,-6.748746846263245,0.0011309161586138,-28.13784841435229,0.0011184288258055,-8.640621302462435,0.0127306326736547,-29.305208893934136,53.0,61.0
229,2024-09-08 18:15:47,gardener_interview.txt,-999,0,0.0112964041369962,0.0,0.0061774217899512,0.0845317173010195,0.0034985979347008,-45.3026667828199,0.0,-100.0,0.0007830660111844,-41.184533800917386,0.0087752759395043,-30.405844055515587,99.0,66.0
229,2024-09-08 18:15:47,geneticist_interview.txt,-999,0,0.0197467446390986,0.0053747314776726,0.0090118333460104,0.0956870556503842,0.0009284966810522,-4.386010062973668,0.0047317284409051,145.92182548267388,0.0016641495357844,-14.197994312733996,0.0077949077347109,-21.22176047734122,49.0,22.0
229,2024-09-08 18:15:47,geologist_interview.txt,-999,0,0.022456018344399,0.0018839617752157,0.0094846777482869,0.0913515231268606,0.0035671363576637,8.732327846877581,0.0018368321162616,-13.798983107292273,0.0028733933455387,-9.696024898121962,0.0126661045749003,-24.79116301852024,32.0,42.0
229,2024-09-08 18:15:47,geotechnical_engineer_interview.txt,-999,0,0.0233911011098317,0.0019341662053346,0.0097385868393822,0.0770909744693217,0.0052800358710245,13.260010548933735,0.0025983226859125,-11.501870190405114,0.0016850461029038,-7.278546851010418,0.020937766479744,-36.53173660219095,25.0,87.0
229,2024-09-08 18:15:47,graphic_designer_interview.txt,-999,0,0.0172101897318265,0.0,0.0087399790129346,0.1054081092800559,0.0015028429721174,-16.66804134515381,0.0,-100.0,0.0009871185924441,-16.786329686579293,0.0275573939850738,-13.21850981772272,69.0,9.0
229,2024-09-08 18:15:47,hotel_manager_interview.txt,-999,0,0.0171356201380783,0.0027585052769616,0.008768194649179,0.0737237147372106,0.0029619013711184,-17.029108271199277,0.0025234015081538,26.215915368433684,0.0028236107061073,-16.51768754811961,0.017402005225882,-39.30396939698474,71.0,93.0
229,2024-09-08 18:15:47,human_resources_manager_interview.txt,-999,0,0.0183757032176109,0.004244981014746,0.0118169135961631,0.083143767707332,0.0042416900860283,-11.024610149887152,0.0019180973563729,94.22988564587268,0.0015705491605848,12.509280703996636,0.0148659703584969,-31.54852970712965,60.0,69.0
229,2024-09-08 18:15:47,industrial_engineer_interview.txt,-999,0,0.021314409462327,0.0023919818444027,0.010003355193821,0.0748922631025698,0.0055016402697449,3.2046430483247264,0.0021975614043958,9.44556842338426,0.0004802963422433,-4.757677347423211,0.015088944546728,-38.3419146823279,39.0,90.0
229,2024-09-08 18:15:47,it_manager_interview.txt,-999,0,0.0194298724252011,0.0019966810810467,0.0108920493712086,0.0658919283295823,0.0042261190347105,-5.920309372791877,0.0011824268349364,-8.641490575382619,0.0010592934679774,3.703613483726855,0.0081927028703855,-45.751804386961936,51.0,101.0
229,2024-09-08 18:15:47,logistics_coordinator_interview.txt,-999,0,0.0171799677687467,0.0008733624454148,0.0122501772250263,0.0926464475510127,0.0025212063460137,-16.814376476670603,0.0015127081288811,-60.03914097352561,0.0019772167182051,16.634400079873913,0.0224404940914565,-23.725064100999788,70.0,37.0
229,2024-09-08 18:15:47,lorry_driver_interview.txt,-999,0,0.0152767467013403,0.0039615984371586,0.0096261601726679,0.093772578288175,0.0016495142997577,-26.029797211216348,0.0027102454757446,81.26366378348396,0.0012136109198108,-8.348965391439066,0.0155308132557216,-22.79793141473398,83.0,31.0
229,2024-09-08 18:15:47,machine_learning_engineer_interview copy.txt,-999,0,0.0246759817225798,0.0008909817261881,0.0104283767643873,0.0874420236176427,0.0035002746963006,19.481418898658617,0.0008526330650287,-59.23296754710142,0.0036210033442337,-0.7110309199136395,0.0055916762882902,-28.009816645779708,13.0,55.0
229,2024-09-08 18:15:47,machine_learning_engineer_interview.txt,-999,0,0.0279604448730295,0.0046957859241563,0.010644807368142,0.0871964796575093,0.0014408242378773,35.38483145375045,0.0016638451814563,114.8565470371044,0.0005272921748557,1.3496130335700656,0.0157533852399353,-28.21197064428296,3.0,57.0
229,2024-09-08 18:15:47,manufacturing_engineer_interview.txt,-999,0,0.021488259341917,0.0066211195207593,0.011394258755595,0.0884986291436859,0.0028351213315002,4.046426387374964,0.0040912796832768,202.95053921264457,0.001631689705553,8.485168002197142,0.0066481422689409,-27.13992340216552,38.0,50.0
229,2024-09-08 18:15:47,marine_engineer_interview.txt,-999,0,0.0226703269092927,0.0060516763107773,0.0102485698311865,0.0780089556297162,0.0025388384390296,9.770012657293933,0.0019911977372369,176.89556059850963,0.0016920115699502,-2.4229795226850257,0.0166937449632791,-35.77597147555693,30.0,85.0
229,2024-09-08 18:15:47,marketing_manager_interview.txt,-999,0,0.0132437785562875,0.0,0.0113431948078726,0.0824169146190614,0.0001772441557297,-35.873454954098335,0.0,-100.0,0.0008648380057745,7.998986227117484,0.0284135591743654,-32.14694091642406,93.0,73.0
229,2024-09-08 18:15:47,materials_engineer_interview.txt,-999,0,0.0211626910708948,0.0028612303290414,0.0097477321494525,0.0892517376016255,0.0018654375629866,2.4700206578095703,0.0049557963020568,30.9161189851593,0.0031825592321156,-7.191474008389491,0.0249993887132406,-26.51989639764703,40.0,49.0
229,2024-09-08 18:15:47,mechanical_engineer_interview.txt,-999,0,0.023753720510407,0.0011962211598053,0.0097131038469766,0.0854805845068727,0.0034605798513923,15.015818321366908,0.0010420210897166,-45.26668122446927,0.0022392709859757,-7.521171384261365,0.0265291929074135,-29.62465074248257,22.0,64.0
229,2024-09-08 18:15:47,meteorologist_interview.txt,-999,0,0.0132495646714292,0.0009442037881032,0.0094330163092178,0.0942787720423603,0.0026425980556292,-35.845438510626295,0.0009543554933095,-56.79778233338686,0.001435580484647,-10.187895410883186,0.0112189689344773,-22.381186928857232,92.0,30.0
229,2024-09-08 18:15:47,microbiologist_interview.txt,-999,0,0.0201884058676453,0.005340925810914,0.0088949331658219,0.0789350882191564,0.0024484492656234,-2.2474807492242377,0.0038817423038134,144.37504099390904,0.0022089444762427,-15.311005343925729,0.0032147650224402,-35.01349535520028,46.0,82.0
229,2024-09-08 18:15:47,mining_engineer_interview.txt,-999,0,0.0203487912753475,0.0078255903668645,0.0086709808394909,0.0902258779453942,0.0035925232229081,-1.470892555152119,0.0022746879013937,258.0613238993463,0.0009273477787399,-17.443263902173413,0.0180224780129312,-25.71789595141651,44.0,47.0
229,2024-09-08 18:15:47,mobile_app_developer_interview.txt,-999,0,0.018722566575575,0.0003267973856209,0.0115873656861676,0.0948229799305633,0.0077391427015262,-9.345093337164483,0.0005660296756761,-85.04732562571465,0.0039935509335509,10.323746382320238,0.0071995912336524,-21.933145769312915,59.0,26.0
229,2024-09-08 18:15:47,natural_language_processing_engineer_interview.txt,-999,0,0.0325460313987828,0.0034214368156955,0.0087682054203089,0.0878761351163032,0.0060359264043361,57.5883000224693,0.0028056800916069,56.54846962769821,0.0020298144214147,-16.5175849957851,0.0093364275397464,-27.65241679280512,1.0,52.0
229,2024-09-08 18:15:47,network_administrator_interview.txt,-999,0,0.0181568067278987,0.0051580789028316,0.0115835397878264,0.0915416420623942,0.0044066904984414,-12.084509750915243,0.00226326445063,136.00884714659364,0.0054316601546652,10.287319859699425,0.0278974173609563,-24.63463991370257,62.0,41.0
229,2024-09-08 18:15:47,neuroscientist_interview.txt,-999,0,0.0175066852794646,0.0049274797722237,0.0091896457112837,0.0809398294497144,0.0018598287030985,-15.23240611381,0.0048149410485544,125.457741591015,0.0021090828519493,-12.505036066540214,0.0078995592669168,-33.363011036622325,68.0,77.0
229,2024-09-08 18:15:47,no_persona_interview.txt,-999,0,0.020652568365889,0.0021855447222399,0.0105030567453831,0.1214638156808036,0.0031857900688093,0.0,0.0023407411504704,0.0,0.0002872343285128,0.0,0.0108501354618666,0.0,41.0,1.0
229,2024-09-08 18:15:47,nuclear_engineer_interview.txt,-999,0,0.0201114834420262,0.0048986441215328,0.0089881940609598,0.0906192662971577,0.0010628223055609,-2.619940117261905,0.0031598392420749,124.13836109984962,0.0011816162460258,-14.423064838616328,0.0144960432036999,-25.39402307655365,47.0,45.0
229,2024-09-08 18:15:47,nurse_interview.txt,-999,0,0.0138895456771504,0.0026742551231146,0.009716593080125,0.0971584166574543,0.0020552114552128,-32.74664230095847,0.0025730994120577,22.36103411207415,0.0012488995632625,-7.487950263658632,0.0354026682991538,-20.010403005304696,89.0,20.0
229,2024-09-08 18:15:47,occupational_therapist_interview.txt,-999,0,0.0143996524536656,0.0025281888342646,0.0115539303100048,0.0841973333108286,0.0054285264026039,-30.276698769103533,0.0029278616901275,15.677744250116405,0.0016540518437497,10.005406902934638,0.0281718821971688,-30.68113920273018,88.0,67.0
229,2024-09-08 18:15:47,operations_manager_interview.txt,-999,0,0.0167732293449837,0.0029388164742648,0.010581766139895,0.0882182450981003,0.0048257909444966,-18.78380912328868,0.0033173312875158,34.46608730353154,0.0017186981400184,0.7493951182018748,0.0084388100800012,-27.37076091045064,75.0,51.0
229,2024-09-08 18:15:47,petroleum_engineer_interview.txt,-999,0,0.0244959447259373,0.0040352565842137,0.0110378376109134,0.0903494216868446,0.0021469566519379,18.609677459759126,0.0011703030303113,84.63390582454218,0.0011841587070843,5.091668820749746,0.0274351237009919,-25.61618356838457,14.0,46.0
229,2024-09-08 18:15:47,pharmacist_interview.txt,-999,0,0.0160604337975364,0.0057439316112459,0.0086597684931081,0.104043274382862,0.0057468093319856,-22.235174274678712,0.0058048799137468,162.81464537404418,0.0018671048382267,-17.550017075603023,0.016227204610252,-14.342165360358194,80.0,11.0
229,2024-09-08 18:15:47,physical_therapist_interview.txt,-999,0,0.0144697907772793,0.0022042126693289,0.0087631774604501,0.0902160287811639,0.0030413794470909,-29.93708810968785,0.0029500813859291,0.8541553462192155,0.0016218222195198,-16.56545639151956,0.0041181409711296,-25.72600467431066,87.0,48.0
229,2024-09-08 18:15:47,physicist_interview.txt,-999,0,0.025694364447826,0.0021013236212359,0.0104119024384408,0.0807094114580272,0.0035522726703428,24.4124410708366,0.0022275087944935,-3.853551938194755,0.0016672799425358,-0.8678835995283691,0.0322164248427353,-33.55271196969096,10.0,79.0
229,2024-09-08 18:15:47,procurement_specialist_interview.txt,-999,0,0.0162726085439701,0.0048329406841956,0.0100232127153369,0.0827382283328885,0.0018137358974256,-21.207821440519297,0.0037408608816577,121.13208826230272,0.0017429326690114,-4.568613135000902,0.0139851891552017,-31.88240640297564,78.0,72.0
229,2024-09-08 18:15:47,product_manager_interview.txt,-999,0,0.0253057739451881,0.003447869239889,0.0093051964607328,0.0917601876083882,0.0065346657104575,22.530880890265024,0.0014442537574536,57.757890049275886,0.0011095225831457,-11.404873016389246,0.0202851486453967,-24.454713451843105,11.0,39.0
229,2024-09-08 18:15:47,professor_of_classics_interview.txt,-999,0,0.0155405480301153,0.0028585801763438,0.0100139146622539,0.0915968257982905,0.002373945768403,-24.752467805491136,0.0025234751657101,30.79486076194749,0.0011051253234303,-4.657140249615281,0.022192338173977,-24.58920767070325,82.0,40.0
229,2024-09-08 18:15:47,project_manager_interview.txt,-999,0,0.0161335351584534,0.0,0.0119415664521891,0.0806365718050697,0.0066269914161502,-21.88121655076806,0.0,-100.0,0.0018953197998805,13.69610525467553,0.0174460540725226,-33.612680160669655,79.0,81.0
229,2024-09-08 18:15:47,psychologist_interview.txt,-999,0,0.0193924396451044,0.0031943143865765,0.0120639081357596,0.0972542571111086,0.0050835540062708,-6.101559372469751,0.0031184377153203,46.15644118701599,0.000525447295598,14.860925045108004,0.0232921070375081,-19.931498474669667,52.0,19.0
229,2024-09-08 18:15:47,public_relations_specialist_interview.txt,-999,0,0.0128801110431762,0.0025689949503093,0.0085042471584493,0.0864781188040093,0.0012932675334431,-37.6343377008269,0.0036167371325375,17.544835581144653,0.0005808311000438,-19.03074157732576,0.0383568429457168,-28.80339027775452,95.0,58.0
229,2024-09-08 18:15:47,quality_control_engineer_interview.txt,-999,0,0.0228528867739546,0.0027463087755318,0.0109220932186812,0.0932051658332689,0.0045195480224518,10.653969855389562,0.0023904249968449,25.6578622064183,0.0026676718424386,3.989662090346215,0.0162061212619114,-23.265076672542506,27.0,36.0
229,2024-09-08 18:15:47,restaurant_manager_interview.txt,-999,0,0.01632407171529,0.0042707332692923,0.0106777177172395,0.1058920380426076,0.0037784981089541,-20.958636107208,0.0043237059586977,95.40818478037608,0.0003307923473709,1.6629537104349623,0.0320869864034904,-12.820095886924236,77.0,8.0
229,2024-09-08 18:15:47,retail_manager_interview.txt,-999,0,0.0175205791921766,0.0,0.0075916171719611,0.0821938565535983,0.0039148264608496,-15.16513161087238,0.0,-100.0,0.0019452625409196,-27.719926151039505,0.0122350240562024,-32.330582492487565,67.0,74.0
229,2024-09-08 18:15:47,robotics_engineer_interview.txt,-999,0,0.026660528316039,0.0085603872741214,0.011227239158933,0.0734648570848125,0.0073470916045314,29.090618869820844,0.0036473758735974,291.6820912888039,0.0023833978542452,6.894968113623449,0.0125933396751625,-39.51708443124182,6.0,95.0
229,2024-09-08 18:15:47,safety_engineer_interview.txt,-999,0,0.0239127010727662,0.0082208596572791,0.0101022818024032,0.0873015176313547,0.005008968190848,15.785604236332176,0.0030361371576923,276.1469428479019,0.0026380452266512,-3.815793370402005,0.0151659924601885,-28.125493883070845,20.0,56.0
229,2024-09-08 18:15:47,sales_manager_interview.txt,-999,0,0.0137396211455631,0.0,0.0085906385010351,0.1136125960985876,0.0038001231009542,-33.472578799176006,0.0,-100.0,0.000637503057182,-18.20820634134576,0.0095768894759108,-6.463834137113153,91.0,3.0
229,2024-09-08 18:15:47,seo_specialist_interview.txt,-999,0,0.0148336937872875,0.0,0.0092010691664862,0.098159746852375,0.0022745218528742,-28.17506508397429,0.0,-100.0,0.0021518199657368,-12.396272918064454,0.006471790000525,-19.186017414165235,86.0,16.0
229,2024-09-08 18:15:47,shop_assistant_interview.txt,-999,0,0.012342995694203,0.0003360215053763,0.0095500289684418,0.0806535207711613,0.0031075072687225,-40.23505708573582,0.0005820063197476,-84.62527433289208,0.0021616531832349,-9.07381346254519,0.0130062847316984,-33.598726238675226,96.0,80.0
229,2024-09-08 18:15:47,social_media_manager_interview.txt,-999,0,0.0106412842190362,0.0002832058906825,0.0104188747247646,0.0864630133710102,0.0025343524776188,-48.47476579904695,0.0004905269916649,-87.04186247937888,0.001491228840661,-0.8015001980779601,0.0091136269875107,-28.81582643655163,100.0,59.0
229,2024-09-08 18:15:47,software_quality_assurance_tester_interview.txt,-999,0,0.0225398129010493,0.0042623777703745,0.0097179425659479,0.0743660348583133,0.0061562151236788,9.138062161204957,0.000512124403759,95.02587739344472,0.0016530330913081,-7.475101758164854,0.0087321068481762,-38.77515337263829,31.0,91.0
229,2024-09-08 18:15:47,speech_therapist_interview.txt,-999,0,0.015889602650081,0.0015467904098994,0.0117540349156231,0.091028071843161,0.0013303711250337,-23.062340874149086,0.0026791195786061,-29.22632082704847,0.000670642430778,11.91061041148724,0.0053504151216685,-25.05745737284019,81.0,44.0
229,2024-09-08 18:15:47,structural_engineer_interview.txt,-999,0,0.0243961118472316,0.0029875721308355,0.0113389493944062,0.0878349704171043,0.0043359782929906,18.126285385044863,0.0035232703783192,36.69691132074587,0.001124695538436,7.958565485143083,0.0176523853462188,-27.68630729671212,15.0,53.0
229,2024-09-08 18:15:47,supply_chain_manager_interview.txt,-999,0,0.0191997754682157,0.0040264688913452,0.0092794818510699,0.1039748973781662,0.0015049513271291,-7.034441779516513,0.0023485596843501,84.23182332405634,0.0027400999929835,-11.649702786296883,0.0228974366903643,-14.39845949562188,56.0,12.0
229,2024-09-08 18:15:47,system_administrator_interview.txt,-999,0,0.0241059215982727,0.0056025644133044,0.0112376986022642,0.0935390014062527,0.005029167783833,16.721180490497176,0.0007886142519597,156.34636327928916,0.0002964505551615,6.994552868659582,0.0224172636226541,-22.99023303197956,17.0,32.0
229,2024-09-08 18:15:47,transportation_engineer_interview.txt,-999,0,0.0206306346185058,0.0028506576224694,0.0101139448003243,0.0934406629463266,0.0049751182845314,-0.1062034851773177,0.00190567111992,30.43236285496002,0.0017266961531012,-3.7047495266542967,0.0325836352747639,-23.07119414733305,42.0,33.0
229,2024-09-08 18:15:47,travel_agent_interview.txt,-999,0,0.0170577516937123,0.0040526923214037,0.0100994967556337,0.097546391708399,0.0081034291171507,-17.406148274101014,0.0029754329116433,85.43168118061942,0.0014318052784849,-3.84230990589316,0.0310108139053601,-19.69098684933252,72.0,18.0
229,2024-09-08 18:15:47,veterinarian_interview.txt,-999,0,0.0150017616568765,0.004249097818145,0.0095696961594487,0.0965120500072773,0.0011297390496342,-27.361278311252008,0.0049185574954722,94.41825074117898,0.0020456432991248,-8.886561394088247,0.0074979538212146,-20.542550498411288,85.0,21.0
229,2024-09-08 18:15:47,warehouse_manager_interview.txt,-999,0,0.0221087341442678,0.0030442428225222,0.0106887791261051,0.0980041662321301,0.0003926923737442,7.050773311003184,0.0031015972353375,39.28988922277529,0.0016421328674822,1.7682698020619227,0.0113887774577318,-19.314105453696115,34.0,17.0
229,2024-09-08 18:15:47,water_resources_engineer_interview.txt,-999,0,0.0230423556114089,0.0050610997061279,0.0076433867465865,0.1066564230266636,0.0019892741451354,11.571380388053626,0.0080241692141361,131.57154619745697,0.0018308113164779,-27.2270260755622,0.0283774190720745,-12.190785026095782,26.0,6.0
230,2024-09-08 18:39:18,restaurant_manager_interview.txt,1,0,0.01875,0.0041666666666666,0.0104166666666666,0.1317920361857331,,,,,,,,,,
230,2024-09-08 18:39:18,restaurant_manager_interview.txt,2,0,0.0119705340699815,0.0,0.011049723756906,0.0699971644105389,,,,,,,,,,
230,2024-09-08 18:39:18,restaurant_manager_interview.txt,3,0,0.0182516810758885,0.0086455331412103,0.010566762728146,0.1158869135315509,,,,,,,,,,
230,2024-09-08 18:39:18,geneticist_interview.txt,1,0,0.0204991087344028,0.0089126559714795,0.0071301247771836,0.1023018909308028,,,,,,,,,,
230,2024-09-08 18:39:18,geneticist_interview.txt,2,0,0.0187090739008419,0.0,0.010289990645463,0.0976658041305644,,,,,,,,,,
230,2024-09-08 18:39:18,geneticist_interview.txt,3,0,0.0200320512820512,0.0072115384615384,0.0096153846153846,0.0870934718897853,,,,,,,,,,
230,2024-09-08 18:39:18,speech_therapist_interview.txt,1,0,0.0174013921113689,0.0046403712296983,0.0116009280742459,0.0850641021876443,,,,,,,,,,
230,2024-09-08 18:39:18,speech_therapist_interview.txt,2,0,0.0153698366954851,0.0,0.0124879923150816,0.0926135462215361,,,,,,,,,,
230,2024-09-08 18:39:18,speech_therapist_interview.txt,3,0,0.0148975791433892,0.0,0.0111731843575419,0.0954065671203025,,,,,,,,,,
230,2024-09-08 18:39:18,customer_service_representative_interview.txt,1,0,0.0201931518876207,0.0079016681299385,0.0105355575065847,0.0750223999223702,,,,,,,,,,
230,2024-09-08 18:39:18,customer_service_representative_interview.txt,2,0,0.0122164048865619,0.0052356020942408,0.0095986038394415,0.0728085511762013,,,,,,,,,,
230,2024-09-08 18:39:18,customer_service_representative_interview.txt,3,0,0.0201729106628242,0.0019212295869356,0.0115273775216138,0.0944947718938065,,,,,,,,,,
230,2024-09-08 18:39:18,construction_manager_interview.txt,1,0,0.0155490767735665,0.0,0.0087463556851311,0.0827157081994325,,,,,,,,,,
230,2024-09-08 18:39:18,construction_manager_interview.txt,2,0,0.0192953020134228,0.0025167785234899,0.0075503355704697,0.0786702898424613,,,,,,,,,,
230,2024-09-08 18:39:18,construction_manager_interview.txt,3,0,0.0226843100189035,0.0018903591682419,0.0103969754253308,0.0594957588169325,,,,,,,,,,
230,2024-09-08 18:39:18,doctor_interview.txt,1,0,0.019538188277087,0.0008880994671403,0.0124333925399644,0.0796877522239052,,,,,,,,,,
230,2024-09-08 18:39:18,doctor_interview.txt,2,0,0.0178372352285395,0.0011148272017837,0.0066889632107023,0.0512211063365923,,,,,,,,,,
230,2024-09-08 18:39:18,doctor_interview.txt,3,0,0.0159914712153518,0.0010660980810234,0.009594882729211,0.0982768714941978,,,,,,,,,,
230,2024-09-08 18:39:18,human_resources_manager_interview.txt,1,0,0.0166051660516605,0.0055350553505535,0.0101476014760147,0.0990048734669838,,,,,,,,,,
230,2024-09-08 18:39:18,human_resources_manager_interview.txt,2,0,0.0153061224489795,0.0020408163265306,0.0132653061224489,0.0695284925158567,,,,,,,,,,
230,2024-09-08 18:39:18,human_resources_manager_interview.txt,3,0,0.0232158211521926,0.0051590713671539,0.0120378331900257,0.0808979371391556,,,,,,,,,,
230,2024-09-08 18:39:18,water_resources_engineer_interview.txt,1,0,0.0248091603053435,0.0143129770992366,0.0057251908396946,0.0922137330310751,,,,,,,,,,
230,2024-09-08 18:39:18,water_resources_engineer_interview.txt,2,0,0.02088772845953,0.000870322019147,0.0078328981723237,0.1393499968719819,,,,,,,,,,
230,2024-09-08 18:39:18,water_resources_engineer_interview.txt,3,0,0.0234301780693533,0.0,0.0093720712277413,0.0884055391769336,,,,,,,,,,
230,2024-09-08 18:39:18,project_manager_interview.txt,1,0,0.0169312169312169,0.0,0.0137566137566137,0.0956805932924724,,,,,,,,,,
230,2024-09-08 18:39:18,project_manager_interview.txt,2,0,0.0091438071487946,0.0,0.0099750623441396,0.0847172704784101,,,,,,,,,,
230,2024-09-08 18:39:18,project_manager_interview.txt,3,0,0.0223255813953488,0.0,0.0120930232558139,0.0615118516443266,,,,,,,,,,
230,2024-09-08 18:39:18,biologist_interview.txt,1,0,0.0206422018348623,0.0068807339449541,0.0080275229357798,0.1179416952887757,,,,,,,,,,
230,2024-09-08 18:39:18,biologist_interview.txt,2,0,0.0313390313390313,0.0009496676163342,0.0113960113960113,0.0990934647871438,,,,,,,,,,
230,2024-09-08 18:39:18,biologist_interview.txt,3,0,0.0160984848484848,0.0,0.0056818181818181,0.0790558234130636,,,,,,,,,,
230,2024-09-08 18:39:18,occupational_therapist_interview.txt,1,0,0.0092592592592592,0.0,0.0111111111111111,0.0525151165224253,,,,,,,,,,
230,2024-09-08 18:39:18,occupational_therapist_interview.txt,2,0,0.020076481835564,0.005736137667304,0.0133843212237093,0.1064284965608685,,,,,,,,,,
230,2024-09-08 18:39:18,occupational_therapist_interview.txt,3,0,0.0138632162661737,0.0018484288354898,0.010166358595194,0.093648386849192,,,,,,,,,,
230,2024-09-08 18:39:18,network_administrator_interview.txt,1,0,0.0232288037166085,0.0046457607433217,0.0174216027874564,0.0948924220450245,,,,,,,,,,
230,2024-09-08 18:39:18,network_administrator_interview.txt,2,0,0.015267175572519,0.0076335877862595,0.006679389312977,0.0621201694549259,,,,,,,,,,
230,2024-09-08 18:39:18,network_administrator_interview.txt,3,0,0.0159744408945686,0.0031948881789137,0.0106496272630457,0.1176123346872322,,,,,,,,,,
230,2024-09-08 18:39:18,neuroscientist_interview.txt,1,0,0.017094017094017,0.0009496676163342,0.0085470085470085,0.0748619456832399,,,,,,,,,,
230,2024-09-08 18:39:18,neuroscientist_interview.txt,2,0,0.019538188277087,0.0035523978685612,0.0115452930728241,0.0780883101199014,,,,,,,,,,
230,2024-09-08 18:39:18,neuroscientist_interview.txt,3,0,0.0158878504672897,0.0102803738317757,0.0074766355140186,0.0898692325460021,,,,,,,,,,
230,2024-09-08 18:39:18,retail_manager_interview.txt,1,0,0.0155820348304307,0.0,0.0054995417048579,0.0851586142248364,,,,,,,,,,
230,2024-09-08 18:39:18,retail_manager_interview.txt,2,0,0.0220264317180616,0.0,0.0079295154185022,0.0926740640862768,,,,,,,,,,
230,2024-09-08 18:39:18,retail_manager_interview.txt,3,0,0.0149532710280373,0.0,0.0093457943925233,0.0687488913496817,,,,,,,,,,
230,2024-09-08 18:39:18,agricultural_engineer_interview.txt,1,0,0.0157068062827225,0.0,0.0094240837696335,0.0677304538869327,,,,,,,,,,
230,2024-09-08 18:39:18,agricultural_engineer_interview.txt,2,0,0.0191387559808612,0.0,0.0105263157894736,0.0730479753031924,,,,,,,,,,
230,2024-09-08 18:39:18,agricultural_engineer_interview.txt,3,0,0.0183566433566433,0.0,0.0113636363636363,0.0622914920299397,,,,,,,,,,
230,2024-09-08 18:39:18,electrical_engineer_interview.txt,1,0,0.0229276895943562,0.0052910052910052,0.0070546737213403,0.0797883593735699,,,,,,,,,,
230,2024-09-08 18:39:18,electrical_engineer_interview.txt,2,0,0.0422705314009661,0.0048309178743961,0.0084541062801932,0.061414648015585,,,,,,,,,,
230,2024-09-08 18:39:18,electrical_engineer_interview.txt,3,0,0.0186335403726708,0.0079858030168589,0.0079858030168589,0.0725200308837372,,,,,,,,,,
230,2024-09-08 18:39:18,quality_control_engineer_interview.txt,1,0,0.0184287099903006,0.0038797284190106,0.0126091173617846,0.0750452380239722,,,,,,,,,,
230,2024-09-08 18:39:18,quality_control_engineer_interview.txt,2,0,0.0274621212121212,0.0,0.012310606060606,0.0983734634910823,,,,,,,,,,
230,2024-09-08 18:39:18,quality_control_engineer_interview.txt,3,0,0.022667829119442,0.004359197907585,0.007846556233653,0.1061967959847522,,,,,,,,,,
230,2024-09-08 18:39:18,machine_learning_engineer_interview.txt,1,0,0.0267686424474187,0.002868068833652,0.0105162523900573,0.0977161027342026,,,,,,,,,,
230,2024-09-08 18:39:18,machine_learning_engineer_interview.txt,2,0,0.0295616717635066,0.0050968399592252,0.0101936799184505,0.0690847307453252,,,,,,,,,,
230,2024-09-08 18:39:18,machine_learning_engineer_interview.txt,3,0,0.0275510204081632,0.0061224489795918,0.0112244897959183,0.0947886054930001,,,,,,,,,,
230,2024-09-08 18:39:18,psychologist_interview.txt,1,0,0.0153403643336529,0.0009587727708533,0.0115052732502396,0.1184135611316723,,,,,,,,,,
230,2024-09-08 18:39:18,psychologist_interview.txt,2,0,0.025096525096525,0.0067567567567567,0.0125482625482625,0.072296317988978,,,,,,,,,,
230,2024-09-08 18:39:18,psychologist_interview.txt,3,0,0.0177404295051353,0.0018674136321195,0.0121381886087768,0.1010528922126755,,,,,,,,,,
230,2024-09-08 18:39:18,geologist_interview.txt,1,0,0.0247770069375619,0.0019821605550049,0.0099108027750247,0.0819414717231977,,,,,,,,,,
230,2024-09-08 18:39:18,geologist_interview.txt,2,0,0.0242424242424242,0.0,0.0121212121212121,0.1057528576386272,,,,,,,,,,
230,2024-09-08 18:39:18,geologist_interview.txt,3,0,0.018348623853211,0.0036697247706422,0.0064220183486238,0.0863602400187569,,,,,,,,,,
230,2024-09-08 18:39:18,chemical_engineer_interview.txt,1,0,0.0188679245283018,0.0,0.012909632571996,0.1213271515812998,,,,,,,,,,
230,2024-09-08 18:39:18,chemical_engineer_interview.txt,2,0,0.0212355212355212,0.0,0.0106177606177606,0.1066328861576164,,,,,,,,,,
230,2024-09-08 18:39:18,chemical_engineer_interview.txt,3,0,0.0267527675276752,0.007380073800738,0.007380073800738,0.0845483481268637,,,,,,,,,,
230,2024-09-08 18:39:18,machine_learning_engineer_interview copy.txt,1,0,0.0282375851996105,0.0009737098344693,0.0146056475170399,0.0930669448190147,,,,,,,,,,
230,2024-09-08 18:39:18,machine_learning_engineer_interview copy.txt,2,0,0.0245499181669394,0.0,0.0081833060556464,0.0873749299909319,,,,,,,,,,
230,2024-09-08 18:39:18,machine_learning_engineer_interview copy.txt,3,0,0.0212404418011894,0.0016992353440951,0.0084961767204757,0.0818841960429814,,,,,,,,,,
230,2024-09-08 18:39:18,no_persona_interview.txt,1,0,0.0190114068441064,0.0019011406844106,0.0104562737642585,0.1289230293721793,,,,,,,,,,
230,2024-09-08 18:39:18,no_persona_interview.txt,2,0,0.0186219739292365,0.0046554934823091,0.01024208566108,0.1090166668724607,,,,,,,,,,
230,2024-09-08 18:39:18,no_persona_interview.txt,3,0,0.0243243243243243,0.0,0.0108108108108108,0.1264517507977707,,,,,,,,,,
230,2024-09-08 18:39:18,financial_analyst_interview.txt,1,0,0.0285110876451953,0.0031678986272439,0.0073917634635691,0.0758637410140517,,,,,,,,,,
230,2024-09-08 18:39:18,financial_analyst_interview.txt,2,0,0.0185185185185185,0.0027777777777777,0.0101851851851851,0.1016685058780362,,,,,,,,,,
230,2024-09-08 18:39:18,financial_analyst_interview.txt,3,0,0.02465483234714,0.0009861932938856,0.0118343195266272,0.1062330575626549,,,,,,,,,,
230,2024-09-08 18:39:18,civil_engineer_interview.txt,1,0,0.0127041742286751,0.0,0.014519056261343,0.0840848943151754,,,,,,,,,,
230,2024-09-08 18:39:18,civil_engineer_interview.txt,2,0,0.0210896309314587,0.0043936731107205,0.0087873462214411,0.0814986554562683,,,,,,,,,,
230,2024-09-08 18:39:18,civil_engineer_interview.txt,3,0,0.0228873239436619,0.0,0.0088028169014084,0.0697314998462514,,,,,,,,,,
230,2024-09-08 18:39:18,meteorologist_interview.txt,1,0,0.0120147874306839,0.0009242144177449,0.011090573012939,0.0828745919947205,,,,,,,,,,
230,2024-09-08 18:39:18,meteorologist_interview.txt,2,0,0.0114503816793893,0.0019083969465648,0.0085877862595419,0.1053028703368924,,,,,,,,,,
230,2024-09-08 18:39:18,meteorologist_interview.txt,3,0,0.0162835249042145,0.0,0.0086206896551724,0.094658853795468,,,,,,,,,,
230,2024-09-08 18:39:18,shop_assistant_interview.txt,1,0,0.0141129032258064,0.001008064516129,0.0070564516129032,0.0697119816015086,,,,,,,,,,
230,2024-09-08 18:39:18,shop_assistant_interview.txt,2,0,0.0141612200435729,0.0,0.0108932461873638,0.0950335823015481,,,,,,,,,,
230,2024-09-08 18:39:18,shop_assistant_interview.txt,3,0,0.0087548638132295,0.0,0.0107003891050583,0.0772149984104272,,,,,,,,,,
230,2024-09-08 18:39:18,social_media_manager_interview.txt,1,0,0.0083594566353187,0.0,0.0104493207941483,0.0848200489752304,,,,,,,,,,
230,2024-09-08 18:39:18,social_media_manager_interview.txt,2,0,0.0101954120645709,0.0008496176720475,0.0118946474086661,0.0782826236600617,,,,,,,,,,
230,2024-09-08 18:39:18,social_media_manager_interview.txt,3,0,0.0133689839572192,0.0,0.0089126559714795,0.0962863674777385,,,,,,,,,,
230,2024-09-08 18:39:18,marine_engineer_interview.txt,1,0,0.0225498699045967,0.007805724197745,0.0121422376409366,0.0740413802677727,,,,,,,,,,
230,2024-09-08 18:39:18,marine_engineer_interview.txt,2,0,0.0252672497570456,0.0038872691933916,0.0097181729834791,0.0963290488970035,,,,,,,,,,
230,2024-09-08 18:39:18,marine_engineer_interview.txt,3,0,0.0201938610662358,0.0064620355411954,0.0088852988691437,0.0636564377243725,,,,,,,,,,
230,2024-09-08 18:39:18,warehouse_manager_interview.txt,1,0,0.0224828934506353,0.002932551319648,0.0087976539589442,0.1110369687520402,,,,,,,,,,
230,2024-09-08 18:39:18,warehouse_manager_interview.txt,2,0,0.0221434898139946,0.0062001771479185,0.0115146147032772,0.0930088816144836,,,,,,,,,,
230,2024-09-08 18:39:18,warehouse_manager_interview.txt,3,0,0.0216998191681736,0.0,0.011754068716094,0.0899666483298664,,,,,,,,,,
230,2024-09-08 18:39:18,business_intelligence_analyst_interview.txt,1,0,0.0277185501066098,0.0106609808102345,0.0085287846481876,0.0842939637913583,,,,,,,,,,
230,2024-09-08 18:39:18,business_intelligence_analyst_interview.txt,2,0,0.0227081581160639,0.0075693860386879,0.0042052144659377,0.0536801276246441,,,,,,,,,,
230,2024-09-08 18:39:18,business_intelligence_analyst_interview.txt,3,0,0.0148809523809523,0.0009920634920634,0.0089285714285714,0.0736783828237876,,,,,,,,,,
230,2024-09-08 18:39:18,full_stack_developer_interview.txt,1,0,0.02504816955684,0.001926782273603,0.0115606936416184,0.0740868209222874,,,,,,,,,,
230,2024-09-08 18:39:18,full_stack_developer_interview.txt,2,0,0.027027027027027,0.0077220077220077,0.0086872586872586,0.0984660901890756,,,,,,,,,,
230,2024-09-08 18:39:18,full_stack_developer_interview.txt,3,0,0.0206692913385826,0.0009842519685039,0.0108267716535433,0.0597247938729735,,,,,,,,,,
230,2024-09-08 18:39:18,focus_group_interview.txt,1,0,0.0012826679493346,0.0004810004810004,0.0002886002886002,0.1209443028271942,,,,,,,,,,
230,2024-09-08 18:39:18,focus_group_interview.txt,2,0,0.00125262318817,0.0004392315075401,0.0002765531714141,0.1264977604862439,,,,,,,,,,
230,2024-09-08 18:39:18,focus_group_interview.txt,3,0,0.0012268570153914,0.0005098626557471,0.0002867977438577,0.1127472742737444,,,,,,,,,,
230,2024-09-08 18:39:18,travel_agent_interview.txt,1,0,0.0145208131655372,0.0067763794772507,0.0116166505324298,0.1128120843439154,,,,,,,,,,
230,2024-09-08 18:39:18,travel_agent_interview.txt,2,0,0.0261261261261261,0.0045045045045045,0.0099099099099099,0.1179650970472129,,,,,,,,,,
230,2024-09-08 18:39:18,travel_agent_interview.txt,3,0,0.0105263157894736,0.0008771929824561,0.0087719298245614,0.0618619937340687,,,,,,,,,,
230,2024-09-08 18:39:18,robotics_engineer_interview.txt,1,0,0.0338818973862536,0.0096805421103581,0.0087124878993223,0.0737664384820222,,,,,,,,,,
230,2024-09-08 18:39:18,robotics_engineer_interview.txt,2,0,0.019193857965451,0.0115163147792706,0.0115163147792706,0.0607234353190345,,,,,,,,,,
230,2024-09-08 18:39:18,robotics_engineer_interview.txt,3,0,0.0269058295964125,0.0044843049327354,0.0134529147982062,0.0859046974533807,,,,,,,,,,
230,2024-09-08 18:39:18,biomedical_engineer_interview.txt,1,0,0.025025025025025,0.002002002002002,0.011011011011011,0.1130612484987703,,,,,,,,,,
230,2024-09-08 18:39:18,biomedical_engineer_interview.txt,2,0,0.0233463035019455,0.0,0.0126459143968871,0.0910505492032178,,,,,,,,,,
230,2024-09-08 18:39:18,biomedical_engineer_interview.txt,3,0,0.023598820058997,0.0019665683382497,0.0117994100294985,0.0734591235034939,,,,,,,,,,
230,2024-09-08 18:39:18,marketing_manager_interview.txt,1,0,0.0130391173520561,0.0,0.0110330992978936,0.0886342547429894,,,,,,,,,,
230,2024-09-08 18:39:18,marketing_manager_interview.txt,2,0,0.0133451957295373,0.0,0.0106761565836298,0.0514095195630638,,,,,,,,,,
230,2024-09-08 18:39:18,marketing_manager_interview.txt,3,0,0.0133470225872689,0.0,0.0123203285420944,0.107206969551131,,,,,,,,,,
230,2024-09-08 18:39:18,professor_of_classics_interview.txt,1,0,0.017094017094017,0.0037986704653371,0.0104463437796771,0.1100186107069444,,,,,,,,,,
230,2024-09-08 18:39:18,professor_of_classics_interview.txt,2,0,0.012807881773399,0.0,0.0108374384236453,0.066959389524539,,,,,,,,,,
230,2024-09-08 18:39:18,professor_of_classics_interview.txt,3,0,0.0167197452229299,0.0047770700636942,0.0087579617834394,0.0978124771633882,,,,,,,,,,
230,2024-09-08 18:39:18,environmental_engineer_interview.txt,1,0,0.0163043478260869,0.0021739130434782,0.008695652173913,0.0832430021291639,,,,,,,,,,
230,2024-09-08 18:39:18,environmental_engineer_interview.txt,2,0,0.0150842945874001,0.0017746228926353,0.0106477373558118,0.0786494166932998,,,,,,,,,,
230,2024-09-08 18:39:18,environmental_engineer_interview.txt,3,0,0.0176056338028169,0.0008802816901408,0.0105633802816901,0.0646709598922434,,,,,,,,,,
230,2024-09-08 18:39:18,physical_therapist_interview.txt,1,0,0.0129629629629629,0.0055555555555555,0.0083333333333333,0.086200272193477,,,,,,,,,,
230,2024-09-08 18:39:18,physical_therapist_interview.txt,2,0,0.0124760076775431,0.0,0.010556621880998,0.0944294363378905,,,,,,,,,,
230,2024-09-08 18:39:18,physical_therapist_interview.txt,3,0,0.0179704016913319,0.0010570824524312,0.007399577167019,0.0900183778121243,,,,,,,,,,
230,2024-09-08 18:39:18,astronomer_interview.txt,1,0,0.0191204588910133,0.0,0.0105162523900573,0.0375008175954264,,,,,,,,,,
230,2024-09-08 18:39:18,astronomer_interview.txt,2,0,0.0212962962962962,0.0083333333333333,0.0083333333333333,0.0817300924473827,,,,,,,,,,
230,2024-09-08 18:39:18,astronomer_interview.txt,3,0,0.0257116620752984,0.0009182736455463,0.0082644628099173,0.0861344949881433,,,,,,,,,,
230,2024-09-08 18:39:18,ai_professor_interview.txt,1,0,0.0256166982922201,0.0066413662239089,0.00853889943074,0.0874196362482124,,,,,,,,,,
230,2024-09-08 18:39:18,ai_professor_interview.txt,2,0,0.0208522212148685,0.0054397098821396,0.0117860380779691,0.099253378493138,,,,,,,,,,
230,2024-09-08 18:39:18,ai_professor_interview.txt,3,0,0.018596787827557,0.0025359256128486,0.0118343195266272,0.0929705997245477,,,,,,,,,,
230,2024-09-08 18:39:18,game_developer_interview.txt,1,0,0.0196078431372549,0.0009337068160597,0.0093370681605975,0.0950273082398578,,,,,,,,,,
230,2024-09-08 18:39:18,game_developer_interview.txt,2,0,0.0201342281879194,0.0028763183125599,0.0086289549376797,0.0912470143576568,,,,,,,,,,
230,2024-09-08 18:39:18,game_developer_interview.txt,3,0,0.018034265103697,0.0009017132551848,0.0108205590622182,0.0713314496974882,,,,,,,,,,
230,2024-09-08 18:39:18,fire_protection_engineer_interview.txt,1,0,0.0245231607629427,0.0054495912806539,0.0054495912806539,0.1257401749316732,,,,,,,,,,
230,2024-09-08 18:39:18,fire_protection_engineer_interview.txt,2,0,0.0170709793351302,0.004492362982929,0.008984725965858,0.098486354253508,,,,,,,,,,
230,2024-09-08 18:39:18,fire_protection_engineer_interview.txt,3,0,0.0161812297734627,0.0048543689320388,0.0080906148867313,0.0983412660547034,,,,,,,,,,
230,2024-09-08 18:39:18,safety_engineer_interview.txt,1,0,0.0287234042553191,0.0063829787234042,0.0127659574468085,0.1001046125814143,,,,,,,,,,
230,2024-09-08 18:39:18,safety_engineer_interview.txt,2,0,0.0187265917602996,0.0065543071161048,0.0074906367041198,0.0912473319977468,,,,,,,,,,
230,2024-09-08 18:39:18,safety_engineer_interview.txt,3,0,0.02428810720268,0.0117252931323283,0.0100502512562814,0.0705526083149029,,,,,,,,,,
230,2024-09-08 18:39:18,environmental_scientist_interview.txt,1,0,0.0158450704225352,0.0017605633802816,0.0105633802816901,0.091746311655232,,,,,,,,,,
230,2024-09-08 18:39:18,environmental_scientist_interview.txt,2,0,0.025305410122164,0.0034904013961605,0.013089005235602,0.0602569739410095,,,,,,,,,,
230,2024-09-08 18:39:18,environmental_scientist_interview.txt,3,0,0.0200190657769304,0.0028598665395614,0.0076263107721639,0.1045621014779737,,,,,,,,,,
230,2024-09-08 18:39:18,operations_manager_interview.txt,1,0,0.011204481792717,0.0065359477124183,0.0093370681605975,0.0796899824810419,,,,,,,,,,
230,2024-09-08 18:39:18,operations_manager_interview.txt,2,0,0.0197309417040358,0.0,0.0098654708520179,0.0884000892882124,,,,,,,,,,
230,2024-09-08 18:39:18,operations_manager_interview.txt,3,0,0.0193842645381984,0.0022805017103762,0.0125427594070695,0.0965646635250467,,,,,,,,,,
230,2024-09-08 18:39:18,backend_developer_interview.txt,1,0,0.0357833655705996,0.0029013539651837,0.011605415860735,0.0775645197639873,,,,,,,,,,
230,2024-09-08 18:39:18,backend_developer_interview.txt,2,0,0.0193370165745856,0.005524861878453,0.011049723756906,0.1126449716727516,,,,,,,,,,
230,2024-09-08 18:39:18,backend_developer_interview.txt,3,0,0.0230840258541089,0.0018467220683287,0.0101569713758079,0.0638261351828795,,,,,,,,,,
230,2024-09-08 18:39:18,digital_marketing_specialist_interview.txt,1,0,0.0165289256198347,0.0,0.0091827364554637,0.0681426297871335,,,,,,,,,,
230,2024-09-08 18:39:18,digital_marketing_specialist_interview.txt,2,0,0.0238726790450928,0.0,0.0070733863837312,0.0980177114710937,,,,,,,,,,
230,2024-09-08 18:39:18,digital_marketing_specialist_interview.txt,3,0,0.018664047151277,0.0,0.0088408644400785,0.0918230794108314,,,,,,,,,,
230,2024-09-08 18:39:18,mechanical_engineer_interview.txt,1,0,0.0268518518518518,0.0,0.012037037037037,0.1075951784023088,,,,,,,,,,
230,2024-09-08 18:39:18,mechanical_engineer_interview.txt,2,0,0.0200190657769304,0.0019065776930409,0.0095328884652049,0.0927810278598756,,,,,,,,,,
230,2024-09-08 18:39:18,mechanical_engineer_interview.txt,3,0,0.024390243902439,0.0016820857863751,0.0075693860386879,0.0560655472584337,,,,,,,,,,
230,2024-09-08 18:39:18,software_quality_assurance_tester_interview.txt,1,0,0.0294659300184162,0.003683241252302,0.009208103130755,0.084448683178574,,,,,,,,,,
230,2024-09-08 18:39:18,software_quality_assurance_tester_interview.txt,2,0,0.0204626334519572,0.0044483985765124,0.0115658362989323,0.0692551251722067,,,,,,,,,,
230,2024-09-08 18:39:18,software_quality_assurance_tester_interview.txt,3,0,0.0176908752327746,0.0046554934823091,0.0083798882681564,0.0693942962241592,,,,,,,,,,
230,2024-09-08 18:39:18,cybersecurity_specialist_interview.txt,1,0,0.0151387720773759,0.0084104289318755,0.009251471825063,0.0910500897185939,,,,,,,,,,
230,2024-09-08 18:39:18,cybersecurity_specialist_interview.txt,2,0,0.0245454545454545,0.0063636363636363,0.009090909090909,0.0776266578841167,,,,,,,,,,
230,2024-09-08 18:39:18,cybersecurity_specialist_interview.txt,3,0,0.0134892086330935,0.0080935251798561,0.0080935251798561,0.0943473765778336,,,,,,,,,,
230,2024-09-08 18:39:18,product_manager_interview.txt,1,0,0.01806684733514,0.001806684733514,0.009936766034327,0.1130421583225381,,,,,,,,,,
230,2024-09-08 18:39:18,product_manager_interview.txt,2,0,0.0307692307692307,0.004524886877828,0.0099547511312217,0.0895924275792146,,,,,,,,,,
230,2024-09-08 18:39:18,product_manager_interview.txt,3,0,0.0270812437311935,0.0040120361083249,0.0080240722166499,0.0726459769234118,,,,,,,,,,
230,2024-09-08 18:39:18,microbiologist_interview.txt,1,0,0.0229990800367985,0.0073597056117755,0.0064397424103035,0.0821776129926555,,,,,,,,,,
230,2024-09-08 18:39:18,microbiologist_interview.txt,2,0,0.0185185185185185,0.0077972709551656,0.0107212475633528,0.0788788302954798,,,,,,,,,,
230,2024-09-08 18:39:18,microbiologist_interview.txt,3,0,0.019047619047619,0.0008658008658008,0.0095238095238095,0.0757488213693337,,,,,,,,,,
230,2024-09-08 18:39:18,it_manager_interview.txt,1,0,0.0239931448157669,0.001713796058269,0.0119965724078834,0.0740302382422294,,,,,,,,,,
230,2024-09-08 18:39:18,it_manager_interview.txt,2,0,0.0186457311089303,0.000981354268891,0.0107948969578017,0.06599965189037,,,,,,,,,,
230,2024-09-08 18:39:18,it_manager_interview.txt,3,0,0.015650741350906,0.0032948929159802,0.0098846787479406,0.0576458948561474,,,,,,,,,,
230,2024-09-08 18:39:18,industrial_engineer_interview.txt,1,0,0.027592768791627,0.0028544243577545,0.0104662226450999,0.0843938912697589,,,,,,,,,,
230,2024-09-08 18:39:18,industrial_engineer_interview.txt,2,0,0.0173357664233576,0.0,0.0100364963503649,0.0827891975997937,,,,,,,,,,
230,2024-09-08 18:39:18,industrial_engineer_interview.txt,3,0,0.0190146931719965,0.0043215211754537,0.0095073465859982,0.0574937004381569,,,,,,,,,,
230,2024-09-08 18:39:18,barista_interview.txt,1,0,0.0144329896907216,0.0,0.0072164948453608,0.1173855422044943,,,,,,,,,,
230,2024-09-08 18:39:18,barista_interview.txt,2,0,0.0067681895093062,0.0,0.0076142131979695,0.1084104273421692,,,,,,,,,,
230,2024-09-08 18:39:18,barista_interview.txt,3,0,0.0183397683397683,0.0,0.0106177606177606,0.0835339494257012,,,,,,,,,,
230,2024-09-08 18:39:18,petroleum_engineer_interview.txt,1,0,0.0246262093227792,0.0052770448548812,0.0096745822339489,0.0602316249638849,,,,,,,,,,
230,2024-09-08 18:39:18,petroleum_engineer_interview.txt,2,0,0.0222868217054263,0.003875968992248,0.0116279069767441,0.1139156552894319,,,,,,,,,,
230,2024-09-08 18:39:18,petroleum_engineer_interview.txt,3,0,0.0265748031496063,0.0029527559055118,0.0118110236220472,0.096900984807217,,,,,,,,,,
230,2024-09-08 18:39:18,business_analyst_interview.txt,1,0,0.0205799812909261,0.0,0.0130963517305893,0.1099064980452027,,,,,,,,,,
230,2024-09-08 18:39:18,business_analyst_interview.txt,2,0,0.0145586897179253,0.005459508644222,0.0090991810737033,0.0864714623139089,,,,,,,,,,
230,2024-09-08 18:39:18,business_analyst_interview.txt,3,0,0.0256410256410256,0.003076923076923,0.0092307692307692,0.0899334908540706,,,,,,,,,,
230,2024-09-08 18:39:18,data_engineer_interview.txt,1,0,0.0326923076923076,0.0009615384615384,0.0125,0.0835953100699987,,,,,,,,,,
230,2024-09-08 18:39:18,data_engineer_interview.txt,2,0,0.0277481323372465,0.0,0.0128068303094983,0.1054980182880579,,,,,,,,,,
230,2024-09-08 18:39:18,data_engineer_interview.txt,3,0,0.0215439856373429,0.0,0.0080789946140035,0.090817131634551,,,,,,,,,,
230,2024-09-08 18:39:18,aerospace_engineer_interview.txt,1,0,0.0265151515151515,0.0047348484848484,0.0085227272727272,0.0504801251032733,,,,,,,,,,
230,2024-09-08 18:39:18,aerospace_engineer_interview.txt,2,0,0.0225890529973935,0.0043440486533449,0.0078192875760208,0.0857760055006307,,,,,,,,,,
230,2024-09-08 18:39:18,aerospace_engineer_interview.txt,3,0,0.0257680872150644,0.0069375619425173,0.0118929633300297,0.0992594065240996,,,,,,,,,,
230,2024-09-08 18:39:18,bartender_interview.txt,1,0,0.0157480314960629,0.0029527559055118,0.0108267716535433,0.0820807954251731,,,,,,,,,,
230,2024-09-08 18:39:18,bartender_interview.txt,2,0,0.0255885363357216,0.0040941658137154,0.0061412487205731,0.0873221164161693,,,,,,,,,,
230,2024-09-08 18:39:18,bartender_interview.txt,3,0,0.0092165898617511,0.0,0.0073732718894009,0.115190499787362,,,,,,,,,,
230,2024-09-08 18:39:18,natural_language_processing_engineer_interview.txt,1,0,0.0382043935052531,0.0028653295128939,0.0095510983763132,0.0947047133446147,,,,,,,,,,
230,2024-09-08 18:39:18,natural_language_processing_engineer_interview.txt,2,0,0.0332409972299169,0.0064635272391505,0.0064635272391505,0.0916865791280011,,,,,,,,,,
230,2024-09-08 18:39:18,natural_language_processing_engineer_interview.txt,3,0,0.0261927034611786,0.000935453695042,0.010289990645463,0.0772371128762937,,,,,,,,,,
230,2024-09-08 18:39:18,cto_of_a_fintec_interview.txt,1,0,0.0227272727272727,0.0047021943573667,0.0101880877742946,0.0788088463475379,,,,,,,,,,
230,2024-09-08 18:39:18,cto_of_a_fintec_interview.txt,2,0,0.0271782573940847,0.0047961630695443,0.008792965627498,0.0832224900664444,,,,,,,,,,
230,2024-09-08 18:39:18,cto_of_a_fintec_interview.txt,3,0,0.0203252032520325,0.0032520325203252,0.008130081300813,0.0595485652286367,,,,,,,,,,
230,2024-09-08 18:39:18,database_administrator_interview.txt,1,0,0.0238313473877176,0.0054995417048579,0.0091659028414298,0.1052574361681323,,,,,,,,,,
230,2024-09-08 18:39:18,database_administrator_interview.txt,2,0,0.0310077519379844,0.0043066322136089,0.0103359173126615,0.0393185297798625,,,,,,,,,,
230,2024-09-08 18:39:18,database_administrator_interview.txt,3,0,0.0250929368029739,0.0120817843866171,0.0102230483271375,0.1135555489487505,,,,,,,,,,
230,2024-09-08 18:39:18,nuclear_engineer_interview.txt,1,0,0.020776874435411,0.003613369467028,0.008130081300813,0.1046990405798106,,,,,,,,,,
230,2024-09-08 18:39:18,nuclear_engineer_interview.txt,2,0,0.0188857412653446,0.0084985835694051,0.0084985835694051,0.0914187181378944,,,,,,,,,,
230,2024-09-08 18:39:18,nuclear_engineer_interview.txt,3,0,0.020671834625323,0.0025839793281653,0.0103359173126615,0.0757400401737681,,,,,,,,,,
230,2024-09-08 18:39:18,pharmacist_interview.txt,1,0,0.0194472876151484,0.0040941658137154,0.0102354145342886,0.1213449543961686,,,,,,,,,,
230,2024-09-08 18:39:18,pharmacist_interview.txt,2,0,0.0094250706880301,0.000942507068803,0.0065975494816211,0.0891625811675973,,,,,,,,,,
230,2024-09-08 18:39:18,pharmacist_interview.txt,3,0,0.0193089430894308,0.0121951219512195,0.0091463414634146,0.1016222875848202,,,,,,,,,,
230,2024-09-08 18:39:18,chef_interview.txt,1,0,0.0076169749727965,0.0,0.0087051142546245,0.1134364470557975,,,,,,,,,,
230,2024-09-08 18:39:18,chef_interview.txt,2,0,0.0099700897308075,0.0,0.007976071784646,0.0754862732996238,,,,,,,,,,
230,2024-09-08 18:39:18,chef_interview.txt,3,0,0.0167130919220055,0.0,0.0074280408542246,0.095732947131046,,,,,,,,,,
230,2024-09-08 18:39:18,hotel_manager_interview.txt,1,0,0.0199240986717267,0.0,0.0113851992409867,0.0775040196921617,,,,,,,,,,
230,2024-09-08 18:39:18,hotel_manager_interview.txt,2,0,0.0174563591022443,0.0033250207813798,0.0091438071487946,0.0889248394711462,,,,,,,,,,
230,2024-09-08 18:39:18,hotel_manager_interview.txt,3,0,0.014026402640264,0.0049504950495049,0.0057755775577557,0.0547422850483237,,,,,,,,,,
230,2024-09-08 18:39:18,mobile_app_developer_interview.txt,1,0,0.0274509803921568,0.0009803921568627,0.0127450980392156,0.102458571675145,,,,,,,,,,
230,2024-09-08 18:39:18,mobile_app_developer_interview.txt,2,0,0.0126984126984126,0.0,0.0071428571428571,0.093852536857671,,,,,,,,,,
230,2024-09-08 18:39:18,mobile_app_developer_interview.txt,3,0,0.0160183066361556,0.0,0.0148741418764302,0.0881578312588741,,,,,,,,,,
230,2024-09-08 18:39:18,graphic_designer_interview.txt,1,0,0.0157545605306799,0.0,0.0082918739635157,0.0738643154861539,,,,,,,,,,
230,2024-09-08 18:39:18,graphic_designer_interview.txt,2,0,0.0187561697926949,0.0,0.0098716683119447,0.1248065428257155,,,,,,,,,,
230,2024-09-08 18:39:18,graphic_designer_interview.txt,3,0,0.0171198388721047,0.0,0.0080563947633434,0.1175534695282983,,,,,,,,,,
230,2024-09-08 18:39:18,geotechnical_engineer_interview.txt,1,0,0.0293255131964809,0.0048875855327468,0.0078201368523949,0.0775311010523303,,,,,,,,,,
230,2024-09-08 18:39:18,geotechnical_engineer_interview.txt,2,0,0.0216346153846153,0.0,0.0104166666666666,0.0559366143994804,,,,,,,,,,
230,2024-09-08 18:39:18,geotechnical_engineer_interview.txt,3,0,0.0192131747483989,0.000914913083257,0.010978956999085,0.0978052079561543,,,,,,,,,,
230,2024-09-08 18:39:18,gardener_interview.txt,1,0,0.0073839662447257,0.0,0.0052742616033755,0.0942289503618049,,,,,,,,,,
230,2024-09-08 18:39:18,gardener_interview.txt,2,0,0.0141242937853107,0.0,0.0065913370998116,0.077137865803467,,,,,,,,,,
230,2024-09-08 18:39:18,gardener_interview.txt,3,0,0.0123809523809523,0.0,0.0066666666666666,0.0822283357377867,,,,,,,,,,
230,2024-09-08 18:39:18,ai_software_developer_interview.txt,1,0,0.0266666666666666,0.0019047619047619,0.0095238095238095,0.1413849816903215,,,,,,,,,,
230,2024-09-08 18:39:18,ai_software_developer_interview.txt,2,0,0.035230352303523,0.0,0.00903342366757,0.0569500348168215,,,,,,,,,,
230,2024-09-08 18:39:18,ai_software_developer_interview.txt,3,0,0.0176165803108808,0.0020725388601036,0.0103626943005181,0.0855797711265753,,,,,,,,,,
230,2024-09-08 18:39:18,supply_chain_manager_interview.txt,1,0,0.0175438596491228,0.0036934441366574,0.0120036934441366,0.1062465029739842,,,,,,,,,,
230,2024-09-08 18:39:18,supply_chain_manager_interview.txt,2,0,0.0204841713221601,0.0018621973929236,0.0093109869646182,0.1256518643156934,,,,,,,,,,
230,2024-09-08 18:39:18,supply_chain_manager_interview.txt,3,0,0.0195712954333644,0.0065237651444548,0.0065237651444548,0.0800263248448211,,,,,,,,,,
230,2024-09-08 18:39:18,cloud_architect_interview.txt,1,0,0.0189035916824196,0.0028355387523629,0.0094517958412098,0.0815616883688334,,,,,,,,,,
230,2024-09-08 18:39:18,cloud_architect_interview.txt,2,0,0.0259459459459459,0.0032432432432432,0.0129729729729729,0.1227742129001404,,,,,,,,,,
230,2024-09-08 18:39:18,cloud_architect_interview.txt,3,0,0.027198549410698,0.0009066183136899,0.0108794197642792,0.0794644671056724,,,,,,,,,,
230,2024-09-08 18:39:18,mining_engineer_interview.txt,1,0,0.0183044315992292,0.0086705202312138,0.0077071290944123,0.1110249279072813,,,,,,,,,,
230,2024-09-08 18:39:18,mining_engineer_interview.txt,2,0,0.0244969378827646,0.0052493438320209,0.0087489063867016,0.0804258145885646,,,,,,,,,,
230,2024-09-08 18:39:18,mining_engineer_interview.txt,3,0,0.0182450043440486,0.0095569070373588,0.0095569070373588,0.0792268913403366,,,,,,,,,,
230,2024-09-08 18:39:18,devops_engineer_interview.txt,1,0,0.0173310225303292,0.0086655112651646,0.0051993067590987,0.0766568619381764,,,,,,,,,,
230,2024-09-08 18:39:18,devops_engineer_interview.txt,2,0,0.0183930300096805,0.0019361084220716,0.0096805421103581,0.0943348378989768,,,,,,,,,,
230,2024-09-08 18:39:18,devops_engineer_interview.txt,3,0,0.0219981668194317,0.0018331805682859,0.0100824931255728,0.0803044321457283,,,,,,,,,,
230,2024-09-08 18:39:18,system_administrator_interview.txt,1,0,0.0200181983621474,0.0063694267515923,0.010919017288444,0.0813135197977792,,,,,,,,,,
230,2024-09-08 18:39:18,system_administrator_interview.txt,2,0,0.0225776105362182,0.0056444026340545,0.0112888052681091,0.0798922658027445,,,,,,,,,,
230,2024-09-08 18:39:18,system_administrator_interview.txt,3,0,0.0297219558964525,0.0047938638542665,0.0115052732502396,0.1194112186182344,,,,,,,,,,
230,2024-09-08 18:39:18,content_writer_interview.txt,1,0,0.0232333010648596,0.0038722168441432,0.0125847047434656,0.068402322400382,,,,,,,,,,
230,2024-09-08 18:39:18,content_writer_interview.txt,2,0,0.0114942528735632,0.0,0.0114942528735632,0.0968009984223794,,,,,,,,,,
230,2024-09-08 18:39:18,content_writer_interview.txt,3,0,0.0200546946216955,0.0018231540565177,0.0091157702825888,0.0831675809690844,,,,,,,,,,
230,2024-09-08 18:39:18,transportation_engineer_interview.txt,1,0,0.0170731707317073,0.0016260162601626,0.008130081300813,0.0603701528943023,,,,,,,,,,
230,2024-09-08 18:39:18,transportation_engineer_interview.txt,2,0,0.0185029436501261,0.0050462573591253,0.0109335576114381,0.0944372786691996,,,,,,,,,,
230,2024-09-08 18:39:18,transportation_engineer_interview.txt,3,0,0.0263157894736842,0.0018796992481203,0.0112781954887218,0.1255145572754779,,,,,,,,,,
230,2024-09-08 18:39:18,lorry_driver_interview.txt,1,0,0.015755329008341,0.0046339202965708,0.0083410565338276,0.0758627111763279,,,,,,,,,,
230,2024-09-08 18:39:18,lorry_driver_interview.txt,2,0,0.0134408602150537,0.0062724014336917,0.010752688172043,0.1019314870887789,,,,,,,,,,
230,2024-09-08 18:39:18,lorry_driver_interview.txt,3,0,0.0166340508806262,0.0009784735812133,0.009784735812133,0.1035235365994183,,,,,,,,,,
230,2024-09-08 18:39:18,dentist_interview.txt,1,0,0.0115183246073298,0.0010471204188481,0.006282722513089,0.0696381692863891,,,,,,,,,,
230,2024-09-08 18:39:18,dentist_interview.txt,2,0,0.0197086546700942,0.0034275921165381,0.0128534704370179,0.1009217187823482,,,,,,,,,,
230,2024-09-08 18:39:18,dentist_interview.txt,3,0,0.0195895522388059,0.0,0.0074626865671641,0.086744739491827,,,,,,,,,,
230,2024-09-08 18:39:18,physicist_interview.txt,1,0,0.023070097604259,0.0044365572315882,0.0115350488021295,0.0793935858919392,,,,,,,,,,
230,2024-09-08 18:39:18,physicist_interview.txt,2,0,0.0242763772175536,0.0018674136321195,0.011204481792717,0.1135635892722411,,,,,,,,,,
230,2024-09-08 18:39:18,physicist_interview.txt,3,0,0.0297366185216652,0.0,0.0084961767204757,0.0491710592099012,,,,,,,,,,
230,2024-09-08 18:39:18,architect_interview.txt,1,0,0.0203900709219858,0.0,0.0106382978723404,0.0848024463843482,,,,,,,,,,
230,2024-09-08 18:39:18,architect_interview.txt,2,0,0.0171591992373689,0.0038131553860819,0.0123927550047664,0.0605484157580313,,,,,,,,,,
230,2024-09-08 18:39:18,architect_interview.txt,3,0,0.0209059233449477,0.0156794425087108,0.0087108013937282,0.0998510155514528,,,,,,,,,,
230,2024-09-08 18:39:18,materials_engineer_interview.txt,1,0,0.0190380761523046,0.0,0.0100200400801603,0.1179894222215556,,,,,,,,,,
230,2024-09-08 18:39:18,materials_engineer_interview.txt,2,0,0.0225321888412017,0.0085836909871244,0.0064377682403433,0.0772447903040978,,,,,,,,,,
230,2024-09-08 18:39:18,materials_engineer_interview.txt,3,0,0.021917808219178,0.0,0.0127853881278538,0.072521000279223,,,,,,,,,,
230,2024-09-08 18:39:18,computer_vision_engineer_interview.txt,1,0,0.0332383665716999,0.0047483380816714,0.0104463437796771,0.0851047144851747,,,,,,,,,,
230,2024-09-08 18:39:18,computer_vision_engineer_interview.txt,2,0,0.0253853127833182,0.0045330915684496,0.0108794197642792,0.0472605221977431,,,,,,,,,,
230,2024-09-08 18:39:18,computer_vision_engineer_interview.txt,3,0,0.031465093411996,0.0019665683382497,0.0108161258603736,0.0703393265320347,,,,,,,,,,
230,2024-09-08 18:39:18,data_scientist_interview.txt,1,0,0.0271247739602169,0.0009041591320072,0.0126582278481012,0.0830465273136479,,,,,,,,,,
230,2024-09-08 18:39:18,data_scientist_interview.txt,2,0,0.0248667850799289,0.0035523978685612,0.0124333925399644,0.072983490202201,,,,,,,,,,
230,2024-09-08 18:39:18,data_scientist_interview.txt,3,0,0.0182555780933062,0.0,0.0101419878296146,0.0933012184853132,,,,,,,,,,
230,2024-09-08 18:39:18,structural_engineer_interview.txt,1,0,0.0283505154639175,0.0068728522336769,0.0103092783505154,0.0712299036402281,,,,,,,,,,
230,2024-09-08 18:39:18,structural_engineer_interview.txt,2,0,0.0197594501718213,0.0,0.011168384879725,0.0858998025785572,,,,,,,,,,
230,2024-09-08 18:39:18,structural_engineer_interview.txt,3,0,0.0250783699059561,0.0020898641588296,0.012539184952978,0.1063752050325275,,,,,,,,,,
230,2024-09-08 18:39:18,ai_ethicist_interview.txt,1,0,0.0093062605752961,0.0126903553299492,0.0076142131979695,0.0712937001833526,,,,,,,,,,
230,2024-09-08 18:39:18,ai_ethicist_interview.txt,2,0,0.0168350168350168,0.0084175084175084,0.0109427609427609,0.0693554288266813,,,,,,,,,,
230,2024-09-08 18:39:18,ai_ethicist_interview.txt,3,0,0.0189753320683111,0.0161290322580645,0.00853889943074,0.1331826318055371,,,,,,,,,,
230,2024-09-08 18:39:18,sales_manager_interview.txt,1,0,0.0099601593625498,0.0,0.0079681274900398,0.1200163689237812,,,,,,,,,,
230,2024-09-08 18:39:18,sales_manager_interview.txt,2,0,0.0175600739371534,0.0,0.0092421441774491,0.1026029838816162,,,,,,,,,,
230,2024-09-08 18:39:18,sales_manager_interview.txt,3,0,0.0136986301369863,0.0,0.0085616438356164,0.1182184354903653,,,,,,,,,,
230,2024-09-08 18:39:18,frontend_developer_interview.txt,1,0,0.0153291253381424,0.0009017132551848,0.0081154192966636,0.0983475683188849,,,,,,,,,,
230,2024-09-08 18:39:18,frontend_developer_interview.txt,2,0,0.0214285714285714,0.0008928571428571,0.0080357142857142,0.0954169146423821,,,,,,,,,,
230,2024-09-08 18:39:18,frontend_developer_interview.txt,3,0,0.0233236151603498,0.0,0.0097181729834791,0.1298349151906563,,,,,,,,,,
230,2024-09-08 18:39:18,public_relations_specialist_interview.txt,1,0,0.0120240480961923,0.001002004008016,0.0090180360721442,0.1247635370210052,,,,,,,,,,
230,2024-09-08 18:39:18,public_relations_specialist_interview.txt,2,0,0.014367816091954,0.0067049808429118,0.0086206896551724,0.0480502479195583,,,,,,,,,,
230,2024-09-08 18:39:18,public_relations_specialist_interview.txt,3,0,0.0122484689413823,0.0,0.0078740157480314,0.0866205714714645,,,,,,,,,,
230,2024-09-08 18:39:18,logistics_coordinator_interview.txt,1,0,0.0200873362445414,0.0026200873362445,0.0139737991266375,0.076169293482586,,,,,,,,,,
230,2024-09-08 18:39:18,logistics_coordinator_interview.txt,2,0,0.0158562367864693,0.0,0.0126849894291754,0.0835658640852856,,,,,,,,,,
230,2024-09-08 18:39:18,logistics_coordinator_interview.txt,3,0,0.0155963302752293,0.0,0.010091743119266,0.1182041850851663,,,,,,,,,,
230,2024-09-08 18:39:18,nurse_interview.txt,1,0,0.01252408477842,0.0028901734104046,0.0105973025048169,0.0933639942278636,,,,,,,,,,
230,2024-09-08 18:39:18,nurse_interview.txt,2,0,0.012891344383057,0.0,0.0082872928176795,0.1343054603756712,,,,,,,,,,
230,2024-09-08 18:39:18,nurse_interview.txt,3,0,0.0162532078699743,0.0051325919589392,0.0102651839178785,0.0638057953688281,,,,,,,,,,
230,2024-09-08 18:39:18,chemist_interview.txt,1,0,0.0191725529767911,0.007063572149344,0.0110998990918264,0.0617076719218869,,,,,,,,,,
230,2024-09-08 18:39:18,chemist_interview.txt,2,0,0.0288568257491675,0.004439511653718,0.0077691453940066,0.1051183845685398,,,,,,,,,,
230,2024-09-08 18:39:18,chemist_interview.txt,3,0,0.0204953031596925,0.0,0.0076857386848847,0.0764573054170216,,,,,,,,,,
230,2024-09-08 18:39:18,manufacturing_engineer_interview.txt,1,0,0.0183654729109274,0.0101010101010101,0.0119375573921028,0.0848147692492656,,,,,,,,,,
230,2024-09-08 18:39:18,manufacturing_engineer_interview.txt,2,0,0.022198731501057,0.0021141649048625,0.0126849894291754,0.096173198102252,,,,,,,,,,
230,2024-09-08 18:39:18,manufacturing_engineer_interview.txt,3,0,0.0239005736137667,0.0076481835564053,0.0095602294455066,0.0845079200795403,,,,,,,,,,
230,2024-09-08 18:39:18,veterinarian_interview.txt,1,0,0.0139372822299651,0.0008710801393728,0.0087108013937282,0.0913388325339192,,,,,,,,,,
230,2024-09-08 18:39:18,veterinarian_interview.txt,2,0,0.0161870503597122,0.0098920863309352,0.0080935251798561,0.1051109525853345,,,,,,,,,,
230,2024-09-08 18:39:18,veterinarian_interview.txt,3,0,0.0148809523809523,0.0019841269841269,0.0119047619047619,0.0930863649025781,,,,,,,,,,
230,2024-09-08 18:39:18,event_planner_interview.txt,1,0,0.0078508341511285,0.0,0.0078508341511285,0.1429607445555735,,,,,,,,,,
230,2024-09-08 18:39:18,event_planner_interview.txt,2,0,0.0186219739292365,0.0027932960893854,0.01024208566108,0.1144315325306319,,,,,,,,,,
230,2024-09-08 18:39:18,event_planner_interview.txt,3,0,0.0076400679117147,0.0008488964346349,0.0067911714770797,0.062380556562835,,,,,,,,,,
230,2024-09-08 18:39:18,seo_specialist_interview.txt,1,0,0.0153110047846889,0.0,0.0114832535885167,0.0907149768004547,,,,,,,,,,
230,2024-09-08 18:39:18,seo_specialist_interview.txt,2,0,0.0168316831683168,0.0,0.0089108910891089,0.1013203356818207,,,,,,,,,,
230,2024-09-08 18:39:18,seo_specialist_interview.txt,3,0,0.0123583934088568,0.0,0.0072090628218331,0.1024439280748496,,,,,,,,,,
230,2024-09-08 18:39:18,procurement_specialist_interview.txt,1,0,0.018348623853211,0.0050968399592252,0.0081549439347604,0.0668610907103222,,,,,,,,,,
230,2024-09-08 18:39:18,procurement_specialist_interview.txt,2,0,0.0149953139643861,0.0084348641049671,0.0103092783505154,0.0932307923266924,,,,,,,,,,
230,2024-09-08 18:39:18,procurement_specialist_interview.txt,3,0,0.0154738878143133,0.0009671179883945,0.011605415860735,0.088122801961651,,,,,,,,,,
230,2024-09-08 18:39:18,aerospace_engineer_interview.txt,-999,0,0.0249574305758698,0.0053388196935702,0.0094116593929259,0.0785051790426678,0.0020848106707295,20.844197843648743,0.0013982716871202,144.27867520819214,0.0021774661358883,-10.391235417603014,0.0251893481856796,-35.36743547644451,12.0,83.0
230,2024-09-08 18:39:18,agricultural_engineer_interview.txt,-999,0,0.0177340685400757,0.0,0.0104380119742478,0.0676899737400216,0.0017986854183838,-14.131413459614777,0.0,-100.0,0.0009727868415348,-0.6192937228858284,0.0053783558903871,-44.271490764043655,65.0,99.0
230,2024-09-08 18:39:18,ai_ethicist_interview.txt,-999,0,0.015038869826208,0.0124122986685073,0.0090319578571568,0.0912772536051903,0.0050786163413078,-27.18160008104823,0.003863274079857,467.92700429329386,0.001718178535902,-14.006388081954896,0.0363040599044872,-24.852308406761168,85.0,42.0
230,2024-09-08 18:39:18,ai_professor_interview.txt,-999,0,0.0216885691115485,0.004872333906299,0.0107197523451121,0.0932145381552994,0.0035839076559228,5.016328852205092,0.0021107101355246,122.93453237166028,0.0018888283008693,2.063166990164575,0.0059206412953608,-23.25736052927965,37.0,34.0
230,2024-09-08 18:39:18,ai_software_developer_interview.txt,-999,0,0.0265045330936901,0.0013257669216218,0.0096399758306325,0.0946382625445728,0.0088080052465817,28.33528800934272,0.0011512083758103,-39.33929110985703,0.0006722061157377,-8.217425990104985,0.0429401590991479,-22.085221829953056,8.0,26.0
230,2024-09-08 18:39:18,architect_interview.txt,-999,0,0.0194850645014341,0.0064975326315975,0.0105806180902783,0.0817339592312774,0.0020307050131685,-5.653068634229783,0.0081771413246423,197.2957984103109,0.0018416543694198,0.7384644944369256,0.0198301613126793,-32.709211567939505,51.0,75.0
230,2024-09-08 18:39:18,astronomer_interview.txt,-999,0,0.0220428057542027,0.0030838689929599,0.0090380161777693,0.0684551350103175,0.0033584143776773,6.731547203638868,0.0045692957354132,41.10299192593516,0.0012806531582511,-13.948706582564997,0.0268975280537382,-43.641540794164,35.0,98.0
230,2024-09-08 18:39:18,backend_developer_interview.txt,-999,0,0.0260681359997647,0.0034243126373218,0.0109373703311496,0.0846785422065395,0.0086197032342028,26.22224770271326,0.0018940149010181,56.68005337416852,0.0007307293108178,4.135116055213572,0.0251749217583902,-30.284964512338888,9.0,65.0
230,2024-09-08 18:39:18,barista_interview.txt,-999,0,0.0131803158465987,0.0,0.0084828228870303,0.1031099729907882,0.0058866164285786,-36.18074220556472,0.0,-100.0,0.0018595736897397,-19.23472287475603,0.0175372088903455,-15.110543487492292,94.0,13.0
230,2024-09-08 18:39:18,bartender_interview.txt,-999,0,0.0168510525645119,0.002348973906409,0.0081137640878391,0.0948644705429014,0.008241519850411,-18.406988099630126,0.0021128092565064,7.477732324858096,0.0024289458229462,-22.748545642146283,0.0177968665800377,-21.898986944229463,75.0,24.0
230,2024-09-08 18:39:18,biologist_interview.txt,-999,0,0.0226932393407928,0.0026101338537628,0.0083684508378697,0.0986969944963277,0.0078245530524546,9.880954943474478,0.0037288049023166,19.42715366115806,0.002872311768959,-20.323663474937064,0.0194459674329203,-18.743706557272247,29.0,14.0
230,2024-09-08 18:39:18,biomedical_engineer_interview.txt,-999,0,0.0239900495286558,0.0013228567800839,0.0118187784791322,0.0925236404018273,0.000905163996997,16.160126448384688,0.0011457645620249,-39.47244517018403,0.0008176237661163,12.527036325186373,0.0198421161748171,-23.8261700546511,19.0,37.0
230,2024-09-08 18:39:18,business_analyst_interview.txt,-999,0,0.0202598988832923,0.0028454772403816,0.0104754340116873,0.0954371504043941,0.0055480971457669,-1.90131065366802,0.0027371032206555,30.195333521494945,0.0022707347109935,-0.2629970908990486,0.0126498192187143,-21.42750508085905,45.0,22.0
230,2024-09-08 18:39:18,business_intelligence_analyst_interview.txt,-999,0,0.0217692202012087,0.0064074767803286,0.0072208568475656,0.0705508247465967,0.0064700990832765,5.406842459187459,0.0049380679794736,193.1752764025696,0.0026192616512759,-31.24994920417147,0.0155447082910956,-41.91617943898768,36.0,97.0
230,2024-09-08 18:39:18,chef_interview.txt,-999,0,0.0114333855418698,0.0,0.0080364089644984,0.0948852224954891,0.0047213093376124,-44.63940106958372,0.0,-100.0,0.0006406711706926,-23.485046693373008,0.0189892838154639,-21.88190205975472,97.0,23.0
230,2024-09-08 18:39:18,chemical_engineer_interview.txt,-999,0,0.0222854044304994,0.002460024600246,0.0103024889968315,0.10416946195526,0.0040459088377662,7.906213095061105,0.0042608875954953,12.558877208642484,0.0027782282478985,-1.9096131099144884,0.0185127372364428,-14.23827633654426,33.0,10.0
230,2024-09-08 18:39:18,chemist_interview.txt,-999,0,0.0228415606285504,0.0038343612676873,0.0088515943902392,0.0810944539691494,0.0052511882336359,10.599128514576378,0.0035704576904834,75.44190373545095,0.0019475355434923,-15.723635463264657,0.0220737367281446,-33.235710145761686,28.0,76.0
230,2024-09-08 18:39:18,civil_engineer_interview.txt,-999,0,0.0188937097012652,0.0014645577035735,0.0107030731280641,0.078438349872565,0.0054351345030615,-8.51641613509365,0.0025366883532057,-32.98889340170888,0.0033047473868037,1.904363534634541,0.0076504304385027,-35.422455294262875,59.0,84.0
230,2024-09-08 18:39:18,cloud_architect_interview.txt,-999,0,0.0240160290130212,0.0023284667697653,0.0111013961928206,0.0946001227915488,0.0044715786311406,16.28591944374054,0.0012481167862039,6.539424522915937,0.0017710525823458,5.696812479857812,0.0244220003141009,-22.11662192454933,18.0,27.0
230,2024-09-08 18:39:18,computer_vision_engineer_interview.txt,-999,0,0.030029590922338,0.0037493326627902,0.0107139631347766,0.0675681877383175,0.0041186301119625,45.40366307144913,0.0015476657400757,71.55140430838051,0.0002339158373984,2.008047699887271,0.0190736763664626,-44.37175601672112,2.0,100.0
230,2024-09-08 18:39:18,construction_manager_interview.txt,-999,0,0.0191762296019643,0.0014690458972439,0.0088978888936439,0.0736272522862754,0.0035691066173089,-7.1484511648593525,0.0013102183742851,-32.783535276351216,0.0014293569710825,-15.282863747687529,0.0124042606864049,-39.38338601204367,58.0,94.0
230,2024-09-08 18:39:18,content_writer_interview.txt,-999,0,0.0182607495200394,0.001898456966887,0.0110649092998725,0.082790300597282,0.0060716548304569,-11.58121742281746,0.0019372064211769,-13.13575295126779,0.00177387386859,5.349419393896042,0.0142030966802948,-31.83953580476367,62.0,71.0
230,2024-09-08 18:39:18,cto_of_a_fintec_interview.txt,-999,0,0.0234102444577966,0.0042501299824121,0.0090370449008685,0.0738599672142063,0.0034772008220687,13.35270288446202,0.0008656537631093,94.46547760671004,0.0010504897334052,-13.957954146625028,0.0125889726671315,-39.19179403329137,24.0,92.0
230,2024-09-08 18:39:18,customer_service_representative_interview.txt,-999,0,0.0175274891456689,0.0050194999370383,0.0105538462892133,0.0807752409974593,0.0045995450244883,-15.13167352774238,0.0029960701591283,129.6681411256572,0.0009645168940654,0.4835691652579328,0.0119329136249114,-33.498515138261666,67.0,78.0
230,2024-09-08 18:39:18,cybersecurity_specialist_interview.txt,-999,0,0.0177244784186413,0.007622530158456,0.0088119686986094,0.0876747080601814,0.0059644405757032,-14.177848950176823,0.0011016883347787,248.7702667847406,0.0006273483204159,-16.100913170035696,0.0088566646890104,-27.818249765359752,66.0,53.0
230,2024-09-08 18:39:18,data_engineer_interview.txt,-999,0,0.0273281418889657,0.0003205128205128,0.0111286083078339,0.0933034866642025,0.0055860151398639,32.32321232308496,0.0005551444896054,-85.33487705598937,0.0026454950332414,5.95590005477051,0.011161031664746,-23.184130070970227,5.0,33.0
230,2024-09-08 18:39:18,data_scientist_interview.txt,-999,0,0.0234157123778174,0.0014855190001895,0.0117445360725601,0.0831104120003874,0.0046092155321178,13.37917862309112,0.0018461763530035,-32.029805426858374,0.0013923930415554,11.820171567888464,0.0101590147940877,-31.57599114225559,23.0,70.0
230,2024-09-08 18:39:18,database_administrator_interview.txt,-999,0,0.026644012042892,0.0072959861016946,0.0099082894937429,0.0860438382989151,0.0038313928755986,29.010646864138977,0.0041873210029269,233.82918351893267,0.0006453977906088,-5.66280146874017,0.040677457038026,-29.16092927211268,7.0,59.0
230,2024-09-08 18:39:18,dentist_interview.txt,-999,0,0.0169388438387433,0.0014915708451287,0.0088662931724237,0.0857682091868548,0.0046946850694032,-17.98190162769066,0.00175648770716,-31.75290215063255,0.0035030366393602,-15.583687802876,0.0156646201946912,-29.387852089015325,74.0,62.0
230,2024-09-08 18:39:18,devops_engineer_interview.txt,-999,0,0.0192407397864805,0.0041449334185074,0.0083207806650099,0.0837653773276272,0.0024463274214804,-6.836092026890142,0.00391527350086,89.65218951270666,0.0027107361848068,-20.77753299135958,0.0093333442388964,-31.03676444040306,56.0,68.0
230,2024-09-08 18:39:18,digital_marketing_specialist_interview.txt,-999,0,0.0196885506054015,0.0,0.0083656624264245,0.0859944735563529,0.0037775500113674,-4.667786317946792,0.0,-100.0,0.0011321228496126,-20.35021204563307,0.0157673590388806,-29.20157079344605,50.0,60.0
230,2024-09-08 18:39:18,doctor_interview.txt,-999,0,0.0177889649069928,0.0010230082499824,0.0095724128266259,0.0763952433515651,0.0017738511766655,-13.865604549340077,0.0001193478804524,-53.192069712760805,0.0028722805838067,-8.860695903278483,0.0237000362794607,-37.1045253902403,64.0,88.0
230,2024-09-08 18:39:18,electrical_engineer_interview.txt,-999,0,0.0279439204559977,0.0060359087274201,0.0078315276727975,0.0712410127576307,0.0125916148789935,35.30482001527446,0.0017042552369642,176.17411192730128,0.0007123577282751,-25.4357292105459,0.0092533903404005,-41.34795423779051,4.0,96.0
230,2024-09-08 18:39:18,environmental_engineer_interview.txt,-999,0,0.0163314254054346,0.0016096058754181,0.0099689232704716,0.0755211262382357,0.0012608876858297,-20.923029445535946,0.0006624148862781,-26.35218767024428,0.0011034915010942,-5.085504990213877,0.0096731504222214,-37.82417766563604,77.0,89.0
230,2024-09-08 18:39:18,environmental_scientist_interview.txt,-999,0,0.0203898487738765,0.0027036104386679,0.0104262320964854,0.0855217956914051,0.0047410565100209,-1.2720916224950545,0.0008754409558015,23.70419196441938,0.0027339284772554,-0.7314503840181033,0.0227990028456206,-29.59072196764427,43.0,63.0
230,2024-09-08 18:39:18,event_planner_interview.txt,-999,0,0.0113709586640266,0.0012140641746734,0.0082946970964294,0.1065909445496801,0.0062804476260971,-44.94167281001474,0.0014320043189591,-44.45027080346306,0.0017677564628624,-21.02587563305705,0.0408582646370542,-12.244692831162196,98.0,7.0
230,2024-09-08 18:39:18,financial_analyst_interview.txt,-999,0,0.0238948128369513,0.0023106232329691,0.0098037560584605,0.0945884348182476,0.0050394525178589,15.6989891698762,0.0011634580211389,5.722990220991136,0.0022457052850694,-6.658068254558529,0.0163758786501994,-22.126244521398988,21.0,28.0
230,2024-09-08 18:39:18,fire_protection_engineer_interview.txt,-999,0,0.0192584566238452,0.0049321077318739,0.0075083107110811,0.1075225984132948,0.0045810201729303,-6.750306873920877,0.000483325970998,125.66949473443448,0.0018380976376047,-28.51309011177556,0.0157770508428725,-11.477671098481736,55.0,5.0
230,2024-09-08 18:39:18,focus_group_interview.txt,-999,0,0.0012540493842987,0.0004766982147625,0.000283983734624,0.1200631125290609,2.7932787427132995e-05,-93.92787685249856,3.551157410401575e-05,-78.18858566874727,6.497864579959834e-06,-97.29618013585524,0.0069174663010511,-1.1531855342200004,101.0,2.0
230,2024-09-08 18:39:18,frontend_developer_interview.txt,-999,0,0.0200271039756879,0.0005981901326806,0.008623102188619,0.1078664660506411,0.0041774454090344,-3.028506571774514,0.0005180667754341,-72.62970066027334,0.000949196110669,-17.899118345623577,0.0190815814584634,-11.194568155091671,48.0,4.0
230,2024-09-08 18:39:18,full_stack_developer_interview.txt,-999,0,0.0242481626408165,0.0035443473213715,0.0103582413274734,0.0774259016614455,0.0032534918272978,17.40991343655918,0.0036485237646601,62.17226237946966,0.0014929158077632,-1.3787930639649773,0.0195853032960934,-36.25599424201022,16.0,86.0
230,2024-09-08 18:39:18,game_developer_interview.txt,-999,0,0.0192587788096237,0.0015705794612681,0.0095955273868318,0.0858685907650009,0.0010926324484439,-6.748746846263245,0.0011309161586138,-28.13784841435229,0.0011184288258055,-8.640621302462435,0.0127306326736547,-29.305208893934136,54.0,61.0
230,2024-09-08 18:39:18,gardener_interview.txt,-999,0,0.0112964041369962,0.0,0.0061774217899512,0.0845317173010195,0.0034985979347008,-45.3026667828199,0.0,-100.0,0.0007830660111844,-41.184533800917386,0.0087752759395043,-30.405844055515587,99.0,66.0
230,2024-09-08 18:39:18,geneticist_interview.txt,-999,0,0.0197467446390986,0.0053747314776726,0.0090118333460104,0.0956870556503842,0.0009284966810522,-4.386010062973668,0.0047317284409051,145.92182548267388,0.0016641495357844,-14.197994312733996,0.0077949077347109,-21.22176047734122,49.0,21.0
230,2024-09-08 18:39:18,geologist_interview.txt,-999,0,0.022456018344399,0.0018839617752157,0.0094846777482869,0.0913515231268606,0.0035671363576637,8.732327846877581,0.0018368321162616,-13.798983107292273,0.0028733933455387,-9.696024898121962,0.0126661045749003,-24.79116301852024,32.0,41.0
230,2024-09-08 18:39:18,geotechnical_engineer_interview.txt,-999,0,0.0233911011098317,0.0019341662053346,0.0097385868393822,0.0770909744693217,0.0052800358710245,13.260010548933735,0.0025983226859125,-11.501870190405114,0.0016850461029038,-7.278546851010418,0.020937766479744,-36.53173660219095,25.0,87.0
230,2024-09-08 18:39:18,graphic_designer_interview.txt,-999,0,0.0172101897318265,0.0,0.0087399790129346,0.1054081092800559,0.0015028429721174,-16.66804134515381,0.0,-100.0,0.0009871185924441,-16.786329686579293,0.0275573939850738,-13.21850981772272,70.0,9.0
230,2024-09-08 18:39:18,hotel_manager_interview.txt,-999,0,0.0171356201380783,0.0027585052769616,0.008768194649179,0.0737237147372106,0.0029619013711184,-17.029108271199277,0.0025234015081538,26.215915368433684,0.0028236107061073,-16.51768754811961,0.017402005225882,-39.30396939698474,72.0,93.0
230,2024-09-08 18:39:18,human_resources_manager_interview.txt,-999,0,0.0183757032176109,0.004244981014746,0.0118169135961631,0.083143767707332,0.0042416900860283,-11.024610149887152,0.0019180973563729,94.22988564587268,0.0015705491605848,12.509280703996636,0.0148659703584969,-31.54852970712965,61.0,69.0
230,2024-09-08 18:39:18,industrial_engineer_interview.txt,-999,0,0.021314409462327,0.0023919818444027,0.010003355193821,0.0748922631025698,0.0055016402697449,3.2046430483247264,0.0021975614043958,9.44556842338426,0.0004802963422433,-4.757677347423211,0.015088944546728,-38.3419146823279,39.0,90.0
230,2024-09-08 18:39:18,it_manager_interview.txt,-999,0,0.0194298724252011,0.0019966810810467,0.0108920493712086,0.0658919283295823,0.0042261190347105,-5.920309372791877,0.0011824268349364,-8.641490575382619,0.0010592934679774,3.703613483726855,0.0081927028703855,-45.751804386961936,52.0,101.0
230,2024-09-08 18:39:18,logistics_coordinator_interview.txt,-999,0,0.0171799677687467,0.0008733624454148,0.0122501772250263,0.0926464475510127,0.0025212063460137,-16.814376476670603,0.0015127081288811,-60.03914097352561,0.0019772167182051,16.634400079873913,0.0224404940914565,-23.725064100999788,71.0,36.0
230,2024-09-08 18:39:18,lorry_driver_interview.txt,-999,0,0.0152767467013403,0.0039615984371586,0.0096261601726679,0.093772578288175,0.0016495142997577,-26.029797211216348,0.0027102454757446,81.26366378348396,0.0012136109198108,-8.348965391439066,0.0155308132557216,-22.79793141473398,84.0,30.0
230,2024-09-08 18:39:18,machine_learning_engineer_interview copy.txt,-999,0,0.0246759817225798,0.0008909817261881,0.0104283767643873,0.0874420236176427,0.0035002746963006,19.481418898658617,0.0008526330650287,-59.23296754710142,0.0036210033442337,-0.7110309199136395,0.0055916762882902,-28.009816645779708,13.0,54.0
230,2024-09-08 18:39:18,machine_learning_engineer_interview.txt,-999,0,0.0279604448730295,0.0046957859241563,0.010644807368142,0.0871964796575093,0.0014408242378773,35.38483145375045,0.0016638451814563,114.8565470371044,0.0005272921748557,1.3496130335700656,0.0157533852399353,-28.21197064428296,3.0,56.0
230,2024-09-08 18:39:18,manufacturing_engineer_interview.txt,-999,0,0.021488259341917,0.0066211195207593,0.011394258755595,0.0884986291436859,0.0028351213315002,4.046426387374964,0.0040912796832768,202.95053921264457,0.001631689705553,8.485168002197142,0.0066481422689409,-27.13992340216552,38.0,49.0
230,2024-09-08 18:39:18,marine_engineer_interview.txt,-999,0,0.0226703269092927,0.0060516763107773,0.0102485698311865,0.0780089556297162,0.0025388384390296,9.770012657293933,0.0019911977372369,176.89556059850963,0.0016920115699502,-2.4229795226850257,0.0166937449632791,-35.77597147555693,30.0,85.0
230,2024-09-08 18:39:18,marketing_manager_interview.txt,-999,0,0.0132437785562875,0.0,0.0113431948078726,0.0824169146190614,0.0001772441557297,-35.873454954098335,0.0,-100.0,0.0008648380057745,7.998986227117484,0.0284135591743654,-32.14694091642406,93.0,73.0
230,2024-09-08 18:39:18,materials_engineer_interview.txt,-999,0,0.0211626910708948,0.0028612303290414,0.0097477321494525,0.0892517376016255,0.0018654375629866,2.4700206578095703,0.0049557963020568,30.9161189851593,0.0031825592321156,-7.191474008389491,0.0249993887132406,-26.51989639764703,40.0,48.0
230,2024-09-08 18:39:18,mechanical_engineer_interview.txt,-999,0,0.023753720510407,0.0011962211598053,0.0097131038469766,0.0854805845068727,0.0034605798513923,15.015818321366908,0.0010420210897166,-45.26668122446927,0.0022392709859757,-7.521171384261365,0.0265291929074135,-29.62465074248257,22.0,64.0
230,2024-09-08 18:39:18,meteorologist_interview.txt,-999,0,0.0132495646714292,0.0009442037881032,0.0094330163092178,0.0942787720423603,0.0026425980556292,-35.845438510626295,0.0009543554933095,-56.79778233338686,0.001435580484647,-10.187895410883186,0.0112189689344773,-22.381186928857232,92.0,29.0
230,2024-09-08 18:39:18,microbiologist_interview.txt,-999,0,0.0201884058676453,0.005340925810914,0.0088949331658219,0.0789350882191564,0.0024484492656234,-2.2474807492242377,0.0038817423038134,144.37504099390904,0.0022089444762427,-15.311005343925729,0.0032147650224402,-35.01349535520028,46.0,82.0
230,2024-09-08 18:39:18,mining_engineer_interview.txt,-999,0,0.0203487912753475,0.0078255903668645,0.0086709808394909,0.0902258779453942,0.0035925232229081,-1.470892555152119,0.0022746879013937,258.0613238993463,0.0009273477787399,-17.443263902173413,0.0180224780129312,-25.71789595141651,44.0,46.0
230,2024-09-08 18:39:18,mobile_app_developer_interview.txt,-999,0,0.018722566575575,0.0003267973856209,0.0115873656861676,0.0948229799305633,0.0077391427015262,-9.345093337164483,0.0005660296756761,-85.04732562571465,0.0039935509335509,10.323746382320238,0.0071995912336524,-21.933145769312915,60.0,25.0
230,2024-09-08 18:39:18,natural_language_processing_engineer_interview.txt,-999,0,0.0325460313987828,0.0034214368156955,0.0087682054203089,0.0878761351163032,0.0060359264043361,57.5883000224693,0.0028056800916069,56.54846962769821,0.0020298144214147,-16.5175849957851,0.0093364275397464,-27.65241679280512,1.0,51.0
230,2024-09-08 18:39:18,network_administrator_interview.txt,-999,0,0.0181568067278987,0.0051580789028316,0.0115835397878264,0.0915416420623942,0.0044066904984414,-12.084509750915243,0.00226326445063,136.00884714659364,0.0054316601546652,10.287319859699425,0.0278974173609563,-24.63463991370257,63.0,40.0
230,2024-09-08 18:39:18,neuroscientist_interview.txt,-999,0,0.0175066852794646,0.0049274797722237,0.0091896457112837,0.0809398294497144,0.0018598287030985,-15.23240611381,0.0048149410485544,125.457741591015,0.0021090828519493,-12.505036066540214,0.0078995592669168,-33.363011036622325,69.0,77.0
230,2024-09-08 18:39:18,no_persona_interview.txt,-999,0,0.020652568365889,0.0021855447222399,0.0105030567453831,0.1214638156808036,0.0031857900688093,0.0,0.0023407411504704,0.0,0.0002872343285128,0.0,0.0108501354618666,0.0,41.0,1.0
230,2024-09-08 18:39:18,nuclear_engineer_interview.txt,-999,0,0.0201114834420262,0.0048986441215328,0.0089881940609598,0.0906192662971577,0.0010628223055609,-2.619940117261905,0.0031598392420749,124.13836109984962,0.0011816162460258,-14.423064838616328,0.0144960432036999,-25.39402307655365,47.0,44.0
230,2024-09-08 18:39:18,nurse_interview.txt,-999,0,0.0138895456771504,0.0026742551231146,0.009716593080125,0.0971584166574543,0.0020552114552128,-32.74664230095847,0.0025730994120577,22.36103411207415,0.0012488995632625,-7.487950263658632,0.0354026682991538,-20.010403005304696,90.0,19.0
230,2024-09-08 18:39:18,occupational_therapist_interview.txt,-999,0,0.0143996524536656,0.0025281888342646,0.0115539303100048,0.0841973333108286,0.0054285264026039,-30.276698769103533,0.0029278616901275,15.677744250116405,0.0016540518437497,10.005406902934638,0.0281718821971688,-30.68113920273018,89.0,67.0
230,2024-09-08 18:39:18,operations_manager_interview.txt,-999,0,0.0167732293449837,0.0029388164742648,0.010581766139895,0.0882182450981003,0.0048257909444966,-18.78380912328868,0.0033173312875158,34.46608730353154,0.0017186981400184,0.7493951182018748,0.0084388100800012,-27.37076091045064,76.0,50.0
230,2024-09-08 18:39:18,petroleum_engineer_interview.txt,-999,0,0.0244959447259373,0.0040352565842137,0.0110378376109134,0.0903494216868446,0.0021469566519379,18.609677459759126,0.0011703030303113,84.63390582454218,0.0011841587070843,5.091668820749746,0.0274351237009919,-25.61618356838457,14.0,45.0
230,2024-09-08 18:39:18,pharmacist_interview.txt,-999,0,0.0160604337975364,0.0057439316112459,0.0086597684931081,0.104043274382862,0.0057468093319856,-22.235174274678712,0.0058048799137468,162.81464537404418,0.0018671048382267,-17.550017075603023,0.016227204610252,-14.342165360358194,81.0,11.0
230,2024-09-08 18:39:18,physical_therapist_interview.txt,-999,0,0.0144697907772793,0.0022042126693289,0.0087631774604501,0.0902160287811639,0.0030413794470909,-29.93708810968785,0.0029500813859291,0.8541553462192155,0.0016218222195198,-16.56545639151956,0.0041181409711296,-25.72600467431066,88.0,47.0
230,2024-09-08 18:39:18,physicist_interview.txt,-999,0,0.025694364447826,0.0021013236212359,0.0104119024384408,0.0807094114580272,0.0035522726703428,24.4124410708366,0.0022275087944935,-3.853551938194755,0.0016672799425358,-0.8678835995283691,0.0322164248427353,-33.55271196969096,10.0,79.0
230,2024-09-08 18:39:18,procurement_specialist_interview.txt,-999,0,0.0162726085439701,0.0048329406841956,0.0100232127153369,0.0827382283328885,0.0018137358974256,-21.207821440519297,0.0037408608816577,121.13208826230272,0.0017429326690114,-4.568613135000902,0.0139851891552017,-31.88240640297564,79.0,72.0
230,2024-09-08 18:39:18,product_manager_interview.txt,-999,0,0.0253057739451881,0.003447869239889,0.0093051964607328,0.0917601876083882,0.0065346657104575,22.530880890265024,0.0014442537574536,57.757890049275886,0.0011095225831457,-11.404873016389246,0.0202851486453967,-24.454713451843105,11.0,38.0
230,2024-09-08 18:39:18,professor_of_classics_interview.txt,-999,0,0.0155405480301153,0.0028585801763438,0.0100139146622539,0.0915968257982905,0.002373945768403,-24.752467805491136,0.0025234751657101,30.79486076194749,0.0011051253234303,-4.657140249615281,0.022192338173977,-24.58920767070325,83.0,39.0
230,2024-09-08 18:39:18,project_manager_interview.txt,-999,0,0.0161335351584534,0.0,0.0119415664521891,0.0806365718050697,0.0066269914161502,-21.88121655076806,0.0,-100.0,0.0018953197998805,13.69610525467553,0.0174460540725226,-33.612680160669655,80.0,81.0
230,2024-09-08 18:39:18,psychologist_interview.txt,-999,0,0.0193924396451044,0.0031943143865765,0.0120639081357596,0.0972542571111086,0.0050835540062708,-6.101559372469751,0.0031184377153203,46.15644118701599,0.000525447295598,14.860925045108004,0.0232921070375081,-19.931498474669667,53.0,18.0
230,2024-09-08 18:39:18,public_relations_specialist_interview.txt,-999,0,0.0128801110431762,0.0025689949503093,0.0085042471584493,0.0864781188040093,0.0012932675334431,-37.6343377008269,0.0036167371325375,17.544835581144653,0.0005808311000438,-19.03074157732576,0.0383568429457168,-28.80339027775452,95.0,57.0
230,2024-09-08 18:39:18,quality_control_engineer_interview.txt,-999,0,0.0228528867739546,0.0027463087755318,0.0109220932186812,0.0932051658332689,0.0045195480224518,10.653969855389562,0.0023904249968449,25.6578622064183,0.0026676718424386,3.989662090346215,0.0162061212619114,-23.265076672542506,27.0,35.0
230,2024-09-08 18:39:18,restaurant_manager_interview.txt,-999,0,0.01632407171529,0.0042707332692923,0.0106777177172395,0.1058920380426076,0.0037784981089541,-20.958636107208,0.0043237059586977,95.40818478037608,0.0003307923473709,1.6629537104349623,0.0320869864034904,-12.820095886924236,78.0,8.0
230,2024-09-08 18:39:18,retail_manager_interview.txt,-999,0,0.0175205791921766,0.0,0.0075916171719611,0.0821938565535983,0.0039148264608496,-15.16513161087238,0.0,-100.0,0.0019452625409196,-27.719926151039505,0.0122350240562024,-32.330582492487565,68.0,74.0
230,2024-09-08 18:39:18,robotics_engineer_interview.txt,-999,0,0.026660528316039,0.0085603872741214,0.011227239158933,0.0734648570848125,0.0073470916045314,29.090618869820844,0.0036473758735974,291.6820912888039,0.0023833978542452,6.894968113623449,0.0125933396751625,-39.51708443124182,6.0,95.0
230,2024-09-08 18:39:18,safety_engineer_interview.txt,-999,0,0.0239127010727662,0.0082208596572791,0.0101022818024032,0.0873015176313547,0.005008968190848,15.785604236332176,0.0030361371576923,276.1469428479019,0.0026380452266512,-3.815793370402005,0.0151659924601885,-28.125493883070845,20.0,55.0
230,2024-09-08 18:39:18,sales_manager_interview.txt,-999,0,0.0137396211455631,0.0,0.0085906385010351,0.1136125960985876,0.0038001231009542,-33.472578799176006,0.0,-100.0,0.000637503057182,-18.20820634134576,0.0095768894759108,-6.463834137113153,91.0,3.0
230,2024-09-08 18:39:18,seo_specialist_interview.txt,-999,0,0.0148336937872875,0.0,0.0092010691664862,0.098159746852375,0.0022745218528742,-28.17506508397429,0.0,-100.0,0.0021518199657368,-12.396272918064454,0.006471790000525,-19.186017414165235,87.0,15.0
230,2024-09-08 18:39:18,shop_assistant_interview.txt,-999,0,0.012342995694203,0.0003360215053763,0.0095500289684418,0.0806535207711613,0.0031075072687225,-40.23505708573582,0.0005820063197476,-84.62527433289208,0.0021616531832349,-9.07381346254519,0.0130062847316984,-33.598726238675226,96.0,80.0
230,2024-09-08 18:39:18,social_media_manager_interview.txt,-999,0,0.0106412842190362,0.0002832058906825,0.0104188747247646,0.0864630133710102,0.0025343524776188,-48.47476579904695,0.0004905269916649,-87.04186247937888,0.001491228840661,-0.8015001980779601,0.0091136269875107,-28.81582643655163,100.0,58.0
230,2024-09-08 18:39:18,software_quality_assurance_tester_interview.txt,-999,0,0.0225398129010493,0.0042623777703745,0.0097179425659479,0.0743660348583133,0.0061562151236788,9.138062161204957,0.000512124403759,95.02587739344472,0.0016530330913081,-7.475101758164854,0.0087321068481762,-38.77515337263829,31.0,91.0
230,2024-09-08 18:39:18,speech_therapist_interview.txt,-999,0,0.015889602650081,0.0015467904098994,0.0117540349156231,0.091028071843161,0.0013303711250337,-23.062340874149086,0.0026791195786061,-29.22632082704847,0.000670642430778,11.91061041148724,0.0053504151216685,-25.05745737284019,82.0,43.0
230,2024-09-08 18:39:18,structural_engineer_interview.txt,-999,0,0.0243961118472316,0.0029875721308355,0.0113389493944062,0.0878349704171043,0.0043359782929906,18.126285385044863,0.0035232703783192,36.69691132074587,0.001124695538436,7.958565485143083,0.0176523853462188,-27.68630729671212,15.0,52.0
230,2024-09-08 18:39:18,supply_chain_manager_interview.txt,-999,0,0.0191997754682157,0.0040264688913452,0.0092794818510699,0.1039748973781662,0.0015049513271291,-7.034441779516513,0.0023485596843501,84.23182332405634,0.0027400999929835,-11.649702786296883,0.0228974366903643,-14.39845949562188,57.0,12.0
230,2024-09-08 18:39:18,system_administrator_interview.txt,-999,0,0.0241059215982727,0.0056025644133044,0.0112376986022642,0.0935390014062527,0.005029167783833,16.721180490497176,0.0007886142519597,156.34636327928916,0.0002964505551615,6.994552868659582,0.0224172636226541,-22.99023303197956,17.0,31.0
230,2024-09-08 18:39:18,transportation_engineer_interview.txt,-999,0,0.0206306346185058,0.0028506576224694,0.0101139448003243,0.0934406629463266,0.0049751182845314,-0.1062034851773177,0.00190567111992,30.43236285496002,0.0017266961531012,-3.7047495266542967,0.0325836352747639,-23.07119414733305,42.0,32.0
230,2024-09-08 18:39:18,travel_agent_interview.txt,-999,0,0.0170577516937123,0.0040526923214037,0.0100994967556337,0.097546391708399,0.0081034291171507,-17.406148274101014,0.0029754329116433,85.43168118061942,0.0014318052784849,-3.84230990589316,0.0310108139053601,-19.69098684933252,73.0,17.0
230,2024-09-08 18:39:18,veterinarian_interview.txt,-999,0,0.0150017616568765,0.004249097818145,0.0095696961594487,0.0965120500072773,0.0011297390496342,-27.361278311252008,0.0049185574954722,94.41825074117898,0.0020456432991248,-8.886561394088247,0.0074979538212146,-20.542550498411288,86.0,20.0
230,2024-09-08 18:39:18,warehouse_manager_interview.txt,-999,0,0.0221087341442678,0.0030442428225222,0.0106887791261051,0.0980041662321301,0.0003926923737442,7.050773311003184,0.0031015972353375,39.28988922277529,0.0016421328674822,1.7682698020619227,0.0113887774577318,-19.314105453696115,34.0,16.0
230,2024-09-08 18:39:18,water_resources_engineer_interview.txt,-999,0,0.0230423556114089,0.0050610997061279,0.0076433867465865,0.1066564230266636,0.0019892741451354,11.571380388053626,0.0080241692141361,131.57154619745697,0.0018308113164779,-27.2270260755622,0.0283774190720745,-12.190785026095782,26.0,6.0
231,2024-09-08 18:48:00,restaurant_manager_interview.txt,1,0,0.0197916666666666,0.0041666666666666,0.0104166666666666,0.1317920361857331,,,,,,,,,,
231,2024-09-08 18:48:00,restaurant_manager_interview.txt,2,0,0.012891344383057,0.0,0.011049723756906,0.0699971644105389,,,,,,,,,,
231,2024-09-08 18:48:00,restaurant_manager_interview.txt,3,0,0.0192122958693563,0.0086455331412103,0.010566762728146,0.1158869135315509,,,,,,,,,,
231,2024-09-08 18:48:00,geneticist_interview.txt,1,0,0.0213903743315508,0.0089126559714795,0.0071301247771836,0.1023018909308028,,,,,,,,,,
231,2024-09-08 18:48:00,geneticist_interview.txt,2,0,0.019644527595884,0.0,0.010289990645463,0.0976658041305644,,,,,,,,,,
231,2024-09-08 18:48:00,geneticist_interview.txt,3,0,0.0208333333333333,0.0072115384615384,0.0096153846153846,0.0870934718897853,,,,,,,,,,
231,2024-09-08 18:48:00,speech_therapist_interview.txt,1,0,0.0185614849187935,0.0046403712296983,0.0116009280742459,0.0850641021876443,,,,,,,,,,
231,2024-09-08 18:48:00,speech_therapist_interview.txt,2,0,0.0163304514889529,0.0,0.0124879923150816,0.0926135462215361,,,,,,,,,,
231,2024-09-08 18:48:00,speech_therapist_interview.txt,3,0,0.015828677839851,0.0,0.0111731843575419,0.0954065671203025,,,,,,,,,,
231,2024-09-08 18:48:00,customer_service_representative_interview.txt,1,0,0.0212765957446808,0.0,0.0159574468085106,0.1005231973827433,,,,,,,,,,
231,2024-09-08 18:48:00,customer_service_representative_interview.txt,2,0,0.0190677966101694,0.0,0.010593220338983,0.1258091347994185,,,,,,,,,,
231,2024-09-08 18:48:00,customer_service_representative_interview.txt,3,0,0.0205882352941176,0.0,0.0107843137254901,0.0782564031294772,,,,,,,,,,
231,2024-09-08 18:48:00,construction_manager_interview.txt,1,0,0.0165208940719144,0.0,0.0087463556851311,0.0827157081994325,,,,,,,,,,
231,2024-09-08 18:48:00,construction_manager_interview.txt,2,0,0.0209731543624161,0.0025167785234899,0.0075503355704697,0.0786702898424613,,,,,,,,,,
231,2024-09-08 18:48:00,construction_manager_interview.txt,3,0,0.0236294896030245,0.0018903591682419,0.0103969754253308,0.0594957588169325,,,,,,,,,,
231,2024-09-08 18:48:00,doctor_interview.txt,1,0,0.0204262877442273,0.0008880994671403,0.0124333925399644,0.0796877522239052,,,,,,,,,,
231,2024-09-08 18:48:00,doctor_interview.txt,2,0,0.0189520624303233,0.0011148272017837,0.0066889632107023,0.0512211063365923,,,,,,,,,,
231,2024-09-08 18:48:00,doctor_interview.txt,3,0,0.0170575692963752,0.0010660980810234,0.009594882729211,0.0982768714941978,,,,,,,,,,
231,2024-09-08 18:48:00,human_resources_manager_interview.txt,1,0,0.0175276752767527,0.0055350553505535,0.0101476014760147,0.0990048734669838,,,,,,,,,,
231,2024-09-08 18:48:00,human_resources_manager_interview.txt,2,0,0.0163265306122449,0.0020408163265306,0.0132653061224489,0.0695284925158567,,,,,,,,,,
231,2024-09-08 18:48:00,human_resources_manager_interview.txt,3,0,0.0240756663800515,0.0051590713671539,0.0120378331900257,0.0808979371391556,,,,,,,,,,
231,2024-09-08 18:48:00,water_resources_engineer_interview.txt,1,0,0.0257633587786259,0.0143129770992366,0.0057251908396946,0.0922137330310751,,,,,,,,,,
231,2024-09-08 18:48:00,water_resources_engineer_interview.txt,2,0,0.0217580504786771,0.000870322019147,0.0078328981723237,0.1393499968719819,,,,,,,,,,
231,2024-09-08 18:48:00,water_resources_engineer_interview.txt,3,0,0.0243673851921274,0.0,0.0093720712277413,0.0884055391769336,,,,,,,,,,
231,2024-09-08 18:48:00,project_manager_interview.txt,1,0,0.0179894179894179,0.0,0.0137566137566137,0.0956805932924724,,,,,,,,,,
231,2024-09-08 18:48:00,project_manager_interview.txt,2,0,0.0099750623441396,0.0,0.0099750623441396,0.0847172704784101,,,,,,,,,,
231,2024-09-08 18:48:00,project_manager_interview.txt,3,0,0.0232558139534883,0.0,0.0120930232558139,0.0615118516443266,,,,,,,,,,
231,2024-09-08 18:48:00,biologist_interview.txt,1,0,0.021788990825688,0.0068807339449541,0.0080275229357798,0.1179416952887757,,,,,,,,,,
231,2024-09-08 18:48:00,biologist_interview.txt,2,0,0.0322886989553656,0.0009496676163342,0.0113960113960113,0.0990934647871438,,,,,,,,,,
231,2024-09-08 18:48:00,biologist_interview.txt,3,0,0.0170454545454545,0.0,0.0056818181818181,0.0790558234130636,,,,,,,,,,
231,2024-09-08 18:48:00,occupational_therapist_interview.txt,1,0,0.0101851851851851,0.0,0.0111111111111111,0.0525151165224253,,,,,,,,,,
231,2024-09-08 18:48:00,occupational_therapist_interview.txt,2,0,0.0210325047801147,0.005736137667304,0.0133843212237093,0.1064284965608685,,,,,,,,,,
231,2024-09-08 18:48:00,occupational_therapist_interview.txt,3,0,0.0147874306839186,0.0018484288354898,0.010166358595194,0.093648386849192,,,,,,,,,,
231,2024-09-08 18:48:00,network_administrator_interview.txt,1,0,0.024390243902439,0.0046457607433217,0.0174216027874564,0.0948924220450245,,,,,,,,,,
231,2024-09-08 18:48:00,network_administrator_interview.txt,2,0,0.0162213740458015,0.0076335877862595,0.006679389312977,0.0621201694549259,,,,,,,,,,
231,2024-09-08 18:48:00,network_administrator_interview.txt,3,0,0.0170394036208732,0.0031948881789137,0.0106496272630457,0.1176123346872322,,,,,,,,,,
231,2024-09-08 18:48:00,neuroscientist_interview.txt,1,0,0.0180436847103513,0.0009496676163342,0.0085470085470085,0.0748619456832399,,,,,,,,,,
231,2024-09-08 18:48:00,neuroscientist_interview.txt,2,0,0.0204262877442273,0.0035523978685612,0.0115452930728241,0.0780883101199014,,,,,,,,,,
231,2024-09-08 18:48:00,neuroscientist_interview.txt,3,0,0.016822429906542,0.0102803738317757,0.0074766355140186,0.0898692325460021,,,,,,,,,,
231,2024-09-08 18:48:00,retail_manager_interview.txt,1,0,0.0164986251145737,0.0,0.0054995417048579,0.0851586142248364,,,,,,,,,,
231,2024-09-08 18:48:00,retail_manager_interview.txt,2,0,0.0229074889867841,0.0,0.0079295154185022,0.0926740640862768,,,,,,,,,,
231,2024-09-08 18:48:00,retail_manager_interview.txt,3,0,0.016822429906542,0.0,0.0093457943925233,0.0687488913496817,,,,,,,,,,
231,2024-09-08 18:48:00,agricultural_engineer_interview.txt,1,0,0.0167539267015706,0.0,0.0094240837696335,0.0677304538869327,,,,,,,,,,
231,2024-09-08 18:48:00,agricultural_engineer_interview.txt,2,0,0.0200956937799043,0.0,0.0105263157894736,0.0730479753031924,,,,,,,,,,
231,2024-09-08 18:48:00,agricultural_engineer_interview.txt,3,0,0.0192307692307692,0.0,0.0113636363636363,0.0622914920299397,,,,,,,,,,
231,2024-09-08 18:48:00,electrical_engineer_interview.txt,1,0,0.0238095238095238,0.0052910052910052,0.0070546737213403,0.0797883593735699,,,,,,,,,,
231,2024-09-08 18:48:00,electrical_engineer_interview.txt,2,0,0.0434782608695652,0.0048309178743961,0.0084541062801932,0.061414648015585,,,,,,,,,,
231,2024-09-08 18:48:00,electrical_engineer_interview.txt,3,0,0.0195208518189884,0.0079858030168589,0.0079858030168589,0.0725200308837372,,,,,,,,,,
231,2024-09-08 18:48:00,quality_control_engineer_interview.txt,1,0,0.0193986420950533,0.0038797284190106,0.0126091173617846,0.0750452380239722,,,,,,,,,,
231,2024-09-08 18:48:00,quality_control_engineer_interview.txt,2,0,0.0284090909090909,0.0,0.012310606060606,0.0983734634910823,,,,,,,,,,
231,2024-09-08 18:48:00,quality_control_engineer_interview.txt,3,0,0.023539668700959,0.004359197907585,0.007846556233653,0.1061967959847522,,,,,,,,,,
231,2024-09-08 18:48:00,machine_learning_engineer_interview.txt,1,0,0.0277246653919694,0.002868068833652,0.0105162523900573,0.0977161027342026,,,,,,,,,,
231,2024-09-08 18:48:00,machine_learning_engineer_interview.txt,2,0,0.0305810397553516,0.0050968399592252,0.0101936799184505,0.0690847307453252,,,,,,,,,,
231,2024-09-08 18:48:00,machine_learning_engineer_interview.txt,3,0,0.0285714285714285,0.0061224489795918,0.0112244897959183,0.0947886054930001,,,,,,,,,,
231,2024-09-08 18:48:00,psychologist_interview.txt,1,0,0.0162991371045062,0.0009587727708533,0.0115052732502396,0.1184135611316723,,,,,,,,,,
231,2024-09-08 18:48:00,psychologist_interview.txt,2,0,0.026061776061776,0.0067567567567567,0.0125482625482625,0.072296317988978,,,,,,,,,,
231,2024-09-08 18:48:00,psychologist_interview.txt,3,0,0.0186741363211951,0.0018674136321195,0.0121381886087768,0.1010528922126755,,,,,,,,,,
231,2024-09-08 18:48:00,geologist_interview.txt,1,0,0.0257680872150644,0.0019821605550049,0.0099108027750247,0.0819414717231977,,,,,,,,,,
231,2024-09-08 18:48:00,geologist_interview.txt,2,0,0.0252525252525252,0.0,0.0121212121212121,0.1057528576386272,,,,,,,,,,
231,2024-09-08 18:48:00,geologist_interview.txt,3,0,0.0192660550458715,0.0036697247706422,0.0064220183486238,0.0863602400187569,,,,,,,,,,
231,2024-09-08 18:48:00,chemical_engineer_interview.txt,1,0,0.0198609731876861,0.0,0.012909632571996,0.1213271515812998,,,,,,,,,,
231,2024-09-08 18:48:00,chemical_engineer_interview.txt,2,0,0.0222007722007722,0.0,0.0106177606177606,0.1066328861576164,,,,,,,,,,
231,2024-09-08 18:48:00,chemical_engineer_interview.txt,3,0,0.0276752767527675,0.007380073800738,0.007380073800738,0.0845483481268637,,,,,,,,,,
231,2024-09-08 18:48:00,machine_learning_engineer_interview copy.txt,1,0,0.0292112950340798,0.0009737098344693,0.0146056475170399,0.0930669448190147,,,,,,,,,,
231,2024-09-08 18:48:00,machine_learning_engineer_interview copy.txt,2,0,0.025368248772504,0.0,0.0081833060556464,0.0873749299909319,,,,,,,,,,
231,2024-09-08 18:48:00,machine_learning_engineer_interview copy.txt,3,0,0.022090059473237,0.0016992353440951,0.0084961767204757,0.0818841960429814,,,,,,,,,,
231,2024-09-08 18:48:00,no_persona_interview.txt,1,0,0.0199619771863117,0.0019011406844106,0.0104562737642585,0.1289230293721793,,,,,,,,,,
231,2024-09-08 18:48:00,no_persona_interview.txt,2,0,0.0195530726256983,0.0046554934823091,0.01024208566108,0.1090166668724607,,,,,,,,,,
231,2024-09-08 18:48:00,no_persona_interview.txt,3,0,0.0252252252252252,0.0,0.0108108108108108,0.1264517507977707,,,,,,,,,,
231,2024-09-08 18:48:00,financial_analyst_interview.txt,1,0,0.0295670538542766,0.0031678986272439,0.0073917634635691,0.0758637410140517,,,,,,,,,,
231,2024-09-08 18:48:00,financial_analyst_interview.txt,2,0,0.0194444444444444,0.0027777777777777,0.0101851851851851,0.1016685058780362,,,,,,,,,,
231,2024-09-08 18:48:00,financial_analyst_interview.txt,3,0,0.0256410256410256,0.0009861932938856,0.0118343195266272,0.1062330575626549,,,,,,,,,,
231,2024-09-08 18:48:00,civil_engineer_interview.txt,1,0,0.013611615245009,0.0,0.014519056261343,0.0840848943151754,,,,,,,,,,
231,2024-09-08 18:48:00,civil_engineer_interview.txt,2,0,0.0228471001757469,0.0043936731107205,0.0087873462214411,0.0814986554562683,,,,,,,,,,
231,2024-09-08 18:48:00,civil_engineer_interview.txt,3,0,0.0237676056338028,0.0,0.0088028169014084,0.0697314998462514,,,,,,,,,,
231,2024-09-08 18:48:00,meteorologist_interview.txt,1,0,0.0129390018484288,0.0009242144177449,0.011090573012939,0.0828745919947205,,,,,,,,,,
231,2024-09-08 18:48:00,meteorologist_interview.txt,2,0,0.0124045801526717,0.0019083969465648,0.0085877862595419,0.1053028703368924,,,,,,,,,,
231,2024-09-08 18:48:00,meteorologist_interview.txt,3,0,0.0172413793103448,0.0,0.0086206896551724,0.094658853795468,,,,,,,,,,
231,2024-09-08 18:48:00,shop_assistant_interview.txt,1,0,0.0151209677419354,0.001008064516129,0.0070564516129032,0.0697119816015086,,,,,,,,,,
231,2024-09-08 18:48:00,shop_assistant_interview.txt,2,0,0.0152505446623093,0.0,0.0108932461873638,0.0950335823015481,,,,,,,,,,
231,2024-09-08 18:48:00,shop_assistant_interview.txt,3,0,0.0097276264591439,0.0,0.0107003891050583,0.0772149984104272,,,,,,,,,,
231,2024-09-08 18:48:00,social_media_manager_interview.txt,1,0,0.0094043887147335,0.0,0.0104493207941483,0.0848200489752304,,,,,,,,,,
231,2024-09-08 18:48:00,social_media_manager_interview.txt,2,0,0.0110450297366185,0.0008496176720475,0.0118946474086661,0.0782826236600617,,,,,,,,,,
231,2024-09-08 18:48:00,social_media_manager_interview.txt,3,0,0.0142602495543672,0.0,0.0089126559714795,0.0962863674777385,,,,,,,,,,
231,2024-09-08 18:48:00,marine_engineer_interview.txt,1,0,0.023417172593235,0.007805724197745,0.0121422376409366,0.0740413802677727,,,,,,,,,,
231,2024-09-08 18:48:00,marine_engineer_interview.txt,2,0,0.0272108843537414,0.0038872691933916,0.0097181729834791,0.0963290488970035,,,,,,,,,,
231,2024-09-08 18:48:00,marine_engineer_interview.txt,3,0,0.0210016155088853,0.0064620355411954,0.0088852988691437,0.0636564377243725,,,,,,,,,,
231,2024-09-08 18:48:00,warehouse_manager_interview.txt,1,0,0.0234604105571847,0.002932551319648,0.0087976539589442,0.1110369687520402,,,,,,,,,,
231,2024-09-08 18:48:00,warehouse_manager_interview.txt,2,0,0.0230292294065544,0.0062001771479185,0.0115146147032772,0.0930088816144836,,,,,,,,,,
231,2024-09-08 18:48:00,warehouse_manager_interview.txt,3,0,0.0226039783001808,0.0,0.011754068716094,0.0899666483298664,,,,,,,,,,
231,2024-09-08 18:48:00,business_intelligence_analyst_interview.txt,1,0,0.0287846481876332,0.0106609808102345,0.0085287846481876,0.0842939637913583,,,,,,,,,,
231,2024-09-08 18:48:00,business_intelligence_analyst_interview.txt,2,0,0.0235492010092514,0.0075693860386879,0.0042052144659377,0.0536801276246441,,,,,,,,,,
231,2024-09-08 18:48:00,business_intelligence_analyst_interview.txt,3,0,0.0158730158730158,0.0009920634920634,0.0089285714285714,0.0736783828237876,,,,,,,,,,
231,2024-09-08 18:48:00,full_stack_developer_interview.txt,1,0,0.0260115606936416,0.001926782273603,0.0115606936416184,0.0740868209222874,,,,,,,,,,
231,2024-09-08 18:48:00,full_stack_developer_interview.txt,2,0,0.0279922779922779,0.0077220077220077,0.0086872586872586,0.0984660901890756,,,,,,,,,,
231,2024-09-08 18:48:00,full_stack_developer_interview.txt,3,0,0.0216535433070866,0.0009842519685039,0.0108267716535433,0.0597247938729735,,,,,,,,,,
231,2024-09-08 18:48:00,focus_group_interview.txt,1,0,0.0013147346480679,0.0004810004810004,0.0002886002886002,0.1209443028271942,,,,,,,,,,
231,2024-09-08 18:48:00,focus_group_interview.txt,2,0,0.0012851588553952,0.0004392315075401,0.0002765531714141,0.1264977604862439,,,,,,,,,,
231,2024-09-08 18:48:00,focus_group_interview.txt,3,0,0.0012587234313756,0.0005098626557471,0.0002867977438577,0.1127472742737444,,,,,,,,,,
231,2024-09-08 18:48:00,travel_agent_interview.txt,1,0,0.015488867376573,0.0067763794772507,0.0116166505324298,0.1128120843439154,,,,,,,,,,
231,2024-09-08 18:48:00,travel_agent_interview.txt,2,0,0.027027027027027,0.0045045045045045,0.0099099099099099,0.1179650970472129,,,,,,,,,,
231,2024-09-08 18:48:00,travel_agent_interview.txt,3,0,0.0114035087719298,0.0008771929824561,0.0087719298245614,0.0618619937340687,,,,,,,,,,
231,2024-09-08 18:48:00,robotics_engineer_interview.txt,1,0,0.0348499515972894,0.0096805421103581,0.0087124878993223,0.0737664384820222,,,,,,,,,,
231,2024-09-08 18:48:00,robotics_engineer_interview.txt,2,0,0.0201535508637236,0.0115163147792706,0.0115163147792706,0.0607234353190345,,,,,,,,,,
231,2024-09-08 18:48:00,robotics_engineer_interview.txt,3,0,0.0278026905829596,0.0044843049327354,0.0134529147982062,0.0859046974533807,,,,,,,,,,
231,2024-09-08 18:48:00,biomedical_engineer_interview.txt,1,0,0.026026026026026,0.002002002002002,0.011011011011011,0.1130612484987703,,,,,,,,,,
231,2024-09-08 18:48:00,biomedical_engineer_interview.txt,2,0,0.0243190661478599,0.0,0.0126459143968871,0.0910505492032178,,,,,,,,,,
231,2024-09-08 18:48:00,biomedical_engineer_interview.txt,3,0,0.0255653883972468,0.0019665683382497,0.0117994100294985,0.0734591235034939,,,,,,,,,,
231,2024-09-08 18:48:00,marketing_manager_interview.txt,1,0,0.0140421263791374,0.0,0.0110330992978936,0.0886342547429894,,,,,,,,,,
231,2024-09-08 18:48:00,marketing_manager_interview.txt,2,0,0.0142348754448398,0.0,0.0106761565836298,0.0514095195630638,,,,,,,,,,
231,2024-09-08 18:48:00,marketing_manager_interview.txt,3,0,0.0143737166324435,0.0,0.0123203285420944,0.107206969551131,,,,,,,,,,
231,2024-09-08 18:48:00,professor_of_classics_interview.txt,1,0,0.0180436847103513,0.0037986704653371,0.0104463437796771,0.1100186107069444,,,,,,,,,,
231,2024-09-08 18:48:00,professor_of_classics_interview.txt,2,0,0.0137931034482758,0.0,0.0108374384236453,0.066959389524539,,,,,,,,,,
231,2024-09-08 18:48:00,professor_of_classics_interview.txt,3,0,0.018312101910828,0.0047770700636942,0.0087579617834394,0.0978124771633882,,,,,,,,,,
231,2024-09-08 18:48:00,environmental_engineer_interview.txt,1,0,0.017391304347826,0.0021739130434782,0.008695652173913,0.0832430021291639,,,,,,,,,,
231,2024-09-08 18:48:00,environmental_engineer_interview.txt,2,0,0.0159716060337178,0.0017746228926353,0.0106477373558118,0.0786494166932998,,,,,,,,,,
231,2024-09-08 18:48:00,environmental_engineer_interview.txt,3,0,0.0184859154929577,0.0008802816901408,0.0105633802816901,0.0646709598922434,,,,,,,,,,
231,2024-09-08 18:48:00,physical_therapist_interview.txt,1,0,0.0138888888888888,0.0055555555555555,0.0083333333333333,0.086200272193477,,,,,,,,,,
231,2024-09-08 18:48:00,physical_therapist_interview.txt,2,0,0.0134357005758157,0.0,0.010556621880998,0.0944294363378905,,,,,,,,,,
231,2024-09-08 18:48:00,physical_therapist_interview.txt,3,0,0.0190274841437632,0.0010570824524312,0.007399577167019,0.0900183778121243,,,,,,,,,,
231,2024-09-08 18:48:00,astronomer_interview.txt,1,0,0.020076481835564,0.0,0.0105162523900573,0.0375008175954264,,,,,,,,,,
231,2024-09-08 18:48:00,astronomer_interview.txt,2,0,0.0222222222222222,0.0083333333333333,0.0083333333333333,0.0817300924473827,,,,,,,,,,
231,2024-09-08 18:48:00,astronomer_interview.txt,3,0,0.0266299357208448,0.0009182736455463,0.0082644628099173,0.0861344949881433,,,,,,,,,,
231,2024-09-08 18:48:00,ai_professor_interview.txt,1,0,0.0275142314990512,0.0066413662239089,0.00853889943074,0.0874196362482124,,,,,,,,,,
231,2024-09-08 18:48:00,ai_professor_interview.txt,2,0,0.0217588395285584,0.0054397098821396,0.0117860380779691,0.099253378493138,,,,,,,,,,
231,2024-09-08 18:48:00,ai_professor_interview.txt,3,0,0.0194420963651732,0.0025359256128486,0.0118343195266272,0.0929705997245477,,,,,,,,,,
231,2024-09-08 18:48:00,game_developer_interview.txt,1,0,0.0205415499533146,0.0009337068160597,0.0093370681605975,0.0950273082398578,,,,,,,,,,
231,2024-09-08 18:48:00,game_developer_interview.txt,2,0,0.022051773729626,0.0028763183125599,0.0086289549376797,0.0912470143576568,,,,,,,,,,
231,2024-09-08 18:48:00,game_developer_interview.txt,3,0,0.0189359783588818,0.0009017132551848,0.0108205590622182,0.0713314496974882,,,,,,,,,,
231,2024-09-08 18:48:00,fire_protection_engineer_interview.txt,1,0,0.0263396911898274,0.0054495912806539,0.0054495912806539,0.1257401749316732,,,,,,,,,,
231,2024-09-08 18:48:00,fire_protection_engineer_interview.txt,2,0,0.017969451931716,0.004492362982929,0.008984725965858,0.098486354253508,,,,,,,,,,
231,2024-09-08 18:48:00,fire_protection_engineer_interview.txt,3,0,0.0169902912621359,0.0048543689320388,0.0080906148867313,0.0983412660547034,,,,,,,,,,
231,2024-09-08 18:48:00,safety_engineer_interview.txt,1,0,0.0297872340425531,0.0063829787234042,0.0127659574468085,0.1001046125814143,,,,,,,,,,
231,2024-09-08 18:48:00,safety_engineer_interview.txt,2,0,0.0196629213483146,0.0065543071161048,0.0074906367041198,0.0912473319977468,,,,,,,,,,
231,2024-09-08 18:48:00,safety_engineer_interview.txt,3,0,0.0251256281407035,0.0117252931323283,0.0100502512562814,0.0705526083149029,,,,,,,,,,
231,2024-09-08 18:48:00,environmental_scientist_interview.txt,1,0,0.016725352112676,0.0017605633802816,0.0105633802816901,0.091746311655232,,,,,,,,,,
231,2024-09-08 18:48:00,environmental_scientist_interview.txt,2,0,0.0261780104712041,0.0034904013961605,0.013089005235602,0.0602569739410095,,,,,,,,,,
231,2024-09-08 18:48:00,environmental_scientist_interview.txt,3,0,0.0209723546234509,0.0028598665395614,0.0076263107721639,0.1045621014779737,,,,,,,,,,
231,2024-09-08 18:48:00,operations_manager_interview.txt,1,0,0.0121381886087768,0.0065359477124183,0.0093370681605975,0.0796899824810419,,,,,,,,,,
231,2024-09-08 18:48:00,operations_manager_interview.txt,2,0,0.0206278026905829,0.0,0.0098654708520179,0.0884000892882124,,,,,,,,,,
231,2024-09-08 18:48:00,operations_manager_interview.txt,3,0,0.0205245153933865,0.0022805017103762,0.0125427594070695,0.0965646635250467,,,,,,,,,,
231,2024-09-08 18:48:00,backend_developer_interview.txt,1,0,0.0367504835589942,0.0029013539651837,0.011605415860735,0.0775645197639873,,,,,,,,,,
231,2024-09-08 18:48:00,backend_developer_interview.txt,2,0,0.0202578268876611,0.005524861878453,0.011049723756906,0.1126449716727516,,,,,,,,,,
231,2024-09-08 18:48:00,backend_developer_interview.txt,3,0,0.0240073868882733,0.0018467220683287,0.0101569713758079,0.0638261351828795,,,,,,,,,,
231,2024-09-08 18:48:00,digital_marketing_specialist_interview.txt,1,0,0.017447199265381,0.0,0.0091827364554637,0.0681426297871335,,,,,,,,,,
231,2024-09-08 18:48:00,digital_marketing_specialist_interview.txt,2,0,0.0256410256410256,0.0,0.0070733863837312,0.0980177114710937,,,,,,,,,,
231,2024-09-08 18:48:00,digital_marketing_specialist_interview.txt,3,0,0.0196463654223968,0.0,0.0088408644400785,0.0918230794108314,,,,,,,,,,
231,2024-09-08 18:48:00,mechanical_engineer_interview.txt,1,0,0.0277777777777777,0.0,0.012037037037037,0.1075951784023088,,,,,,,,,,
231,2024-09-08 18:48:00,mechanical_engineer_interview.txt,2,0,0.0209723546234509,0.0019065776930409,0.0095328884652049,0.0927810278598756,,,,,,,,,,
231,2024-09-08 18:48:00,mechanical_engineer_interview.txt,3,0,0.0252312867956265,0.0016820857863751,0.0075693860386879,0.0560655472584337,,,,,,,,,,
231,2024-09-08 18:48:00,software_quality_assurance_tester_interview.txt,1,0,0.0303867403314917,0.003683241252302,0.009208103130755,0.084448683178574,,,,,,,,,,
231,2024-09-08 18:48:00,software_quality_assurance_tester_interview.txt,2,0,0.0213523131672597,0.0044483985765124,0.0115658362989323,0.0692551251722067,,,,,,,,,,
231,2024-09-08 18:48:00,software_quality_assurance_tester_interview.txt,3,0,0.0186219739292365,0.0046554934823091,0.0083798882681564,0.0693942962241592,,,,,,,,,,
231,2024-09-08 18:48:00,cybersecurity_specialist_interview.txt,1,0,0.0159798149705635,0.0084104289318755,0.009251471825063,0.0910500897185939,,,,,,,,,,
231,2024-09-08 18:48:00,cybersecurity_specialist_interview.txt,2,0,0.0254545454545454,0.0063636363636363,0.009090909090909,0.0776266578841167,,,,,,,,,,
231,2024-09-08 18:48:00,cybersecurity_specialist_interview.txt,3,0,0.014388489208633,0.0080935251798561,0.0080935251798561,0.0943473765778336,,,,,,,,,,
231,2024-09-08 18:48:00,product_manager_interview.txt,1,0,0.018970189701897,0.001806684733514,0.009936766034327,0.1130421583225381,,,,,,,,,,
231,2024-09-08 18:48:00,product_manager_interview.txt,2,0,0.0316742081447963,0.004524886877828,0.0099547511312217,0.0895924275792146,,,,,,,,,,
231,2024-09-08 18:48:00,product_manager_interview.txt,3,0,0.0280842527582748,0.0040120361083249,0.0080240722166499,0.0726459769234118,,,,,,,,,,
231,2024-09-08 18:48:00,microbiologist_interview.txt,1,0,0.0239190432382704,0.0073597056117755,0.0064397424103035,0.0821776129926555,,,,,,,,,,
231,2024-09-08 18:48:00,microbiologist_interview.txt,2,0,0.0194931773879142,0.0077972709551656,0.0107212475633528,0.0788788302954798,,,,,,,,,,
231,2024-09-08 18:48:00,microbiologist_interview.txt,3,0,0.0199134199134199,0.0008658008658008,0.0095238095238095,0.0757488213693337,,,,,,,,,,
231,2024-09-08 18:48:00,it_manager_interview.txt,1,0,0.0248500428449014,0.001713796058269,0.0119965724078834,0.0740302382422294,,,,,,,,,,
231,2024-09-08 18:48:00,it_manager_interview.txt,2,0,0.0196270853778213,0.000981354268891,0.0107948969578017,0.06599965189037,,,,,,,,,,
231,2024-09-08 18:48:00,it_manager_interview.txt,3,0,0.0164744645799011,0.0032948929159802,0.0098846787479406,0.0576458948561474,,,,,,,,,,
231,2024-09-08 18:48:00,industrial_engineer_interview.txt,1,0,0.0285442435775451,0.0028544243577545,0.0104662226450999,0.0843938912697589,,,,,,,,,,
231,2024-09-08 18:48:00,industrial_engineer_interview.txt,2,0,0.0182481751824817,0.0,0.0100364963503649,0.0827891975997937,,,,,,,,,,
231,2024-09-08 18:48:00,industrial_engineer_interview.txt,3,0,0.0198789974070872,0.0043215211754537,0.0095073465859982,0.0574937004381569,,,,,,,,,,
231,2024-09-08 18:48:00,barista_interview.txt,1,0,0.0154639175257731,0.0,0.0072164948453608,0.1173855422044943,,,,,,,,,,
231,2024-09-08 18:48:00,barista_interview.txt,2,0,0.0076142131979695,0.0,0.0076142131979695,0.1084104273421692,,,,,,,,,,
231,2024-09-08 18:48:00,barista_interview.txt,3,0,0.0193050193050193,0.0,0.0106177606177606,0.0835339494257012,,,,,,,,,,
231,2024-09-08 18:48:00,petroleum_engineer_interview.txt,1,0,0.0255057167985927,0.0052770448548812,0.0096745822339489,0.0602316249638849,,,,,,,,,,
231,2024-09-08 18:48:00,petroleum_engineer_interview.txt,2,0,0.0232558139534883,0.003875968992248,0.0116279069767441,0.1139156552894319,,,,,,,,,,
231,2024-09-08 18:48:00,petroleum_engineer_interview.txt,3,0,0.0275590551181102,0.0029527559055118,0.0118110236220472,0.096900984807217,,,,,,,,,,
231,2024-09-08 18:48:00,business_analyst_interview.txt,1,0,0.0224609375,0.001953125,0.0146484375,0.0852577079500872,,,,,,,,,,
231,2024-09-08 18:48:00,business_analyst_interview.txt,2,0,0.0182648401826484,0.0027397260273972,0.0100456621004566,0.0746810828127732,,,,,,,,,,
231,2024-09-08 18:48:00,business_analyst_interview.txt,3,0,0.0182741116751269,0.0030456852791878,0.0131979695431472,0.0992622432505801,,,,,,,,,,
231,2024-09-08 18:48:00,data_engineer_interview.txt,1,0,0.0336538461538461,0.0009615384615384,0.0125,0.0835953100699987,,,,,,,,,,
231,2024-09-08 18:48:00,data_engineer_interview.txt,2,0,0.0288153681963714,0.0,0.0128068303094983,0.1054980182880579,,,,,,,,,,
231,2024-09-08 18:48:00,data_engineer_interview.txt,3,0,0.0224416517055655,0.0,0.0080789946140035,0.090817131634551,,,,,,,,,,
231,2024-09-08 18:48:00,aerospace_engineer_interview.txt,1,0,0.0274621212121212,0.0047348484848484,0.0085227272727272,0.0504801251032733,,,,,,,,,,
231,2024-09-08 18:48:00,aerospace_engineer_interview.txt,2,0,0.0243266724587315,0.0043440486533449,0.0078192875760208,0.0857760055006307,,,,,,,,,,
231,2024-09-08 18:48:00,aerospace_engineer_interview.txt,3,0,0.0267591674925668,0.0069375619425173,0.0118929633300297,0.0992594065240996,,,,,,,,,,
231,2024-09-08 18:48:00,bartender_interview.txt,1,0,0.0167322834645669,0.0029527559055118,0.0108267716535433,0.0820807954251731,,,,,,,,,,
231,2024-09-08 18:48:00,bartender_interview.txt,2,0,0.0266120777891504,0.0040941658137154,0.0061412487205731,0.0873221164161693,,,,,,,,,,
231,2024-09-08 18:48:00,bartender_interview.txt,3,0,0.0101382488479262,0.0,0.0073732718894009,0.115190499787362,,,,,,,,,,
231,2024-09-08 18:48:00,natural_language_processing_engineer_interview.txt,1,0,0.0391595033428844,0.0028653295128939,0.0095510983763132,0.0947047133446147,,,,,,,,,,
231,2024-09-08 18:48:00,natural_language_processing_engineer_interview.txt,2,0,0.0341643582640812,0.0064635272391505,0.0064635272391505,0.0916865791280011,,,,,,,,,,
231,2024-09-08 18:48:00,natural_language_processing_engineer_interview.txt,3,0,0.0271281571562207,0.000935453695042,0.010289990645463,0.0772371128762937,,,,,,,,,,
231,2024-09-08 18:48:00,cto_of_a_fintec_interview.txt,1,0,0.0235109717868338,0.0047021943573667,0.0101880877742946,0.0788088463475379,,,,,,,,,,
231,2024-09-08 18:48:00,cto_of_a_fintec_interview.txt,2,0,0.0279776179056754,0.0047961630695443,0.008792965627498,0.0832224900664444,,,,,,,,,,
231,2024-09-08 18:48:00,cto_of_a_fintec_interview.txt,3,0,0.0211382113821138,0.0032520325203252,0.008130081300813,0.0595485652286367,,,,,,,,,,
231,2024-09-08 18:48:00,database_administrator_interview.txt,1,0,0.0247479376718606,0.0054995417048579,0.0091659028414298,0.1052574361681323,,,,,,,,,,
231,2024-09-08 18:48:00,database_administrator_interview.txt,2,0,0.0318690783807062,0.0043066322136089,0.0103359173126615,0.0393185297798625,,,,,,,,,,
231,2024-09-08 18:48:00,database_administrator_interview.txt,3,0,0.0260223048327137,0.0120817843866171,0.0102230483271375,0.1135555489487505,,,,,,,,,,
231,2024-09-08 18:48:00,nuclear_engineer_interview.txt,1,0,0.021680216802168,0.003613369467028,0.008130081300813,0.1046990405798106,,,,,,,,,,
231,2024-09-08 18:48:00,nuclear_engineer_interview.txt,2,0,0.0198300283286118,0.0084985835694051,0.0084985835694051,0.0914187181378944,,,,,,,,,,
231,2024-09-08 18:48:00,nuclear_engineer_interview.txt,3,0,0.0215331610680447,0.0025839793281653,0.0103359173126615,0.0757400401737681,,,,,,,,,,
231,2024-09-08 18:48:00,pharmacist_interview.txt,1,0,0.0204708290685772,0.0040941658137154,0.0102354145342886,0.1213449543961686,,,,,,,,,,
231,2024-09-08 18:48:00,pharmacist_interview.txt,2,0,0.0103675777568331,0.000942507068803,0.0065975494816211,0.0891625811675973,,,,,,,,,,
231,2024-09-08 18:48:00,pharmacist_interview.txt,3,0,0.0203252032520325,0.0121951219512195,0.0091463414634146,0.1016222875848202,,,,,,,,,,
231,2024-09-08 18:48:00,chef_interview.txt,1,0,0.0087051142546245,0.0,0.0087051142546245,0.1134364470557975,,,,,,,,,,
231,2024-09-08 18:48:00,chef_interview.txt,2,0,0.0109670987038883,0.0,0.007976071784646,0.0754862732996238,,,,,,,,,,
231,2024-09-08 18:48:00,chef_interview.txt,3,0,0.0176415970287836,0.0,0.0074280408542246,0.095732947131046,,,,,,,,,,
231,2024-09-08 18:48:00,hotel_manager_interview.txt,1,0,0.0208728652751423,0.0,0.0113851992409867,0.0775040196921617,,,,,,,,,,
231,2024-09-08 18:48:00,hotel_manager_interview.txt,2,0,0.0182876142975893,0.0033250207813798,0.0091438071487946,0.0889248394711462,,,,,,,,,,
231,2024-09-08 18:48:00,hotel_manager_interview.txt,3,0,0.0156765676567656,0.0049504950495049,0.0057755775577557,0.0547422850483237,,,,,,,,,,
231,2024-09-08 18:48:00,mobile_app_developer_interview.txt,1,0,0.0284313725490196,0.0009803921568627,0.0127450980392156,0.102458571675145,,,,,,,,,,
231,2024-09-08 18:48:00,mobile_app_developer_interview.txt,2,0,0.0142857142857142,0.0,0.0071428571428571,0.093852536857671,,,,,,,,,,
231,2024-09-08 18:48:00,mobile_app_developer_interview.txt,3,0,0.017162471395881,0.0,0.0148741418764302,0.0881578312588741,,,,,,,,,,
231,2024-09-08 18:48:00,graphic_designer_interview.txt,1,0,0.017412935323383,0.0,0.0082918739635157,0.0738643154861539,,,,,,,,,,
231,2024-09-08 18:48:00,graphic_designer_interview.txt,2,0,0.0197433366238894,0.0,0.0098716683119447,0.1248065428257155,,,,,,,,,,
231,2024-09-08 18:48:00,graphic_designer_interview.txt,3,0,0.0191339375629405,0.0,0.0080563947633434,0.1175534695282983,,,,,,,,,,
231,2024-09-08 18:48:00,geotechnical_engineer_interview.txt,1,0,0.0303030303030303,0.0048875855327468,0.0078201368523949,0.0775311010523303,,,,,,,,,,
231,2024-09-08 18:48:00,geotechnical_engineer_interview.txt,2,0,0.0224358974358974,0.0,0.0104166666666666,0.0559366143994804,,,,,,,,,,
231,2024-09-08 18:48:00,geotechnical_engineer_interview.txt,3,0,0.0201280878316559,0.000914913083257,0.010978956999085,0.0978052079561543,,,,,,,,,,
231,2024-09-08 18:48:00,gardener_interview.txt,1,0,0.0084388185654008,0.0,0.0052742616033755,0.0942289503618049,,,,,,,,,,
231,2024-09-08 18:48:00,gardener_interview.txt,2,0,0.0150659133709981,0.0,0.0065913370998116,0.077137865803467,,,,,,,,,,
231,2024-09-08 18:48:00,gardener_interview.txt,3,0,0.0133333333333333,0.0,0.0066666666666666,0.0822283357377867,,,,,,,,,,
231,2024-09-08 18:48:00,ai_software_developer_interview.txt,1,0,0.0276190476190476,0.0019047619047619,0.0095238095238095,0.1413849816903215,,,,,,,,,,
231,2024-09-08 18:48:00,ai_software_developer_interview.txt,2,0,0.03613369467028,0.0,0.00903342366757,0.0569500348168215,,,,,,,,,,
231,2024-09-08 18:48:00,ai_software_developer_interview.txt,3,0,0.0186528497409326,0.0020725388601036,0.0103626943005181,0.0855797711265753,,,,,,,,,,
231,2024-09-08 18:48:00,supply_chain_manager_interview.txt,1,0,0.0184672206832871,0.0036934441366574,0.0120036934441366,0.1062465029739842,,,,,,,,,,
231,2024-09-08 18:48:00,supply_chain_manager_interview.txt,2,0,0.0214152700186219,0.0018621973929236,0.0093109869646182,0.1256518643156934,,,,,,,,,,
231,2024-09-08 18:48:00,supply_chain_manager_interview.txt,3,0,0.0205032618825722,0.0065237651444548,0.0065237651444548,0.0800263248448211,,,,,,,,,,
231,2024-09-08 18:48:00,cloud_architect_interview.txt,1,0,0.0198487712665406,0.0028355387523629,0.0094517958412098,0.0815616883688334,,,,,,,,,,
231,2024-09-08 18:48:00,cloud_architect_interview.txt,2,0,0.027027027027027,0.0032432432432432,0.0129729729729729,0.1227742129001404,,,,,,,,,,
231,2024-09-08 18:48:00,cloud_architect_interview.txt,3,0,0.028105167724388,0.0009066183136899,0.0108794197642792,0.0794644671056724,,,,,,,,,,
231,2024-09-08 18:48:00,mining_engineer_interview.txt,1,0,0.0192678227360308,0.0086705202312138,0.0077071290944123,0.1110249279072813,,,,,,,,,,
231,2024-09-08 18:48:00,mining_engineer_interview.txt,2,0,0.0253718285214348,0.0052493438320209,0.0087489063867016,0.0804258145885646,,,,,,,,,,
231,2024-09-08 18:48:00,mining_engineer_interview.txt,3,0,0.0191138140747176,0.0095569070373588,0.0095569070373588,0.0792268913403366,,,,,,,,,,
231,2024-09-08 18:48:00,devops_engineer_interview.txt,1,0,0.0181975736568457,0.0086655112651646,0.0051993067590987,0.0766568619381764,,,,,,,,,,
231,2024-09-08 18:48:00,devops_engineer_interview.txt,2,0,0.0193610842207163,0.0019361084220716,0.0096805421103581,0.0943348378989768,,,,,,,,,,
231,2024-09-08 18:48:00,devops_engineer_interview.txt,3,0,0.0229147571035747,0.0018331805682859,0.0100824931255728,0.0803044321457283,,,,,,,,,,
231,2024-09-08 18:48:00,system_administrator_interview.txt,1,0,0.0209281164695177,0.0063694267515923,0.010919017288444,0.0813135197977792,,,,,,,,,,
231,2024-09-08 18:48:00,system_administrator_interview.txt,2,0,0.0235183443085606,0.0056444026340545,0.0112888052681091,0.0798922658027445,,,,,,,,,,
231,2024-09-08 18:48:00,system_administrator_interview.txt,3,0,0.0306807286673058,0.0047938638542665,0.0115052732502396,0.1194112186182344,,,,,,,,,,
231,2024-09-08 18:48:00,content_writer_interview.txt,1,0,0.0242013552758954,0.0038722168441432,0.0125847047434656,0.068402322400382,,,,,,,,,,
231,2024-09-08 18:48:00,content_writer_interview.txt,2,0,0.0124521072796934,0.0,0.0114942528735632,0.0968009984223794,,,,,,,,,,
231,2024-09-08 18:48:00,content_writer_interview.txt,3,0,0.0209662716499544,0.0018231540565177,0.0091157702825888,0.0831675809690844,,,,,,,,,,
231,2024-09-08 18:48:00,transportation_engineer_interview.txt,1,0,0.0178861788617886,0.0016260162601626,0.008130081300813,0.0603701528943023,,,,,,,,,,
231,2024-09-08 18:48:00,transportation_engineer_interview.txt,2,0,0.0193439865433137,0.0050462573591253,0.0109335576114381,0.0944372786691996,,,,,,,,,,
231,2024-09-08 18:48:00,transportation_engineer_interview.txt,3,0,0.0272556390977443,0.0018796992481203,0.0112781954887218,0.1255145572754779,,,,,,,,,,
231,2024-09-08 18:48:00,lorry_driver_interview.txt,1,0,0.0166821130676552,0.0046339202965708,0.0083410565338276,0.0758627111763279,,,,,,,,,,
231,2024-09-08 18:48:00,lorry_driver_interview.txt,2,0,0.014336917562724,0.0062724014336917,0.010752688172043,0.1019314870887789,,,,,,,,,,
231,2024-09-08 18:48:00,lorry_driver_interview.txt,3,0,0.0176125244618395,0.0009784735812133,0.009784735812133,0.1035235365994183,,,,,,,,,,
231,2024-09-08 18:48:00,dentist_interview.txt,1,0,0.012565445026178,0.0010471204188481,0.006282722513089,0.0696381692863891,,,,,,,,,,
231,2024-09-08 18:48:00,dentist_interview.txt,2,0,0.0205655526992287,0.0034275921165381,0.0128534704370179,0.1009217187823482,,,,,,,,,,
231,2024-09-08 18:48:00,dentist_interview.txt,3,0,0.0205223880597014,0.0,0.0074626865671641,0.086744739491827,,,,,,,,,,
231,2024-09-08 18:48:00,physicist_interview.txt,1,0,0.0239574090505767,0.0044365572315882,0.0115350488021295,0.0793935858919392,,,,,,,,,,
231,2024-09-08 18:48:00,physicist_interview.txt,2,0,0.0252100840336134,0.0018674136321195,0.011204481792717,0.1135635892722411,,,,,,,,,,
231,2024-09-08 18:48:00,physicist_interview.txt,3,0,0.0305862361937128,0.0,0.0084961767204757,0.0491710592099012,,,,,,,,,,
231,2024-09-08 18:48:00,architect_interview.txt,1,0,0.0221631205673758,0.0,0.0106382978723404,0.0848024463843482,,,,,,,,,,
231,2024-09-08 18:48:00,architect_interview.txt,2,0,0.0181124880838894,0.0038131553860819,0.0123927550047664,0.0605484157580313,,,,,,,,,,
231,2024-09-08 18:48:00,architect_interview.txt,3,0,0.0217770034843205,0.0156794425087108,0.0087108013937282,0.0998510155514528,,,,,,,,,,
231,2024-09-08 18:48:00,materials_engineer_interview.txt,1,0,0.0200400801603206,0.0,0.0100200400801603,0.1179894222215556,,,,,,,,,,
231,2024-09-08 18:48:00,materials_engineer_interview.txt,2,0,0.0236051502145922,0.0085836909871244,0.0064377682403433,0.0772447903040978,,,,,,,,,,
231,2024-09-08 18:48:00,materials_engineer_interview.txt,3,0,0.0228310502283105,0.0,0.0127853881278538,0.072521000279223,,,,,,,,,,
231,2024-09-08 18:48:00,computer_vision_engineer_interview.txt,1,0,0.0341880341880341,0.0047483380816714,0.0104463437796771,0.0851047144851747,,,,,,,,,,
231,2024-09-08 18:48:00,computer_vision_engineer_interview.txt,2,0,0.0262919310970081,0.0045330915684496,0.0108794197642792,0.0472605221977431,,,,,,,,,,
231,2024-09-08 18:48:00,computer_vision_engineer_interview.txt,3,0,0.0324483775811209,0.0019665683382497,0.0108161258603736,0.0703393265320347,,,,,,,,,,
231,2024-09-08 18:48:00,data_scientist_interview.txt,1,0,0.0280289330922242,0.0009041591320072,0.0126582278481012,0.0830465273136479,,,,,,,,,,
231,2024-09-08 18:48:00,data_scientist_interview.txt,2,0,0.0257548845470692,0.0035523978685612,0.0124333925399644,0.072983490202201,,,,,,,,,,
231,2024-09-08 18:48:00,data_scientist_interview.txt,3,0,0.0192697768762677,0.0,0.0101419878296146,0.0933012184853132,,,,,,,,,,
231,2024-09-08 18:48:00,structural_engineer_interview.txt,1,0,0.0300687285223367,0.0068728522336769,0.0103092783505154,0.0712299036402281,,,,,,,,,,
231,2024-09-08 18:48:00,structural_engineer_interview.txt,2,0,0.0206185567010309,0.0,0.011168384879725,0.0858998025785572,,,,,,,,,,
231,2024-09-08 18:48:00,structural_engineer_interview.txt,3,0,0.0261233019853709,0.0020898641588296,0.012539184952978,0.1063752050325275,,,,,,,,,,
231,2024-09-08 18:48:00,ai_ethicist_interview.txt,1,0,0.0101522842639593,0.0126903553299492,0.0076142131979695,0.0712937001833526,,,,,,,,,,
231,2024-09-08 18:48:00,ai_ethicist_interview.txt,2,0,0.0176767676767676,0.0084175084175084,0.0109427609427609,0.0693554288266813,,,,,,,,,,
231,2024-09-08 18:48:00,ai_ethicist_interview.txt,3,0,0.0199240986717267,0.0161290322580645,0.00853889943074,0.1331826318055371,,,,,,,,,,
231,2024-09-08 18:48:00,sales_manager_interview.txt,1,0,0.0109561752988047,0.0,0.0079681274900398,0.1200163689237812,,,,,,,,,,
231,2024-09-08 18:48:00,sales_manager_interview.txt,2,0,0.0184842883548983,0.0,0.0092421441774491,0.1026029838816162,,,,,,,,,,
231,2024-09-08 18:48:00,sales_manager_interview.txt,3,0,0.0145547945205479,0.0,0.0085616438356164,0.1182184354903653,,,,,,,,,,
231,2024-09-08 18:48:00,frontend_developer_interview.txt,1,0,0.0162308385933273,0.0009017132551848,0.0081154192966636,0.0983475683188849,,,,,,,,,,
231,2024-09-08 18:48:00,frontend_developer_interview.txt,2,0,0.0223214285714285,0.0008928571428571,0.0080357142857142,0.0954169146423821,,,,,,,,,,
231,2024-09-08 18:48:00,frontend_developer_interview.txt,3,0,0.0242954324586977,0.0,0.0097181729834791,0.1298349151906563,,,,,,,,,,
231,2024-09-08 18:48:00,public_relations_specialist_interview.txt,1,0,0.0130260521042084,0.001002004008016,0.0090180360721442,0.1247635370210052,,,,,,,,,,
231,2024-09-08 18:48:00,public_relations_specialist_interview.txt,2,0,0.0153256704980842,0.0067049808429118,0.0086206896551724,0.0480502479195583,,,,,,,,,,
231,2024-09-08 18:48:00,public_relations_specialist_interview.txt,3,0,0.0131233595800524,0.0,0.0078740157480314,0.0866205714714645,,,,,,,,,,
231,2024-09-08 18:48:00,logistics_coordinator_interview.txt,1,0,0.0209606986899563,0.0026200873362445,0.0139737991266375,0.076169293482586,,,,,,,,,,
231,2024-09-08 18:48:00,logistics_coordinator_interview.txt,2,0,0.0169133192389006,0.0,0.0126849894291754,0.0835658640852856,,,,,,,,,,
231,2024-09-08 18:48:00,logistics_coordinator_interview.txt,3,0,0.0165137614678899,0.0,0.010091743119266,0.1182041850851663,,,,,,,,,,
231,2024-09-08 18:48:00,nurse_interview.txt,1,0,0.0134874759152215,0.0028901734104046,0.0105973025048169,0.0933639942278636,,,,,,,,,,
231,2024-09-08 18:48:00,nurse_interview.txt,2,0,0.0138121546961325,0.0,0.0082872928176795,0.1343054603756712,,,,,,,,,,
231,2024-09-08 18:48:00,nurse_interview.txt,3,0,0.0179640718562874,0.0051325919589392,0.0102651839178785,0.0638057953688281,,,,,,,,,,
231,2024-09-08 18:48:00,chemist_interview.txt,1,0,0.0201816347124117,0.007063572149344,0.0110998990918264,0.0617076719218869,,,,,,,,,,
231,2024-09-08 18:48:00,chemist_interview.txt,2,0,0.0299667036625971,0.004439511653718,0.0077691453940066,0.1051183845685398,,,,,,,,,,
231,2024-09-08 18:48:00,chemist_interview.txt,3,0,0.0213492741246797,0.0,0.0076857386848847,0.0764573054170216,,,,,,,,,,
231,2024-09-08 18:48:00,manufacturing_engineer_interview.txt,1,0,0.0192837465564738,0.0101010101010101,0.0119375573921028,0.0848147692492656,,,,,,,,,,
231,2024-09-08 18:48:00,manufacturing_engineer_interview.txt,2,0,0.0232558139534883,0.0021141649048625,0.0126849894291754,0.096173198102252,,,,,,,,,,
231,2024-09-08 18:48:00,manufacturing_engineer_interview.txt,3,0,0.0248565965583174,0.0076481835564053,0.0095602294455066,0.0845079200795403,,,,,,,,,,
231,2024-09-08 18:48:00,veterinarian_interview.txt,1,0,0.0148083623693379,0.0008710801393728,0.0087108013937282,0.0913388325339192,,,,,,,,,,
231,2024-09-08 18:48:00,veterinarian_interview.txt,2,0,0.0170863309352518,0.0098920863309352,0.0080935251798561,0.1051109525853345,,,,,,,,,,
231,2024-09-08 18:48:00,veterinarian_interview.txt,3,0,0.0158730158730158,0.0019841269841269,0.0119047619047619,0.0930863649025781,,,,,,,,,,
231,2024-09-08 18:48:00,event_planner_interview.txt,1,0,0.0088321884200196,0.0,0.0078508341511285,0.1429607445555735,,,,,,,,,,
231,2024-09-08 18:48:00,event_planner_interview.txt,2,0,0.0204841713221601,0.0027932960893854,0.01024208566108,0.1144315325306319,,,,,,,,,,
231,2024-09-08 18:48:00,event_planner_interview.txt,3,0,0.0084889643463497,0.0008488964346349,0.0067911714770797,0.062380556562835,,,,,,,,,,
231,2024-09-08 18:48:00,seo_specialist_interview.txt,1,0,0.016267942583732,0.0,0.0114832535885167,0.0907149768004547,,,,,,,,,,
231,2024-09-08 18:48:00,seo_specialist_interview.txt,2,0,0.0178217821782178,0.0,0.0089108910891089,0.1013203356818207,,,,,,,,,,
231,2024-09-08 18:48:00,seo_specialist_interview.txt,3,0,0.0133882595262615,0.0,0.0072090628218331,0.1024439280748496,,,,,,,,,,
231,2024-09-08 18:48:00,procurement_specialist_interview.txt,1,0,0.019367991845056,0.0050968399592252,0.0081549439347604,0.0668610907103222,,,,,,,,,,
231,2024-09-08 18:48:00,procurement_specialist_interview.txt,2,0,0.0159325210871602,0.0084348641049671,0.0103092783505154,0.0932307923266924,,,,,,,,,,
231,2024-09-08 18:48:00,procurement_specialist_interview.txt,3,0,0.0164410058027079,0.0009671179883945,0.011605415860735,0.088122801961651,,,,,,,,,,
231,2024-09-08 18:48:00,aerospace_engineer_interview.txt,-999,0,0.0261826537211398,0.0053388196935702,0.0094116593929259,0.0785051790426678,0.0016453072107563,21.3278150552231,0.0013982716871202,144.27867520819214,0.0021774661358883,-10.391235417603014,0.0251893481856796,-35.36743547644451,12.0,83.0
231,2024-09-08 18:48:00,agricultural_engineer_interview.txt,-999,0,0.0186934632374147,0.0,0.0104380119742478,0.0676899737400216,0.001734466805485,-13.37634929726572,0.0,-100.0,0.0009727868415348,-0.6192937228858284,0.0053783558903871,-44.271490764043655,68.0,99.0
231,2024-09-08 18:48:00,ai_ethicist_interview.txt,-999,0,0.0159177168708179,0.0124122986685073,0.0090319578571568,0.0912772536051903,0.005117888627979,-26.238882079217888,0.003863274079857,467.92700429329386,0.001718178535902,-14.006388081954896,0.0363040599044872,-24.852308406761168,86.0,42.0
231,2024-09-08 18:48:00,ai_professor_interview.txt,-999,0,0.0229050557975943,0.004872333906299,0.0107197523451121,0.0932145381552994,0.0041563445726321,6.139752037292865,0.0021107101355246,122.93453237166028,0.0018888283008693,2.063166990164575,0.0059206412953608,-23.25736052927965,36.0,34.0
231,2024-09-08 18:48:00,ai_software_developer_interview.txt,-999,0,0.0274685306767534,0.0013257669216218,0.0096399758306325,0.0946382625445728,0.0087413944181355,27.286441064491555,0.0011512083758103,-39.33929110985703,0.0006722061157377,-8.217425990104985,0.0429401590991479,-22.085221829953056,8.0,26.0
231,2024-09-08 18:48:00,architect_interview.txt,-999,0,0.0206842040451952,0.0064975326315975,0.0105806180902783,0.0817339592312774,0.0022355231691224,-4.15145425332787,0.0081771413246423,197.2957984103109,0.0018416543694198,0.7384644944369256,0.0198301613126793,-32.709211567939505,49.0,76.0
231,2024-09-08 18:48:00,astronomer_interview.txt,-999,0,0.0229762132595436,0.0030838689929599,0.0090380161777693,0.0684551350103175,0.0033411549380261,6.469488643640787,0.0045692957354132,41.10299192593516,0.0012806531582511,-13.948706582564997,0.0268975280537382,-43.641540794164,35.0,98.0
231,2024-09-08 18:48:00,backend_developer_interview.txt,-999,0,0.0270052324449762,0.0034243126373218,0.0109373703311496,0.0846785422065395,0.0086453594202901,25.13956310555139,0.0018940149010181,56.68005337416852,0.0007307293108178,4.135116055213572,0.0251749217583902,-30.284964512338888,9.0,66.0
231,2024-09-08 18:48:00,barista_interview.txt,-999,0,0.014127716676254,0.0,0.0084828228870303,0.1031099729907882,0.0059588431252089,-34.53356507307794,0.0,-100.0,0.0018595736897397,-19.23472287475603,0.0175372088903455,-15.110543487492292,94.0,13.0
231,2024-09-08 18:48:00,bartender_interview.txt,-999,0,0.0178275367005478,0.002348973906409,0.0081137640878391,0.0948644705429014,0.0082913475825328,-17.38896680484727,0.0021128092565064,7.477732324858096,0.0024289458229462,-22.748545642146283,0.0177968665800377,-21.898986944229463,75.0,24.0
231,2024-09-08 18:48:00,biologist_interview.txt,-999,0,0.0237077147755027,0.0026101338537628,0.0083684508378697,0.0986969944963277,0.0078006571025629,9.859193964810627,0.0037288049023166,19.42715366115806,0.002872311768959,-20.323663474937064,0.0194459674329203,-18.743706557272247,30.0,15.0
231,2024-09-08 18:48:00,biomedical_engineer_interview.txt,-999,0,0.0253034935237109,0.0013228567800839,0.0118187784791322,0.0925236404018273,0.0008831023157061,17.253874079887495,0.0011457645620249,-39.47244517018403,0.0008176237661163,12.527036325186373,0.0198421161748171,-23.8261700546511,16.0,37.0
231,2024-09-08 18:48:00,business_analyst_interview.txt,-999,0,0.0196666297859251,0.002579512102195,0.0126306897145346,0.0864003446711468,0.0024199459065952,-8.866792234290699,0.0005636252010745,18.02604979647052,0.0023532403505854,20.257273865407925,0.0123303518248481,-28.867420978936224,61.0,59.0
231,2024-09-08 18:48:00,business_intelligence_analyst_interview.txt,-999,0,0.0227356216899668,0.0064074767803286,0.0072208568475656,0.0705508247465967,0.0064941508866474,5.354611222568124,0.0049380679794736,193.1752764025696,0.0026192616512759,-31.24994920417147,0.0155447082910956,-41.91617943898768,37.0,97.0
231,2024-09-08 18:48:00,chef_interview.txt,-999,0,0.0124379366624321,0.0,0.0080364089644984,0.0948852224954891,0.0046462570224246,-42.363837710242095,0.0,-100.0,0.0006406711706926,-23.485046693373008,0.0189892838154639,-21.88190205975472,98.0,23.0
231,2024-09-08 18:48:00,chemical_engineer_interview.txt,-999,0,0.0232456740470753,0.002460024600246,0.0103024889968315,0.10416946195526,0.0040105735192259,7.718143151410331,0.0042608875954953,12.558877208642484,0.0027782282478985,-1.9096131099144884,0.0185127372364428,-14.23827633654426,33.0,10.0
231,2024-09-08 18:48:00,chemist_interview.txt,-999,0,0.0238325374998961,0.0038343612676873,0.0088515943902392,0.0810944539691494,0.0053443279589663,10.437610063545094,0.0035704576904834,75.44190373545095,0.0019475355434923,-15.723635463264657,0.0220737367281446,-33.235710145761686,28.0,77.0
231,2024-09-08 18:48:00,civil_engineer_interview.txt,-999,0,0.0200754403515196,0.0014645577035735,0.0107030731280641,0.078438349872565,0.0056167258104917,-6.972404704923363,0.0025366883532057,-32.98889340170888,0.0033047473868037,1.904363534634541,0.0076504304385027,-35.422455294262875,59.0,84.0
231,2024-09-08 18:48:00,cloud_architect_interview.txt,-999,0,0.0249936553393185,0.0023284667697653,0.0111013961928206,0.0946001227915488,0.0044880921261232,15.818114728166409,0.0012481167862039,6.539424522915937,0.0017710525823458,5.696812479857812,0.0244220003141009,-22.11662192454933,19.0,27.0
231,2024-09-08 18:48:00,computer_vision_engineer_interview.txt,-999,0,0.030976114288721,0.0037493326627902,0.0107139631347766,0.0675681877383175,0.0041488287995094,43.540234904339854,0.0015476657400757,71.55140430838051,0.0002339158373984,2.008047699887271,0.0190736763664626,-44.37175601672112,2.0,100.0
231,2024-09-08 18:48:00,construction_manager_interview.txt,-999,0,0.0203745126791183,0.0014690458972439,0.0088978888936439,0.0736272522862754,0.0035919091727054,-5.586533263567389,0.0013102183742851,-32.783535276351216,0.0014293569710825,-15.282863747687529,0.0124042606864049,-39.38338601204367,53.0,94.0
231,2024-09-08 18:48:00,content_writer_interview.txt,-999,0,0.0192065780685144,0.001898456966887,0.0110649092998725,0.082790300597282,0.0060690689767446,-10.998626168326595,0.0019372064211769,-13.13575295126779,0.00177387386859,5.349419393896042,0.0142030966802948,-31.83953580476367,64.0,72.0
231,2024-09-08 18:48:00,cto_of_a_fintec_interview.txt,-999,0,0.024208933691541,0.0042501299824121,0.0090370449008685,0.0738599672142063,0.0034727127024778,12.181792605687676,0.0008656537631093,94.46547760671004,0.0010504897334052,-13.957954146625028,0.0125889726671315,-39.19179403329137,25.0,92.0
231,2024-09-08 18:48:00,customer_service_representative_interview.txt,-999,0,0.0203108758829893,0.0,0.0124449936243279,0.101529578437213,0.0011302188223351,-5.881419851981434,0.0,-100.0,0.0030433739006073,18.48925437633608,0.0237923343629509,-16.411667237571393,56.0,14.0
231,2024-09-08 18:48:00,cybersecurity_specialist_interview.txt,-999,0,0.0186076165445806,0.007622530158456,0.0088119686986094,0.0876747080601814,0.0059827590661608,-13.774154339573684,0.0011016883347787,248.7702667847406,0.0006273483204159,-16.100913170035696,0.0088566646890104,-27.818249765359752,69.0,53.0
231,2024-09-08 18:48:00,data_engineer_interview.txt,-999,0,0.0283036220185943,0.0003205128205128,0.0111286083078339,0.0933034866642025,0.0056235877515484,31.15617134302664,0.0005551444896054,-85.33487705598937,0.0026454950332414,5.95590005477051,0.011161031664746,-23.184130070970227,5.0,33.0
231,2024-09-08 18:48:00,data_scientist_interview.txt,-999,0,0.0243511981718537,0.0014855190001895,0.0117445360725601,0.0831104120003874,0.0045451574212403,12.841032067819455,0.0018461763530035,-32.029805426858374,0.0013923930415554,11.820171567888464,0.0101590147940877,-31.57599114225559,23.0,71.0
231,2024-09-08 18:48:00,database_administrator_interview.txt,-999,0,0.0275464402950935,0.0072959861016946,0.0099082894937429,0.0860438382989151,0.0037973547279069,27.64746649245893,0.0041873210029269,233.82918351893267,0.0006453977906088,-5.66280146874017,0.040677457038026,-29.16092927211268,7.0,60.0
231,2024-09-08 18:48:00,dentist_interview.txt,-999,0,0.0178844619283694,0.0014915708451287,0.0088662931724237,0.0857682091868548,0.0046064543198511,-17.125180956908864,0.00175648770716,-31.75290215063255,0.0035030366393602,-15.583687802876,0.0156646201946912,-29.387852089015325,74.0,63.0
231,2024-09-08 18:48:00,devops_engineer_interview.txt,-999,0,0.0201578049937122,0.0041449334185074,0.0083207806650099,0.0837653773276272,0.0024574433686487,-6.590735139207311,0.00391527350086,89.65218951270666,0.0027107361848068,-20.77753299135958,0.0093333442388964,-31.03676444040306,57.0,69.0
231,2024-09-08 18:48:00,digital_marketing_specialist_interview.txt,-999,0,0.0209115301096011,0.0,0.0083656624264245,0.0859944735563529,0.0042408936479076,-3.0980478647614547,0.0,-100.0,0.0011321228496126,-20.35021204563307,0.0157673590388806,-29.20157079344605,48.0,61.0
231,2024-09-08 18:48:00,doctor_interview.txt,-999,0,0.0188119731569753,0.0010230082499824,0.0095724128266259,0.0763952433515651,0.0016887228158004,-12.827186108698442,0.0001193478804524,-53.192069712760805,0.0028722805838067,-8.860695903278483,0.0237000362794607,-37.1045253902403,65.0,88.0
231,2024-09-08 18:48:00,electrical_engineer_interview.txt,-999,0,0.0289362121660258,0.0060359087274201,0.0078315276727975,0.0712410127576307,0.0127750366822441,34.08753121322013,0.0017042552369642,176.17411192730128,0.0007123577282751,-25.4357292105459,0.0092533903404005,-41.34795423779051,4.0,96.0
231,2024-09-08 18:48:00,environmental_engineer_interview.txt,-999,0,0.0172829419581672,0.0016096058754181,0.0099689232704716,0.0755211262382357,0.0012606525373096,-19.91256471388044,0.0006624148862781,-26.35218767024428,0.0011034915010942,-5.085504990213877,0.0096731504222214,-37.82417766563604,78.0,89.0
231,2024-09-08 18:48:00,environmental_scientist_interview.txt,-999,0,0.021291905735777,0.0027036104386679,0.0104262320964854,0.0855217956914051,0.0047344241672884,-1.3354250185173555,0.0008754409558015,23.70419196441938,0.0027339284772554,-0.7314503840181033,0.0227990028456206,-29.59072196764427,43.0,64.0
231,2024-09-08 18:48:00,event_planner_interview.txt,-999,0,0.0126017746961765,0.0012140641746734,0.0082946970964294,0.1065909445496801,0.0068285125113874,-41.60462854569925,0.0014320043189591,-44.45027080346306,0.0017677564628624,-21.02587563305705,0.0408582646370542,-12.244692831162196,97.0,7.0
231,2024-09-08 18:48:00,financial_analyst_interview.txt,-999,0,0.0248841746465822,0.0023106232329691,0.0098037560584605,0.0945884348182476,0.0051035696220242,15.31079207928974,0.0011634580211389,5.722990220991136,0.0022457052850694,-6.658068254558529,0.0163758786501994,-22.126244521398988,20.0,28.0
231,2024-09-08 18:48:00,fire_protection_engineer_interview.txt,-999,0,0.0204331447945598,0.0049321077318739,0.0075083107110811,0.1075225984132948,0.0051385948121835,-5.314837868045672,0.000483325970998,125.66949473443448,0.0018380976376047,-28.51309011177556,0.0157770508428725,-11.477671098481736,52.0,5.0
231,2024-09-08 18:48:00,focus_group_interview.txt,-999,0,0.0012862056449462,0.0004766982147625,0.000283983734624,0.1200631125290609,2.8020277034878544e-05,-94.03985087703197,3.551157410401575e-05,-78.18858566874727,6.497864579959834e-06,-97.29618013585524,0.0069174663010511,-1.1531855342200004,101.0,2.0
231,2024-09-08 18:48:00,frontend_developer_interview.txt,-999,0,0.0209492332078178,0.0005981901326806,0.008623102188619,0.1078664660506411,0.0042037612492003,-2.9233354549284343,0.0005180667754341,-72.62970066027334,0.000949196110669,-17.899118345623577,0.0190815814584634,-11.194568155091671,47.0,4.0
231,2024-09-08 18:48:00,full_stack_developer_interview.txt,-999,0,0.025219127331002,0.0035443473213715,0.0103582413274734,0.0774259016614455,0.0032428154939774,16.862929528013154,0.0036485237646601,62.17226237946966,0.0014929158077632,-1.3787930639649773,0.0195853032960934,-36.25599424201022,17.0,86.0
231,2024-09-08 18:48:00,game_developer_interview.txt,-999,0,0.0205097673472742,0.0015705794612681,0.0095955273868318,0.0858685907650009,0.0015581408147605,-4.959776574266854,0.0011309161586138,-28.13784841435229,0.0011184288258055,-8.640621302462435,0.0127306326736547,-29.305208893934136,51.0,62.0
231,2024-09-08 18:48:00,gardener_interview.txt,-999,0,0.0122793550899107,0.0,0.0061774217899512,0.0845317173010195,0.0034369679942937,-43.0986889559167,0.0,-100.0,0.0007830660111844,-41.184533800917386,0.0087752759395043,-30.405844055515587,99.0,67.0
231,2024-09-08 18:48:00,geneticist_interview.txt,-999,0,0.0206227450869227,0.0053747314776726,0.0090118333460104,0.0956870556503842,0.0008917711383837,-4.436248957569831,0.0047317284409051,145.92182548267388,0.0016641495357844,-14.197994312733996,0.0077949077347109,-21.22176047734122,50.0,22.0
231,2024-09-08 18:48:00,geologist_interview.txt,-999,0,0.0234288891711537,0.0018839617752157,0.0094846777482869,0.0913515231268606,0.0036143245565755,8.5671438266765,0.0018368321162616,-13.798983107292273,0.0028733933455387,-9.696024898121962,0.0126661045749003,-24.79116301852024,32.0,41.0
231,2024-09-08 18:48:00,geotechnical_engineer_interview.txt,-999,0,0.0242890051901945,0.0019341662053346,0.0097385868393822,0.0770909744693217,0.0053345918152864,12.552835972158434,0.0025983226859125,-11.501870190405114,0.0016850461029038,-7.278546851010418,0.020937766479744,-36.53173660219095,24.0,87.0
231,2024-09-08 18:48:00,graphic_designer_interview.txt,-999,0,0.018763403170071,0.0,0.0087399790129346,0.1054081092800559,0.001208579479213,-13.052254600651878,0.0,-100.0,0.0009871185924441,-16.786329686579293,0.0275573939850738,-13.21850981772272,66.0,9.0
231,2024-09-08 18:48:00,hotel_manager_interview.txt,-999,0,0.0182790157431657,0.0027585052769616,0.008768194649179,0.0737237147372106,0.0025981594804862,-15.296857793764616,0.0025234015081538,26.215915368433684,0.0028236107061073,-16.51768754811961,0.017402005225882,-39.30396939698474,71.0,93.0
231,2024-09-08 18:48:00,human_resources_manager_interview.txt,-999,0,0.0193099574230164,0.004244981014746,0.0118169135961631,0.083143767707332,0.004170692211569,-10.519576514417151,0.0019180973563729,94.22988564587268,0.0015705491605848,12.509280703996636,0.0148659703584969,-31.54852970712965,62.0,70.0
231,2024-09-08 18:48:00,industrial_engineer_interview.txt,-999,0,0.022223805389038,0.0023919818444027,0.010003355193821,0.0748922631025698,0.0055340626535232,2.982905353380417,0.0021975614043958,9.44556842338426,0.0004802963422433,-4.757677347423211,0.015088944546728,-38.3419146823279,39.0,90.0
231,2024-09-08 18:48:00,it_manager_interview.txt,-999,0,0.0203171976008746,0.0019966810810467,0.0108920493712086,0.0658919283295823,0.0042302209136866,-5.852125639615025,0.0011824268349364,-8.641490575382619,0.0010592934679774,3.703613483726855,0.0081927028703855,-45.751804386961936,55.0,101.0
231,2024-09-08 18:48:00,logistics_coordinator_interview.txt,-999,0,0.0181292597989156,0.0008733624454148,0.0122501772250263,0.0926464475510127,0.0024602228046189,-15.99081195520752,0.0015127081288811,-60.03914097352561,0.0019772167182051,16.634400079873913,0.0224404940914565,-23.725064100999788,72.0,36.0
231,2024-09-08 18:48:00,lorry_driver_interview.txt,-999,0,0.0162105183640729,0.0039615984371586,0.0096261601726679,0.093772578288175,0.0016879577342808,-24.882069060954137,0.0027102454757446,81.26366378348396,0.0012136109198108,-8.348965391439066,0.0155308132557216,-22.79793141473398,84.0,30.0
231,2024-09-08 18:48:00,machine_learning_engineer_interview copy.txt,-999,0,0.0255565344266069,0.0008909817261881,0.0104283767643873,0.0874420236176427,0.0035643495330717,18.42644047422488,0.0008526330650287,-59.23296754710142,0.0036210033442337,-0.7110309199136395,0.0055916762882902,-28.009816645779708,14.0,54.0
231,2024-09-08 18:48:00,machine_learning_engineer_interview.txt,-999,0,0.0289590445729165,0.0046957859241563,0.010644807368142,0.0871964796575093,0.0014671071022266,34.193334317443544,0.0016638451814563,114.8565470371044,0.0005272921748557,1.3496130335700656,0.0157533852399353,-28.21197064428296,3.0,56.0
231,2024-09-08 18:48:00,manufacturing_engineer_interview.txt,-999,0,0.0224653856894265,0.0066211195207593,0.011394258755595,0.0884986291436859,0.0028692763750173,4.1023644547644125,0.0040912796832768,202.95053921264457,0.001631689705553,8.485168002197142,0.0066481422689409,-27.13992340216552,38.0,49.0
231,2024-09-08 18:48:00,marine_engineer_interview.txt,-999,0,0.0238765574852872,0.0060516763107773,0.0102485698311865,0.0780089556297162,0.0031300208875037,10.641594300710125,0.0019911977372369,176.89556059850963,0.0016920115699502,-2.4229795226850257,0.0166937449632791,-35.77597147555693,27.0,85.0
231,2024-09-08 18:48:00,marketing_manager_interview.txt,-999,0,0.0142169061521402,0.0,0.0113431948078726,0.0824169146190614,0.0001665238590472,-34.1202699063446,0.0,-100.0,0.0008648380057745,7.998986227117484,0.0284135591743654,-32.14694091642406,92.0,74.0
231,2024-09-08 18:48:00,materials_engineer_interview.txt,-999,0,0.0221587602010744,0.0028612303290414,0.0097477321494525,0.0892517376016255,0.0018752097305386,2.681492417184856,0.0049557963020568,30.9161189851593,0.0031825592321156,-7.191474008389491,0.0249993887132406,-26.51989639764703,40.0,48.0
231,2024-09-08 18:48:00,mechanical_engineer_interview.txt,-999,0,0.0246604730656184,0.0011962211598053,0.0097131038469766,0.0854805845068727,0.0034384323918228,14.274181186757204,0.0010420210897166,-45.26668122446927,0.0022392709859757,-7.521171384261365,0.0265291929074135,-29.62465074248257,22.0,65.0
231,2024-09-08 18:48:00,meteorologist_interview.txt,-999,0,0.0141949871038151,0.0009442037881032,0.0094330163092178,0.0942787720423603,0.0026517505056523,-34.22184059775357,0.0009543554933095,-56.79778233338686,0.001435580484647,-10.187895410883186,0.0112189689344773,-22.381186928857232,93.0,29.0
231,2024-09-08 18:48:00,microbiologist_interview.txt,-999,0,0.0211085468465348,0.005340925810914,0.0088949331658219,0.0789350882191564,0.0024430142081105,-2.1850918872635248,0.0038817423038134,144.37504099390904,0.0022089444762427,-15.311005343925729,0.0032147650224402,-35.01349535520028,45.0,82.0
231,2024-09-08 18:48:00,mining_engineer_interview.txt,-999,0,0.0212511551107277,0.0078255903668645,0.0086709808394909,0.0902258779453942,0.0035694385672288,-1.5242593647995475,0.0022746879013937,258.0613238993463,0.0009273477787399,-17.443263902173413,0.0180224780129312,-25.71789595141651,44.0,46.0
231,2024-09-08 18:48:00,mobile_app_developer_interview.txt,-999,0,0.0199598527435383,0.0003267973856209,0.0115873656861676,0.0948229799305633,0.0074762235606434,-7.50802619208028,0.0005660296756761,-85.04732562571465,0.0039935509335509,10.323746382320238,0.0071995912336524,-21.933145769312915,60.0,25.0
231,2024-09-08 18:48:00,natural_language_processing_engineer_interview.txt,-999,0,0.0334840062543954,0.0034214368156955,0.0087682054203089,0.0878761351163032,0.0060444587771486,55.1615570144111,0.0028056800916069,56.54846962769821,0.0020298144214147,-16.5175849957851,0.0093364275397464,-27.65241679280512,1.0,51.0
231,2024-09-08 18:48:00,network_administrator_interview.txt,-999,0,0.0192170071897046,0.0051580789028316,0.0115835397878264,0.0915416420623942,0.0044987861319371,-10.950298657279616,0.00226326445063,136.00884714659364,0.0054316601546652,10.287319859699425,0.0278974173609563,-24.63463991370257,63.0,40.0
231,2024-09-08 18:48:00,neuroscientist_interview.txt,-999,0,0.0184308007870402,0.0049274797722237,0.0091896457112837,0.0809398294497144,0.0018328507771187,-14.593500986334403,0.0048149410485544,125.457741591015,0.0021090828519493,-12.505036066540214,0.0078995592669168,-33.363011036622325,70.0,78.0
231,2024-09-08 18:48:00,no_persona_interview.txt,-999,0,0.0215800916790784,0.0021855447222399,0.0105030567453831,0.1214638156808036,0.0031633921132,0.0,0.0023407411504704,0.0,0.0002872343285128,0.0,0.0108501354618666,0.0,41.0,1.0
231,2024-09-08 18:48:00,nuclear_engineer_interview.txt,-999,0,0.0210144687329415,0.0048986441215328,0.0089881940609598,0.0906192662971577,0.001028387403069,-2.621040515250641,0.0031598392420749,124.13836109984962,0.0011816162460258,-14.423064838616328,0.0144960432036999,-25.39402307655365,46.0,44.0
231,2024-09-08 18:48:00,nurse_interview.txt,-999,0,0.0150879008225472,0.0026742551231146,0.009716593080125,0.0971584166574543,0.0024961217797191,-30.08416717165906,0.0025730994120577,22.36103411207415,0.0012488995632625,-7.487950263658632,0.0354026682991538,-20.010403005304696,90.0,20.0
231,2024-09-08 18:48:00,occupational_therapist_interview.txt,-999,0,0.0153350402164061,0.0025281888342646,0.0115539303100048,0.0841973333108286,0.0054443542085989,-28.938947783649738,0.0029278616901275,15.677744250116405,0.0016540518437497,10.005406902934638,0.0281718821971688,-30.68113920273018,89.0,68.0
231,2024-09-08 18:48:00,operations_manager_interview.txt,-999,0,0.0177635022309154,0.0029388164742648,0.010581766139895,0.0882182450981003,0.0048719382259019,-17.685696172751292,0.0033173312875158,34.46608730353154,0.0017186981400184,0.7493951182018748,0.0084388100800012,-27.37076091045064,76.0,50.0
231,2024-09-08 18:48:00,petroleum_engineer_interview.txt,-999,0,0.0254401952900637,0.0040352565842137,0.0110378376109134,0.0903494216868446,0.0021523686792192,17.88733647840644,0.0011703030303113,84.63390582454218,0.0011841587070843,5.091668820749746,0.0274351237009919,-25.61618356838457,15.0,45.0
231,2024-09-08 18:48:00,pharmacist_interview.txt,-999,0,0.0170545366924809,0.0057439316112459,0.0086597684931081,0.104043274382862,0.0057915340433162,-20.97097201391832,0.0058048799137468,162.81464537404418,0.0018671048382267,-17.550017075603023,0.016227204610252,-14.342165360358194,81.0,11.0
231,2024-09-08 18:48:00,physical_therapist_interview.txt,-999,0,0.0154506912028226,0.0022042126693289,0.0087631774604501,0.0902160287811639,0.0031058703640925,-28.403032607123663,0.0029500813859291,0.8541553462192155,0.0016218222195198,-16.56545639151956,0.0041181409711296,-25.72600467431066,88.0,47.0
231,2024-09-08 18:48:00,physicist_interview.txt,-999,0,0.0265845764259676,0.0021013236212359,0.0104119024384408,0.0807094114580272,0.0035216841604371,23.19028492238056,0.0022275087944935,-3.853551938194755,0.0016672799425358,-0.8678835995283691,0.0322164248427353,-33.55271196969096,10.0,79.0
231,2024-09-08 18:48:00,procurement_specialist_interview.txt,-999,0,0.0172471729116414,0.0048329406841956,0.0100232127153369,0.0827382283328885,0.0018541962915867,-20.07831492040286,0.0037408608816577,121.13208826230272,0.0017429326690114,-4.568613135000902,0.0139851891552017,-31.88240640297564,79.0,73.0
231,2024-09-08 18:48:00,product_manager_interview.txt,-999,0,0.0262428835349894,0.003447869239889,0.0093051964607328,0.0917601876083882,0.0065491222016182,21.606914026373047,0.0014442537574536,57.757890049275886,0.0011095225831457,-11.404873016389246,0.0202851486453967,-24.454713451843105,11.0,38.0
231,2024-09-08 18:48:00,professor_of_classics_interview.txt,-999,0,0.0167162966898184,0.0028585801763438,0.0100139146622539,0.0915968257982905,0.0025351145918731,-22.53834256865275,0.0025234751657101,30.79486076194749,0.0011051253234303,-4.657140249615281,0.022192338173977,-24.58920767070325,83.0,39.0
231,2024-09-08 18:48:00,project_manager_interview.txt,-999,0,0.0170734314290153,0.0,0.0119415664521891,0.0806365718050697,0.0066875903254784,-20.883415682762102,0.0,-100.0,0.0018953197998805,13.69610525467553,0.0174460540725226,-33.612680160669655,80.0,81.0
231,2024-09-08 18:48:00,psychologist_interview.txt,-999,0,0.0203450164958258,0.0031943143865765,0.0120639081357596,0.0972542571111086,0.00509128277264,-5.723215645325624,0.0031184377153203,46.15644118701599,0.000525447295598,14.860925045108004,0.0232921070375081,-19.931498474669667,54.0,19.0
231,2024-09-08 18:48:00,public_relations_specialist_interview.txt,-999,0,0.013825027394115,0.0025689949503093,0.0085042471584493,0.0864781188040093,0.0013005054710886,-35.93619712228467,0.0036167371325375,17.544835581144653,0.0005808311000438,-19.03074157732576,0.0383568429457168,-28.80339027775452,95.0,57.0
231,2024-09-08 18:48:00,quality_control_engineer_interview.txt,-999,0,0.0237824672350344,0.0027463087755318,0.0109220932186812,0.0932051658332689,0.0045101286349404,10.205589432648935,0.0023904249968449,25.6578622064183,0.0026676718424386,3.989662090346215,0.0162061212619114,-23.265076672542506,29.0,35.0
231,2024-09-08 18:48:00,restaurant_manager_interview.txt,-999,0,0.0172984356396933,0.0042707332692923,0.0106777177172395,0.1058920380426076,0.0038276308127135,-19.840768533602017,0.0043237059586977,95.40818478037608,0.0003307923473709,1.6629537104349623,0.0320869864034904,-12.820095886924236,77.0,8.0
231,2024-09-08 18:48:00,retail_manager_interview.txt,-999,0,0.0187428480026333,0.0,0.0075916171719611,0.0821938565535983,0.003610316922512,-13.147505203584371,0.0,-100.0,0.0019452625409196,-27.719926151039505,0.0122350240562024,-32.330582492487565,67.0,75.0
231,2024-09-08 18:48:00,robotics_engineer_interview.txt,-999,0,0.0276020643479909,0.0085603872741214,0.011227239158933,0.0734648570848125,0.0073502541993462,27.905222825122,0.0036473758735974,291.6820912888039,0.0023833978542452,6.894968113623449,0.0125933396751625,-39.51708443124182,6.0,95.0
231,2024-09-08 18:48:00,safety_engineer_interview.txt,-999,0,0.0248585945105237,0.0082208596572791,0.0101022818024032,0.0873015176313547,0.0050674359495128,15.192256271199184,0.0030361371576923,276.1469428479019,0.0026380452266512,-3.815793370402005,0.0151659924601885,-28.125493883070845,21.0,55.0
231,2024-09-08 18:48:00,sales_manager_interview.txt,-999,0,0.0146650860580836,0.0,0.0085906385010351,0.1136125960985876,0.0037652682127267,-32.04344876671095,0.0,-100.0,0.000637503057182,-18.20820634134576,0.0095768894759108,-6.463834137113153,91.0,3.0
231,2024-09-08 18:48:00,seo_specialist_interview.txt,-999,0,0.0158259947627371,0.0,0.0092010691664862,0.098159746852375,0.0022495597755369,-26.6639132118229,0.0,-100.0,0.0021518199657368,-12.396272918064454,0.006471790000525,-19.186017414165235,87.0,16.0
231,2024-09-08 18:48:00,shop_assistant_interview.txt,-999,0,0.0133663796211296,0.0003360215053763,0.0095500289684418,0.0806535207711613,0.0031519186180751,-38.061525317391954,0.0005820063197476,-84.62527433289208,0.0021616531832349,-9.07381346254519,0.0130062847316984,-33.598726238675226,96.0,80.0
231,2024-09-08 18:48:00,social_media_manager_interview.txt,-999,0,0.0115698893352397,0.0002832058906825,0.0104188747247646,0.0864630133710102,0.0024701122084169,-46.38628274940751,0.0004905269916649,-87.04186247937888,0.001491228840661,-0.8015001980779601,0.0091136269875107,-28.81582643655163,100.0,58.0
231,2024-09-08 18:48:00,software_quality_assurance_tester_interview.txt,-999,0,0.0234536758093293,0.0042623777703745,0.0097179425659479,0.0743660348583133,0.0061574528694925,8.682002644443344,0.000512124403759,95.02587739344472,0.0016530330913081,-7.475101758164854,0.0087321068481762,-38.77515337263829,31.0,91.0
231,2024-09-08 18:48:00,speech_therapist_interview.txt,-999,0,0.0169068714158658,0.0015467904098994,0.0117540349156231,0.091028071843161,0.0014547348836768,-21.6552382293317,0.0026791195786061,-29.22632082704847,0.000670642430778,11.91061041148724,0.0053504151216685,-25.05745737284019,82.0,43.0
231,2024-09-08 18:48:00,structural_engineer_interview.txt,-999,0,0.0256035290695795,0.0029875721308355,0.0113389493944062,0.0878349704171043,0.004746478671188,18.644208978971875,0.0035232703783192,36.69691132074587,0.001124695538436,7.958565485143083,0.0176523853462188,-27.68630729671212,13.0,52.0
231,2024-09-08 18:48:00,supply_chain_manager_interview.txt,-999,0,0.0201285841948271,0.0040264688913452,0.0092794818510699,0.1039748973781662,0.0015093164837642,-6.726141416991922,0.0023485596843501,84.23182332405634,0.0027400999929835,-11.649702786296883,0.0228974366903643,-14.39845949562188,58.0,12.0
231,2024-09-08 18:48:00,system_administrator_interview.txt,-999,0,0.0250423964817947,0.0056025644133044,0.0112376986022642,0.0935390014062527,0.0050517731976174,16.043976338028983,0.0007886142519597,156.34636327928916,0.0002964505551615,6.994552868659582,0.0224172636226541,-22.99023303197956,18.0,31.0
231,2024-09-08 18:48:00,transportation_engineer_interview.txt,-999,0,0.0214952681676155,0.0028506576224694,0.0101139448003243,0.0934406629463266,0.0050415975393304,-0.3930637215277386,0.00190567111992,30.43236285496002,0.0017266961531012,-3.7047495266542967,0.0325836352747639,-23.07119414733305,42.0,32.0
231,2024-09-08 18:48:00,travel_agent_interview.txt,-999,0,0.0179731343918433,0.0040526923214037,0.0100994967556337,0.097546391708399,0.0081026086922181,-16.7142815743087,0.0029754329116433,85.43168118061942,0.0014318052784849,-3.84230990589316,0.0310108139053601,-19.69098684933252,73.0,18.0
231,2024-09-08 18:48:00,veterinarian_interview.txt,-999,0,0.0159225697258685,0.004249097818145,0.0095696961594487,0.0965120500072773,0.0011397924745638,-26.216394431237617,0.0049185574954722,94.41825074117898,0.0020456432991248,-8.886561394088247,0.0074979538212146,-20.542550498411288,85.0,21.0
231,2024-09-08 18:48:00,warehouse_manager_interview.txt,-999,0,0.0230312060879733,0.0030442428225222,0.0106887791261051,0.0980041662321301,0.0004282195501857,6.724319944857953,0.0031015972353375,39.28988922277529,0.0016421328674822,1.7682698020619227,0.0113887774577318,-19.314105453696115,34.0,17.0
231,2024-09-08 18:48:00,water_resources_engineer_interview.txt,-999,0,0.0239629314831435,0.0050610997061279,0.0076433867465865,0.1066564230266636,0.0020330545360228,11.041842822082115,0.0080241692141361,131.57154619745697,0.0018308113164779,-27.2270260755622,0.0283774190720745,-12.190785026095782,26.0,6.0
232,2024-09-08 18:59:42,restaurant_manager_interview.txt,1,0,0.0197916666666666,0.0041666666666666,0.0104166666666666,0.1317920361857331,,,,,,,,,,
232,2024-09-08 18:59:42,restaurant_manager_interview.txt,2,0,0.012891344383057,0.0,0.011049723756906,0.0699971644105389,,,,,,,,,,
232,2024-09-08 18:59:42,restaurant_manager_interview.txt,3,0,0.0192122958693563,0.0086455331412103,0.010566762728146,0.1158869135315509,,,,,,,,,,
232,2024-09-08 18:59:42,geneticist_interview.txt,1,0,0.0222816399286987,0.0089126559714795,0.0080213903743315,0.1023018909308028,,,,,,,,,,
232,2024-09-08 18:59:42,geneticist_interview.txt,2,0,0.019644527595884,0.0,0.010289990645463,0.0976658041305644,,,,,,,,,,
232,2024-09-08 18:59:42,geneticist_interview.txt,3,0,0.0208333333333333,0.0072115384615384,0.0096153846153846,0.0870934718897853,,,,,,,,,,
232,2024-09-08 18:59:42,speech_therapist_interview.txt,1,0,0.0185614849187935,0.0046403712296983,0.0116009280742459,0.0850641021876443,,,,,,,,,,
232,2024-09-08 18:59:42,speech_therapist_interview.txt,2,0,0.0163304514889529,0.0,0.0124879923150816,0.0926135462215361,,,,,,,,,,
232,2024-09-08 18:59:42,speech_therapist_interview.txt,3,0,0.015828677839851,0.0,0.0111731843575419,0.0954065671203025,,,,,,,,,,
232,2024-09-08 18:59:42,customer_service_representative_interview.txt,1,0,0.0223404255319148,0.0,0.0170212765957446,0.1005231973827433,,,,,,,,,,
232,2024-09-08 18:59:42,customer_service_representative_interview.txt,2,0,0.0190677966101694,0.0,0.010593220338983,0.1258091347994185,,,,,,,,,,
232,2024-09-08 18:59:42,customer_service_representative_interview.txt,3,0,0.0215686274509803,0.0,0.0117647058823529,0.0782564031294772,,,,,,,,,,
232,2024-09-08 18:59:42,construction_manager_interview.txt,1,0,0.0165208940719144,0.0,0.0087463556851311,0.0827157081994325,,,,,,,,,,
232,2024-09-08 18:59:42,construction_manager_interview.txt,2,0,0.0209731543624161,0.0025167785234899,0.0075503355704697,0.0786702898424613,,,,,,,,,,
232,2024-09-08 18:59:42,construction_manager_interview.txt,3,0,0.0236294896030245,0.0018903591682419,0.0103969754253308,0.0594957588169325,,,,,,,,,,
232,2024-09-08 18:59:42,doctor_interview.txt,1,0,0.0213143872113676,0.0008880994671403,0.0133214920071047,0.0796877522239052,,,,,,,,,,
232,2024-09-08 18:59:42,doctor_interview.txt,2,0,0.0189520624303233,0.0011148272017837,0.0066889632107023,0.0512211063365923,,,,,,,,,,
232,2024-09-08 18:59:42,doctor_interview.txt,3,0,0.0181236673773987,0.0010660980810234,0.0106609808102345,0.0982768714941978,,,,,,,,,,
232,2024-09-08 18:59:42,human_resources_manager_interview.txt,1,0,0.0128314798973481,0.0,0.011120615911035,0.0915602913117662,,,,,,,,,,
232,2024-09-08 18:59:42,human_resources_manager_interview.txt,2,0,0.0140227870289219,0.0017528483786152,0.0122699386503067,0.1084229915666589,,,,,,,,,,
232,2024-09-08 18:59:42,human_resources_manager_interview.txt,3,0,0.0172884440400363,0.0018198362147406,0.010919017288444,0.0488019291901061,,,,,,,,,,
232,2024-09-08 18:59:42,water_resources_engineer_interview.txt,1,0,0.0257633587786259,0.0143129770992366,0.0057251908396946,0.0922137330310751,,,,,,,,,,
232,2024-09-08 18:59:42,water_resources_engineer_interview.txt,2,0,0.0217580504786771,0.000870322019147,0.0078328981723237,0.1393499968719819,,,,,,,,,,
232,2024-09-08 18:59:42,water_resources_engineer_interview.txt,3,0,0.0243673851921274,0.0,0.0093720712277413,0.0884055391769336,,,,,,,,,,
232,2024-09-08 18:59:42,project_manager_interview.txt,1,0,0.0179894179894179,0.0,0.0137566137566137,0.0956805932924724,,,,,,,,,,
232,2024-09-08 18:59:42,project_manager_interview.txt,2,0,0.0099750623441396,0.0,0.0099750623441396,0.0847172704784101,,,,,,,,,,
232,2024-09-08 18:59:42,project_manager_interview.txt,3,0,0.0241860465116279,0.0,0.0130232558139534,0.0615118516443266,,,,,,,,,,
232,2024-09-08 18:59:42,biologist_interview.txt,1,0,0.0229357798165137,0.0068807339449541,0.0091743119266055,0.1179416952887757,,,,,,,,,,
232,2024-09-08 18:59:42,biologist_interview.txt,2,0,0.0332383665716999,0.0009496676163342,0.0113960113960113,0.0990934647871438,,,,,,,,,,
232,2024-09-08 18:59:42,biologist_interview.txt,3,0,0.0179924242424242,0.0,0.0066287878787878,0.0790558234130636,,,,,,,,,,
232,2024-09-08 18:59:42,occupational_therapist_interview.txt,1,0,0.0101851851851851,0.0,0.0111111111111111,0.0525151165224253,,,,,,,,,,
232,2024-09-08 18:59:42,occupational_therapist_interview.txt,2,0,0.0219885277246653,0.005736137667304,0.0133843212237093,0.1064284965608685,,,,,,,,,,
232,2024-09-08 18:59:42,occupational_therapist_interview.txt,3,0,0.0147874306839186,0.0018484288354898,0.010166358595194,0.093648386849192,,,,,,,,,,
232,2024-09-08 18:59:42,network_administrator_interview.txt,1,0,0.024390243902439,0.0046457607433217,0.0174216027874564,0.0948924220450245,,,,,,,,,,
232,2024-09-08 18:59:42,network_administrator_interview.txt,2,0,0.0162213740458015,0.0076335877862595,0.006679389312977,0.0621201694549259,,,,,,,,,,
232,2024-09-08 18:59:42,network_administrator_interview.txt,3,0,0.0181043663471778,0.0031948881789137,0.0117145899893503,0.1176123346872322,,,,,,,,,,
232,2024-09-08 18:59:42,neuroscientist_interview.txt,1,0,0.0189933523266856,0.0009496676163342,0.0094966761633428,0.0748619456832399,,,,,,,,,,
232,2024-09-08 18:59:42,neuroscientist_interview.txt,2,0,0.0213143872113676,0.0035523978685612,0.0124333925399644,0.0780883101199014,,,,,,,,,,
232,2024-09-08 18:59:42,neuroscientist_interview.txt,3,0,0.016822429906542,0.0102803738317757,0.0074766355140186,0.0898692325460021,,,,,,,,,,
232,2024-09-08 18:59:42,retail_manager_interview.txt,1,0,0.0164986251145737,0.0,0.0054995417048579,0.0851586142248364,,,,,,,,,,
232,2024-09-08 18:59:42,retail_manager_interview.txt,2,0,0.0229074889867841,0.0,0.0079295154185022,0.0926740640862768,,,,,,,,,,
232,2024-09-08 18:59:42,retail_manager_interview.txt,3,0,0.016822429906542,0.0,0.0093457943925233,0.0687488913496817,,,,,,,,,,
232,2024-09-08 18:59:42,agricultural_engineer_interview.txt,1,0,0.0167539267015706,0.0,0.0094240837696335,0.0677304538869327,,,,,,,,,,
232,2024-09-08 18:59:42,agricultural_engineer_interview.txt,2,0,0.0200956937799043,0.0,0.0105263157894736,0.0730479753031924,,,,,,,,,,
232,2024-09-08 18:59:42,agricultural_engineer_interview.txt,3,0,0.0192307692307692,0.0,0.0113636363636363,0.0622914920299397,,,,,,,,,,
232,2024-09-08 18:59:42,electrical_engineer_interview.txt,1,0,0.0238095238095238,0.0052910052910052,0.0070546737213403,0.0797883593735699,,,,,,,,,,
232,2024-09-08 18:59:42,electrical_engineer_interview.txt,2,0,0.0446859903381642,0.0048309178743961,0.0084541062801932,0.061414648015585,,,,,,,,,,
232,2024-09-08 18:59:42,electrical_engineer_interview.txt,3,0,0.0195208518189884,0.0079858030168589,0.0079858030168589,0.0725200308837372,,,,,,,,,,
232,2024-09-08 18:59:42,quality_control_engineer_interview.txt,1,0,0.020368574199806,0.0038797284190106,0.0135790494665373,0.0750452380239722,,,,,,,,,,
232,2024-09-08 18:59:42,quality_control_engineer_interview.txt,2,0,0.0293560606060606,0.0,0.0132575757575757,0.0983734634910823,,,,,,,,,,
232,2024-09-08 18:59:42,quality_control_engineer_interview.txt,3,0,0.023539668700959,0.004359197907585,0.007846556233653,0.1061967959847522,,,,,,,,,,
232,2024-09-08 18:59:42,machine_learning_engineer_interview.txt,1,0,0.02868068833652,0.002868068833652,0.011472275334608,0.0977161027342026,,,,,,,,,,
232,2024-09-08 18:59:42,machine_learning_engineer_interview.txt,2,0,0.0316004077471967,0.0050968399592252,0.0101936799184505,0.0690847307453252,,,,,,,,,,
232,2024-09-08 18:59:42,machine_learning_engineer_interview.txt,3,0,0.0295918367346938,0.0061224489795918,0.0112244897959183,0.0947886054930001,,,,,,,,,,
232,2024-09-08 18:59:42,psychologist_interview.txt,1,0,0.0172579098753595,0.0009587727708533,0.012464046021093,0.1184135611316723,,,,,,,,,,
232,2024-09-08 18:59:42,psychologist_interview.txt,2,0,0.027027027027027,0.0067567567567567,0.0135135135135135,0.072296317988978,,,,,,,,,,
232,2024-09-08 18:59:42,psychologist_interview.txt,3,0,0.0186741363211951,0.0018674136321195,0.0121381886087768,0.1010528922126755,,,,,,,,,,
232,2024-09-08 18:59:42,geologist_interview.txt,1,0,0.0267591674925668,0.0019821605550049,0.0109018830525272,0.0819414717231977,,,,,,,,,,
232,2024-09-08 18:59:42,geologist_interview.txt,2,0,0.0252525252525252,0.0,0.0121212121212121,0.1057528576386272,,,,,,,,,,
232,2024-09-08 18:59:42,geologist_interview.txt,3,0,0.0192660550458715,0.0036697247706422,0.0064220183486238,0.0863602400187569,,,,,,,,,,
232,2024-09-08 18:59:42,chemical_engineer_interview.txt,1,0,0.0198609731876861,0.0,0.012909632571996,0.1213271515812998,,,,,,,,,,
232,2024-09-08 18:59:42,chemical_engineer_interview.txt,2,0,0.0231660231660231,0.0,0.0115830115830115,0.1066328861576164,,,,,,,,,,
232,2024-09-08 18:59:42,chemical_engineer_interview.txt,3,0,0.0285977859778597,0.007380073800738,0.0083025830258302,0.0845483481268637,,,,,,,,,,
232,2024-09-08 18:59:42,machine_learning_engineer_interview copy.txt,1,0,0.0292112950340798,0.0009737098344693,0.0146056475170399,0.0930669448190147,,,,,,,,,,
232,2024-09-08 18:59:42,machine_learning_engineer_interview copy.txt,2,0,0.025368248772504,0.0,0.0081833060556464,0.0873749299909319,,,,,,,,,,
232,2024-09-08 18:59:42,machine_learning_engineer_interview copy.txt,3,0,0.0229396771452846,0.0016992353440951,0.0084961767204757,0.0818841960429814,,,,,,,,,,
232,2024-09-08 18:59:42,no_persona_interview.txt,1,0,0.0199619771863117,0.0019011406844106,0.0104562737642585,0.1289230293721793,,,,,,,,,,
232,2024-09-08 18:59:42,no_persona_interview.txt,2,0,0.0195530726256983,0.0046554934823091,0.01024208566108,0.1090166668724607,,,,,,,,,,
232,2024-09-08 18:59:42,no_persona_interview.txt,3,0,0.0252252252252252,0.0,0.0108108108108108,0.1264517507977707,,,,,,,,,,
232,2024-09-08 18:59:42,financial_analyst_interview.txt,1,0,0.0283553875236294,0.0009451795841209,0.0094517958412098,0.0984798690667989,,,,,,,,,,
232,2024-09-08 18:59:42,financial_analyst_interview.txt,2,0,0.0134408602150537,0.0044802867383512,0.0098566308243727,0.055159508383983,,,,,,,,,,
232,2024-09-08 18:59:42,financial_analyst_interview.txt,3,0,0.0202898550724637,0.0,0.0106280193236714,0.1055522206241346,,,,,,,,,,
232,2024-09-08 18:59:42,civil_engineer_interview.txt,1,0,0.013611615245009,0.0,0.014519056261343,0.0840848943151754,,,,,,,,,,
232,2024-09-08 18:59:42,civil_engineer_interview.txt,2,0,0.0228471001757469,0.0043936731107205,0.0087873462214411,0.0814986554562683,,,,,,,,,,
232,2024-09-08 18:59:42,civil_engineer_interview.txt,3,0,0.0246478873239436,0.0,0.0096830985915492,0.0697314998462514,,,,,,,,,,
232,2024-09-08 18:59:42,meteorologist_interview.txt,1,0,0.0129390018484288,0.0009242144177449,0.011090573012939,0.0828745919947205,,,,,,,,,,
232,2024-09-08 18:59:42,meteorologist_interview.txt,2,0,0.0133587786259541,0.0019083969465648,0.0095419847328244,0.1053028703368924,,,,,,,,,,
232,2024-09-08 18:59:42,meteorologist_interview.txt,3,0,0.0172413793103448,0.0,0.0086206896551724,0.094658853795468,,,,,,,,,,
232,2024-09-08 18:59:42,shop_assistant_interview.txt,1,0,0.0189873417721519,0.0063291139240506,0.0126582278481012,0.0788959691729436,,,,,,,,,,
232,2024-09-08 18:59:42,shop_assistant_interview.txt,2,0,0.011453744493392,0.0008810572687224,0.0096916299559471,0.0735345173024602,,,,,,,,,,
232,2024-09-08 18:59:42,shop_assistant_interview.txt,3,0,0.0200913242009132,0.0,0.0054794520547945,0.0781574645763682,,,,,,,,,,
232,2024-09-08 18:59:42,social_media_manager_interview.txt,1,0,0.0094043887147335,0.0,0.0104493207941483,0.0848200489752304,,,,,,,,,,
232,2024-09-08 18:59:42,social_media_manager_interview.txt,2,0,0.0110450297366185,0.0008496176720475,0.0118946474086661,0.0782826236600617,,,,,,,,,,
232,2024-09-08 18:59:42,social_media_manager_interview.txt,3,0,0.0142602495543672,0.0,0.0089126559714795,0.0962863674777385,,,,,,,,,,
232,2024-09-08 18:59:42,marine_engineer_interview.txt,1,0,0.023417172593235,0.007805724197745,0.0121422376409366,0.0740413802677727,,,,,,,,,,
232,2024-09-08 18:59:42,marine_engineer_interview.txt,2,0,0.0272108843537414,0.0038872691933916,0.0097181729834791,0.0963290488970035,,,,,,,,,,
232,2024-09-08 18:59:42,marine_engineer_interview.txt,3,0,0.0218093699515347,0.0064620355411954,0.0096930533117932,0.0636564377243725,,,,,,,,,,
232,2024-09-08 18:59:42,warehouse_manager_interview.txt,1,0,0.0234604105571847,0.002932551319648,0.0087976539589442,0.1110369687520402,,,,,,,,,,
232,2024-09-08 18:59:42,warehouse_manager_interview.txt,2,0,0.0230292294065544,0.0062001771479185,0.0115146147032772,0.0930088816144836,,,,,,,,,,
232,2024-09-08 18:59:42,warehouse_manager_interview.txt,3,0,0.0226039783001808,0.0,0.011754068716094,0.0899666483298664,,,,,,,,,,
232,2024-09-08 18:59:42,business_intelligence_analyst_interview.txt,1,0,0.0287846481876332,0.0106609808102345,0.0085287846481876,0.0842939637913583,,,,,,,,,,
232,2024-09-08 18:59:42,business_intelligence_analyst_interview.txt,2,0,0.0235492010092514,0.0075693860386879,0.0042052144659377,0.0536801276246441,,,,,,,,,,
232,2024-09-08 18:59:42,business_intelligence_analyst_interview.txt,3,0,0.0158730158730158,0.0009920634920634,0.0089285714285714,0.0736783828237876,,,,,,,,,,
232,2024-09-08 18:59:42,full_stack_developer_interview.txt,1,0,0.0279383429672447,0.001926782273603,0.01252408477842,0.0740868209222874,,,,,,,,,,
232,2024-09-08 18:59:42,full_stack_developer_interview.txt,2,0,0.0299227799227799,0.0077220077220077,0.0096525096525096,0.0984660901890756,,,,,,,,,,
232,2024-09-08 18:59:42,full_stack_developer_interview.txt,3,0,0.0216535433070866,0.0009842519685039,0.0108267716535433,0.0597247938729735,,,,,,,,,,
232,2024-09-08 18:59:42,focus_group_interview.txt,1,0,0.0013468013468013,0.0004810004810004,0.0003046336379669,0.1209443028271942,,,,,,,,,,
232,2024-09-08 18:59:42,focus_group_interview.txt,2,0,0.0013014266890078,0.0004392315075401,0.0002928210050267,0.1264977604862439,,,,,,,,,,
232,2024-09-08 18:59:42,focus_group_interview.txt,3,0,0.0012746566393677,0.0005098626557471,0.0003027309518498,0.1127472742737444,,,,,,,,,,
232,2024-09-08 18:59:42,travel_agent_interview.txt,1,0,0.015488867376573,0.0067763794772507,0.0116166505324298,0.1128120843439154,,,,,,,,,,
232,2024-09-08 18:59:42,travel_agent_interview.txt,2,0,0.027027027027027,0.0045045045045045,0.0099099099099099,0.1179650970472129,,,,,,,,,,
232,2024-09-08 18:59:42,travel_agent_interview.txt,3,0,0.0114035087719298,0.0008771929824561,0.0087719298245614,0.0618619937340687,,,,,,,,,,
232,2024-09-08 18:59:42,robotics_engineer_interview.txt,1,0,0.0348499515972894,0.0096805421103581,0.0087124878993223,0.0737664384820222,,,,,,,,,,
232,2024-09-08 18:59:42,robotics_engineer_interview.txt,2,0,0.0211132437619961,0.0115163147792706,0.0124760076775431,0.0607234353190345,,,,,,,,,,
232,2024-09-08 18:59:42,robotics_engineer_interview.txt,3,0,0.0278026905829596,0.0044843049327354,0.0134529147982062,0.0859046974533807,,,,,,,,,,
232,2024-09-08 18:59:42,biomedical_engineer_interview.txt,1,0,0.026026026026026,0.002002002002002,0.011011011011011,0.1130612484987703,,,,,,,,,,
232,2024-09-08 18:59:42,biomedical_engineer_interview.txt,2,0,0.0243190661478599,0.0,0.0126459143968871,0.0910505492032178,,,,,,,,,,
232,2024-09-08 18:59:42,biomedical_engineer_interview.txt,3,0,0.0255653883972468,0.0019665683382497,0.0117994100294985,0.0734591235034939,,,,,,,,,,
232,2024-09-08 18:59:42,marketing_manager_interview.txt,1,0,0.0140421263791374,0.0,0.0110330992978936,0.0886342547429894,,,,,,,,,,
232,2024-09-08 18:59:42,marketing_manager_interview.txt,2,0,0.0142348754448398,0.0,0.0106761565836298,0.0514095195630638,,,,,,,,,,
232,2024-09-08 18:59:42,marketing_manager_interview.txt,3,0,0.0143737166324435,0.0,0.0123203285420944,0.107206969551131,,,,,,,,,,
232,2024-09-08 18:59:42,professor_of_classics_interview.txt,1,0,0.0192461908580593,0.0008019246190858,0.0112269446672012,0.085385415787956,,,,,,,,,,
232,2024-09-08 18:59:42,professor_of_classics_interview.txt,2,0,0.0172727272727272,0.0036363636363636,0.0109090909090909,0.0785437867744377,,,,,,,,,,
232,2024-09-08 18:59:42,professor_of_classics_interview.txt,3,0,0.0159680638722554,0.0009980039920159,0.0079840319361277,0.0943515706900125,,,,,,,,,,
232,2024-09-08 18:59:42,environmental_engineer_interview.txt,1,0,0.017391304347826,0.0021739130434782,0.008695652173913,0.0832430021291639,,,,,,,,,,
232,2024-09-08 18:59:42,environmental_engineer_interview.txt,2,0,0.0159716060337178,0.0017746228926353,0.0106477373558118,0.0786494166932998,,,,,,,,,,
232,2024-09-08 18:59:42,environmental_engineer_interview.txt,3,0,0.0184859154929577,0.0008802816901408,0.0105633802816901,0.0646709598922434,,,,,,,,,,
232,2024-09-08 18:59:42,physical_therapist_interview.txt,1,0,0.0138888888888888,0.0055555555555555,0.0083333333333333,0.086200272193477,,,,,,,,,,
232,2024-09-08 18:59:42,physical_therapist_interview.txt,2,0,0.0134357005758157,0.0,0.010556621880998,0.0944294363378905,,,,,,,,,,
232,2024-09-08 18:59:42,physical_therapist_interview.txt,3,0,0.0190274841437632,0.0010570824524312,0.007399577167019,0.0900183778121243,,,,,,,,,,
232,2024-09-08 18:59:42,astronomer_interview.txt,1,0,0.020076481835564,0.0,0.0105162523900573,0.0375008175954264,,,,,,,,,,
232,2024-09-08 18:59:42,astronomer_interview.txt,2,0,0.0231481481481481,0.0083333333333333,0.0092592592592592,0.0817300924473827,,,,,,,,,,
232,2024-09-08 18:59:42,astronomer_interview.txt,3,0,0.0266299357208448,0.0009182736455463,0.0082644628099173,0.0861344949881433,,,,,,,,,,
232,2024-09-08 18:59:42,ai_professor_interview.txt,1,0,0.0284629981024667,0.0066413662239089,0.0094876660341555,0.0874196362482124,,,,,,,,,,
232,2024-09-08 18:59:42,ai_professor_interview.txt,2,0,0.0235720761559383,0.0054397098821396,0.0117860380779691,0.099253378493138,,,,,,,,,,
232,2024-09-08 18:59:42,ai_professor_interview.txt,3,0,0.0202874049027895,0.0025359256128486,0.0135249366018596,0.0929705997245477,,,,,,,,,,
232,2024-09-08 18:59:42,game_developer_interview.txt,1,0,0.0214752567693744,0.0009337068160597,0.0102707749766573,0.0950273082398578,,,,,,,,,,
232,2024-09-08 18:59:42,game_developer_interview.txt,2,0,0.0230105465004793,0.0028763183125599,0.009587727708533,0.0912470143576568,,,,,,,,,,
232,2024-09-08 18:59:42,game_developer_interview.txt,3,0,0.0198376916140667,0.0009017132551848,0.011722272317403,0.0713314496974882,,,,,,,,,,
232,2024-09-08 18:59:42,fire_protection_engineer_interview.txt,1,0,0.0263396911898274,0.0054495912806539,0.0054495912806539,0.1257401749316732,,,,,,,,,,
232,2024-09-08 18:59:42,fire_protection_engineer_interview.txt,2,0,0.017969451931716,0.004492362982929,0.008984725965858,0.098486354253508,,,,,,,,,,
232,2024-09-08 18:59:42,fire_protection_engineer_interview.txt,3,0,0.0169902912621359,0.0048543689320388,0.0080906148867313,0.0983412660547034,,,,,,,,,,
232,2024-09-08 18:59:42,safety_engineer_interview.txt,1,0,0.0308510638297872,0.0063829787234042,0.0138297872340425,0.1001046125814143,,,,,,,,,,
232,2024-09-08 18:59:42,safety_engineer_interview.txt,2,0,0.0196629213483146,0.0065543071161048,0.0074906367041198,0.0912473319977468,,,,,,,,,,
232,2024-09-08 18:59:42,safety_engineer_interview.txt,3,0,0.0251256281407035,0.0117252931323283,0.0100502512562814,0.0705526083149029,,,,,,,,,,
232,2024-09-08 18:59:42,environmental_scientist_interview.txt,1,0,0.016725352112676,0.0017605633802816,0.0105633802816901,0.091746311655232,,,,,,,,,,
232,2024-09-08 18:59:42,environmental_scientist_interview.txt,2,0,0.0261780104712041,0.0034904013961605,0.013089005235602,0.0602569739410095,,,,,,,,,,
232,2024-09-08 18:59:42,environmental_scientist_interview.txt,3,0,0.0209723546234509,0.0028598665395614,0.0076263107721639,0.1045621014779737,,,,,,,,,,
232,2024-09-08 18:59:42,operations_manager_interview.txt,1,0,0.0121381886087768,0.0065359477124183,0.0093370681605975,0.0796899824810419,,,,,,,,,,
232,2024-09-08 18:59:42,operations_manager_interview.txt,2,0,0.0206278026905829,0.0,0.0098654708520179,0.0884000892882124,,,,,,,,,,
232,2024-09-08 18:59:42,operations_manager_interview.txt,3,0,0.0205245153933865,0.0022805017103762,0.0125427594070695,0.0965646635250467,,,,,,,,,,
232,2024-09-08 18:59:42,backend_developer_interview.txt,1,0,0.0367504835589942,0.0029013539651837,0.011605415860735,0.0775645197639873,,,,,,,,,,
232,2024-09-08 18:59:42,backend_developer_interview.txt,2,0,0.0220994475138121,0.005524861878453,0.0119705340699815,0.1126449716727516,,,,,,,,,,
232,2024-09-08 18:59:42,backend_developer_interview.txt,3,0,0.0249307479224376,0.0018467220683287,0.0101569713758079,0.0638261351828795,,,,,,,,,,
232,2024-09-08 18:59:42,digital_marketing_specialist_interview.txt,1,0,0.017447199265381,0.0,0.0091827364554637,0.0681426297871335,,,,,,,,,,
232,2024-09-08 18:59:42,digital_marketing_specialist_interview.txt,2,0,0.0256410256410256,0.0,0.0070733863837312,0.0980177114710937,,,,,,,,,,
232,2024-09-08 18:59:42,digital_marketing_specialist_interview.txt,3,0,0.0196463654223968,0.0,0.0088408644400785,0.0918230794108314,,,,,,,,,,
232,2024-09-08 18:59:42,mechanical_engineer_interview.txt,1,0,0.0277777777777777,0.0,0.012037037037037,0.1075951784023088,,,,,,,,,,
232,2024-09-08 18:59:42,mechanical_engineer_interview.txt,2,0,0.0209723546234509,0.0019065776930409,0.0095328884652049,0.0927810278598756,,,,,,,,,,
232,2024-09-08 18:59:42,mechanical_engineer_interview.txt,3,0,0.0252312867956265,0.0016820857863751,0.0075693860386879,0.0560655472584337,,,,,,,,,,
232,2024-09-08 18:59:42,software_quality_assurance_tester_interview.txt,1,0,0.0303867403314917,0.003683241252302,0.009208103130755,0.084448683178574,,,,,,,,,,
232,2024-09-08 18:59:42,software_quality_assurance_tester_interview.txt,2,0,0.0222419928825622,0.0044483985765124,0.0124555160142348,0.0692551251722067,,,,,,,,,,
232,2024-09-08 18:59:42,software_quality_assurance_tester_interview.txt,3,0,0.0186219739292365,0.0046554934823091,0.0083798882681564,0.0693942962241592,,,,,,,,,,
232,2024-09-08 18:59:42,cybersecurity_specialist_interview.txt,1,0,0.0159798149705635,0.0084104289318755,0.009251471825063,0.0910500897185939,,,,,,,,,,
232,2024-09-08 18:59:42,cybersecurity_specialist_interview.txt,2,0,0.0263636363636363,0.0063636363636363,0.009090909090909,0.0776266578841167,,,,,,,,,,
232,2024-09-08 18:59:42,cybersecurity_specialist_interview.txt,3,0,0.014388489208633,0.0080935251798561,0.0080935251798561,0.0943473765778336,,,,,,,,,,
232,2024-09-08 18:59:42,product_manager_interview.txt,1,0,0.018970189701897,0.001806684733514,0.009936766034327,0.1130421583225381,,,,,,,,,,
232,2024-09-08 18:59:42,product_manager_interview.txt,2,0,0.0334841628959276,0.004524886877828,0.0108597285067873,0.0895924275792146,,,,,,,,,,
232,2024-09-08 18:59:42,product_manager_interview.txt,3,0,0.0280842527582748,0.0040120361083249,0.0080240722166499,0.0726459769234118,,,,,,,,,,
232,2024-09-08 18:59:42,microbiologist_interview.txt,1,0,0.0248390064397424,0.0073597056117755,0.0073597056117755,0.0821776129926555,,,,,,,,,,
232,2024-09-08 18:59:42,microbiologist_interview.txt,2,0,0.0194931773879142,0.0077972709551656,0.0107212475633528,0.0788788302954798,,,,,,,,,,
232,2024-09-08 18:59:42,microbiologist_interview.txt,3,0,0.0199134199134199,0.0008658008658008,0.0095238095238095,0.0757488213693337,,,,,,,,,,
232,2024-09-08 18:59:42,it_manager_interview.txt,1,0,0.0248500428449014,0.001713796058269,0.0119965724078834,0.0740302382422294,,,,,,,,,,
232,2024-09-08 18:59:42,it_manager_interview.txt,2,0,0.0196270853778213,0.000981354268891,0.0107948969578017,0.06599965189037,,,,,,,,,,
232,2024-09-08 18:59:42,it_manager_interview.txt,3,0,0.0164744645799011,0.0032948929159802,0.0098846787479406,0.0576458948561474,,,,,,,,,,
232,2024-09-08 18:59:42,industrial_engineer_interview.txt,1,0,0.0294957183634633,0.0028544243577545,0.011417697431018,0.0843938912697589,,,,,,,,,,
232,2024-09-08 18:59:42,industrial_engineer_interview.txt,2,0,0.0182481751824817,0.0,0.0100364963503649,0.0827891975997937,,,,,,,,,,
232,2024-09-08 18:59:42,industrial_engineer_interview.txt,3,0,0.0198789974070872,0.0043215211754537,0.0095073465859982,0.0574937004381569,,,,,,,,,,
232,2024-09-08 18:59:42,barista_interview.txt,1,0,0.0077294685990338,0.0,0.0057971014492753,0.0392687201394547,,,,,,,,,,
232,2024-09-08 18:59:42,barista_interview.txt,2,0,0.0140318054256314,0.0,0.0074836295603367,0.0612325478407143,,,,,,,,,,
232,2024-09-08 18:59:42,barista_interview.txt,3,0,0.0113168724279835,0.0,0.0072016460905349,0.1031171095812551,,,,,,,,,,
232,2024-09-08 18:59:42,petroleum_engineer_interview.txt,1,0,0.0255057167985927,0.0052770448548812,0.0096745822339489,0.0602316249638849,,,,,,,,,,
232,2024-09-08 18:59:42,petroleum_engineer_interview.txt,2,0,0.0242248062015503,0.003875968992248,0.0116279069767441,0.1139156552894319,,,,,,,,,,
232,2024-09-08 18:59:42,petroleum_engineer_interview.txt,3,0,0.0275590551181102,0.0029527559055118,0.0118110236220472,0.096900984807217,,,,,,,,,,
232,2024-09-08 18:59:42,business_analyst_interview.txt,1,0,0.0224609375,0.001953125,0.0146484375,0.0852577079500872,,,,,,,,,,
232,2024-09-08 18:59:42,business_analyst_interview.txt,2,0,0.0182648401826484,0.0027397260273972,0.0100456621004566,0.0746810828127732,,,,,,,,,,
232,2024-09-08 18:59:42,business_analyst_interview.txt,3,0,0.0192893401015228,0.0030456852791878,0.0142131979695431,0.0992622432505801,,,,,,,,,,
232,2024-09-08 18:59:42,data_engineer_interview.txt,1,0,0.0346153846153846,0.0009615384615384,0.0125,0.0835953100699987,,,,,,,,,,
232,2024-09-08 18:59:42,data_engineer_interview.txt,2,0,0.0298826040554962,0.0,0.0128068303094983,0.1054980182880579,,,,,,,,,,
232,2024-09-08 18:59:42,data_engineer_interview.txt,3,0,0.0224416517055655,0.0,0.0080789946140035,0.090817131634551,,,,,,,,,,
232,2024-09-08 18:59:42,aerospace_engineer_interview.txt,1,0,0.0274621212121212,0.0047348484848484,0.0085227272727272,0.0504801251032733,,,,,,,,,,
232,2024-09-08 18:59:42,aerospace_engineer_interview.txt,2,0,0.0243266724587315,0.0043440486533449,0.0078192875760208,0.0857760055006307,,,,,,,,,,
232,2024-09-08 18:59:42,aerospace_engineer_interview.txt,3,0,0.0267591674925668,0.0069375619425173,0.0118929633300297,0.0992594065240996,,,,,,,,,,
232,2024-09-08 18:59:42,bartender_interview.txt,1,0,0.0177165354330708,0.0029527559055118,0.0118110236220472,0.0820807954251731,,,,,,,,,,
232,2024-09-08 18:59:42,bartender_interview.txt,2,0,0.0266120777891504,0.0040941658137154,0.0061412487205731,0.0873221164161693,,,,,,,,,,
232,2024-09-08 18:59:42,bartender_interview.txt,3,0,0.0101382488479262,0.0,0.0073732718894009,0.115190499787362,,,,,,,,,,
232,2024-09-08 18:59:42,natural_language_processing_engineer_interview.txt,1,0,0.0391595033428844,0.0028653295128939,0.0095510983763132,0.0947047133446147,,,,,,,,,,
232,2024-09-08 18:59:42,natural_language_processing_engineer_interview.txt,2,0,0.0350877192982456,0.0064635272391505,0.0064635272391505,0.0916865791280011,,,,,,,,,,
232,2024-09-08 18:59:42,natural_language_processing_engineer_interview.txt,3,0,0.0271281571562207,0.000935453695042,0.010289990645463,0.0772371128762937,,,,,,,,,,
232,2024-09-08 18:59:42,cto_of_a_fintec_interview.txt,1,0,0.0201754385964912,0.0078947368421052,0.0105263157894736,0.0730692660277996,,,,,,,,,,
232,2024-09-08 18:59:42,cto_of_a_fintec_interview.txt,2,0,0.0149114631873252,0.0027958993476234,0.0111835973904939,0.1063779199439843,,,,,,,,,,
232,2024-09-08 18:59:42,cto_of_a_fintec_interview.txt,3,0,0.02,0.01,0.0083333333333333,0.0648684227224694,,,,,,,,,,
232,2024-09-08 18:59:42,database_administrator_interview.txt,1,0,0.0247479376718606,0.0054995417048579,0.0091659028414298,0.1052574361681323,,,,,,,,,,
232,2024-09-08 18:59:42,database_administrator_interview.txt,2,0,0.0318690783807062,0.0043066322136089,0.0103359173126615,0.0393185297798625,,,,,,,,,,
232,2024-09-08 18:59:42,database_administrator_interview.txt,3,0,0.0260223048327137,0.0120817843866171,0.0102230483271375,0.1135555489487505,,,,,,,,,,
232,2024-09-08 18:59:42,nuclear_engineer_interview.txt,1,0,0.021680216802168,0.003613369467028,0.008130081300813,0.1046990405798106,,,,,,,,,,
232,2024-09-08 18:59:42,nuclear_engineer_interview.txt,2,0,0.0198300283286118,0.0084985835694051,0.0084985835694051,0.0914187181378944,,,,,,,,,,
232,2024-09-08 18:59:42,nuclear_engineer_interview.txt,3,0,0.0223944875107665,0.0025839793281653,0.0111972437553832,0.0757400401737681,,,,,,,,,,
232,2024-09-08 18:59:42,pharmacist_interview.txt,1,0,0.0204708290685772,0.0040941658137154,0.0102354145342886,0.1213449543961686,,,,,,,,,,
232,2024-09-08 18:59:42,pharmacist_interview.txt,2,0,0.0103675777568331,0.000942507068803,0.0065975494816211,0.0891625811675973,,,,,,,,,,
232,2024-09-08 18:59:42,pharmacist_interview.txt,3,0,0.0203252032520325,0.0121951219512195,0.0091463414634146,0.1016222875848202,,,,,,,,,,
232,2024-09-08 18:59:42,chef_interview.txt,1,0,0.0087051142546245,0.0,0.0087051142546245,0.1134364470557975,,,,,,,,,,
232,2024-09-08 18:59:42,chef_interview.txt,2,0,0.0109670987038883,0.0,0.007976071784646,0.0754862732996238,,,,,,,,,,
232,2024-09-08 18:59:42,chef_interview.txt,3,0,0.0176415970287836,0.0,0.0074280408542246,0.095732947131046,,,,,,,,,,
232,2024-09-08 18:59:42,hotel_manager_interview.txt,1,0,0.0208728652751423,0.0,0.0113851992409867,0.0775040196921617,,,,,,,,,,
232,2024-09-08 18:59:42,hotel_manager_interview.txt,2,0,0.0182876142975893,0.0033250207813798,0.0091438071487946,0.0889248394711462,,,,,,,,,,
232,2024-09-08 18:59:42,hotel_manager_interview.txt,3,0,0.0156765676567656,0.0049504950495049,0.0057755775577557,0.0547422850483237,,,,,,,,,,
232,2024-09-08 18:59:42,mobile_app_developer_interview.txt,1,0,0.0294117647058823,0.0009803921568627,0.0137254901960784,0.102458571675145,,,,,,,,,,
232,2024-09-08 18:59:42,mobile_app_developer_interview.txt,2,0,0.0142857142857142,0.0,0.0071428571428571,0.093852536857671,,,,,,,,,,
232,2024-09-08 18:59:42,mobile_app_developer_interview.txt,3,0,0.017162471395881,0.0,0.0148741418764302,0.0881578312588741,,,,,,,,,,
232,2024-09-08 18:59:42,graphic_designer_interview.txt,1,0,0.017412935323383,0.0,0.0082918739635157,0.0738643154861539,,,,,,,,,,
232,2024-09-08 18:59:42,graphic_designer_interview.txt,2,0,0.0207305034550839,0.0,0.0108588351431391,0.1248065428257155,,,,,,,,,,
232,2024-09-08 18:59:42,graphic_designer_interview.txt,3,0,0.0191339375629405,0.0,0.0080563947633434,0.1175534695282983,,,,,,,,,,
232,2024-09-08 18:59:42,geotechnical_engineer_interview.txt,1,0,0.0312805474095796,0.0048875855327468,0.0087976539589442,0.0775311010523303,,,,,,,,,,
232,2024-09-08 18:59:42,geotechnical_engineer_interview.txt,2,0,0.0232371794871794,0.0,0.0112179487179487,0.0559366143994804,,,,,,,,,,
232,2024-09-08 18:59:42,geotechnical_engineer_interview.txt,3,0,0.021043000914913,0.000914913083257,0.0118938700823421,0.0978052079561543,,,,,,,,,,
232,2024-09-08 18:59:42,gardener_interview.txt,1,0,0.0154291224686595,0.0009643201542912,0.0077145612343297,0.0666433064605267,,,,,,,,,,
232,2024-09-08 18:59:42,gardener_interview.txt,2,0,0.0127118644067796,0.0016949152542372,0.009322033898305,0.0731959468717681,,,,,,,,,,
232,2024-09-08 18:59:42,gardener_interview.txt,3,0,0.0149597238204833,0.0,0.0115074798619102,0.1188797780105624,,,,,,,,,,
232,2024-09-08 18:59:42,ai_software_developer_interview.txt,1,0,0.0276190476190476,0.0019047619047619,0.0095238095238095,0.1413849816903215,,,,,,,,,,
232,2024-09-08 18:59:42,ai_software_developer_interview.txt,2,0,0.037037037037037,0.0,0.00903342366757,0.0569500348168215,,,,,,,,,,
232,2024-09-08 18:59:42,ai_software_developer_interview.txt,3,0,0.0186528497409326,0.0020725388601036,0.0103626943005181,0.0855797711265753,,,,,,,,,,
232,2024-09-08 18:59:42,supply_chain_manager_interview.txt,1,0,0.0193905817174515,0.0036934441366574,0.0120036934441366,0.1062465029739842,,,,,,,,,,
232,2024-09-08 18:59:42,supply_chain_manager_interview.txt,2,0,0.0214152700186219,0.0018621973929236,0.0093109869646182,0.1256518643156934,,,,,,,,,,
232,2024-09-08 18:59:42,supply_chain_manager_interview.txt,3,0,0.0205032618825722,0.0065237651444548,0.0065237651444548,0.0800263248448211,,,,,,,,,,
232,2024-09-08 18:59:42,cloud_architect_interview.txt,1,0,0.0217391304347826,0.0028355387523629,0.0103969754253308,0.0815616883688334,,,,,,,,,,
232,2024-09-08 18:59:42,cloud_architect_interview.txt,2,0,0.027027027027027,0.0032432432432432,0.0129729729729729,0.1227742129001404,,,,,,,,,,
232,2024-09-08 18:59:42,cloud_architect_interview.txt,3,0,0.0290117860380779,0.0009066183136899,0.0108794197642792,0.0794644671056724,,,,,,,,,,
232,2024-09-08 18:59:42,mining_engineer_interview.txt,1,0,0.0192678227360308,0.0086705202312138,0.0077071290944123,0.1110249279072813,,,,,,,,,,
232,2024-09-08 18:59:42,mining_engineer_interview.txt,2,0,0.0253718285214348,0.0052493438320209,0.0087489063867016,0.0804258145885646,,,,,,,,,,
232,2024-09-08 18:59:42,mining_engineer_interview.txt,3,0,0.0199826238053866,0.0095569070373588,0.0095569070373588,0.0792268913403366,,,,,,,,,,
232,2024-09-08 18:59:42,devops_engineer_interview.txt,1,0,0.0190641247833622,0.0086655112651646,0.0060658578856152,0.0766568619381764,,,,,,,,,,
232,2024-09-08 18:59:42,devops_engineer_interview.txt,2,0,0.0193610842207163,0.0019361084220716,0.0096805421103581,0.0943348378989768,,,,,,,,,,
232,2024-09-08 18:59:42,devops_engineer_interview.txt,3,0,0.0229147571035747,0.0018331805682859,0.0100824931255728,0.0803044321457283,,,,,,,,,,
232,2024-09-08 18:59:42,system_administrator_interview.txt,1,0,0.021838034576888,0.0063694267515923,0.010919017288444,0.0813135197977792,,,,,,,,,,
232,2024-09-08 18:59:42,system_administrator_interview.txt,2,0,0.0244590780809031,0.0056444026340545,0.0112888052681091,0.0798922658027445,,,,,,,,,,
232,2024-09-08 18:59:42,system_administrator_interview.txt,3,0,0.0316395014381591,0.0047938638542665,0.0115052732502396,0.1194112186182344,,,,,,,,,,
232,2024-09-08 18:59:42,content_writer_interview.txt,1,0,0.026137463697967,0.0038722168441432,0.0135527589545014,0.068402322400382,,,,,,,,,,
232,2024-09-08 18:59:42,content_writer_interview.txt,2,0,0.0124521072796934,0.0,0.0114942528735632,0.0968009984223794,,,,,,,,,,
232,2024-09-08 18:59:42,content_writer_interview.txt,3,0,0.0209662716499544,0.0018231540565177,0.0091157702825888,0.0831675809690844,,,,,,,,,,
232,2024-09-08 18:59:42,transportation_engineer_interview.txt,1,0,0.0178861788617886,0.0016260162601626,0.008130081300813,0.0603701528943023,,,,,,,,,,
232,2024-09-08 18:59:42,transportation_engineer_interview.txt,2,0,0.0193439865433137,0.0050462573591253,0.0109335576114381,0.0944372786691996,,,,,,,,,,
232,2024-09-08 18:59:42,transportation_engineer_interview.txt,3,0,0.0272556390977443,0.0018796992481203,0.0112781954887218,0.1255145572754779,,,,,,,,,,
232,2024-09-08 18:59:42,lorry_driver_interview.txt,1,0,0.0194986072423398,0.0037140204271123,0.0083565459610027,0.0676707363057268,,,,,,,,,,
232,2024-09-08 18:59:42,lorry_driver_interview.txt,2,0,0.0206398348813209,0.0051599587203302,0.0061919504643962,0.0785986912893936,,,,,,,,,,
232,2024-09-08 18:59:42,lorry_driver_interview.txt,3,0,0.0151658767772511,0.0056872037914691,0.0075829383886255,0.0780677501813746,,,,,,,,,,
232,2024-09-08 18:59:42,dentist_interview.txt,1,0,0.012565445026178,0.0010471204188481,0.006282722513089,0.0696381692863891,,,,,,,,,,
232,2024-09-08 18:59:42,dentist_interview.txt,2,0,0.0205655526992287,0.0034275921165381,0.0128534704370179,0.1009217187823482,,,,,,,,,,
232,2024-09-08 18:59:42,dentist_interview.txt,3,0,0.0205223880597014,0.0,0.0074626865671641,0.086744739491827,,,,,,,,,,
232,2024-09-08 18:59:42,physicist_interview.txt,1,0,0.0239574090505767,0.0044365572315882,0.0115350488021295,0.0793935858919392,,,,,,,,,,
232,2024-09-08 18:59:42,physicist_interview.txt,2,0,0.0252100840336134,0.0018674136321195,0.011204481792717,0.1135635892722411,,,,,,,,,,
232,2024-09-08 18:59:42,physicist_interview.txt,3,0,0.0314358538657604,0.0,0.0093457943925233,0.0491710592099012,,,,,,,,,,
232,2024-09-08 18:59:42,architect_interview.txt,1,0,0.0221631205673758,0.0,0.0106382978723404,0.0848024463843482,,,,,,,,,,
232,2024-09-08 18:59:42,architect_interview.txt,2,0,0.0181124880838894,0.0038131553860819,0.0123927550047664,0.0605484157580313,,,,,,,,,,
232,2024-09-08 18:59:42,architect_interview.txt,3,0,0.0217770034843205,0.0156794425087108,0.0087108013937282,0.0998510155514528,,,,,,,,,,
232,2024-09-08 18:59:42,materials_engineer_interview.txt,1,0,0.0210420841683366,0.0,0.0110220440881763,0.1179894222215556,,,,,,,,,,
232,2024-09-08 18:59:42,materials_engineer_interview.txt,2,0,0.0236051502145922,0.0085836909871244,0.0064377682403433,0.0772447903040978,,,,,,,,,,
232,2024-09-08 18:59:42,materials_engineer_interview.txt,3,0,0.0237442922374429,0.0,0.0136986301369863,0.072521000279223,,,,,,,,,,
232,2024-09-08 18:59:42,computer_vision_engineer_interview.txt,1,0,0.0341880341880341,0.0047483380816714,0.0104463437796771,0.0851047144851747,,,,,,,,,,
232,2024-09-08 18:59:42,computer_vision_engineer_interview.txt,2,0,0.0262919310970081,0.0045330915684496,0.0108794197642792,0.0472605221977431,,,,,,,,,,
232,2024-09-08 18:59:42,computer_vision_engineer_interview.txt,3,0,0.0324483775811209,0.0019665683382497,0.0108161258603736,0.0703393265320347,,,,,,,,,,
232,2024-09-08 18:59:42,data_scientist_interview.txt,1,0,0.0280289330922242,0.0009041591320072,0.0126582278481012,0.0830465273136479,,,,,,,,,,
232,2024-09-08 18:59:42,data_scientist_interview.txt,2,0,0.0266429840142095,0.0035523978685612,0.0124333925399644,0.072983490202201,,,,,,,,,,
232,2024-09-08 18:59:42,data_scientist_interview.txt,3,0,0.0192697768762677,0.0,0.0101419878296146,0.0933012184853132,,,,,,,,,,
232,2024-09-08 18:59:42,structural_engineer_interview.txt,1,0,0.0300687285223367,0.0068728522336769,0.0103092783505154,0.0712299036402281,,,,,,,,,,
232,2024-09-08 18:59:42,structural_engineer_interview.txt,2,0,0.0206185567010309,0.0,0.011168384879725,0.0858998025785572,,,,,,,,,,
232,2024-09-08 18:59:42,structural_engineer_interview.txt,3,0,0.0261233019853709,0.0020898641588296,0.012539184952978,0.1063752050325275,,,,,,,,,,
232,2024-09-08 18:59:42,ai_ethicist_interview.txt,1,0,0.0101522842639593,0.0126903553299492,0.0076142131979695,0.0712937001833526,,,,,,,,,,
232,2024-09-08 18:59:42,ai_ethicist_interview.txt,2,0,0.0176767676767676,0.0084175084175084,0.0109427609427609,0.0693554288266813,,,,,,,,,,
232,2024-09-08 18:59:42,ai_ethicist_interview.txt,3,0,0.0199240986717267,0.0161290322580645,0.00853889943074,0.1331826318055371,,,,,,,,,,
232,2024-09-08 18:59:42,sales_manager_interview.txt,1,0,0.0109561752988047,0.0,0.0079681274900398,0.1200163689237812,,,,,,,,,,
232,2024-09-08 18:59:42,sales_manager_interview.txt,2,0,0.0184842883548983,0.0,0.0092421441774491,0.1026029838816162,,,,,,,,,,
232,2024-09-08 18:59:42,sales_manager_interview.txt,3,0,0.0145547945205479,0.0,0.0085616438356164,0.1182184354903653,,,,,,,,,,
232,2024-09-08 18:59:42,frontend_developer_interview.txt,1,0,0.0162308385933273,0.0009017132551848,0.0081154192966636,0.0983475683188849,,,,,,,,,,
232,2024-09-08 18:59:42,frontend_developer_interview.txt,2,0,0.0223214285714285,0.0008928571428571,0.0080357142857142,0.0954169146423821,,,,,,,,,,
232,2024-09-08 18:59:42,frontend_developer_interview.txt,3,0,0.0242954324586977,0.0,0.0097181729834791,0.1298349151906563,,,,,,,,,,
232,2024-09-08 18:59:42,public_relations_specialist_interview.txt,1,0,0.0130260521042084,0.001002004008016,0.0090180360721442,0.1247635370210052,,,,,,,,,,
232,2024-09-08 18:59:42,public_relations_specialist_interview.txt,2,0,0.0153256704980842,0.0067049808429118,0.0086206896551724,0.0480502479195583,,,,,,,,,,
232,2024-09-08 18:59:42,public_relations_specialist_interview.txt,3,0,0.0131233595800524,0.0,0.0078740157480314,0.0866205714714645,,,,,,,,,,
232,2024-09-08 18:59:42,logistics_coordinator_interview.txt,1,0,0.0209606986899563,0.0026200873362445,0.0139737991266375,0.076169293482586,,,,,,,,,,
232,2024-09-08 18:59:42,logistics_coordinator_interview.txt,2,0,0.0169133192389006,0.0,0.0126849894291754,0.0835658640852856,,,,,,,,,,
232,2024-09-08 18:59:42,logistics_coordinator_interview.txt,3,0,0.0165137614678899,0.0,0.010091743119266,0.1182041850851663,,,,,,,,,,
232,2024-09-08 18:59:42,nurse_interview.txt,1,0,0.0134874759152215,0.0028901734104046,0.0105973025048169,0.0933639942278636,,,,,,,,,,
232,2024-09-08 18:59:42,nurse_interview.txt,2,0,0.0138121546961325,0.0,0.0082872928176795,0.1343054603756712,,,,,,,,,,
232,2024-09-08 18:59:42,nurse_interview.txt,3,0,0.0179640718562874,0.0051325919589392,0.0102651839178785,0.0638057953688281,,,,,,,,,,
232,2024-09-08 18:59:42,chemist_interview.txt,1,0,0.0201816347124117,0.007063572149344,0.0110998990918264,0.0617076719218869,,,,,,,,,,
232,2024-09-08 18:59:42,chemist_interview.txt,2,0,0.0299667036625971,0.004439511653718,0.0077691453940066,0.1051183845685398,,,,,,,,,,
232,2024-09-08 18:59:42,chemist_interview.txt,3,0,0.0213492741246797,0.0,0.0076857386848847,0.0764573054170216,,,,,,,,,,
232,2024-09-08 18:59:42,manufacturing_engineer_interview.txt,1,0,0.0202020202020202,0.0101010101010101,0.0128558310376492,0.0848147692492656,,,,,,,,,,
232,2024-09-08 18:59:42,manufacturing_engineer_interview.txt,2,0,0.0232558139534883,0.0021141649048625,0.0126849894291754,0.096173198102252,,,,,,,,,,
232,2024-09-08 18:59:42,manufacturing_engineer_interview.txt,3,0,0.0248565965583174,0.0076481835564053,0.0095602294455066,0.0845079200795403,,,,,,,,,,
232,2024-09-08 18:59:42,veterinarian_interview.txt,1,0,0.0148083623693379,0.0008710801393728,0.0087108013937282,0.0913388325339192,,,,,,,,,,
232,2024-09-08 18:59:42,veterinarian_interview.txt,2,0,0.0170863309352518,0.0098920863309352,0.0080935251798561,0.1051109525853345,,,,,,,,,,
232,2024-09-08 18:59:42,veterinarian_interview.txt,3,0,0.0168650793650793,0.0019841269841269,0.0128968253968253,0.0930863649025781,,,,,,,,,,
232,2024-09-08 18:59:42,event_planner_interview.txt,1,0,0.0088321884200196,0.0,0.0078508341511285,0.1429607445555735,,,,,,,,,,
232,2024-09-08 18:59:42,event_planner_interview.txt,2,0,0.0204841713221601,0.0027932960893854,0.01024208566108,0.1144315325306319,,,,,,,,,,
232,2024-09-08 18:59:42,event_planner_interview.txt,3,0,0.0084889643463497,0.0008488964346349,0.0067911714770797,0.062380556562835,,,,,,,,,,
232,2024-09-08 18:59:42,seo_specialist_interview.txt,1,0,0.016267942583732,0.0,0.0114832535885167,0.0907149768004547,,,,,,,,,,
232,2024-09-08 18:59:42,seo_specialist_interview.txt,2,0,0.0178217821782178,0.0,0.0089108910891089,0.1013203356818207,,,,,,,,,,
232,2024-09-08 18:59:42,seo_specialist_interview.txt,3,0,0.0133882595262615,0.0,0.0072090628218331,0.1024439280748496,,,,,,,,,,
232,2024-09-08 18:59:42,procurement_specialist_interview.txt,1,0,0.019367991845056,0.0050968399592252,0.0081549439347604,0.0668610907103222,,,,,,,,,,
232,2024-09-08 18:59:42,procurement_specialist_interview.txt,2,0,0.0159325210871602,0.0084348641049671,0.0103092783505154,0.0932307923266924,,,,,,,,,,
232,2024-09-08 18:59:42,procurement_specialist_interview.txt,3,0,0.0164410058027079,0.0009671179883945,0.011605415860735,0.088122801961651,,,,,,,,,,
232,2024-09-08 18:59:42,aerospace_engineer_interview.txt,-999,0,0.0261826537211398,0.0053388196935702,0.0094116593929259,0.0785051790426678,0.0016453072107563,21.3278150552231,0.0013982716871202,144.27867520819214,0.0021774661358883,-10.391235417603014,0.0251893481856796,-35.36743547644451,13.0,81.0
232,2024-09-08 18:59:42,agricultural_engineer_interview.txt,-999,0,0.0186934632374147,0.0,0.0104380119742478,0.0676899737400216,0.001734466805485,-13.37634929726572,0.0,-100.0,0.0009727868415348,-0.6192937228858284,0.0053783558903871,-44.271490764043655,68.0,99.0
232,2024-09-08 18:59:42,ai_ethicist_interview.txt,-999,0,0.0159177168708179,0.0124122986685073,0.0090319578571568,0.0912772536051903,0.005117888627979,-26.238882079217888,0.003863274079857,467.92700429329386,0.001718178535902,-14.006388081954896,0.0363040599044872,-24.852308406761168,86.0,38.0
232,2024-09-08 18:59:42,ai_professor_interview.txt,-999,0,0.0241074930537315,0.004872333906299,0.0115995469046614,0.0932145381552994,0.0041140107538124,11.7117267722425,0.0021107101355246,122.93453237166028,0.0020250858321324,10.439724223715372,0.0059206412953608,-23.25736052927965,27.0,31.0
232,2024-09-08 18:59:42,ai_software_developer_interview.txt,-999,0,0.0277696447990057,0.0013257669216218,0.0096399758306325,0.0946382625445728,0.0091930188331972,28.68177397933852,0.0011512083758103,-39.33929110985703,0.0006722061157377,-8.217425990104985,0.0429401590991479,-22.085221829953056,8.0,25.0
232,2024-09-08 18:59:42,architect_interview.txt,-999,0,0.0206842040451952,0.0064975326315975,0.0105806180902783,0.0817339592312774,0.0022355231691224,-4.15145425332787,0.0081771413246423,197.2957984103109,0.0018416543694198,0.7384644944369256,0.0198301613126793,-32.709211567939505,52.0,74.0
232,2024-09-08 18:59:42,astronomer_interview.txt,-999,0,0.0232848552348523,0.0030838689929599,0.0093466581530779,0.0684551350103175,0.0032788650593294,7.899704881358915,0.0045692957354132,41.10299192593516,0.0011284360873737,-11.01011467745782,0.0268975280537382,-43.641540794164,33.0,97.0
232,2024-09-08 18:59:42,backend_developer_interview.txt,-999,0,0.0279268929984146,0.0034243126373218,0.0112443071021748,0.0846785422065395,0.0077714785135475,29.41044650653339,0.0018940149010181,56.68005337416852,0.0009591934440227,7.057472645927888,0.0251749217583902,-30.284964512338888,6.0,65.0
232,2024-09-08 18:59:42,barista_interview.txt,-999,0,0.0110260488175495,0.0,0.0068274590333823,0.0678727925204747,0.0031612175104319,-48.906385656187126,0.0,-100.0,0.0009033859821003,-34.99550465264761,0.0324380000251752,-44.12097780721912,100.0,98.0
232,2024-09-08 18:59:42,bartender_interview.txt,-999,0,0.0181556206900492,0.002348973906409,0.0084418480773404,0.0948644705429014,0.0082456871692631,-15.868658205698054,0.0021128092565064,7.477732324858096,0.0029821096828285,-19.62484558553629,0.0177968665800377,-21.898986944229463,72.0,23.0
232,2024-09-08 18:59:42,biologist_interview.txt,-999,0,0.0247221902102126,0.0026101338537628,0.0090663704004682,0.0986969944963277,0.0077783761768081,14.560172300752598,0.0037288049023166,19.42715366115806,0.0023854440981902,-13.67874495723747,0.0194459674329203,-18.743706557272247,22.0,14.0
232,2024-09-08 18:59:42,biomedical_engineer_interview.txt,-999,0,0.0253034935237109,0.0013228567800839,0.0118187784791322,0.0925236404018273,0.0008831023157061,17.253874079887495,0.0011457645620249,-39.47244517018403,0.0008176237661163,12.527036325186373,0.0198421161748171,-23.8261700546511,19.0,34.0
232,2024-09-08 18:59:42,business_analyst_interview.txt,-999,0,0.0200050392613904,0.002579512102195,0.0129690991899999,0.0864003446711468,0.0021876876238959,-7.298636359432237,0.0005636252010745,18.02604979647052,0.002541106387896,23.479283263901067,0.0123303518248481,-28.867420978936224,60.0,55.0
232,2024-09-08 18:59:42,business_intelligence_analyst_interview.txt,-999,0,0.0227356216899668,0.0064074767803286,0.0072208568475656,0.0705508247465967,0.0064941508866474,5.354611222568124,0.0049380679794736,193.1752764025696,0.0026192616512759,-31.24994920417147,0.0155447082910956,-41.91617943898768,37.0,96.0
232,2024-09-08 18:59:42,chef_interview.txt,-999,0,0.0124379366624321,0.0,0.0080364089644984,0.0948852224954891,0.0046462570224246,-42.363837710242095,0.0,-100.0,0.0006406711706926,-23.485046693373008,0.0189892838154639,-21.88190205975472,98.0,22.0
232,2024-09-08 18:59:42,chemical_engineer_interview.txt,-999,0,0.0238749274438563,0.002460024600246,0.0109317423936126,0.10416946195526,0.004411335782842,10.634040850728836,0.0042608875954953,12.558877208642484,0.0023715691109478,4.0815322493417625,0.0185127372364428,-14.23827633654426,29.0,10.0
232,2024-09-08 18:59:42,chemist_interview.txt,-999,0,0.0238325374998961,0.0038343612676873,0.0088515943902392,0.0810944539691494,0.0053443279589663,10.437610063545094,0.0035704576904834,75.44190373545095,0.0019475355434923,-15.723635463264657,0.0220737367281446,-33.235710145761686,30.0,76.0
232,2024-09-08 18:59:42,civil_engineer_interview.txt,-999,0,0.0203688675815665,0.0014645577035735,0.0109965003581111,0.078438349872565,0.0059208152262345,-5.612692084557509,0.0025366883532057,-32.98889340170888,0.0030833250146041,4.698095275405436,0.0076504304385027,-35.422455294262875,57.0,82.0
232,2024-09-08 18:59:42,cloud_architect_interview.txt,-999,0,0.0259259811666292,0.0023284667697653,0.0114164560541943,0.0946001227915488,0.0037592693932545,20.13841994825269,0.0012481167862039,6.539424522915937,0.0013693965181345,8.696509320609948,0.0244220003141009,-22.11662192454933,15.0,26.0
232,2024-09-08 18:59:42,computer_vision_engineer_interview.txt,-999,0,0.030976114288721,0.0037493326627902,0.0107139631347766,0.0675681877383175,0.0041488287995094,43.540234904339854,0.0015476657400757,71.55140430838051,0.0002339158373984,2.008047699887271,0.0190736763664626,-44.37175601672112,2.0,100.0
232,2024-09-08 18:59:42,construction_manager_interview.txt,-999,0,0.0203745126791183,0.0014690458972439,0.0088978888936439,0.0736272522862754,0.0035919091727054,-5.586533263567389,0.0013102183742851,-32.783535276351216,0.0014293569710825,-15.282863747687529,0.0124042606864049,-39.38338601204367,56.0,93.0
232,2024-09-08 18:59:42,content_writer_interview.txt,-999,0,0.0198519475425383,0.001898456966887,0.0113875940368845,0.082790300597282,0.0069103931679805,-8.008048168838513,0.0019372064211769,-13.13575295126779,0.0022204164472574,8.421712963611157,0.0142030966802948,-31.83953580476367,61.0,70.0
232,2024-09-08 18:59:42,cto_of_a_fintec_interview.txt,-999,0,0.0183623005946054,0.0068968787299095,0.0100144155044336,0.0814385362314178,0.0029897999571707,-14.910924069857174,0.0037042620265646,215.56795245265448,0.001492492118992,-4.652371712304486,0.0219839282818521,-32.95243050372201,70.0,75.0
232,2024-09-08 18:59:42,customer_service_representative_interview.txt,-999,0,0.0209922831976882,0.0,0.0131264009390268,0.101529578437213,0.001710746778044,-2.723846080598719,0.0,-100.0,0.0034235415698587,24.976959158074564,0.0237923343629509,-16.411667237571393,46.0,13.0
232,2024-09-08 18:59:42,cybersecurity_specialist_interview.txt,-999,0,0.0189106468476109,0.007622530158456,0.0088119686986094,0.0876747080601814,0.0065033352185347,-12.369942033450414,0.0011016883347787,248.7702667847406,0.0006273483204159,-16.100913170035696,0.0088566646890104,-27.818249765359752,66.0,49.0
232,2024-09-08 18:59:42,data_engineer_interview.txt,-999,0,0.0289798801254821,0.0003205128205128,0.0111286083078339,0.0933034866642025,0.0061368661473318,34.289884197191185,0.0005551444896054,-85.33487705598937,0.0026454950332414,5.95590005477051,0.011161031664746,-23.184130070970227,5.0,30.0
232,2024-09-08 18:59:42,data_scientist_interview.txt,-999,0,0.0246472313275671,0.0014855190001895,0.0117445360725601,0.0831104120003874,0.0047082880108976,14.212820288721415,0.0018461763530035,-32.029805426858374,0.0013923930415554,11.820171567888464,0.0101590147940877,-31.57599114225559,24.0,68.0
232,2024-09-08 18:59:42,database_administrator_interview.txt,-999,0,0.0275464402950935,0.0072959861016946,0.0099082894937429,0.0860438382989151,0.0037973547279069,27.64746649245893,0.0041873210029269,233.82918351893267,0.0006453977906088,-5.66280146874017,0.040677457038026,-29.16092927211268,9.0,59.0
232,2024-09-08 18:59:42,dentist_interview.txt,-999,0,0.0178844619283694,0.0014915708451287,0.0088662931724237,0.0857682091868548,0.0046064543198511,-17.125180956908864,0.00175648770716,-31.75290215063255,0.0035030366393602,-15.583687802876,0.0156646201946912,-29.387852089015325,75.0,62.0
232,2024-09-08 18:59:42,devops_engineer_interview.txt,-999,0,0.0204466553692177,0.0041449334185074,0.0086096310405154,0.0837653773276272,0.002142589754295,-5.252231207893971,0.00391527350086,89.65218951270666,0.00221212060077,-18.027377655557373,0.0093333442388964,-31.03676444040306,53.0,67.0
232,2024-09-08 18:59:42,digital_marketing_specialist_interview.txt,-999,0,0.0209115301096011,0.0,0.0083656624264245,0.0859944735563529,0.0042408936479076,-3.0980478647614547,0.0,-100.0,0.0011321228496126,-20.35021204563307,0.0157673590388806,-29.20157079344605,50.0,60.0
232,2024-09-08 18:59:42,doctor_interview.txt,-999,0,0.0194633723396965,0.0010230082499824,0.0102238120093472,0.0763952433515651,0.001655672561918,-9.808667038398198,0.0001193478804524,-53.192069712760805,0.0033378057132087,-2.6586996795829805,0.0237000362794607,-37.1045253902403,63.0,87.0
232,2024-09-08 18:59:42,electrical_engineer_interview.txt,-999,0,0.0293387886555588,0.0060359087274201,0.0078315276727975,0.0712410127576307,0.013462935284533,35.95303065372207,0.0017042552369642,176.17411192730128,0.0007123577282751,-25.4357292105459,0.0092533903404005,-41.34795423779051,4.0,95.0
232,2024-09-08 18:59:42,environmental_engineer_interview.txt,-999,0,0.0172829419581672,0.0016096058754181,0.0099689232704716,0.0755211262382357,0.0012606525373096,-19.91256471388044,0.0006624148862781,-26.35218767024428,0.0011034915010942,-5.085504990213877,0.0096731504222214,-37.82417766563604,80.0,88.0
232,2024-09-08 18:59:42,environmental_scientist_interview.txt,-999,0,0.021291905735777,0.0027036104386679,0.0104262320964854,0.0855217956914051,0.0047344241672884,-1.3354250185173555,0.0008754409558015,23.70419196441938,0.0027339284772554,-0.7314503840181033,0.0227990028456206,-29.59072196764427,45.0,63.0
232,2024-09-08 18:59:42,event_planner_interview.txt,-999,0,0.0126017746961765,0.0012140641746734,0.0082946970964294,0.1065909445496801,0.0068285125113874,-41.60462854569925,0.0014320043189591,-44.45027080346306,0.0017677564628624,-21.02587563305705,0.0408582646370542,-12.244692831162196,97.0,7.0
232,2024-09-08 18:59:42,financial_analyst_interview.txt,-999,0,0.0206953676037156,0.0018084887741574,0.0099788153297513,0.0863971993583055,0.0074655282143539,-4.09972343268818,0.0023616137242704,-17.252264126449617,0.000597555194262,-4.991322320163846,0.0272827700608477,-28.870010484974443,51.0,56.0
232,2024-09-08 18:59:42,fire_protection_engineer_interview.txt,-999,0,0.0204331447945598,0.0049321077318739,0.0075083107110811,0.1075225984132948,0.0051385948121835,-5.314837868045672,0.000483325970998,125.66949473443448,0.0018380976376047,-28.51309011177556,0.0157770508428725,-11.477671098481736,55.0,5.0
232,2024-09-08 18:59:42,focus_group_interview.txt,-999,0,0.0013076282250589,0.0004766982147625,0.0003000618649478,0.1200631125290609,3.646997381016911e-05,-93.94058076997555,3.551157410401575e-05,-78.18858566874727,6.342522598525286e-06,-97.14309964973046,0.0069174663010511,-1.1531855342200004,101.0,2.0
232,2024-09-08 18:59:42,frontend_developer_interview.txt,-999,0,0.0209492332078178,0.0005981901326806,0.008623102188619,0.1078664660506411,0.0042037612492003,-2.9233354549284343,0.0005180667754341,-72.62970066027334,0.000949196110669,-17.899118345623577,0.0190815814584634,-11.194568155091671,48.0,4.0
232,2024-09-08 18:59:42,full_stack_developer_interview.txt,-999,0,0.0265048887323704,0.0035443473213715,0.0110011220281576,0.0774259016614455,0.0043169621071061,22.82102007039424,0.0036485237646601,62.17226237946966,0.0014437051173224,4.742098370490623,0.0195853032960934,-36.25599424201022,12.0,84.0
232,2024-09-08 18:59:42,game_developer_interview.txt,-999,0,0.0214411649613068,0.0015705794612681,0.0105269250008644,0.0858685907650009,0.001586702152608,-0.643772602255865,0.0011309161586138,-28.13784841435229,0.0010900824730221,0.2272505620026805,0.0127306326736547,-29.305208893934136,42.0,61.0
232,2024-09-08 18:59:42,gardener_interview.txt,-999,0,0.0143669035653075,0.0008864118028428,0.0095146916648483,0.0862396771142857,0.001452394483232,-33.42519680193942,0.0008501392316442,-59.44206522873755,0.0019037845703016,-9.410261264838256,0.0284563949575328,-28.99969704482514,94.0,57.0
232,2024-09-08 18:59:42,geneticist_interview.txt,-999,0,0.0209198336193053,0.0053747314776726,0.009308921878393,0.0956870556503842,0.0013206824329019,-3.059570226076432,0.0047317284409051,145.92182548267388,0.0011649362018658,-11.369403174128152,0.0077949077347109,-21.22176047734122,49.0,21.0
232,2024-09-08 18:59:42,geologist_interview.txt,-999,0,0.0237592492636545,0.0018839617752157,0.0098150378407877,0.0913515231268606,0.0039634692403131,10.097999660904051,0.0018368321162616,-13.798983107292273,0.0030010209596215,-6.55065397887941,0.0126661045749003,-24.79116301852024,31.0,37.0
232,2024-09-08 18:59:42,geotechnical_engineer_interview.txt,-999,0,0.0251869092705574,0.0019341662053346,0.010636490919745,0.0770909744693217,0.0053900764585261,16.713634238058958,0.0025983226859125,-11.501870190405114,0.0016279460829573,1.2704318142484112,0.020937766479744,-36.53173660219095,21.0,85.0
232,2024-09-08 18:59:42,graphic_designer_interview.txt,-999,0,0.0190924587804691,0.0,0.0090690346233327,0.1054081092800559,0.0016591729699358,-11.527443606835902,0.0,-100.0,0.0015544780599779,-13.653378790709851,0.0275573939850738,-13.21850981772272,64.0,9.0
232,2024-09-08 18:59:42,hotel_manager_interview.txt,-999,0,0.0182790157431657,0.0027585052769616,0.008768194649179,0.0737237147372106,0.0025981594804862,-15.296857793764616,0.0025234015081538,26.215915368433684,0.0028236107061073,-16.51768754811961,0.017402005225882,-39.30396939698474,71.0,92.0
232,2024-09-08 18:59:42,human_resources_manager_interview.txt,-999,0,0.0147142369887688,0.0011908948644519,0.0114365239499286,0.0829284040228438,0.0023075332343286,-31.81568823901675,0.0010318889359716,-45.51038684619327,0.0007287630261356,8.88757651391154,0.0307335301967362,-31.72583657278437,91.0,69.0
232,2024-09-08 18:59:42,industrial_engineer_interview.txt,-999,0,0.0225409636510108,0.0023919818444027,0.0103205134557937,0.0748922631025698,0.0060779400387674,4.4525852170679485,0.0021975614043958,9.44556842338426,0.0009863363396423,-1.7380015553054733,0.015088944546728,-38.3419146823279,38.0,89.0
232,2024-09-08 18:59:42,it_manager_interview.txt,-999,0,0.0203171976008746,0.0019966810810467,0.0108920493712086,0.0658919283295823,0.0042302209136866,-5.852125639615025,0.0011824268349364,-8.641490575382619,0.0010592934679774,3.703613483726855,0.0081927028703855,-45.751804386961936,58.0,101.0
232,2024-09-08 18:59:42,logistics_coordinator_interview.txt,-999,0,0.0181292597989156,0.0008733624454148,0.0122501772250263,0.0926464475510127,0.0024602228046189,-15.99081195520752,0.0015127081288811,-60.03914097352561,0.0019772167182051,16.634400079873913,0.0224404940914565,-23.725064100999788,73.0,33.0
232,2024-09-08 18:59:42,lorry_driver_interview.txt,-999,0,0.0184347729669706,0.0048537276463039,0.0073771449380082,0.0747790592588317,0.0028878818977523,-14.575094299331113,0.0010216145312044,122.08319952974614,0.0010968735680195,-29.76192439166806,0.0061617096669085,-38.435114326274245,69.0,90.0
232,2024-09-08 18:59:42,machine_learning_engineer_interview copy.txt,-999,0,0.0258397403172895,0.0008909817261881,0.0104283767643873,0.0874420236176427,0.0031622817621722,19.738788423872805,0.0008526330650287,-59.23296754710142,0.0036210033442337,-0.7110309199136395,0.0055916762882902,-28.009816645779708,16.0,50.0
232,2024-09-08 18:59:42,machine_learning_engineer_interview.txt,-999,0,0.0299576442728035,0.0046957859241563,0.0109634816829923,0.0871964796575093,0.0014938379180734,38.82074607610227,0.0016638451814563,114.8565470371044,0.0006780822116931,4.383723222399638,0.0157533852399353,-28.21197064428296,3.0,52.0
232,2024-09-08 18:59:42,manufacturing_engineer_interview.txt,-999,0,0.0227714769046086,0.0066211195207593,0.0117003499707771,0.0884986291436859,0.0023647847781221,5.520760723575819,0.0040912796832768,202.95053921264457,0.0018553661662349,11.39947402379103,0.0066481422689409,-27.13992340216552,36.0,45.0
232,2024-09-08 18:59:42,marine_engineer_interview.txt,-999,0,0.0241458089661704,0.0060516763107773,0.0105178213120696,0.0780089556297162,0.0027734946695973,11.889278902273604,0.0019911977372369,176.89556059850963,0.0014068418733438,0.1405739971176842,0.0166937449632791,-35.77597147555693,26.0,83.0
232,2024-09-08 18:59:42,marketing_manager_interview.txt,-999,0,0.0142169061521402,0.0,0.0113431948078726,0.0824169146190614,0.0001665238590472,-34.1202699063446,0.0,-100.0,0.0008648380057745,7.998986227117484,0.0284135591743654,-32.14694091642406,95.0,72.0
232,2024-09-08 18:59:42,materials_engineer_interview.txt,-999,0,0.0227971755401239,0.0028612303290414,0.010386147488502,0.0892517376016255,0.0015215450759416,5.63984564637164,0.0049557963020568,30.9161189851593,0.0036719616330564,-1.1130974507258031,0.0249993887132406,-26.51989639764703,35.0,44.0
232,2024-09-08 18:59:42,mechanical_engineer_interview.txt,-999,0,0.0246604730656184,0.0011962211598053,0.0097131038469766,0.0854805845068727,0.0034384323918228,14.274181186757204,0.0010420210897166,-45.26668122446927,0.0022392709859757,-7.521171384261365,0.0265291929074135,-29.62465074248257,23.0,64.0
232,2024-09-08 18:59:42,meteorologist_interview.txt,-999,0,0.0145130532615759,0.0009442037881032,0.0097510824669786,0.0942787720423603,0.0023721035826941,-32.7479536352196,0.0009543554933095,-56.79778233338686,0.0012481475662213,-7.159575508673498,0.0112189689344773,-22.381186928857232,93.0,27.0
232,2024-09-08 18:59:42,microbiologist_interview.txt,-999,0,0.0214152012470255,0.005340925810914,0.0092015875663126,0.0789350882191564,0.0029725380474128,-0.7640858737073302,0.0038817423038134,144.37504099390904,0.0017037785406188,-12.391337213736463,0.0032147650224402,-35.01349535520028,43.0,80.0
232,2024-09-08 18:59:42,mining_engineer_interview.txt,-999,0,0.021540758354284,0.0078255903668645,0.0086709808394909,0.0902258779453942,0.0033369985183413,-0.1822667177660264,0.0022746879013937,258.0613238993463,0.0009273477787399,-17.443263902173413,0.0180224780129312,-25.71789595141651,40.0,42.0
232,2024-09-08 18:59:42,mobile_app_developer_interview.txt,-999,0,0.0202866501291592,0.0003267973856209,0.0119141630717885,0.0948229799305633,0.0080324168154091,-5.993679587437541,0.0005660296756761,-85.04732562571465,0.004171794622376,13.43519663478665,0.0071995912336524,-21.933145769312915,59.0,24.0
232,2024-09-08 18:59:42,natural_language_processing_engineer_interview.txt,-999,0,0.0337917932657836,0.0034214368156955,0.0087682054203089,0.0878761351163032,0.0061194681939729,56.58781143429621,0.0028056800916069,56.54846962769821,0.0020298144214147,-16.5175849957851,0.0093364275397464,-27.65241679280512,1.0,47.0
232,2024-09-08 18:59:42,network_administrator_interview.txt,-999,0,0.0195719947651394,0.0051580789028316,0.0119385273632613,0.0915416420623942,0.0042776230039095,-9.305321514856216,0.00226326445063,136.00884714659364,0.0053746068268662,13.66716997419968,0.0278974173609563,-24.63463991370257,62.0,36.0
232,2024-09-08 18:59:42,neuroscientist_interview.txt,-999,0,0.0190433898148651,0.0049274797722237,0.0098022347391086,0.0809398294497144,0.002246396652366,-11.754824316490769,0.0048149410485544,125.457741591015,0.0024924655636505,-6.672552793571668,0.0078995592669168,-33.363011036622325,65.0,77.0
232,2024-09-08 18:59:42,no_persona_interview.txt,-999,0,0.0215800916790784,0.0021855447222399,0.0105030567453831,0.1214638156808036,0.0031633921132,0.0,0.0023407411504704,0.0,0.0002872343285128,0.0,0.0108501354618666,0.0,39.0,1.0
232,2024-09-08 18:59:42,nuclear_engineer_interview.txt,-999,0,0.0213015775471821,0.0048986441215328,0.0092753028752004,0.0906192662971577,0.0013234948010085,-1.2906068057453837,0.0031598392420749,124.13836109984962,0.0016746166847006,-11.689490973400352,0.0144960432036999,-25.39402307655365,44.0,40.0
232,2024-09-08 18:59:42,nurse_interview.txt,-999,0,0.0150879008225472,0.0026742551231146,0.009716593080125,0.0971584166574543,0.0024961217797191,-30.08416717165906,0.0025730994120577,22.36103411207415,0.0012488995632625,-7.487950263658632,0.0354026682991538,-20.010403005304696,90.0,19.0
232,2024-09-08 18:59:42,occupational_therapist_interview.txt,-999,0,0.0156537145312564,0.0025281888342646,0.0115539303100048,0.0841973333108286,0.0059491646097745,-27.462242681608046,0.0029278616901275,15.677744250116405,0.0016540518437497,10.005406902934638,0.0281718821971688,-30.68113920273018,88.0,66.0
232,2024-09-08 18:59:42,operations_manager_interview.txt,-999,0,0.0177635022309154,0.0029388164742648,0.010581766139895,0.0882182450981003,0.0048719382259019,-17.685696172751292,0.0033173312875158,34.46608730353154,0.0017186981400184,0.7493951182018748,0.0084388100800012,-27.37076091045064,76.0,46.0
232,2024-09-08 18:59:42,petroleum_engineer_interview.txt,-999,0,0.0257631927060844,0.0040352565842137,0.0110378376109134,0.0903494216868446,0.0016819703747685,19.38407440159986,0.0011703030303113,84.63390582454218,0.0011841587070843,5.091668820749746,0.0274351237009919,-25.61618356838457,17.0,41.0
232,2024-09-08 18:59:42,pharmacist_interview.txt,-999,0,0.0170545366924809,0.0057439316112459,0.0086597684931081,0.104043274382862,0.0057915340433162,-20.97097201391832,0.0058048799137468,162.81464537404418,0.0018671048382267,-17.550017075603023,0.016227204610252,-14.342165360358194,82.0,11.0
232,2024-09-08 18:59:42,physical_therapist_interview.txt,-999,0,0.0154506912028226,0.0022042126693289,0.0087631774604501,0.0902160287811639,0.0031058703640925,-28.403032607123663,0.0029500813859291,0.8541553462192155,0.0016218222195198,-16.56545639151956,0.0041181409711296,-25.72600467431066,89.0,43.0
232,2024-09-08 18:59:42,physicist_interview.txt,-999,0,0.0268677823166502,0.0021013236212359,0.0106951083291233,0.0807094114580272,0.0040053410481036,24.50263287202847,0.0022275087944935,-3.853551938194755,0.0011801714754878,1.8285303830678288,0.0322164248427353,-33.55271196969096,10.0,78.0
232,2024-09-08 18:59:42,procurement_specialist_interview.txt,-999,0,0.0172471729116414,0.0048329406841956,0.0100232127153369,0.0827382283328885,0.0018541962915867,-20.07831492040286,0.0037408608816577,121.13208826230272,0.0017429326690114,-4.568613135000902,0.0139851891552017,-31.88240640297564,81.0,71.0
232,2024-09-08 18:59:42,product_manager_interview.txt,-999,0,0.0268462017853664,0.003447869239889,0.0096068555859214,0.0917601876083882,0.0073357639089531,24.402630834944247,0.0014442537574536,57.757890049275886,0.0014463289138105,-8.532765091035643,0.0202851486453967,-24.454713451843105,11.0,35.0
232,2024-09-08 18:59:42,professor_of_classics_interview.txt,-999,0,0.0174956606676807,0.0018120974158218,0.0100400225041399,0.0860935910841354,0.0016503949853604,-18.92684735606352,0.0015828999376712,-17.087150064601815,0.0017876187134572,-4.408566500858939,0.0079276504885095,-29.119968278963057,77.0,58.0
232,2024-09-08 18:59:42,project_manager_interview.txt,-999,0,0.0173835089483951,0.0,0.0122516439715689,0.0806365718050697,0.0071248411965913,-19.446547276496432,0.0,-100.0,0.0020053855982771,16.648365029108774,0.0174460540725226,-33.612680160669655,78.0,79.0
232,2024-09-08 18:59:42,psychologist_interview.txt,-999,0,0.0209863577411939,0.0031943143865765,0.0127052493811277,0.0972542571111086,0.0052790802609997,-2.751304057063649,0.0031184377153203,46.15644118701599,0.0007186890454614,20.96715926735007,0.0232921070375081,-19.931498474669667,47.0,18.0
232,2024-09-08 18:59:42,public_relations_specialist_interview.txt,-999,0,0.013825027394115,0.0025689949503093,0.0085042471584493,0.0864781188040093,0.0013005054710886,-35.93619712228467,0.0036167371325375,17.544835581144653,0.0005808311000438,-19.03074157732576,0.0383568429457168,-28.80339027775452,96.0,53.0
232,2024-09-08 18:59:42,quality_control_engineer_interview.txt,-999,0,0.0244214345022752,0.0027463087755318,0.011561060485922,0.0932051658332689,0.0045581642326632,13.166500242218175,0.0023904249968449,25.6578622064183,0.0032208683171595,10.073293577167036,0.0162061212619114,-23.265076672542506,25.0,32.0
232,2024-09-08 18:59:42,restaurant_manager_interview.txt,-999,0,0.0172984356396933,0.0042707332692923,0.0106777177172395,0.1058920380426076,0.0038276308127135,-19.840768533602017,0.0043237059586977,95.40818478037608,0.0003307923473709,1.6629537104349623,0.0320869864034904,-12.820095886924236,79.0,8.0
232,2024-09-08 18:59:42,retail_manager_interview.txt,-999,0,0.0187428480026333,0.0,0.0075916171719611,0.0821938565535983,0.003610316922512,-13.147505203584371,0.0,-100.0,0.0019452625409196,-27.719926151039505,0.0122350240562024,-32.330582492487565,67.0,73.0
232,2024-09-08 18:59:42,robotics_engineer_interview.txt,-999,0,0.0279219619807484,0.0085603872741214,0.0115471367916906,0.0734648570848125,0.0068691305700066,29.38759666076077,0.0036473758735974,291.6820912888039,0.0025030007266986,9.940725558456222,0.0125933396751625,-39.51708443124182,7.0,94.0
232,2024-09-08 18:59:42,safety_engineer_interview.txt,-999,0,0.0252132044396017,0.0082208596572791,0.0104568917314812,0.0873015176313547,0.0055945853512597,16.83548343793919,0.0030361371576923,276.1469428479019,0.0031890789763359,-0.439538841129945,0.0151659924601885,-28.125493883070845,20.0,51.0
232,2024-09-08 18:59:42,sales_manager_interview.txt,-999,0,0.0146650860580836,0.0,0.0085906385010351,0.1136125960985876,0.0037652682127267,-32.04344876671095,0.0,-100.0,0.000637503057182,-18.20820634134576,0.0095768894759108,-6.463834137113153,92.0,3.0
232,2024-09-08 18:59:42,seo_specialist_interview.txt,-999,0,0.0158259947627371,0.0,0.0092010691664862,0.098159746852375,0.0022495597755369,-26.6639132118229,0.0,-100.0,0.0021518199657368,-12.396272918064454,0.006471790000525,-19.186017414165235,87.0,15.0
232,2024-09-08 18:59:42,shop_assistant_interview.txt,-999,0,0.0168441368221524,0.002403390397591,0.0092764366196143,0.0768626503505907,0.004700738388192,-21.94594410142137,0.0034281984164194,9.967568868956562,0.0036073528525143,-11.67869655001175,0.0029058044409998,-36.71971366964208,84.0,86.0
232,2024-09-08 18:59:42,social_media_manager_interview.txt,-999,0,0.0115698893352397,0.0002832058906825,0.0104188747247646,0.0864630133710102,0.0024701122084169,-46.38628274940751,0.0004905269916649,-87.04186247937888,0.001491228840661,-0.8015001980779601,0.0091136269875107,-28.81582643655163,99.0,54.0
232,2024-09-08 18:59:42,software_quality_assurance_tester_interview.txt,-999,0,0.0237502357144301,0.0042623777703745,0.0100145024710487,0.0743660348583133,0.0060256559356487,10.05623176965294,0.000512124403759,95.02587739344472,0.0021541576783445,-4.651543699876825,0.0087321068481762,-38.77515337263829,32.0,91.0
232,2024-09-08 18:59:42,speech_therapist_interview.txt,-999,0,0.0169068714158658,0.0015467904098994,0.0117540349156231,0.091028071843161,0.0014547348836768,-21.6552382293317,0.0026791195786061,-29.22632082704847,0.000670642430778,11.91061041148724,0.0053504151216685,-25.05745737284019,83.0,39.0
232,2024-09-08 18:59:42,structural_engineer_interview.txt,-999,0,0.0256035290695795,0.0029875721308355,0.0113389493944062,0.0878349704171043,0.004746478671188,18.644208978971875,0.0035232703783192,36.69691132074587,0.001124695538436,7.958565485143083,0.0176523853462188,-27.68630729671212,18.0,48.0
232,2024-09-08 18:59:42,supply_chain_manager_interview.txt,-999,0,0.0204363712062152,0.0040264688913452,0.0092794818510699,0.1039748973781662,0.0010140002224663,-5.299886997106782,0.0023485596843501,84.23182332405634,0.0027400999929835,-11.649702786296883,0.0228974366903643,-14.39845949562188,54.0,12.0
232,2024-09-08 18:59:42,system_administrator_interview.txt,-999,0,0.0259788713653167,0.0056025644133044,0.0112376986022642,0.0935390014062527,0.0050743981789627,20.383507872225053,0.0007886142519597,156.34636327928916,0.0002964505551615,6.994552868659582,0.0224172636226541,-22.99023303197956,14.0,28.0
232,2024-09-08 18:59:42,transportation_engineer_interview.txt,-999,0,0.0214952681676155,0.0028506576224694,0.0101139448003243,0.0934406629463266,0.0050415975393304,-0.3930637215277386,0.00190567111992,30.43236285496002,0.0017266961531012,-3.7047495266542967,0.0325836352747639,-23.07119414733305,41.0,29.0
232,2024-09-08 18:59:42,travel_agent_interview.txt,-999,0,0.0179731343918433,0.0040526923214037,0.0100994967556337,0.097546391708399,0.0081026086922181,-16.7142815743087,0.0029754329116433,85.43168118061942,0.0014318052784849,-3.84230990589316,0.0310108139053601,-19.69098684933252,74.0,17.0
232,2024-09-08 18:59:42,veterinarian_interview.txt,-999,0,0.0162532575565563,0.004249097818145,0.0099003839901365,0.0965120500072773,0.0012561964977108,-24.68401989082533,0.0049185574954722,94.41825074117898,0.0026132840084542,-5.738070067187692,0.0074979538212146,-20.542550498411288,85.0,20.0
232,2024-09-08 18:59:42,warehouse_manager_interview.txt,-999,0,0.0230312060879733,0.0030442428225222,0.0106887791261051,0.0980041662321301,0.0004282195501857,6.724319944857953,0.0031015972353375,39.28988922277529,0.0016421328674822,1.7682698020619227,0.0113887774577318,-19.314105453696115,34.0,16.0
232,2024-09-08 18:59:42,water_resources_engineer_interview.txt,-999,0,0.0239629314831435,0.0050610997061279,0.0076433867465865,0.1066564230266636,0.0020330545360228,11.041842822082115,0.0080241692141361,131.57154619745697,0.0018308113164779,-27.2270260755622,0.0283774190720745,-12.190785026095782,28.0,6.0
233,2024-09-08 19:17:52,restaurant_manager_interview.txt,1,0,0.021875,0.0052083333333333,0.0104166666666666,0.1317920361857331,,,,,,,,,,
233,2024-09-08 19:17:52,restaurant_manager_interview.txt,2,0,0.0138121546961325,0.0,0.011049723756906,0.0699971644105389,,,,,,,,,,
233,2024-09-08 19:17:52,restaurant_manager_interview.txt,3,0,0.021133525456292,0.0096061479346781,0.010566762728146,0.1158869135315509,,,,,,,,,,
233,2024-09-08 19:17:52,geneticist_interview.txt,1,0,0.0240641711229946,0.0106951871657754,0.0080213903743315,0.1023018909308028,,,,,,,,,,
233,2024-09-08 19:17:52,geneticist_interview.txt,2,0,0.0205799812909261,0.0,0.0121608980355472,0.0976658041305644,,,,,,,,,,
233,2024-09-08 19:17:52,geneticist_interview.txt,3,0,0.0216346153846153,0.0072115384615384,0.0112179487179487,0.0870934718897853,,,,,,,,,,
233,2024-09-08 19:17:52,speech_therapist_interview.txt,1,0,0.019721577726218,0.0058004640371229,0.0139211136890951,0.0850641021876443,,,,,,,,,,
233,2024-09-08 19:17:52,speech_therapist_interview.txt,2,0,0.0172910662824207,0.0,0.0144092219020172,0.0926135462215361,,,,,,,,,,
233,2024-09-08 19:17:52,speech_therapist_interview.txt,3,0,0.0167597765363128,0.0,0.0130353817504655,0.0954065671203025,,,,,,,,,,
233,2024-09-08 19:17:52,customer_service_representative_interview.txt,1,0,0.0223404255319148,0.0,0.0191489361702127,0.1005231973827433,,,,,,,,,,
233,2024-09-08 19:17:52,customer_service_representative_interview.txt,2,0,0.0201271186440677,0.0,0.0116525423728813,0.1258091347994185,,,,,,,,,,
233,2024-09-08 19:17:52,customer_service_representative_interview.txt,3,0,0.0225490196078431,0.0,0.0137254901960784,0.0782564031294772,,,,,,,,,,
233,2024-09-08 19:17:52,construction_manager_interview.txt,1,0,0.0184645286686103,0.0,0.0087463556851311,0.0827157081994325,,,,,,,,,,
233,2024-09-08 19:17:52,construction_manager_interview.txt,2,0,0.0226510067114093,0.0025167785234899,0.0075503355704697,0.0786702898424613,,,,,,,,,,
233,2024-09-08 19:17:52,construction_manager_interview.txt,3,0,0.0264650283553875,0.0018903591682419,0.0103969754253308,0.0594957588169325,,,,,,,,,,
233,2024-09-08 19:17:52,doctor_interview.txt,1,0,0.0222024866785079,0.0008880994671403,0.0150976909413854,0.0796877522239052,,,,,,,,,,
233,2024-09-08 19:17:52,doctor_interview.txt,2,0,0.020066889632107,0.0011148272017837,0.0066889632107023,0.0512211063365923,,,,,,,,,,
233,2024-09-08 19:17:52,doctor_interview.txt,3,0,0.0191897654584221,0.0010660980810234,0.0106609808102345,0.0982768714941978,,,,,,,,,,
233,2024-09-08 19:17:52,human_resources_manager_interview.txt,1,0,0.0136869118905047,0.0,0.0128314798973481,0.0915602913117662,,,,,,,,,,
233,2024-09-08 19:17:52,human_resources_manager_interview.txt,2,0,0.0157756354075372,0.0026292725679228,0.0131463628396143,0.1084229915666589,,,,,,,,,,
233,2024-09-08 19:17:52,human_resources_manager_interview.txt,3,0,0.019108280254777,0.002729754322111,0.0127388535031847,0.0488019291901061,,,,,,,,,,
233,2024-09-08 19:17:52,water_resources_engineer_interview.txt,1,0,0.0267175572519083,0.0162213740458015,0.0057251908396946,0.0922137330310751,,,,,,,,,,
233,2024-09-08 19:17:52,water_resources_engineer_interview.txt,2,0,0.0234986945169712,0.000870322019147,0.0078328981723237,0.1393499968719819,,,,,,,,,,
233,2024-09-08 19:17:52,water_resources_engineer_interview.txt,3,0,0.0253045923149015,0.0,0.0112464854732895,0.0884055391769336,,,,,,,,,,
233,2024-09-08 19:17:52,project_manager_interview.txt,1,0,0.0193370165745856,0.0009208103130755,0.009208103130755,0.1207103367349415,,,,,,,,,,
233,2024-09-08 19:17:52,project_manager_interview.txt,2,0,0.0213358070500927,0.0046382189239332,0.0120593692022263,0.0849444648913328,,,,,,,,,,
233,2024-09-08 19:17:52,project_manager_interview.txt,3,0,0.0247479376718606,0.0036663611365719,0.0137488542621448,0.1188728079869654,,,,,,,,,,
233,2024-09-08 19:17:52,biologist_interview.txt,1,0,0.0252293577981651,0.0080275229357798,0.0091743119266055,0.1179416952887757,,,,,,,,,,
233,2024-09-08 19:17:52,biologist_interview.txt,2,0,0.0341880341880341,0.0009496676163342,0.0113960113960113,0.0990934647871438,,,,,,,,,,
233,2024-09-08 19:17:52,biologist_interview.txt,3,0,0.0189393939393939,0.0,0.0066287878787878,0.0790558234130636,,,,,,,,,,
233,2024-09-08 19:17:52,occupational_therapist_interview.txt,1,0,0.0111111111111111,0.0,0.0111111111111111,0.0525151165224253,,,,,,,,,,
233,2024-09-08 19:17:52,occupational_therapist_interview.txt,2,0,0.0239005736137667,0.0066921606118546,0.0152963671128107,0.1064284965608685,,,,,,,,,,
233,2024-09-08 19:17:52,occupational_therapist_interview.txt,3,0,0.0166358595194085,0.0018484288354898,0.0120147874306839,0.093648386849192,,,,,,,,,,
233,2024-09-08 19:17:52,network_administrator_interview.txt,1,0,0.0274361400189214,0.0094607379375591,0.0113528855250709,0.0952317024987835,,,,,,,,,,
233,2024-09-08 19:17:52,network_administrator_interview.txt,2,0,0.0190713101160862,0.0033167495854063,0.0082918739635157,0.0771037512790896,,,,,,,,,,
233,2024-09-08 19:17:52,network_administrator_interview.txt,3,0,0.0161725067385444,0.008984725965858,0.0116801437556154,0.0732561031963831,,,,,,,,,,
233,2024-09-08 19:17:52,neuroscientist_interview.txt,1,0,0.0208926875593542,0.0009496676163342,0.0094966761633428,0.0748619456832399,,,,,,,,,,
233,2024-09-08 19:17:52,neuroscientist_interview.txt,2,0,0.0230905861456483,0.0044404973357015,0.0142095914742451,0.0780883101199014,,,,,,,,,,
233,2024-09-08 19:17:52,neuroscientist_interview.txt,3,0,0.0186915887850467,0.011214953271028,0.0074766355140186,0.0898692325460021,,,,,,,,,,
233,2024-09-08 19:17:52,retail_manager_interview.txt,1,0,0.0174152153987167,0.0,0.0054995417048579,0.0851586142248364,,,,,,,,,,
233,2024-09-08 19:17:52,retail_manager_interview.txt,2,0,0.0229074889867841,0.0,0.0079295154185022,0.0926740640862768,,,,,,,,,,
233,2024-09-08 19:17:52,retail_manager_interview.txt,3,0,0.0177570093457943,0.0,0.0093457943925233,0.0687488913496817,,,,,,,,,,
233,2024-09-08 19:17:52,agricultural_engineer_interview.txt,1,0,0.018848167539267,0.0,0.0115183246073298,0.0677304538869327,,,,,,,,,,
233,2024-09-08 19:17:52,agricultural_engineer_interview.txt,2,0,0.0210526315789473,0.0,0.0114832535885167,0.0730479753031924,,,,,,,,,,
233,2024-09-08 19:17:52,agricultural_engineer_interview.txt,3,0,0.0209790209790209,0.0,0.0131118881118881,0.0622914920299397,,,,,,,,,,
233,2024-09-08 19:17:52,electrical_engineer_interview.txt,1,0,0.0246913580246913,0.0061728395061728,0.0070546737213403,0.0797883593735699,,,,,,,,,,
233,2024-09-08 19:17:52,electrical_engineer_interview.txt,2,0,0.0458937198067632,0.0048309178743961,0.0084541062801932,0.061414648015585,,,,,,,,,,
233,2024-09-08 19:17:52,electrical_engineer_interview.txt,3,0,0.0221827861579414,0.0088731144631765,0.0088731144631765,0.0725200308837372,,,,,,,,,,
233,2024-09-08 19:17:52,quality_control_engineer_interview.txt,1,0,0.0223084384093113,0.0048496605237633,0.01454898157129,0.0750452380239722,,,,,,,,,,
233,2024-09-08 19:17:52,quality_control_engineer_interview.txt,2,0,0.0303030303030303,0.0,0.0151515151515151,0.0983734634910823,,,,,,,,,,
233,2024-09-08 19:17:52,quality_control_engineer_interview.txt,3,0,0.025283347863993,0.005231037489102,0.007846556233653,0.1061967959847522,,,,,,,,,,
233,2024-09-08 19:17:52,machine_learning_engineer_interview.txt,1,0,0.0301850048685491,0.0009737098344693,0.0146056475170399,0.0930669448190147,,,,,,,,,,
233,2024-09-08 19:17:52,machine_learning_engineer_interview.txt,2,0,0.0261865793780687,0.0,0.0098199672667757,0.0873749299909319,,,,,,,,,,
233,2024-09-08 19:17:52,machine_learning_engineer_interview.txt,3,0,0.0246389124893797,0.0016992353440951,0.0084961767204757,0.0818841960429814,,,,,,,,,,
233,2024-09-08 19:17:52,psychologist_interview.txt,1,0,0.0182166826462128,0.0009587727708533,0.0134228187919463,0.1184135611316723,,,,,,,,,,
233,2024-09-08 19:17:52,psychologist_interview.txt,2,0,0.0289575289575289,0.0077220077220077,0.0154440154440154,0.072296317988978,,,,,,,,,,
233,2024-09-08 19:17:52,psychologist_interview.txt,3,0,0.0196078431372549,0.0018674136321195,0.0140056022408963,0.1010528922126755,,,,,,,,,,
233,2024-09-08 19:17:52,geologist_interview.txt,1,0,0.0277502477700693,0.0029732408325074,0.0109018830525272,0.0819414717231977,,,,,,,,,,
233,2024-09-08 19:17:52,geologist_interview.txt,2,0,0.0272727272727272,0.0,0.0121212121212121,0.1057528576386272,,,,,,,,,,
233,2024-09-08 19:17:52,geologist_interview.txt,3,0,0.0211009174311926,0.0045871559633027,0.0064220183486238,0.0863602400187569,,,,,,,,,,
233,2024-09-08 19:17:52,chemical_engineer_interview.txt,1,0,0.0208540218470705,0.0,0.0148957298907646,0.1213271515812998,,,,,,,,,,
233,2024-09-08 19:17:52,chemical_engineer_interview.txt,2,0,0.0241312741312741,0.0,0.0115830115830115,0.1066328861576164,,,,,,,,,,
233,2024-09-08 19:17:52,chemical_engineer_interview.txt,3,0,0.0304428044280442,0.0083025830258302,0.0083025830258302,0.0845483481268637,,,,,,,,,,
233,2024-09-08 19:17:52,no_persona_interview.txt,1,0,0.0209125475285171,0.0019011406844106,0.0123574144486692,0.1289230293721793,,,,,,,,,,
233,2024-09-08 19:17:52,no_persona_interview.txt,2,0,0.0204841713221601,0.0055865921787709,0.01024208566108,0.1090166668724607,,,,,,,,,,
233,2024-09-08 19:17:52,no_persona_interview.txt,3,0,0.027027027027027,0.0,0.0108108108108108,0.1264517507977707,,,,,,,,,,
233,2024-09-08 19:17:52,financial_analyst_interview.txt,1,0,0.0293005671077504,0.0009451795841209,0.0094517958412098,0.0984798690667989,,,,,,,,,,
233,2024-09-08 19:17:52,financial_analyst_interview.txt,2,0,0.0152329749103942,0.0053763440860215,0.010752688172043,0.055159508383983,,,,,,,,,,
233,2024-09-08 19:17:52,financial_analyst_interview.txt,3,0,0.0212560386473429,0.0,0.0115942028985507,0.1055522206241346,,,,,,,,,,
233,2024-09-08 19:17:52,civil_engineer_interview.txt,1,0,0.0154264972776769,0.0,0.0163339382940108,0.0840848943151754,,,,,,,,,,
233,2024-09-08 19:17:52,civil_engineer_interview.txt,2,0,0.0246045694200351,0.0052724077328646,0.0087873462214411,0.0814986554562683,,,,,,,,,,
233,2024-09-08 19:17:52,civil_engineer_interview.txt,3,0,0.0264084507042253,0.0,0.0096830985915492,0.0697314998462514,,,,,,,,,,
233,2024-09-08 19:17:52,meteorologist_interview.txt,1,0,0.0138632162661737,0.0009242144177449,0.0120147874306839,0.0828745919947205,,,,,,,,,,
233,2024-09-08 19:17:52,meteorologist_interview.txt,2,0,0.015267175572519,0.0019083969465648,0.0114503816793893,0.1053028703368924,,,,,,,,,,
233,2024-09-08 19:17:52,meteorologist_interview.txt,3,0,0.0172413793103448,0.0,0.0086206896551724,0.094658853795468,,,,,,,,,,
233,2024-09-08 19:17:52,shop_assistant_interview.txt,1,0,0.020042194092827,0.0063291139240506,0.0126582278481012,0.0788959691729436,,,,,,,,,,
233,2024-09-08 19:17:52,shop_assistant_interview.txt,2,0,0.0123348017621145,0.0008810572687224,0.0096916299559471,0.0735345173024602,,,,,,,,,,
233,2024-09-08 19:17:52,shop_assistant_interview.txt,3,0,0.0200913242009132,0.0,0.0054794520547945,0.0781574645763682,,,,,,,,,,
233,2024-09-08 19:17:52,social_media_manager_interview.txt,1,0,0.0094043887147335,0.0,0.0104493207941483,0.0848200489752304,,,,,,,,,,
233,2024-09-08 19:17:52,social_media_manager_interview.txt,2,0,0.0127442650807136,0.0008496176720475,0.0127442650807136,0.0782826236600617,,,,,,,,,,
233,2024-09-08 19:17:52,social_media_manager_interview.txt,3,0,0.0151515151515151,0.0,0.0089126559714795,0.0962863674777385,,,,,,,,,,
233,2024-09-08 19:17:52,marine_engineer_interview.txt,1,0,0.0242844752818733,0.007805724197745,0.0121422376409366,0.0740413802677727,,,,,,,,,,
233,2024-09-08 19:17:52,marine_engineer_interview.txt,2,0,0.0281827016520894,0.0048590864917395,0.0116618075801749,0.0963290488970035,,,,,,,,,,
233,2024-09-08 19:17:52,marine_engineer_interview.txt,3,0,0.0234248788368336,0.0072697899838449,0.011308562197092,0.0636564377243725,,,,,,,,,,
233,2024-09-08 19:17:52,warehouse_manager_interview.txt,1,0,0.0254154447702834,0.0039100684261974,0.0087976539589442,0.1110369687520402,,,,,,,,,,
233,2024-09-08 19:17:52,warehouse_manager_interview.txt,2,0,0.024800708591674,0.0070859167404783,0.0132860938883968,0.0930088816144836,,,,,,,,,,
233,2024-09-08 19:17:52,warehouse_manager_interview.txt,3,0,0.023508137432188,0.0,0.011754068716094,0.0899666483298664,,,,,,,,,,
233,2024-09-08 19:17:52,business_intelligence_analyst_interview.txt,1,0,0.0298507462686567,0.0127931769722814,0.0085287846481876,0.0842939637913583,,,,,,,,,,
233,2024-09-08 19:17:52,business_intelligence_analyst_interview.txt,2,0,0.0252312867956265,0.0084104289318755,0.0042052144659377,0.0536801276246441,,,,,,,,,,
233,2024-09-08 19:17:52,business_intelligence_analyst_interview.txt,3,0,0.0178571428571428,0.0009920634920634,0.0089285714285714,0.0736783828237876,,,,,,,,,,
233,2024-09-08 19:17:52,full_stack_developer_interview.txt,1,0,0.0266781411359724,0.0034423407917383,0.0129087779690189,0.0679997235782415,,,,,,,,,,
233,2024-09-08 19:17:52,full_stack_developer_interview.txt,2,0,0.03515625,0.0068359375,0.0166015625,0.0485223643219846,,,,,,,,,,
233,2024-09-08 19:17:52,full_stack_developer_interview.txt,3,0,0.0216411181244364,0.0009017132551848,0.0108205590622182,0.0902418186620774,,,,,,,,,,
233,2024-09-08 19:17:52,focus_group_interview.txt,1,0,0.001410934744268,0.0005451338784672,0.0003206669873336,0.1209443028271942,,,,,,,,,,
233,2024-09-08 19:17:52,focus_group_interview.txt,2,0,0.0013502301898456,0.0004880350083779,0.0003090888386393,0.1264977604862439,,,,,,,,,,
233,2024-09-08 19:17:52,focus_group_interview.txt,3,0,0.001322456263344,0.0005576622797233,0.0003186641598419,0.1127472742737444,,,,,,,,,,
233,2024-09-08 19:17:52,travel_agent_interview.txt,1,0,0.0174249757986447,0.0077444336882865,0.0116166505324298,0.1128120843439154,,,,,,,,,,
233,2024-09-08 19:17:52,travel_agent_interview.txt,2,0,0.0288288288288288,0.0054054054054054,0.0099099099099099,0.1179650970472129,,,,,,,,,,
233,2024-09-08 19:17:52,travel_agent_interview.txt,3,0,0.0122807017543859,0.0008771929824561,0.0105263157894736,0.0618619937340687,,,,,,,,,,
233,2024-09-08 19:17:52,robotics_engineer_interview.txt,1,0,0.0358180058083252,0.0106485963213939,0.0087124878993223,0.0737664384820222,,,,,,,,,,
233,2024-09-08 19:17:52,robotics_engineer_interview.txt,2,0,0.0211132437619961,0.0134357005758157,0.0124760076775431,0.0607234353190345,,,,,,,,,,
233,2024-09-08 19:17:52,robotics_engineer_interview.txt,3,0,0.0278026905829596,0.0044843049327354,0.0143497757847533,0.0859046974533807,,,,,,,,,,
233,2024-09-08 19:17:52,biomedical_engineer_interview.txt,1,0,0.027027027027027,0.002002002002002,0.011011011011011,0.1130612484987703,,,,,,,,,,
233,2024-09-08 19:17:52,biomedical_engineer_interview.txt,2,0,0.0262645914396887,0.0,0.0145914396887159,0.0910505492032178,,,,,,,,,,
233,2024-09-08 19:17:52,biomedical_engineer_interview.txt,3,0,0.0275319567354965,0.0029498525073746,0.0117994100294985,0.0734591235034939,,,,,,,,,,
233,2024-09-08 19:17:52,marketing_manager_interview.txt,1,0,0.021256931608133,0.0,0.010166358595194,0.0879526821442931,,,,,,,,,,
233,2024-09-08 19:17:52,marketing_manager_interview.txt,2,0,0.0186567164179104,0.0,0.0130597014925373,0.0786132744758573,,,,,,,,,,
233,2024-09-08 19:17:52,marketing_manager_interview.txt,3,0,0.024390243902439,0.0,0.0111788617886178,0.0872293519314059,,,,,,,,,,
233,2024-09-08 19:17:52,professor_of_classics_interview.txt,1,0,0.0200481154771451,0.0008019246190858,0.0136327185244587,0.085385415787956,,,,,,,,,,
233,2024-09-08 19:17:52,professor_of_classics_interview.txt,2,0,0.019090909090909,0.0036363636363636,0.0127272727272727,0.0785437867744377,,,,,,,,,,
233,2024-09-08 19:17:52,professor_of_classics_interview.txt,3,0,0.0169660678642714,0.0009980039920159,0.0079840319361277,0.0943515706900125,,,,,,,,,,
233,2024-09-08 19:17:52,environmental_engineer_interview.txt,1,0,0.0195652173913043,0.0021739130434782,0.008695652173913,0.0832430021291639,,,,,,,,,,
233,2024-09-08 19:17:52,environmental_engineer_interview.txt,2,0,0.0177462289263531,0.0017746228926353,0.0106477373558118,0.0786494166932998,,,,,,,,,,
233,2024-09-08 19:17:52,environmental_engineer_interview.txt,3,0,0.0193661971830985,0.0008802816901408,0.0123239436619718,0.0646709598922434,,,,,,,,,,
233,2024-09-08 19:17:52,physical_therapist_interview.txt,1,0,0.0148148148148148,0.0064814814814814,0.0083333333333333,0.086200272193477,,,,,,,,,,
233,2024-09-08 19:17:52,physical_therapist_interview.txt,2,0,0.0143953934740882,0.0,0.0124760076775431,0.0944294363378905,,,,,,,,,,
233,2024-09-08 19:17:52,physical_therapist_interview.txt,3,0,0.0211416490486257,0.0010570824524312,0.007399577167019,0.0900183778121243,,,,,,,,,,
233,2024-09-08 19:17:52,astronomer_interview.txt,1,0,0.020076481835564,0.0,0.0124282982791587,0.0375008175954264,,,,,,,,,,
233,2024-09-08 19:17:52,astronomer_interview.txt,2,0,0.024074074074074,0.0092592592592592,0.0092592592592592,0.0817300924473827,,,,,,,,,,
233,2024-09-08 19:17:52,astronomer_interview.txt,3,0,0.0275482093663911,0.0009182736455463,0.0101010101010101,0.0861344949881433,,,,,,,,,,
233,2024-09-08 19:17:52,ai_professor_interview.txt,1,0,0.0303605313092979,0.0075901328273244,0.0113851992409867,0.0874196362482124,,,,,,,,,,
233,2024-09-08 19:17:52,ai_professor_interview.txt,2,0,0.0244786944696282,0.0063463281958295,0.0117860380779691,0.099253378493138,,,,,,,,,,
233,2024-09-08 19:17:52,ai_professor_interview.txt,3,0,0.0219780219780219,0.0025359256128486,0.0152155536770921,0.0929705997245477,,,,,,,,,,
233,2024-09-08 19:17:52,game_developer_interview.txt,1,0,0.0189018901890189,0.0,0.0108010801080108,0.1222635121372155,,,,,,,,,,
233,2024-09-08 19:17:52,game_developer_interview.txt,2,0,0.0239693192713326,0.0,0.012464046021093,0.1306302606435656,,,,,,,,,,
233,2024-09-08 19:17:52,game_developer_interview.txt,3,0,0.0165137614678899,0.0009174311926605,0.0119266055045871,0.0799582006686933,,,,,,,,,,
233,2024-09-08 19:17:52,fire_protection_engineer_interview.txt,1,0,0.0272479564032697,0.0054495912806539,0.0054495912806539,0.1257401749316732,,,,,,,,,,
233,2024-09-08 19:17:52,fire_protection_engineer_interview.txt,2,0,0.0188679245283018,0.004492362982929,0.0098831985624438,0.098486354253508,,,,,,,,,,
233,2024-09-08 19:17:52,fire_protection_engineer_interview.txt,3,0,0.017799352750809,0.0048543689320388,0.0097087378640776,0.0983412660547034,,,,,,,,,,
233,2024-09-08 19:17:52,safety_engineer_interview.txt,1,0,0.0319148936170212,0.0063829787234042,0.0159574468085106,0.1001046125814143,,,,,,,,,,
233,2024-09-08 19:17:52,safety_engineer_interview.txt,2,0,0.0215355805243445,0.0074906367041198,0.0074906367041198,0.0912473319977468,,,,,,,,,,
233,2024-09-08 19:17:52,safety_engineer_interview.txt,3,0,0.0259631490787269,0.0125628140703517,0.0100502512562814,0.0705526083149029,,,,,,,,,,
233,2024-09-08 19:17:52,environmental_scientist_interview.txt,1,0,0.0184859154929577,0.0017605633802816,0.0123239436619718,0.091746311655232,,,,,,,,,,
233,2024-09-08 19:17:52,environmental_scientist_interview.txt,2,0,0.0270506108202443,0.0043630017452006,0.013089005235602,0.0602569739410095,,,,,,,,,,
233,2024-09-08 19:17:52,environmental_scientist_interview.txt,3,0,0.0228789323164918,0.0038131553860819,0.0095328884652049,0.1045621014779737,,,,,,,,,,
233,2024-09-08 19:17:52,operations_manager_interview.txt,1,0,0.0199095022624434,0.0,0.0135746606334841,0.0953213604506927,,,,,,,,,,
233,2024-09-08 19:17:52,operations_manager_interview.txt,2,0,0.013550135501355,0.001806684733514,0.00903342366757,0.0883833524440456,,,,,,,,,,
233,2024-09-08 19:17:52,operations_manager_interview.txt,3,0,0.0165530671859785,0.0087633885102239,0.0107108081791626,0.0799864656295333,,,,,,,,,,
233,2024-09-08 19:17:52,backend_developer_interview.txt,1,0,0.0211981566820276,0.0055299539170506,0.0138248847926267,0.0530641958553308,,,,,,,,,,
233,2024-09-08 19:17:52,backend_developer_interview.txt,2,0,0.0253699788583509,0.0126849894291754,0.0095137420718816,0.1158978565408165,,,,,,,,,,
233,2024-09-08 19:17:52,backend_developer_interview.txt,3,0,0.0288870008496176,0.0050977060322854,0.0127442650807136,0.066246104878764,,,,,,,,,,
233,2024-09-08 19:17:52,digital_marketing_specialist_interview.txt,1,0,0.0183654729109274,0.0,0.0110192837465564,0.0681426297871335,,,,,,,,,,
233,2024-09-08 19:17:52,digital_marketing_specialist_interview.txt,2,0,0.026525198938992,0.0,0.0070733863837312,0.0980177114710937,,,,,,,,,,
233,2024-09-08 19:17:52,digital_marketing_specialist_interview.txt,3,0,0.0206286836935167,0.0,0.0108055009823182,0.0918230794108314,,,,,,,,,,
233,2024-09-08 19:17:52,mechanical_engineer_interview.txt,1,0,0.0287037037037037,0.0,0.0138888888888888,0.1075951784023088,,,,,,,,,,
233,2024-09-08 19:17:52,mechanical_engineer_interview.txt,2,0,0.0219256434699714,0.0028598665395614,0.0114394661582459,0.0927810278598756,,,,,,,,,,
233,2024-09-08 19:17:52,mechanical_engineer_interview.txt,3,0,0.0260723296888141,0.0016820857863751,0.0075693860386879,0.0560655472584337,,,,,,,,,,
233,2024-09-08 19:17:52,software_quality_assurance_tester_interview.txt,1,0,0.0322283609576427,0.0046040515653775,0.009208103130755,0.084448683178574,,,,,,,,,,
233,2024-09-08 19:17:52,software_quality_assurance_tester_interview.txt,2,0,0.0240213523131672,0.0053380782918149,0.0124555160142348,0.0692551251722067,,,,,,,,,,
233,2024-09-08 19:17:52,software_quality_assurance_tester_interview.txt,3,0,0.0195530726256983,0.0046554934823091,0.0083798882681564,0.0693942962241592,,,,,,,,,,
233,2024-09-08 19:17:52,cybersecurity_specialist_interview.txt,1,0,0.0171428571428571,0.0095238095238095,0.0133333333333333,0.0744639910304743,,,,,,,,,,
233,2024-09-08 19:17:52,cybersecurity_specialist_interview.txt,2,0,0.0149114631873252,0.0083876980428704,0.0102516309412861,0.0486134912240653,,,,,,,,,,
233,2024-09-08 19:17:52,cybersecurity_specialist_interview.txt,3,0,0.0174603174603174,0.0087301587301587,0.0111111111111111,0.0802440487734894,,,,,,,,,,
233,2024-09-08 19:17:52,product_manager_interview.txt,1,0,0.0230366492146596,0.0010471204188481,0.0146596858638743,0.086133769136743,,,,,,,,,,
233,2024-09-08 19:17:52,product_manager_interview.txt,2,0,0.0196078431372549,0.008714596949891,0.0108932461873638,0.0828354730398054,,,,,,,,,,
233,2024-09-08 19:17:52,product_manager_interview.txt,3,0,0.0207792207792207,0.0,0.0129870129870129,0.0763936750531716,,,,,,,,,,
233,2024-09-08 19:17:52,microbiologist_interview.txt,1,0,0.0257589696412143,0.0082796688132474,0.0073597056117755,0.0821776129926555,,,,,,,,,,
233,2024-09-08 19:17:52,microbiologist_interview.txt,2,0,0.0214424951267056,0.0087719298245614,0.0116959064327485,0.0788788302954798,,,,,,,,,,
233,2024-09-08 19:17:52,microbiologist_interview.txt,3,0,0.0216450216450216,0.0008658008658008,0.0103896103896103,0.0757488213693337,,,,,,,,,,
233,2024-09-08 19:17:52,it_manager_interview.txt,1,0,0.0279162512462612,0.0059820538384845,0.0059820538384845,0.0935411915677218,,,,,,,,,,
233,2024-09-08 19:17:52,it_manager_interview.txt,2,0,0.0314465408805031,0.0035938903863432,0.0098831985624438,0.0685660392709517,,,,,,,,,,
233,2024-09-08 19:17:52,it_manager_interview.txt,3,0,0.0209380234505862,0.0033500837520938,0.0125628140703517,0.078730431758656,,,,,,,,,,
233,2024-09-08 19:17:52,industrial_engineer_interview.txt,1,0,0.0313986679352997,0.0028544243577545,0.0133206470028544,0.0843938912697589,,,,,,,,,,
233,2024-09-08 19:17:52,industrial_engineer_interview.txt,2,0,0.0191605839416058,0.0,0.0100364963503649,0.0827891975997937,,,,,,,,,,
233,2024-09-08 19:17:52,industrial_engineer_interview.txt,3,0,0.0216076058772687,0.0051858254105445,0.0095073465859982,0.0574937004381569,,,,,,,,,,
233,2024-09-08 19:17:52,barista_interview.txt,1,0,0.008695652173913,0.0,0.0057971014492753,0.0392687201394547,,,,,,,,,,
233,2024-09-08 19:17:52,barista_interview.txt,2,0,0.0149672591206735,0.0,0.0074836295603367,0.0612325478407143,,,,,,,,,,
233,2024-09-08 19:17:52,barista_interview.txt,3,0,0.0133744855967078,0.0,0.0072016460905349,0.1031171095812551,,,,,,,,,,
233,2024-09-08 19:17:52,petroleum_engineer_interview.txt,1,0,0.0255057167985927,0.0061565523306948,0.011433597185576,0.0602316249638849,,,,,,,,,,
233,2024-09-08 19:17:52,petroleum_engineer_interview.txt,2,0,0.0261627906976744,0.003875968992248,0.0116279069767441,0.1139156552894319,,,,,,,,,,
233,2024-09-08 19:17:52,petroleum_engineer_interview.txt,3,0,0.0285433070866141,0.0039370078740157,0.0118110236220472,0.096900984807217,,,,,,,,,,
233,2024-09-08 19:17:52,business_analyst_interview.txt,1,0,0.0224609375,0.001953125,0.0166015625,0.0852577079500872,,,,,,,,,,
233,2024-09-08 19:17:52,business_analyst_interview.txt,2,0,0.0200913242009132,0.0036529680365296,0.0118721461187214,0.0746810828127732,,,,,,,,,,
233,2024-09-08 19:17:52,business_analyst_interview.txt,3,0,0.0203045685279187,0.0040609137055837,0.016243654822335,0.0992622432505801,,,,,,,,,,
233,2024-09-08 19:17:52,data_engineer_interview.txt,1,0,0.0365384615384615,0.0009615384615384,0.0144230769230769,0.0835953100699987,,,,,,,,,,
233,2024-09-08 19:17:52,data_engineer_interview.txt,2,0,0.0309498399146211,0.0,0.0128068303094983,0.1054980182880579,,,,,,,,,,
233,2024-09-08 19:17:52,data_engineer_interview.txt,3,0,0.0233393177737881,0.0,0.0080789946140035,0.090817131634551,,,,,,,,,,
233,2024-09-08 19:17:52,aerospace_engineer_interview.txt,1,0,0.0274621212121212,0.0056818181818181,0.0104166666666666,0.0504801251032733,,,,,,,,,,
233,2024-09-08 19:17:52,aerospace_engineer_interview.txt,2,0,0.0243266724587315,0.0052128583840139,0.0078192875760208,0.0857760055006307,,,,,,,,,,
233,2024-09-08 19:17:52,aerospace_engineer_interview.txt,3,0,0.0277502477700693,0.0069375619425173,0.0118929633300297,0.0992594065240996,,,,,,,,,,
233,2024-09-08 19:17:52,bartender_interview.txt,1,0,0.0196850393700787,0.0039370078740157,0.0137795275590551,0.0820807954251731,,,,,,,,,,
233,2024-09-08 19:17:52,bartender_interview.txt,2,0,0.0286591606960081,0.0051177072671443,0.0061412487205731,0.0873221164161693,,,,,,,,,,
233,2024-09-08 19:17:52,bartender_interview.txt,3,0,0.0101382488479262,0.0,0.0073732718894009,0.115190499787362,,,,,,,,,,
233,2024-09-08 19:17:52,natural_language_processing_engineer_interview.txt,1,0,0.0401146131805157,0.0047755491881566,0.0095510983763132,0.0947047133446147,,,,,,,,,,
233,2024-09-08 19:17:52,natural_language_processing_engineer_interview.txt,2,0,0.0369344413665743,0.0073868882733148,0.0064635272391505,0.0916865791280011,,,,,,,,,,
233,2024-09-08 19:17:52,natural_language_processing_engineer_interview.txt,3,0,0.0289990645463049,0.000935453695042,0.0121608980355472,0.0772371128762937,,,,,,,,,,
233,2024-09-08 19:17:52,cto_of_a_fintec_interview.txt,1,0,0.0210526315789473,0.0078947368421052,0.0122807017543859,0.0730692660277996,,,,,,,,,,
233,2024-09-08 19:17:52,cto_of_a_fintec_interview.txt,2,0,0.015843429636533,0.0037278657968313,0.0130475302889096,0.1063779199439843,,,,,,,,,,
233,2024-09-08 19:17:52,cto_of_a_fintec_interview.txt,3,0,0.0208333333333333,0.0125,0.0083333333333333,0.0648684227224694,,,,,,,,,,
233,2024-09-08 19:17:52,database_administrator_interview.txt,1,0,0.0222868217054263,0.005813953488372,0.0135658914728682,0.1054431181362239,,,,,,,,,,
233,2024-09-08 19:17:52,database_administrator_interview.txt,2,0,0.0220385674931129,0.0027548209366391,0.0073461891643709,0.09329490037766,,,,,,,,,,
233,2024-09-08 19:17:52,database_administrator_interview.txt,3,0,0.0221843003412969,0.007679180887372,0.0085324232081911,0.0856620726713247,,,,,,,,,,
233,2024-09-08 19:17:52,nuclear_engineer_interview.txt,1,0,0.023486901535682,0.004516711833785,0.008130081300813,0.1046990405798106,,,,,,,,,,
233,2024-09-08 19:17:52,nuclear_engineer_interview.txt,2,0,0.0217186024551463,0.0094428706326723,0.0084985835694051,0.0914187181378944,,,,,,,,,,
233,2024-09-08 19:17:52,nuclear_engineer_interview.txt,3,0,0.0241171403962101,0.0034453057708871,0.0129198966408268,0.0757400401737681,,,,,,,,,,
233,2024-09-08 19:17:52,pharmacist_interview.txt,1,0,0.022517911975435,0.0040941658137154,0.0102354145342886,0.1213449543961686,,,,,,,,,,
233,2024-09-08 19:17:52,pharmacist_interview.txt,2,0,0.0122525918944392,0.000942507068803,0.0065975494816211,0.0891625811675973,,,,,,,,,,
233,2024-09-08 19:17:52,pharmacist_interview.txt,3,0,0.0223577235772357,0.0132113821138211,0.0111788617886178,0.1016222875848202,,,,,,,,,,
233,2024-09-08 19:17:52,chef_interview.txt,1,0,0.0108813928182807,0.0,0.0087051142546245,0.1134364470557975,,,,,,,,,,
233,2024-09-08 19:17:52,chef_interview.txt,2,0,0.0129611166500498,0.0,0.007976071784646,0.0754862732996238,,,,,,,,,,
233,2024-09-08 19:17:52,chef_interview.txt,3,0,0.0185701021355617,0.0,0.0074280408542246,0.095732947131046,,,,,,,,,,
233,2024-09-08 19:17:52,hotel_manager_interview.txt,1,0,0.0218216318785578,0.0,0.0113851992409867,0.0775040196921617,,,,,,,,,,
233,2024-09-08 19:17:52,hotel_manager_interview.txt,2,0,0.0199501246882793,0.0033250207813798,0.0091438071487946,0.0889248394711462,,,,,,,,,,
233,2024-09-08 19:17:52,hotel_manager_interview.txt,3,0,0.0173267326732673,0.0057755775577557,0.0057755775577557,0.0547422850483237,,,,,,,,,,
233,2024-09-08 19:17:52,mobile_app_developer_interview.txt,1,0,0.0201096892138939,0.0009140767824497,0.0100548446069469,0.1004364094114158,,,,,,,,,,
233,2024-09-08 19:17:52,mobile_app_developer_interview.txt,2,0,0.0193610842207163,0.0019361084220716,0.0125847047434656,0.1027353392466518,,,,,,,,,,
233,2024-09-08 19:17:52,mobile_app_developer_interview.txt,3,0,0.0149850149850149,0.0049950049950049,0.0119880119880119,0.1167451396698519,,,,,,,,,,
233,2024-09-08 19:17:52,graphic_designer_interview.txt,1,0,0.0182421227197346,0.0,0.0082918739635157,0.0738643154861539,,,,,,,,,,
233,2024-09-08 19:17:52,graphic_designer_interview.txt,2,0,0.0207305034550839,0.0,0.0128331688055281,0.1248065428257155,,,,,,,,,,
233,2024-09-08 19:17:52,graphic_designer_interview.txt,3,0,0.0191339375629405,0.0,0.0080563947633434,0.1175534695282983,,,,,,,,,,
233,2024-09-08 19:17:52,geotechnical_engineer_interview.txt,1,0,0.0332355816226783,0.0048875855327468,0.0087976539589442,0.0775311010523303,,,,,,,,,,
233,2024-09-08 19:17:52,geotechnical_engineer_interview.txt,2,0,0.0240384615384615,0.0,0.0112179487179487,0.0559366143994804,,,,,,,,,,
233,2024-09-08 19:17:52,geotechnical_engineer_interview.txt,3,0,0.0219579139981701,0.000914913083257,0.0137236962488563,0.0978052079561543,,,,,,,,,,
233,2024-09-08 19:17:52,gardener_interview.txt,1,0,0.017357762777242,0.0009643201542912,0.0077145612343297,0.0666433064605267,,,,,,,,,,
233,2024-09-08 19:17:52,gardener_interview.txt,2,0,0.0135593220338983,0.0016949152542372,0.0110169491525423,0.0731959468717681,,,,,,,,,,
233,2024-09-08 19:17:52,gardener_interview.txt,3,0,0.0149597238204833,0.0,0.0115074798619102,0.1188797780105624,,,,,,,,,,
233,2024-09-08 19:17:52,ai_software_developer_interview.txt,1,0,0.0285714285714285,0.0019047619047619,0.0095238095238095,0.1413849816903215,,,,,,,,,,
233,2024-09-08 19:17:52,ai_software_developer_interview.txt,2,0,0.037940379403794,0.0,0.00903342366757,0.0569500348168215,,,,,,,,,,
233,2024-09-08 19:17:52,ai_software_developer_interview.txt,3,0,0.0196891191709844,0.0031088082901554,0.0124352331606217,0.0855797711265753,,,,,,,,,,
233,2024-09-08 19:17:52,supply_chain_manager_interview.txt,1,0,0.0192131747483989,0.0045745654162854,0.010978956999085,0.0849746091793392,,,,,,,,,,
233,2024-09-08 19:17:52,supply_chain_manager_interview.txt,2,0,0.0182648401826484,0.0011415525114155,0.0102739726027397,0.0848272083936295,,,,,,,,,,
233,2024-09-08 19:17:52,supply_chain_manager_interview.txt,3,0,0.0242272347535505,0.0075187969924812,0.0075187969924812,0.0871888134479164,,,,,,,,,,
233,2024-09-08 19:17:52,cloud_architect_interview.txt,1,0,0.0223123732251521,0.0060851926977687,0.0101419878296146,0.0483676932602287,,,,,,,,,,
233,2024-09-08 19:17:52,cloud_architect_interview.txt,2,0,0.0196581196581196,0.0059829059829059,0.0085470085470085,0.1045697827525149,,,,,,,,,,
233,2024-09-08 19:17:52,cloud_architect_interview.txt,3,0,0.0218487394957983,0.0025210084033613,0.0117647058823529,0.0737816487448323,,,,,,,,,,
233,2024-09-08 19:17:52,mining_engineer_interview.txt,1,0,0.0202312138728323,0.0096339113680154,0.0077071290944123,0.1110249279072813,,,,,,,,,,
233,2024-09-08 19:17:52,mining_engineer_interview.txt,2,0,0.0271216097987751,0.0052493438320209,0.0087489063867016,0.0804258145885646,,,,,,,,,,
233,2024-09-08 19:17:52,mining_engineer_interview.txt,3,0,0.0199826238053866,0.0104257167680278,0.0095569070373588,0.0792268913403366,,,,,,,,,,
233,2024-09-08 19:17:52,devops_engineer_interview.txt,1,0,0.0265017667844522,0.0035335689045936,0.0097173144876325,0.088720816833975,,,,,,,,,,
233,2024-09-08 19:17:52,devops_engineer_interview.txt,2,0,0.0260707635009311,0.0074487895716946,0.0065176908752327,0.088274417148223,,,,,,,,,,
233,2024-09-08 19:17:52,devops_engineer_interview.txt,3,0,0.0186046511627906,0.0111627906976744,0.0083720930232558,0.1049508776948056,,,,,,,,,,
233,2024-09-08 19:17:52,system_administrator_interview.txt,1,0,0.0360884749708963,0.0034924330616996,0.0116414435389988,0.0882763139243301,,,,,,,,,,
233,2024-09-08 19:17:52,system_administrator_interview.txt,2,0,0.031413612565445,0.0073298429319371,0.0104712041884816,0.095109394981487,,,,,,,,,,
233,2024-09-08 19:17:52,system_administrator_interview.txt,3,0,0.021311475409836,0.0057377049180327,0.0057377049180327,0.0811187272138067,,,,,,,,,,
233,2024-09-08 19:17:52,content_writer_interview.txt,1,0,0.0271055179090029,0.004840271055179,0.0135527589545014,0.068402322400382,,,,,,,,,,
233,2024-09-08 19:17:52,content_writer_interview.txt,2,0,0.0134099616858237,0.0,0.0114942528735632,0.0968009984223794,,,,,,,,,,
233,2024-09-08 19:17:52,content_writer_interview.txt,3,0,0.0218778486782133,0.0018231540565177,0.0109389243391066,0.0831675809690844,,,,,,,,,,
233,2024-09-08 19:17:52,transportation_engineer_interview.txt,1,0,0.0195121951219512,0.0016260162601626,0.008130081300813,0.0603701528943023,,,,,,,,,,
233,2024-09-08 19:17:52,transportation_engineer_interview.txt,2,0,0.0210260723296888,0.0058873002523128,0.0126156433978132,0.0944372786691996,,,,,,,,,,
233,2024-09-08 19:17:52,transportation_engineer_interview.txt,3,0,0.0291353383458646,0.0018796992481203,0.0112781954887218,0.1255145572754779,,,,,,,,,,
233,2024-09-08 19:17:52,lorry_driver_interview.txt,1,0,0.021355617455896,0.0046425255338904,0.0083565459610027,0.0676707363057268,,,,,,,,,,
233,2024-09-08 19:17:52,lorry_driver_interview.txt,2,0,0.0206398348813209,0.0051599587203302,0.0061919504643962,0.0785986912893936,,,,,,,,,,
233,2024-09-08 19:17:52,lorry_driver_interview.txt,3,0,0.0170616113744075,0.0066350710900473,0.0075829383886255,0.0780677501813746,,,,,,,,,,
233,2024-09-08 19:17:52,dentist_interview.txt,1,0,0.0146596858638743,0.0010471204188481,0.006282722513089,0.0696381692863891,,,,,,,,,,
233,2024-09-08 19:17:52,dentist_interview.txt,2,0,0.0222793487574978,0.0042844901456726,0.0128534704370179,0.1009217187823482,,,,,,,,,,
233,2024-09-08 19:17:52,dentist_interview.txt,3,0,0.021455223880597,0.0,0.0074626865671641,0.086744739491827,,,,,,,,,,
233,2024-09-08 19:17:52,physicist_interview.txt,1,0,0.025732031943212,0.0053238686779059,0.0133096716947648,0.0793935858919392,,,,,,,,,,
233,2024-09-08 19:17:52,physicist_interview.txt,2,0,0.0270774976657329,0.0018674136321195,0.011204481792717,0.1135635892722411,,,,,,,,,,
233,2024-09-08 19:17:52,physicist_interview.txt,3,0,0.0322854715378079,0.0,0.0093457943925233,0.0491710592099012,,,,,,,,,,
233,2024-09-08 19:17:52,architect_interview.txt,1,0,0.0230496453900709,0.0,0.0106382978723404,0.0848024463843482,,,,,,,,,,
233,2024-09-08 19:17:52,architect_interview.txt,2,0,0.0190657769304099,0.0038131553860819,0.0142993326978074,0.0605484157580313,,,,,,,,,,
233,2024-09-08 19:17:52,architect_interview.txt,3,0,0.0226480836236933,0.0165505226480836,0.0087108013937282,0.0998510155514528,,,,,,,,,,
233,2024-09-08 19:17:52,materials_engineer_interview.txt,1,0,0.0220440881763527,0.0,0.0110220440881763,0.1179894222215556,,,,,,,,,,
233,2024-09-08 19:17:52,materials_engineer_interview.txt,2,0,0.0257510729613733,0.009656652360515,0.0064377682403433,0.0772447903040978,,,,,,,,,,
233,2024-09-08 19:17:52,materials_engineer_interview.txt,3,0,0.0255707762557077,0.0,0.0136986301369863,0.072521000279223,,,,,,,,,,
233,2024-09-08 19:17:52,computer_vision_engineer_interview.txt,1,0,0.0351377018043684,0.0047483380816714,0.0104463437796771,0.0851047144851747,,,,,,,,,,
233,2024-09-08 19:17:52,computer_vision_engineer_interview.txt,2,0,0.028105167724388,0.0045330915684496,0.0108794197642792,0.0472605221977431,,,,,,,,,,
233,2024-09-08 19:17:52,computer_vision_engineer_interview.txt,3,0,0.0334316617502458,0.0029498525073746,0.0108161258603736,0.0703393265320347,,,,,,,,,,
233,2024-09-08 19:17:52,data_scientist_interview.txt,1,0,0.0289330922242314,0.0009041591320072,0.0135623869801084,0.0830465273136479,,,,,,,,,,
233,2024-09-08 19:17:52,data_scientist_interview.txt,2,0,0.0293072824156305,0.0044404973357015,0.0142095914742451,0.072983490202201,,,,,,,,,,
233,2024-09-08 19:17:52,data_scientist_interview.txt,3,0,0.0212981744421906,0.0,0.0101419878296146,0.0933012184853132,,,,,,,,,,
233,2024-09-08 19:17:52,structural_engineer_interview.txt,1,0,0.031786941580756,0.0077319587628865,0.011168384879725,0.0712299036402281,,,,,,,,,,
233,2024-09-08 19:17:52,structural_engineer_interview.txt,2,0,0.0223367697594501,0.0,0.011168384879725,0.0858998025785572,,,,,,,,,,
233,2024-09-08 19:17:52,structural_engineer_interview.txt,3,0,0.0282131661442006,0.0020898641588296,0.0135841170323928,0.1063752050325275,,,,,,,,,,
233,2024-09-08 19:17:52,ai_ethicist_interview.txt,1,0,0.0101522842639593,0.015228426395939,0.0093062605752961,0.0712937001833526,,,,,,,,,,
233,2024-09-08 19:17:52,ai_ethicist_interview.txt,2,0,0.0185185185185185,0.0092592592592592,0.0134680134680134,0.0693554288266813,,,,,,,,,,
233,2024-09-08 19:17:52,ai_ethicist_interview.txt,3,0,0.0227703984819734,0.0199240986717267,0.00853889943074,0.1331826318055371,,,,,,,,,,
233,2024-09-08 19:17:52,sales_manager_interview.txt,1,0,0.0230105465004793,0.0038350910834132,0.0134228187919463,0.0899932198781361,,,,,,,,,,
233,2024-09-08 19:17:52,sales_manager_interview.txt,2,0,0.0191256830601092,0.0072859744990892,0.0091074681238615,0.0981705925381125,,,,,,,,,,
233,2024-09-08 19:17:52,sales_manager_interview.txt,3,0,0.0105777054515866,0.0,0.0105777054515866,0.08082155404398,,,,,,,,,,
233,2024-09-08 19:17:52,frontend_developer_interview.txt,1,0,0.0176088971269694,0.0,0.0139017608897126,0.1069623246253179,,,,,,,,,,
233,2024-09-08 19:17:52,frontend_developer_interview.txt,2,0,0.0131208997188378,0.0,0.0121836925960637,0.0945321481484565,,,,,,,,,,
233,2024-09-08 19:17:52,frontend_developer_interview.txt,3,0,0.0159325210871602,0.0009372071227741,0.0131208997188378,0.0779139717926759,,,,,,,,,,
233,2024-09-08 19:17:52,public_relations_specialist_interview.txt,1,0,0.0140280561122244,0.001002004008016,0.0110220440881763,0.1247635370210052,,,,,,,,,,
233,2024-09-08 19:17:52,public_relations_specialist_interview.txt,2,0,0.0172413793103448,0.0076628352490421,0.0086206896551724,0.0480502479195583,,,,,,,,,,
233,2024-09-08 19:17:52,public_relations_specialist_interview.txt,3,0,0.0148731408573928,0.0,0.0078740157480314,0.0866205714714645,,,,,,,,,,
233,2024-09-08 19:17:52,logistics_coordinator_interview.txt,1,0,0.0218340611353711,0.0026200873362445,0.0157205240174672,0.076169293482586,,,,,,,,,,
233,2024-09-08 19:17:52,logistics_coordinator_interview.txt,2,0,0.0179704016913319,0.0,0.0126849894291754,0.0835658640852856,,,,,,,,,,
233,2024-09-08 19:17:52,logistics_coordinator_interview.txt,3,0,0.0174311926605504,0.0,0.010091743119266,0.1182041850851663,,,,,,,,,,
233,2024-09-08 19:17:52,nurse_interview.txt,1,0,0.0154142581888246,0.0038535645472061,0.0105973025048169,0.0933639942278636,,,,,,,,,,
233,2024-09-08 19:17:52,nurse_interview.txt,2,0,0.0147329650092081,0.0,0.0082872928176795,0.1343054603756712,,,,,,,,,,
233,2024-09-08 19:17:52,nurse_interview.txt,3,0,0.0196749358426005,0.0059880239520958,0.0102651839178785,0.0638057953688281,,,,,,,,,,
233,2024-09-08 19:17:52,chemist_interview.txt,1,0,0.0211907164480322,0.0080726538849646,0.0110998990918264,0.0617076719218869,,,,,,,,,,
233,2024-09-08 19:17:52,chemist_interview.txt,2,0,0.0321864594894561,0.004439511653718,0.0077691453940066,0.1051183845685398,,,,,,,,,,
233,2024-09-08 19:17:52,chemist_interview.txt,3,0,0.0222032450896669,0.0,0.0076857386848847,0.0764573054170216,,,,,,,,,,
233,2024-09-08 19:17:52,manufacturing_engineer_interview.txt,1,0,0.0220385674931129,0.0110192837465564,0.0146923783287419,0.0848147692492656,,,,,,,,,,
233,2024-09-08 19:17:52,manufacturing_engineer_interview.txt,2,0,0.0243128964059196,0.0031712473572938,0.0126849894291754,0.096173198102252,,,,,,,,,,
233,2024-09-08 19:17:52,manufacturing_engineer_interview.txt,3,0,0.025812619502868,0.008604206500956,0.0095602294455066,0.0845079200795403,,,,,,,,,,
233,2024-09-08 19:17:52,veterinarian_interview.txt,1,0,0.0156794425087108,0.0008710801393728,0.0087108013937282,0.0913388325339192,,,,,,,,,,
233,2024-09-08 19:17:52,veterinarian_interview.txt,2,0,0.0188848920863309,0.0116906474820143,0.0080935251798561,0.1051109525853345,,,,,,,,,,
233,2024-09-08 19:17:52,veterinarian_interview.txt,3,0,0.0178571428571428,0.0029761904761904,0.0148809523809523,0.0930863649025781,,,,,,,,,,
233,2024-09-08 19:17:52,event_planner_interview.txt,1,0,0.0098135426889106,0.0,0.0078508341511285,0.1429607445555735,,,,,,,,,,
233,2024-09-08 19:17:52,event_planner_interview.txt,2,0,0.0223463687150838,0.0037243947858473,0.0121042830540037,0.1144315325306319,,,,,,,,,,
233,2024-09-08 19:17:52,event_planner_interview.txt,3,0,0.0093378607809847,0.0008488964346349,0.0067911714770797,0.062380556562835,,,,,,,,,,
233,2024-09-08 19:17:52,seo_specialist_interview.txt,1,0,0.0181818181818181,0.0,0.0114832535885167,0.0907149768004547,,,,,,,,,,
233,2024-09-08 19:17:52,seo_specialist_interview.txt,2,0,0.0188118811881188,0.0,0.0089108910891089,0.1013203356818207,,,,,,,,,,
233,2024-09-08 19:17:52,seo_specialist_interview.txt,3,0,0.0144181256436663,0.0,0.0072090628218331,0.1024439280748496,,,,,,,,,,
233,2024-09-08 19:17:52,procurement_specialist_interview.txt,1,0,0.0203873598369011,0.0050968399592252,0.0081549439347604,0.0668610907103222,,,,,,,,,,
233,2024-09-08 19:17:52,procurement_specialist_interview.txt,2,0,0.0178069353327085,0.0093720712277413,0.0103092783505154,0.0932307923266924,,,,,,,,,,
233,2024-09-08 19:17:52,procurement_specialist_interview.txt,3,0,0.0183752417794971,0.0009671179883945,0.0135396518375241,0.088122801961651,,,,,,,,,,
233,2024-09-08 19:17:52,aerospace_engineer_interview.txt,-999,0,0.0265130138136407,0.0059440795027831,0.010042972524239,0.0785051790426678,0.0018988998442488,16.244792536036428,0.000891760248909,138.15270702342298,0.0020623879415045,-9.82149898468478,0.0251893481856796,-35.36743547644451,15.0,78.0
233,2024-09-08 19:17:52,agricultural_engineer_interview.txt,-999,0,0.0202932733657451,0.0,0.0120378221025782,0.0676899737400216,0.0012520394432269,-11.025303692014162,0.0,-100.0,0.0009303337241851,8.090781895451158,0.0053783558903871,-44.271490764043655,63.0,99.0
233,2024-09-08 19:17:52,ai_ethicist_interview.txt,-999,0,0.0171470670881504,0.014803928108975,0.0104377244913498,0.0912772536051903,0.006419880129263,-24.81966515485184,0.0053450770827142,493.12725411593,0.0026522064857605,-6.276916882027379,0.0363040599044872,-24.852308406761168,85.0,36.0
233,2024-09-08 19:17:52,ai_professor_interview.txt,-999,0,0.025605749252316,0.0054907955453342,0.0127955969986826,0.0932145381552994,0.0043034062130615,12.266942961944594,0.0026334776871586,119.9916441597448,0.002105305366768,14.895042693019406,0.0059206412953608,-23.25736052927965,21.0,30.0
233,2024-09-08 19:17:52,ai_software_developer_interview.txt,-999,0,0.028733642382069,0.0016711900649724,0.0103308221173337,0.0946382625445728,0.0091267113470135,25.981011475572306,0.0015675104782717,-33.04288111599324,0.0018388934040162,-7.236821513896459,0.0429401590991479,-22.085221829953056,6.0,25.0
233,2024-09-08 19:17:52,architect_interview.txt,-999,0,0.0215878353147247,0.0067878926780552,0.0112161439879586,0.0817339592312774,0.0021933756708492,-5.349370874947596,0.0086669917761801,171.9605307274934,0.0028387233282181,0.7127172323603332,0.0198301613126793,-32.709211567939505,52.0,71.0
233,2024-09-08 19:17:52,astronomer_interview.txt,-999,0,0.0238995884253431,0.0033925109682685,0.0105961892131426,0.0684551350103175,0.0037389185608862,4.78637840754665,0.0051014564836336,35.922756470790006,0.0016415248527605,-4.854020320218055,0.0268975280537382,-43.641540794164,35.0,96.0
233,2024-09-08 19:17:52,backend_developer_interview.txt,-999,0,0.0251517121299987,0.0077708831261705,0.0120276306484073,0.0784027190916371,0.0038490663065086,10.276243169819123,0.0042612251907632,211.3445658984943,0.0022431365477459,7.999270138540609,0.0331338902126683,-35.451789776082194,28.0,80.0
233,2024-09-08 19:17:52,barista_interview.txt,-999,0,0.0123457989637647,0.0,0.0068274590333823,0.0678727925204747,0.0032598942567605,-45.87055061631325,0.0,-100.0,0.0009033859821003,-38.69444331467555,0.0324380000251752,-44.12097780721912,99.0,97.0
233,2024-09-08 19:17:52,bartender_interview.txt,-999,0,0.0194941496380043,0.0030182383803866,0.009098016056343,0.0948644705429014,0.0092619313908311,-14.529015966853748,0.0026797079980593,20.927326156139728,0.0041008392719845,-18.30651251966357,0.0177968665800377,-21.898986944229463,68.0,23.0
233,2024-09-08 19:17:52,biologist_interview.txt,-999,0,0.0261189286418644,0.0029923968507047,0.0090663704004682,0.0986969944963277,0.007663142930455,14.516948641839347,0.0043863239922321,19.89197152393633,0.0023854440981902,-18.590667216248647,0.0194459674329203,-18.743706557272247,19.0,14.0
233,2024-09-08 19:17:52,biomedical_engineer_interview.txt,-999,0,0.0269411917340707,0.0016506181697922,0.0124672869097418,0.0925236404018273,0.0006380277982911,18.12211413661946,0.001505991501294,-33.86710503888686,0.0018813325129826,11.947059750973692,0.0198421161748171,-23.8261700546511,12.0,34.0
233,2024-09-08 19:17:52,business_analyst_interview.txt,-999,0,0.020952276742944,0.0032223355807044,0.0149057878136854,0.0864003446711468,0.0013108818580103,-8.135941079317945,0.0011179340503151,29.104589049212592,0.0026332984879236,33.843002980071816,0.0123303518248481,-28.867420978936224,57.0,53.0
233,2024-09-08 19:17:52,business_intelligence_analyst_interview.txt,-999,0,0.0243130586404753,0.0073985564654068,0.0072208568475656,0.0705508247465967,0.0060492964803234,6.599214915524243,0.0059652731923645,196.4271001888996,0.0026192616512759,-35.16202050856677,0.0155447082910956,-41.91617943898768,32.0,94.0
233,2024-09-08 19:17:52,chef_interview.txt,-999,0,0.0141375372012974,0.0,0.0080364089644984,0.0948852224954891,0.003977063832334,-38.01477680029736,0.0,-100.0,0.0006406711706926,-27.83896279558722,0.0189892838154639,-21.88190205975472,96.0,22.0
233,2024-09-08 19:17:52,chemical_engineer_interview.txt,-999,0,0.0251427001354629,0.0027675276752767,0.0115937748332021,0.10416946195526,0.0048737485334964,10.236730595258166,0.0047934985449323,10.882468399152105,0.0032965866106193,4.103564262859678,0.0185127372364428,-14.23827633654426,29.0,11.0
233,2024-09-08 19:17:52,chemist_interview.txt,-999,0,0.0251934736757184,0.0041707218462275,0.0088515943902392,0.0810944539691494,0.0060772272876604,10.459344278289649,0.0040430336576717,67.10218923817558,0.0019475355434923,-20.51919769960449,0.0220737367281446,-33.235710145761686,26.0,73.0
233,2024-09-08 19:17:52,civil_engineer_interview.txt,-999,0,0.0221465058006458,0.0017574692442882,0.0116014610356671,0.078438349872565,0.0058891750554252,-2.899912085072458,0.0030440260238468,-29.58605990352615,0.0041228447494047,4.1725807034717945,0.0076504304385027,-35.422455294262875,46.0,79.0
233,2024-09-08 19:17:52,cloud_architect_interview.txt,-999,0,0.02127307745969,0.0048630356946786,0.0101512340863253,0.0755730415858586,0.001417676121118,-6.729408686370292,0.0020288998294558,94.8401118284162,0.0016088685948261,-8.849389844392462,0.0281438364843512,-37.7814362555034,55.0,85.0
233,2024-09-08 19:17:52,computer_vision_engineer_interview.txt,-999,0,0.0322248437596674,0.0040770940524985,0.0107139631347766,0.0675681877383175,0.0036683022153728,41.28798422084557,0.00098213435494,63.35094188040463,0.0002339158373984,-3.79649719287562,0.0190736763664626,-44.37175601672112,2.0,100.0
233,2024-09-08 19:17:52,construction_manager_interview.txt,-999,0,0.022526854578469,0.0014690458972439,0.0088978888936439,0.0736272522862754,0.0040016945315223,-1.2322946244482154,0.0013102183742851,-41.14189471952834,0.0014293569710825,-20.10350713466416,0.0124042606864049,-39.38338601204367,42.0,91.0
233,2024-09-08 19:17:52,content_writer_interview.txt,-999,0,0.0207977760910133,0.0022211417038989,0.0119953120557237,0.082790300597282,0.0069113661935091,-8.813340350355347,0.0024445555010067,-11.008776174935209,0.0013770722846603,7.709072964736336,0.0142030966802948,-31.83953580476367,60.0,66.0
233,2024-09-08 19:17:52,cto_of_a_fintec_interview.txt,-999,0,0.0192431315162712,0.0080408675463121,0.0112205217922096,0.0814385362314178,0.0029462692652664,-15.62959056349358,0.0043878924618356,222.1616353002035,0.00252960459324,0.7520266921975889,0.0219839282818521,-32.95243050372201,72.0,72.0
233,2024-09-08 19:17:52,customer_service_representative_interview.txt,-999,0,0.0216721879279419,0.0,0.0148423229130575,0.101529578437213,0.001342127859448,-4.979531667220044,0.0,-100.0,0.0038709774578849,33.2731348865463,0.0237923343629509,-16.411667237571393,51.0,13.0
233,2024-09-08 19:17:52,cybersecurity_specialist_interview.txt,-999,0,0.0165048792634999,0.0088805554322795,0.0115653584619101,0.0677738436760096,0.001389037925022,-27.63530093924001,0.0005827964484166,255.8041770939789,0.0015902760452413,3.8484061648742056,0.016843146868688,-44.20244144633699,90.0,98.0
233,2024-09-08 19:17:52,data_engineer_interview.txt,-999,0,0.0302758730756236,0.0003205128205128,0.0117696339488596,0.0933034866642025,0.0066253318788706,32.74283373671128,0.0005551444896054,-87.15848336061102,0.0032967677054906,5.68264967821797,0.011161031664746,-23.184130070970227,4.0,29.0
233,2024-09-08 19:17:52,data_scientist_interview.txt,-999,0,0.0265128496940175,0.0017815521559029,0.0126379887613227,0.0831104120003874,0.0045199151608571,16.2440729629363,0.0023466716932453,-28.621165239623068,0.002185688427618,13.479836730991536,0.0101590147940877,-31.57599114225559,16.0,64.0
233,2024-09-08 19:17:52,database_administrator_interview.txt,-999,0,0.0221698965132787,0.0054159851041277,0.0098148346151434,0.0948000303950695,0.0001247523193332,-2.7973568434693448,0.0024861846989391,116.99432404001853,0.0033022126618515,-11.870009484674595,0.0099760464212072,-21.95203990281695,45.0,24.0
233,2024-09-08 19:17:52,dentist_interview.txt,-999,0,0.0194647528339897,0.0017772035215069,0.0088662931724237,0.0857682091868548,0.0041816619774501,-14.65790457257492,0.0022336024612008,-28.7953955898022,0.0035030366393602,-20.38721345480588,0.0156646201946912,-29.387852089015325,69.0,58.0
233,2024-09-08 19:17:52,devops_engineer_interview.txt,-999,0,0.0237257271493913,0.0073817163913208,0.008202366128707,0.0939820372256678,0.0044402145672258,4.024093587906037,0.0038150531320872,195.75239366316032,0.0016065501017106,-26.348789615787908,0.009501916338187,-22.625485870916023,36.0,27.0
233,2024-09-08 19:17:52,digital_marketing_specialist_interview.txt,-999,0,0.0218397851811454,0.0,0.0096327237042019,0.0859944735563529,0.004212523866196,-4.244711097020584,0.0,-100.0,0.00221902713087,-13.50523141997293,0.0157673590388806,-29.20157079344605,49.0,57.0
233,2024-09-08 19:17:52,doctor_interview.txt,-999,0,0.020486380589679,0.0010230082499824,0.0108158783207741,0.0763952433515651,0.0015495488972931,-10.178636114303243,0.0001193478804524,-59.01263031112671,0.004206503350916,-2.8813738385336194,0.0237000362794607,-37.1045253902403,62.0,84.0
233,2024-09-08 19:17:52,electrical_engineer_interview.txt,-999,0,0.0309226213297986,0.0066256239479151,0.0081272981549033,0.0712410127576307,0.0130258809839446,35.578464463495976,0.0020587857170186,165.45914774127925,0.0009522522491225,-27.022844765847324,0.0092533903404005,-41.34795423779051,3.0,93.0
233,2024-09-08 19:17:52,environmental_engineer_interview.txt,-999,0,0.0188925478335853,0.0016096058754181,0.0105557777305655,0.0755211262382357,0.000997716161354,-17.166704667035233,0.0006624148862781,-35.510284428034225,0.0018158929511638,-5.216885688396047,0.0096731504222214,-37.82417766563604,76.0,86.0
233,2024-09-08 19:17:52,environmental_scientist_interview.txt,-999,0,0.0228051528765646,0.0033122401705214,0.0116486124542596,0.0855217956914051,0.0042828243095681,-0.0121116549583746,0.001371626188393,32.70666426182012,0.001871776108742,4.595965736056257,0.0227990028456206,-29.59072196764427,41.0,60.0
233,2024-09-08 19:17:52,event_planner_interview.txt,-999,0,0.0138325907283264,0.0015244304068274,0.0089154295607373,0.1065909445496801,0.0073769831249114,-39.35179716826762,0.0019519320533515,-38.92288488322156,0.0028119941672825,-19.946004855187056,0.0408582646370542,-12.244692831162196,97.0,8.0
233,2024-09-08 19:17:52,financial_analyst_interview.txt,-999,0,0.0219298602218292,0.0021071745567141,0.0105995623039345,0.0863971993583055,0.0070579610507186,-3.8497822333852696,0.0028703559309036,-15.574930547716887,0.0010793806781895,-4.823732447711976,0.0272827700608477,-28.870010484974443,48.0,54.0
233,2024-09-08 19:17:52,fire_protection_engineer_interview.txt,-999,0,0.0213050778941269,0.0049321077318739,0.0083471759023918,0.1075225984132948,0.0051743420008477,-6.5891046119892,0.000483325970998,97.60751973908872,0.0025108975713711,-25.04850443709768,0.0157770508428725,-11.477671098481736,54.0,5.0
233,2024-09-08 19:17:52,focus_group_interview.txt,-999,0,0.0013612070658192,0.0005302770555228,0.0003161399952716,0.1200631125290609,4.524908011507842e-05,-94.03186548021424,3.711513329834448e-05,-78.75416770821349,6.188047905457662e-06,-97.16129554115788,0.0069174663010511,-1.1531855342200004,100.0,2.0
233,2024-09-08 19:17:52,frontend_developer_interview.txt,-999,0,0.0155541059776558,0.000312402374258,0.013068784401538,0.0931361481888168,0.0022678026104965,-31.803912027312208,0.00054109678462,-87.48343270387578,0.0008602189663878,17.348064487743002,0.0145744060766777,-23.32189824040224,92.0,32.0
233,2024-09-08 19:17:52,full_stack_developer_interview.txt,-999,0,0.0278251697534696,0.0037266638489744,0.013443633177079,0.0689213021874345,0.0068301869220751,21.99786519961515,0.0029773115469488,49.310769377164576,0.0029273798450325,20.71393058009005,0.0208749897714577,-43.25774980710819,9.0,95.0
233,2024-09-08 19:17:52,game_developer_interview.txt,-999,0,0.0197949903094138,0.0003058103975535,0.0117305772112303,0.1109506578164915,0.0038071717073053,-13.20999725098072,0.0005296791460455,-87.74754375691326,0.000848636686613,5.331948922494519,0.027164313357523,-8.655382514855106,64.0,3.0
233,2024-09-08 19:17:52,gardener_interview.txt,-999,0,0.0152922695438745,0.0008864118028428,0.0100796634162608,0.0862396771142857,0.0019209315484375,-32.95191889432567,0.0008501392316442,-64.4854396234619,0.0020628708981512,-9.492041781108057,0.0284563949575328,-28.99969704482514,95.0,55.0
233,2024-09-08 19:17:52,geneticist_interview.txt,-999,0,0.022092922599512,0.0059689085424379,0.0104667457092758,0.0956870556503842,0.0017867369207279,-3.134844565513731,0.005454801001377,139.147495704129,0.0021695876081631,-6.016327706473419,0.0077949077347109,-21.22176047734122,47.0,21.0
233,2024-09-08 19:17:52,geologist_interview.txt,-999,0,0.0253746308246631,0.00252013226527,0.0098150378407877,0.0913515231268606,0.0037088375649914,11.253617435747683,0.0023269036267524,0.970439703930822,0.0030010209596215,-11.868184667975484,0.0126661045749003,-24.79116301852024,23.0,35.0
233,2024-09-08 19:17:52,geotechnical_engineer_interview.txt,-999,0,0.0264106523864367,0.0019341662053346,0.0112464329752497,0.0770909744693217,0.0060014093200375,15.79599471347808,0.0025983226859125,-22.5066021714564,0.0024631446719967,0.9846900436560162,0.020937766479744,-36.53173660219095,18.0,82.0
233,2024-09-08 19:17:52,graphic_designer_interview.txt,-999,0,0.019368854579253,0.0,0.009727145844129,0.1054081092800559,0.001260713755945,-15.078364985140285,0.0,-100.0,0.002692470350994,-12.657390103994572,0.0275573939850738,-13.21850981772272,70.0,10.0
233,2024-09-08 19:17:52,hotel_manager_interview.txt,-999,0,0.0196994964133681,0.0030335327797118,0.008768194649179,0.0737237147372106,0.0022579062459652,-13.6286847759944,0.0028988011268023,21.54010440042253,0.0028236107061073,-21.268065986929145,0.017402005225882,-39.30396939698474,65.0,90.0
233,2024-09-08 19:17:52,human_resources_manager_interview.txt,-999,0,0.0161902758509396,0.0017863422966779,0.0129055654133824,0.0829284040228438,0.0027343653300651,-29.01466160646765,0.0015478334039575,-28.429245701524763,0.0002136175615062,15.882478113430864,0.0307335301967362,-31.72583657278437,91.0,65.0
233,2024-09-08 19:17:52,industrial_engineer_interview.txt,-999,0,0.0240556192513914,0.0026800832560996,0.0109548299797392,0.0748922631025698,0.0064758977809327,5.470486639477841,0.0025973048361632,7.378961231833642,0.002065869673631,-1.6336902180893418,0.015088944546728,-38.3419146823279,33.0,87.0
233,2024-09-08 19:17:52,it_manager_interview.txt,-999,0,0.0267669385257835,0.0043086759923071,0.0094760221570933,0.0802792208657765,0.0053477027255453,17.35811091207222,0.0014543058415559,72.62939548071958,0.0033092213247434,-14.912295970924204,0.0125594036019018,-33.90688377784592,13.0,76.0
233,2024-09-08 19:17:52,logistics_coordinator_interview.txt,-999,0,0.0190785518290845,0.0008733624454148,0.0128324188553029,0.0926464475510127,0.0024015224853191,-16.35118078809586,0.0015127081288811,-65.0082690699619,0.0028172850719717,15.225675862292803,0.0224404940914565,-23.725064100999788,73.0,33.0
233,2024-09-08 19:17:52,lorry_driver_interview.txt,-999,0,0.0196856879038748,0.005479185114756,0.0073771449380082,0.0747790592588317,0.0023005258959403,-13.689227396028684,0.0010339190328617,119.52646608286744,0.0010968735680195,-33.758668494146235,0.0061617096669085,-38.435114326274245,66.0,88.0
233,2024-09-08 19:17:52,machine_learning_engineer_interview.txt,-999,0,0.0270034989119992,0.0008909817261881,0.0109739305014304,0.0874420236176427,0.002861870596875,18.39529639431035,0.0008526330650287,-64.30234321382119,0.003214052226352,-1.462181592473513,0.0055916762882902,-28.009816645779708,11.0,49.0
233,2024-09-08 19:17:52,manufacturing_engineer_interview.txt,-999,0,0.0240546944673002,0.0075982458682687,0.0123125324011413,0.0884986291436859,0.001900228492554,5.466431976527005,0.0040195629597861,204.42776233233167,0.0025862678164146,10.55747817268417,0.0066481422689409,-27.13992340216552,34.0,44.0
233,2024-09-08 19:17:52,marine_engineer_interview.txt,-999,0,0.0252973519235987,0.0066448668911098,0.0117042024727345,0.0780089556297162,0.0025354799947656,10.914792514342068,0.0015695748139188,166.2301264959807,0.0004184515283802,5.095123184250426,0.0166937449632791,-35.77597147555693,24.0,81.0
233,2024-09-08 19:17:52,marketing_manager_interview.txt,-999,0,0.0214346306428275,0.0,0.0114683072921164,0.0845984361838521,0.002870891336181,-6.021087995657609,0.0,-100.0,0.001468227606682,2.976958095822837,0.0051959043632802,-30.35091503615405,53.0,62.0
233,2024-09-08 19:17:52,materials_engineer_interview.txt,-999,0,0.0244553124644779,0.0032188841201716,0.010386147488502,0.0892517376016255,0.0020901264677651,7.222918670022693,0.0055752708398139,28.96630444708248,0.0036719616330564,-6.740040403719576,0.0249993887132406,-26.51989639764703,31.0,43.0
233,2024-09-08 19:17:52,mechanical_engineer_interview.txt,-999,0,0.0255672256208297,0.0015139841086455,0.0109659136952742,0.0854805845068727,0.0034171439423364,12.09803830322346,0.0014373248716165,-39.341421376420726,0.0031862545441025,-1.5341666108885192,0.0265291929074135,-29.62465074248257,22.0,61.0
233,2024-09-08 19:17:52,meteorologist_interview.txt,-999,0,0.0154572570496792,0.0009442037881032,0.0106952862550818,0.0942787720423603,0.0016970841506007,-32.22854061232009,0.0009543554933095,-62.16997299358509,0.001818681322357,-3.964201825189818,0.0112189689344773,-22.381186928857232,93.0,26.0
233,2024-09-08 19:17:52,microbiologist_interview.txt,-999,0,0.0229488288043138,0.0059724665012032,0.0098150741447114,0.0789350882191564,0.0024357592019875,0.6178272320737079,0.0044293459629684,139.29004721459165,0.0022244613533344,-11.867858685462224,0.0032147650224402,-35.01349535520028,39.0,77.0
233,2024-09-08 19:17:52,mining_engineer_interview.txt,-999,0,0.022445149158998,0.0084363239893547,0.0086709808394909,0.0902258779453942,0.0040518406116167,-1.5905273626136849,0.0027882558778385,238.0058080398749,0.0009273477787399,-22.140974442518782,0.0180224780129312,-25.71789595141651,43.0,40.0
233,2024-09-08 19:17:52,mobile_app_developer_interview.txt,-999,0,0.0181519294732084,0.0026150633998421,0.0115425204461415,0.1066389627759732,0.0027680521835037,-20.41390350514321,0.002123494446752,4.773906105844631,0.0013224579815612,3.6433375934716414,0.0088273653008477,-12.205159883819874,79.0,7.0
233,2024-09-08 19:17:52,natural_language_processing_engineer_interview.txt,-999,0,0.0353493730311316,0.0043659637188378,0.0093918412170036,0.0878761351163032,0.0057247870336715,54.98730409021729,0.0032451613553013,74.92465871636617,0.0028520222001243,-15.668178850522663,0.0093364275397464,-27.65241679280512,1.0,47.0
233,2024-09-08 19:17:52,network_administrator_interview.txt,-999,0,0.0208933189578507,0.0072540711629411,0.010441634414734,0.081863852324752,0.0058486875308316,-8.394438115706407,0.0034181168430865,190.63821969172847,0.0018689240181402,-6.241808647984158,0.0117356577424788,-32.60227182399473,58.0,69.0
233,2024-09-08 19:17:52,neuroscientist_interview.txt,-999,0,0.0208916208300164,0.0055350394076879,0.0103943010505355,0.0809398294497144,0.0021994988743071,-8.401883460063942,0.0052194385860575,121.76429803891634,0.003455064662082,-6.666827418187054,0.0078995592669168,-33.363011036622325,59.0,74.0
233,2024-09-08 19:17:52,no_persona_interview.txt,-999,0,0.022807915292568,0.0024959109543938,0.0111367703068533,0.1214638156808036,0.0036601303821626,0.0,0.0028403902546161,0.0,0.0010946877019022,0.0,0.0108501354618666,0.0,40.0,1.0
233,2024-09-08 19:17:52,nuclear_engineer_interview.txt,-999,0,0.0231075481290128,0.0058016294124481,0.0098495205036816,0.0906192662971577,0.0012434539875058,1.313723032557874,0.0031985865559334,132.44536838282758,0.0026653997257733,-11.558555736572488,0.0144960432036999,-25.39402307655365,38.0,38.0
233,2024-09-08 19:17:52,nurse_interview.txt,-999,0,0.0166073863468777,0.0032805294997673,0.009716593080125,0.0971584166574543,0.0026783269088518,-27.18586449551907,0.0030348615432854,31.43615937067776,0.0012488995632625,-12.752146157260668,0.0354026682991538,-20.010403005304696,89.0,19.0
233,2024-09-08 19:17:52,occupational_therapist_interview.txt,-999,0,0.0172158480814287,0.0028468631491148,0.0128074218848685,0.0841973333108286,0.0064144273186126,-24.518098824058114,0.0034559957642744,14.061086358195167,0.0022023382990383,15.001221467117176,0.0281718821971688,-30.68113920273018,84.0,63.0
233,2024-09-08 19:17:52,operations_manager_interview.txt,-999,0,0.0166709016499256,0.0035233577479126,0.0111062974934055,0.0878970595080905,0.0031813204996006,-26.90738528234604,0.0046270367649344,41.16520229658207,0.0022963051067762,-0.273623434875148,0.0076790045193811,-27.63518994078332,88.0,46.0
233,2024-09-08 19:17:52,petroleum_engineer_interview.txt,-999,0,0.0267372715276271,0.0046565097323195,0.0116241759281225,0.0903494216868446,0.0015982051987957,17.228037655591464,0.0012994334473058,86.56553929226129,0.0001887408786662,4.376543718147815,0.0274351237009919,-25.61618356838457,14.0,39.0
233,2024-09-08 19:17:52,pharmacist_interview.txt,-999,0,0.0190427424823699,0.0060826849987798,0.0093372752681758,0.104043274382862,0.0058809883383502,-16.50818482049067,0.0063715759533724,143.70600994685952,0.0024191106257383,-16.158140907064478,0.016227204610252,-14.342165360358194,74.0,12.0
233,2024-09-08 19:17:52,physical_therapist_interview.txt,-999,0,0.0167839524458429,0.0025128546446375,0.0094029727259651,0.0902160287811639,0.0037796981793118,-26.411720534090293,0.0034773344756289,0.6788579622160569,0.002701968357466,-15.568226093531194,0.0041181409711296,-25.72600467431066,87.0,41.0
233,2024-09-08 19:17:52,physicist_interview.txt,-999,0,0.028365000382251,0.0023970941033418,0.0112866492933351,0.0807094114580272,0.0034612338932504,24.36472171349073,0.0027011692794219,-3.959149699555013,0.0019832156817715,1.3458029783510028,0.0322164248427353,-33.55271196969096,7.0,75.0
233,2024-09-08 19:17:52,procurement_specialist_interview.txt,-999,0,0.0188565123163689,0.0051453430584537,0.0106679580409333,0.0827382283328885,0.0013558626968484,-17.324700331058878,0.0042026865398072,106.15090652155436,0.0027102136704991,-4.209589072978346,0.0139851891552017,-31.88240640297564,77.0,67.0
233,2024-09-08 19:17:52,product_manager_interview.txt,-999,0,0.0211412377103784,0.0032539057895797,0.0128466483460837,0.0817876390765733,0.0017428338913808,-7.307452526065447,0.0047579907791124,30.369466260464407,0.0018871390074701,15.353446215714245,0.0049538697197324,-32.66501746371594,56.0,70.0
233,2024-09-08 19:17:52,professor_of_classics_interview.txt,-999,0,0.0187016974774419,0.0018120974158218,0.0114480077292863,0.0860935910841354,0.0015774563803948,-18.003477137010393,0.0015828999376712,-27.39735315349529,0.0030338596283615,2.7946829633498,0.0079276504885095,-29.119968278963057,78.0,56.0
233,2024-09-08 19:17:52,project_manager_interview.txt,-999,0,0.0218069204321796,0.0030751301245268,0.011672108865042,0.1081758698710799,0.0027360514696036,-4.388804709015091,0.0019279386082608,23.2067241466829,0.0022950126657322,4.806946210063074,0.0201399543439073,-10.939838943182238,50.0,4.0
233,2024-09-08 19:17:52,psychologist_interview.txt,-999,0,0.0222606849136655,0.0035160647083268,0.0142908121589527,0.0972542571111086,0.0058412003893746,-2.3993002950200832,0.0036706776662407,40.87300278630045,0.0010403448945432,28.320974260898623,0.0232921070375081,-19.931498474669667,44.0,18.0
233,2024-09-08 19:17:52,public_relations_specialist_interview.txt,-999,0,0.0153808587599873,0.0028882797523527,0.00917224983046,0.0864781188040093,0.0016657414551351,-32.56350454353368,0.0041651276272457,15.720464597029178,0.0016448965249556,-17.639947868767152,0.0383568429457168,-28.80339027775452,94.0,51.0
233,2024-09-08 19:17:52,quality_control_engineer_interview.txt,-999,0,0.0259649388587782,0.0033602326709551,0.0125156843188193,0.0932051658332689,0.0040406434635969,13.841789246029164,0.0029162878458132,34.629509319620354,0.0040547909299484,12.381632860987253,0.0162061212619114,-23.265076672542506,20.0,31.0
233,2024-09-08 19:17:52,restaurant_manager_interview.txt,-999,0,0.0189402267174748,0.0049381604226705,0.0106777177172395,0.1058920380426076,0.0044564883166902,-16.95765932782774,0.0048087695502043,97.85002401536984,0.0003307923473709,-4.121954363477215,0.0320869864034904,-12.820095886924236,75.0,9.0
233,2024-09-08 19:17:52,retail_manager_interview.txt,-999,0,0.0193599045770984,0.0,0.0075916171719611,0.0821938565535983,0.0030770476326258,-15.117605757651958,0.0,-100.0,0.0019452625409196,-31.832865698151053,0.0122350240562024,-32.330582492487565,71.0,68.0
233,2024-09-08 19:17:52,robotics_engineer_interview.txt,-999,0,0.0282446467177603,0.0095228672766483,0.0118460904538729,0.0734648570848125,0.0073623366283134,23.83703795569518,0.0045806462864291,281.53874279385207,0.0028709493999919,6.3691728164951655,0.0125933396751625,-39.51708443124182,8.0,92.0
233,2024-09-08 19:17:52,safety_engineer_interview.txt,-999,0,0.0264712077400309,0.0088121431659586,0.0111661115896372,0.0873015176313547,0.0052082749323981,16.061496197578904,0.0032950532204133,253.06320325432688,0.0043423008358036,0.2634631223908883,0.0151659924601885,-28.125493883070845,17.0,50.0
233,2024-09-08 19:17:52,sales_manager_interview.txt,-999,0,0.0175713116707251,0.0037070218608341,0.0110359974557981,0.0896617888200762,0.0063604981682931,-22.95958904911103,0.0036446752111366,48.52380267445941,0.002193874772629,-0.9048660273900992,0.0086792666209425,-26.18230514369837,81.0,42.0
233,2024-09-08 19:17:52,seo_specialist_interview.txt,-999,0,0.0171372750045344,0.0,0.0092010691664862,0.098159746852375,0.0023758313877481,-24.862597985364403,0.0,-100.0,0.0021518199657368,-17.381171444075605,0.006471790000525,-19.186017414165235,86.0,15.0
233,2024-09-08 19:17:52,shop_assistant_interview.txt,-999,0,0.0174894400186182,0.002403390397591,0.0092764366196143,0.0768626503505907,0.0044641152660341,-23.31855062475984,0.0034281984164194,-3.706885321367579,0.0036073528525143,-16.704427190118466,0.0029058044409998,-36.71971366964208,82.0,83.0
233,2024-09-08 19:17:52,social_media_manager_interview.txt,-999,0,0.0124333896489874,0.0002832058906825,0.0107020806154471,0.0864630133710102,0.0028861476435946,-45.48651426709371,0.0004905269916649,-88.65320534837338,0.0019282693631696,-3.903193470181151,0.0091136269875107,-28.81582643655163,98.0,52.0
233,2024-09-08 19:17:52,software_quality_assurance_tester_interview.txt,-999,0,0.0252675952988361,0.0048658744465005,0.0100145024710487,0.0743660348583133,0.0064288859656225,10.784326295132686,0.0004097486075042,94.9538479301325,0.0021541576783445,-10.077139106603925,0.0087321068481762,-38.77515337263829,25.0,89.0
233,2024-09-08 19:17:52,speech_therapist_interview.txt,-999,0,0.0179241401816505,0.0019334880123743,0.0137885724471926,0.091028071843161,0.0015791306132,-21.412632624555982,0.0033488994732576,-22.533774333152323,0.0006964442376154,23.811231328955643,0.0053504151216685,-25.05745737284019,80.0,37.0
233,2024-09-08 19:17:52,structural_engineer_interview.txt,-999,0,0.0274456258281356,0.0032739409739054,0.0119736289306143,0.0878349704171043,0.0047716114118439,20.3337765686928,0.0039996656117411,31.17218657748569,0.0013947236086327,7.514374461382275,0.0176523853462188,-27.68630729671212,10.0,48.0
233,2024-09-08 19:17:52,supply_chain_manager_interview.txt,-999,0,0.0205684165615326,0.0044116383067273,0.0095905755314353,0.0856635436736284,0.0032039112868227,-9.818954088124016,0.0031917425844031,76.75463537515364,0.0018285104554324,-13.883690987741062,0.001322976818079,-29.47402220695521,61.0,59.0
233,2024-09-08 19:17:52,system_administrator_interview.txt,-999,0,0.0296045209820591,0.0055199936372232,0.0092834508818377,0.0881681453732079,0.0075527834786059,29.79932888345008,0.0019279463891386,121.16148124217597,0.0031259559920533,-16.641444278285036,0.0069959610828671,-27.41200753572059,5.0,45.0
233,2024-09-08 19:17:52,transportation_engineer_interview.txt,-999,0,0.0232245352658349,0.0031310052535319,0.0106746400624493,0.0934406629463266,0.0051745676957784,1.82664644235399,0.0023903891638859,25.44539091108288,0.0023028843210088,-4.149589438148055,0.0325836352747639,-23.07119414733305,37.0,28.0
233,2024-09-08 19:17:52,travel_agent_interview.txt,-999,0,0.0195115021272865,0.004675677358716,0.0106842920772711,0.097546391708399,0.0084690803224472,-14.45293497014923,0.0034912928829514,87.33350043938259,0.0008642674752468,-4.062921449531714,0.0310108139053601,-19.69098684933252,67.0,17.0
233,2024-09-08 19:17:52,veterinarian_interview.txt,-999,0,0.0174738258173948,0.0051793060325258,0.0105617596515122,0.0965120500072773,0.0016367424089902,-23.387010196900064,0.0057363793447098,107.51165114316734,0.003753242179315,-5.163172441360956,0.0074979538212146,-20.542550498411288,83.0,20.0
233,2024-09-08 19:17:52,warehouse_manager_interview.txt,-999,0,0.0245747635980485,0.0036653283888919,0.0112792721878117,0.0980041662321301,0.0009735212763964,7.746645332623459,0.0035492925038157,46.8533315437148,0.002281577756187,1.2795620007593556,0.0113887774577318,-19.314105453696115,30.0,16.0
233,2024-09-08 19:17:52,water_resources_engineer_interview.txt,-999,0,0.0251736146945937,0.0056972320216495,0.0082681914951026,0.1066564230266636,0.0016134235895628,10.372273711471207,0.0091245569269222,128.26263138995338,0.0027862670036058,-25.75772627711844,0.0283774190720745,-12.190785026095782,27.0,6.0
234,2024-09-09 09:51:55,restaurant_manager_interview.txt,1,0,0.021256931608133,0.0046210720887245,0.0073937153419593,0.0834529824186663,,,,,,,,,,
234,2024-09-09 09:51:55,restaurant_manager_interview.txt,2,0,0.0201465201465201,0.0036630036630036,0.01007326007326,0.0741377922279017,,,,,,,,,,
234,2024-09-09 09:51:55,restaurant_manager_interview.txt,3,0,0.0109452736318407,0.0,0.0099502487562189,0.0995698452789784,,,,,,,,,,
234,2024-09-09 09:51:55,geneticist_interview.txt,1,0,0.0170293282876064,0.0009460737937559,0.0066225165562913,0.0838201392325752,,,,,,,,,,
234,2024-09-09 09:51:55,geneticist_interview.txt,2,0,0.0305555555555555,0.0018518518518518,0.0083333333333333,0.0965071531573357,,,,,,,,,,
234,2024-09-09 09:51:55,geneticist_interview.txt,3,0,0.0296229802513465,0.0080789946140035,0.011669658886894,0.0839172963774567,,,,,,,,,,
234,2024-09-09 09:51:55,speech_therapist_interview.txt,1,0,0.0176297747306562,0.0,0.0078354554358472,0.0941452314636477,,,,,,,,,,
234,2024-09-09 09:51:55,speech_therapist_interview.txt,2,0,0.0162748643761302,0.0,0.0090415913200723,0.1165497619843539,,,,,,,,,,
234,2024-09-09 09:51:55,speech_therapist_interview.txt,3,0,0.02143522833178,0.0009319664492078,0.0139794967381174,0.09131116896194,,,,,,,,,,
234,2024-09-09 09:51:55,customer_service_representative_interview.txt,1,0,0.0279652844744455,0.0077145612343297,0.0067502410800385,0.1211892312310342,,,,,,,,,,
234,2024-09-09 09:51:55,customer_service_representative_interview.txt,2,0,0.0168067226890756,0.0,0.0093370681605975,0.0617810931932477,,,,,,,,,,
234,2024-09-09 09:51:55,customer_service_representative_interview.txt,3,0,0.025709219858156,0.0053191489361702,0.0124113475177304,0.1219795687110377,,,,,,,,,,
234,2024-09-09 09:51:55,construction_manager_interview.txt,1,0,0.0278019113814074,0.0034752389226759,0.0069504778453518,0.0696334489603454,,,,,,,,,,
234,2024-09-09 09:51:55,construction_manager_interview.txt,2,0,0.0301602262016965,0.005655042412818,0.0075400565504241,0.0951775671773584,,,,,,,,,,
234,2024-09-09 09:51:55,construction_manager_interview.txt,3,0,0.0242914979757085,0.0040485829959514,0.0161943319838056,0.0624370989438328,,,,,,,,,,
234,2024-09-09 09:51:55,doctor_interview.txt,1,0,0.0292275574112734,0.0062630480167014,0.0146137787056367,0.0614859298998947,,,,,,,,,,
234,2024-09-09 09:51:55,doctor_interview.txt,2,0,0.0233009708737864,0.0009708737864077,0.0116504854368932,0.1170331181074916,,,,,,,,,,
234,2024-09-09 09:51:55,doctor_interview.txt,3,0,0.026094276094276,0.0058922558922558,0.0101010101010101,0.0710231411452711,,,,,,,,,,
234,2024-09-09 09:51:55,human_resources_manager_interview.txt,1,0,0.0239111870196413,0.0,0.0145175064047822,0.0594353803427661,,,,,,,,,,
234,2024-09-09 09:51:55,human_resources_manager_interview.txt,2,0,0.0211267605633802,0.005281690140845,0.0158450704225352,0.0714945794927069,,,,,,,,,,
234,2024-09-09 09:51:55,human_resources_manager_interview.txt,3,0,0.0141557128412537,0.0111223458038422,0.0111223458038422,0.1165814629109654,,,,,,,,,,
234,2024-09-09 09:51:55,water_resources_engineer_interview.txt,1,0,0.0297113752122241,0.0016977928692699,0.0076400679117147,0.1047687289737614,,,,,,,,,,
234,2024-09-09 09:51:55,water_resources_engineer_interview.txt,2,0,0.0245821042281219,0.0029498525073746,0.0117994100294985,0.0891309391785245,,,,,,,,,,
234,2024-09-09 09:51:55,water_resources_engineer_interview.txt,3,0,0.0257234726688102,0.0,0.0112540192926045,0.0829529623550386,,,,,,,,,,
234,2024-09-09 09:51:55,project_manager_interview.txt,1,0,0.0314585319351763,0.0028598665395614,0.0095328884652049,0.0565115807413264,,,,,,,,,,
234,2024-09-09 09:51:55,project_manager_interview.txt,2,0,0.0176125244618395,0.0078277886497064,0.0117416829745596,0.1251833018626519,,,,,,,,,,
234,2024-09-09 09:51:55,project_manager_interview.txt,3,0,0.0203291384317521,0.0096805421103581,0.0125847047434656,0.1014520197291142,,,,,,,,,,
234,2024-09-09 09:51:55,biologist_interview.txt,1,0,0.0247440273037542,0.0008532423208191,0.0145051194539249,0.0726566635353414,,,,,,,,,,
234,2024-09-09 09:51:55,biologist_interview.txt,2,0,0.032069970845481,0.0145772594752186,0.0116618075801749,0.1143603348597799,,,,,,,,,,
234,2024-09-09 09:51:55,biologist_interview.txt,3,0,0.0165369649805447,0.0,0.0116731517509727,0.1032899999719117,,,,,,,,,,
234,2024-09-09 09:51:55,occupational_therapist_interview.txt,1,0,0.021355617455896,0.0,0.0129990714948932,0.1119037672332286,,,,,,,,,,
234,2024-09-09 09:51:55,occupational_therapist_interview.txt,2,0,0.0158870255957634,0.0017652250661959,0.0123565754633715,0.1162985890107593,,,,,,,,,,
234,2024-09-09 09:51:55,occupational_therapist_interview.txt,3,0,0.0224609375,0.0048828125,0.013671875,0.0976763768027034,,,,,,,,,,
234,2024-09-09 09:51:55,network_administrator_interview.txt,1,0,0.0216400911161731,0.0079726651480637,0.0148063781321184,0.078007541673432,,,,,,,,,,
234,2024-09-09 09:51:55,network_administrator_interview.txt,2,0,0.0437262357414448,0.0057034220532319,0.0095057034220532,0.1103974379114362,,,,,,,,,,
234,2024-09-09 09:51:55,network_administrator_interview.txt,3,0,0.015274949083503,0.0010183299389002,0.0112016293279022,0.0816970482035423,,,,,,,,,,
234,2024-09-09 09:51:55,neuroscientist_interview.txt,1,0,0.0163800163800163,0.0008190008190008,0.0106470106470106,0.0762755174036704,,,,,,,,,,
234,2024-09-09 09:51:55,neuroscientist_interview.txt,2,0,0.0337972166998011,0.0079522862823061,0.0129224652087475,0.0762757392872217,,,,,,,,,,
234,2024-09-09 09:51:55,neuroscientist_interview.txt,3,0,0.0278776978417266,0.0,0.0089928057553956,0.1051984394596756,,,,,,,,,,
234,2024-09-09 09:51:55,retail_manager_interview.txt,1,0,0.0213333333333333,0.0,0.0115555555555555,0.0683199940535213,,,,,,,,,,
234,2024-09-09 09:51:55,retail_manager_interview.txt,2,0,0.0186915887850467,0.0,0.011214953271028,0.0825877918020578,,,,,,,,,,
234,2024-09-09 09:51:55,retail_manager_interview.txt,3,0,0.016820857863751,0.0,0.0134566862910008,0.054815933784083,,,,,,,,,,
234,2024-09-09 09:51:55,agricultural_engineer_interview.txt,1,0,0.0325379609544468,0.0,0.0086767895878524,0.1120402638733925,,,,,,,,,,
234,2024-09-09 09:51:55,agricultural_engineer_interview.txt,2,0,0.0227272727272727,0.0104166666666666,0.0066287878787878,0.0837403815974846,,,,,,,,,,
234,2024-09-09 09:51:55,agricultural_engineer_interview.txt,3,0,0.0252025202520252,0.0018001800180018,0.0081008100810081,0.0745450933263495,,,,,,,,,,
234,2024-09-09 09:51:55,electrical_engineer_interview.txt,1,0,0.0275423728813559,0.0010593220338983,0.0116525423728813,0.1111823528864711,,,,,,,,,,
234,2024-09-09 09:51:55,electrical_engineer_interview.txt,2,0,0.0218531468531468,0.0052447552447552,0.0113636363636363,0.0765206222991664,,,,,,,,,,
234,2024-09-09 09:51:55,electrical_engineer_interview.txt,3,0,0.0353634577603143,0.0039292730844793,0.0098231827111984,0.0521563220622573,,,,,,,,,,
234,2024-09-09 09:51:55,quality_control_engineer_interview.txt,1,0,0.0250671441360787,0.0035810205908683,0.0089525514771709,0.0917888235692466,,,,,,,,,,
234,2024-09-09 09:51:55,quality_control_engineer_interview.txt,2,0,0.0220458553791887,0.0044091710758377,0.0114638447971781,0.0877448244159245,,,,,,,,,,
234,2024-09-09 09:51:55,quality_control_engineer_interview.txt,3,0,0.0197044334975369,0.0073891625615763,0.0098522167487684,0.0928288414877036,,,,,,,,,,
234,2024-09-09 09:51:55,machine_learning_engineer_interview.txt,1,0,0.0324803149606299,0.0,0.0098425196850393,0.0839699173829308,,,,,,,,,,
234,2024-09-09 09:51:55,machine_learning_engineer_interview.txt,2,0,0.0338004946413849,0.0041220115416323,0.0098928276999175,0.0796930022537347,,,,,,,,,,
234,2024-09-09 09:51:55,machine_learning_engineer_interview.txt,3,0,0.0360189573459715,0.0075829383886255,0.0104265402843601,0.0955513673301291,,,,,,,,,,
234,2024-09-09 09:51:55,psychologist_interview.txt,1,0,0.0173310225303292,0.0008665511265164,0.011265164644714,0.0876391438313956,,,,,,,,,,
234,2024-09-09 09:51:55,psychologist_interview.txt,2,0,0.0170403587443946,0.0,0.0143497757847533,0.0879019633513266,,,,,,,,,,
234,2024-09-09 09:51:55,psychologist_interview.txt,3,0,0.0115226337448559,0.0024691358024691,0.0098765432098765,0.1085579808172666,,,,,,,,,,
234,2024-09-09 09:51:55,geologist_interview.txt,1,0,0.0277264325323475,0.0009242144177449,0.010166358595194,0.0658843877001233,,,,,,,,,,
234,2024-09-09 09:51:55,geologist_interview.txt,2,0,0.0301318267419962,0.0,0.0122410546139359,0.0840710209917401,,,,,,,,,,
234,2024-09-09 09:51:55,geologist_interview.txt,3,0,0.0318949343339587,0.0037523452157598,0.0121951219512195,0.0825271298324488,,,,,,,,,,
234,2024-09-09 09:51:55,chemical_engineer_interview.txt,1,0,0.0244343891402714,0.0,0.0135746606334841,0.1211411363753152,,,,,,,,,,
234,2024-09-09 09:51:55,chemical_engineer_interview.txt,2,0,0.0214424951267056,0.0009746588693957,0.0107212475633528,0.0851425416285496,,,,,,,,,,
234,2024-09-09 09:51:55,chemical_engineer_interview.txt,3,0,0.0267857142857142,0.0044642857142857,0.00625,0.0837791163129285,,,,,,,,,,
234,2024-09-09 09:51:55,no_persona_interview.txt,1,0,0.0233644859813084,0.0037383177570093,0.0149532710280373,0.0788272331146075,,,,,,,,,,
234,2024-09-09 09:51:55,no_persona_interview.txt,2,0,0.0262697022767075,0.0026269702276707,0.0087565674255691,0.076476296977187,,,,,,,,,,
234,2024-09-09 09:51:55,no_persona_interview.txt,3,0,0.0237154150197628,0.0,0.0148221343873517,0.1162965700183929,,,,,,,,,,
234,2024-09-09 09:51:55,financial_analyst_interview.txt,1,0,0.0193115029387069,0.0025188916876574,0.0134340890008396,0.0818329921273294,,,,,,,,,,
234,2024-09-09 09:51:55,financial_analyst_interview.txt,2,0,0.0213754646840148,0.0,0.0083643122676579,0.0856866209496123,,,,,,,,,,
234,2024-09-09 09:51:55,financial_analyst_interview.txt,3,0,0.0180904522613065,0.0130653266331658,0.0070351758793969,0.1202627790569794,,,,,,,,,,
234,2024-09-09 09:51:55,civil_engineer_interview.txt,1,0,0.0212355212355212,0.0,0.0115830115830115,0.0759394711963314,,,,,,,,,,
234,2024-09-09 09:51:55,civil_engineer_interview.txt,2,0,0.0230547550432276,0.004803073967339,0.0086455331412103,0.0517984257618054,,,,,,,,,,
234,2024-09-09 09:51:55,civil_engineer_interview.txt,3,0,0.0278035217794253,0.0027803521779425,0.0092678405931417,0.0651486067716589,,,,,,,,,,
234,2024-09-09 09:51:55,meteorologist_interview.txt,1,0,0.0305480682839173,0.0017969451931716,0.0116801437556154,0.0643242347231079,,,,,,,,,,
234,2024-09-09 09:51:55,meteorologist_interview.txt,2,0,0.0231729055258467,0.0,0.0115864527629233,0.0852595775422874,,,,,,,,,,
234,2024-09-09 09:51:55,meteorologist_interview.txt,3,0,0.031578947368421,0.0010526315789473,0.0136842105263157,0.0679858451188988,,,,,,,,,,
234,2024-09-09 09:51:55,shop_assistant_interview.txt,1,0,0.019090909090909,0.0045454545454545,0.009090909090909,0.0860414142979281,,,,,,,,,,
234,2024-09-09 09:51:55,shop_assistant_interview.txt,2,0,0.0281553398058252,0.0009708737864077,0.0097087378640776,0.0552564352617517,,,,,,,,,,
234,2024-09-09 09:51:55,shop_assistant_interview.txt,3,0,0.0208333333333333,0.0045289855072463,0.0081521739130434,0.1002013808969804,,,,,,,,,,
234,2024-09-09 09:51:55,social_media_manager_interview.txt,1,0,0.0123784261715296,0.0,0.0114942528735632,0.0852514531448971,,,,,,,,,,
234,2024-09-09 09:51:55,social_media_manager_interview.txt,2,0,0.0116801437556154,0.0,0.0107816711590296,0.1143378614506689,,,,,,,,,,
234,2024-09-09 09:51:55,social_media_manager_interview.txt,3,0,0.0161016949152542,0.0,0.0110169491525423,0.097564699662829,,,,,,,,,,
234,2024-09-09 09:51:55,marine_engineer_interview.txt,1,0,0.021680216802168,0.001806684733514,0.011743450767841,0.0655018532153708,,,,,,,,,,
234,2024-09-09 09:51:55,marine_engineer_interview.txt,2,0,0.0262645914396887,0.0019455252918287,0.0068093385214007,0.0531443754616552,,,,,,,,,,
234,2024-09-09 09:51:55,marine_engineer_interview.txt,3,0,0.0203160270880361,0.0033860045146726,0.0090293453724604,0.0760610382426512,,,,,,,,,,
234,2024-09-09 09:51:55,warehouse_manager_interview.txt,1,0,0.0252672497570456,0.0,0.0145772594752186,0.0955613068097779,,,,,,,,,,
234,2024-09-09 09:51:55,warehouse_manager_interview.txt,2,0,0.0252100840336134,0.0018674136321195,0.011204481792717,0.108589655807422,,,,,,,,,,
234,2024-09-09 09:51:55,warehouse_manager_interview.txt,3,0,0.0253393665158371,0.0018099547511312,0.0099547511312217,0.0525007392363041,,,,,,,,,,
234,2024-09-09 09:51:55,business_intelligence_analyst_interview.txt,1,0,0.0231884057971014,0.0009661835748792,0.0144927536231884,0.0778978111396245,,,,,,,,,,
234,2024-09-09 09:51:55,business_intelligence_analyst_interview.txt,2,0,0.0211267605633802,0.005281690140845,0.0140845070422535,0.0906813032310073,,,,,,,,,,
234,2024-09-09 09:51:55,business_intelligence_analyst_interview.txt,3,0,0.0259856630824372,0.0017921146953405,0.0098566308243727,0.0966875574326771,,,,,,,,,,
234,2024-09-09 09:51:55,full_stack_developer_interview.txt,1,0,0.0262645914396887,0.0,0.0136186770428015,0.1220943300341445,,,,,,,,,,
234,2024-09-09 09:51:55,full_stack_developer_interview.txt,2,0,0.0223255813953488,0.0009302325581395,0.0148837209302325,0.0672009686481505,,,,,,,,,,
234,2024-09-09 09:51:55,full_stack_developer_interview.txt,3,0,0.0190380761523046,0.002004008016032,0.0110220440881763,0.0727479945861325,,,,,,,,,,
234,2024-09-09 09:51:55,travel_agent_interview.txt,1,0,0.0227518959913326,0.0,0.0097508125677139,0.1239903848861776,,,,,,,,,,
234,2024-09-09 09:51:55,travel_agent_interview.txt,2,0,0.0290178571428571,0.0033482142857142,0.0122767857142857,0.1089158870341684,,,,,,,,,,
234,2024-09-09 09:51:55,travel_agent_interview.txt,3,0,0.0212971926427879,0.0,0.0087124878993223,0.0947979671231544,,,,,,,,,,
234,2024-09-09 09:51:55,robotics_engineer_interview.txt,1,0,0.0344488188976378,0.0088582677165354,0.0127952755905511,0.103758558392841,,,,,,,,,,
234,2024-09-09 09:51:55,robotics_engineer_interview.txt,2,0,0.0267942583732057,0.0047846889952153,0.0095693779904306,0.0459384206167333,,,,,,,,,,
234,2024-09-09 09:51:55,robotics_engineer_interview.txt,3,0,0.0178731009830205,0.0107238605898123,0.0035746201966041,0.0678872338598012,,,,,,,,,,
234,2024-09-09 09:51:55,biomedical_engineer_interview.txt,1,0,0.0223944875107665,0.0103359173126615,0.0094745908699397,0.0792771143616365,,,,,,,,,,
234,2024-09-09 09:51:55,biomedical_engineer_interview.txt,2,0,0.0247320692497939,0.0024732069249793,0.010717230008244,0.0651896111795612,,,,,,,,,,
234,2024-09-09 09:51:55,biomedical_engineer_interview.txt,3,0,0.0353287536800785,0.0088321884200196,0.0127576054955839,0.0984433089397215,,,,,,,,,,
234,2024-09-09 09:51:55,marketing_manager_interview.txt,1,0,0.0179894179894179,0.001058201058201,0.0116402116402116,0.0902808290031195,,,,,,,,,,
234,2024-09-09 09:51:55,marketing_manager_interview.txt,2,0,0.0119266055045871,0.0,0.0137614678899082,0.0871344284212368,,,,,,,,,,
234,2024-09-09 09:51:55,marketing_manager_interview.txt,3,0,0.0158572844400396,0.0,0.0148662041625371,0.0823372867439566,,,,,,,,,,
234,2024-09-09 09:51:55,professor_of_classics_interview.txt,1,0,0.0115495668912415,0.0009624639076034,0.0144369586140519,0.0919200640296052,,,,,,,,,,
234,2024-09-09 09:51:55,professor_of_classics_interview.txt,2,0,0.0184534270650263,0.0,0.0096660808435852,0.0990182231525289,,,,,,,,,,
234,2024-09-09 09:51:55,professor_of_classics_interview.txt,3,0,0.017921146953405,0.0,0.0116487455197132,0.0781233207121605,,,,,,,,,,
234,2024-09-09 09:51:55,environmental_engineer_interview.txt,1,0,0.0257879656160458,0.0019102196752626,0.0085959885386819,0.1025122244053398,,,,,,,,,,
234,2024-09-09 09:51:55,environmental_engineer_interview.txt,2,0,0.0278846153846153,0.0019230769230769,0.0134615384615384,0.0839632953240051,,,,,,,,,,
234,2024-09-09 09:51:55,environmental_engineer_interview.txt,3,0,0.0306643952299829,0.0102214650766609,0.0085178875638841,0.0623166724176904,,,,,,,,,,
234,2024-09-09 09:51:55,physical_therapist_interview.txt,1,0,0.0265567765567765,0.0018315018315018,0.0091575091575091,0.1025209632293546,,,,,,,,,,
234,2024-09-09 09:51:55,physical_therapist_interview.txt,2,0,0.0270588235294117,0.0,0.0129411764705882,0.0773451401819389,,,,,,,,,,
234,2024-09-09 09:51:55,physical_therapist_interview.txt,3,0,0.0178236397748592,0.0,0.0121951219512195,0.0895050395740772,,,,,,,,,,
234,2024-09-09 09:51:55,astronomer_interview.txt,1,0,0.0288288288288288,0.0018018018018018,0.0099099099099099,0.0686740017888249,,,,,,,,,,
234,2024-09-09 09:51:55,astronomer_interview.txt,2,0,0.0271381578947368,0.006578947368421,0.0115131578947368,0.0856984981725358,,,,,,,,,,
234,2024-09-09 09:51:55,astronomer_interview.txt,3,0,0.0281837160751565,0.0010438413361169,0.0156576200417536,0.0876928969365776,,,,,,,,,,
234,2024-09-09 09:51:55,ai_professor_interview.txt,1,0,0.0263157894736842,0.0019493177387914,0.0116959064327485,0.091862619043212,,,,,,,,,,
234,2024-09-09 09:51:55,ai_professor_interview.txt,2,0,0.0301142263759086,0.0031152647975077,0.0124610591900311,0.092858739870718,,,,,,,,,,
234,2024-09-09 09:51:55,ai_professor_interview.txt,3,0,0.025075225677031,0.0040120361083249,0.0130391173520561,0.1200035854463421,,,,,,,,,,
234,2024-09-09 09:51:55,game_developer_interview.txt,1,0,0.0266889074228523,0.0016680567139282,0.0091743119266055,0.0903620931208923,,,,,,,,,,
234,2024-09-09 09:51:55,game_developer_interview.txt,2,0,0.0146252285191956,0.0,0.0082266910420475,0.1120033012890699,,,,,,,,,,
234,2024-09-09 09:51:55,game_developer_interview.txt,3,0,0.0192837465564738,0.0,0.0101010101010101,0.1207933748833152,,,,,,,,,,
234,2024-09-09 09:51:55,fire_protection_engineer_interview.txt,1,0,0.0255957634598411,0.0097087378640776,0.0132391879964695,0.0722827718857067,,,,,,,,,,
234,2024-09-09 09:51:55,fire_protection_engineer_interview.txt,2,0,0.0223300970873786,0.0029126213592233,0.0077669902912621,0.1007111169071131,,,,,,,,,,
234,2024-09-09 09:51:55,fire_protection_engineer_interview.txt,3,0,0.0194647201946472,0.0097323600973236,0.0089213300892133,0.0759978561770584,,,,,,,,,,
234,2024-09-09 09:51:55,safety_engineer_interview.txt,1,0,0.01743679163034,0.00871839581517,0.011333914559721,0.0801630724959047,,,,,,,,,,
234,2024-09-09 09:51:55,safety_engineer_interview.txt,2,0,0.0269058295964125,0.0098654708520179,0.0071748878923766,0.0718309043509989,,,,,,,,,,
234,2024-09-09 09:51:55,safety_engineer_interview.txt,3,0,0.0243266724587315,0.0104257167680278,0.0069504778453518,0.079419909432133,,,,,,,,,,
234,2024-09-09 09:51:55,environmental_scientist_interview.txt,1,0,0.0241868223519599,0.0,0.0100083402835696,0.069228126658567,,,,,,,,,,
234,2024-09-09 09:51:55,environmental_scientist_interview.txt,2,0,0.023469387755102,0.010204081632653,0.0061224489795918,0.1201130843411039,,,,,,,,,,
234,2024-09-09 09:51:55,environmental_scientist_interview.txt,3,0,0.019047619047619,0.0039682539682539,0.0103174603174603,0.081994501596323,,,,,,,,,,
234,2024-09-09 09:51:55,operations_manager_interview.txt,1,0,0.0182868142444658,0.0,0.0144369586140519,0.0990313123960117,,,,,,,,,,
234,2024-09-09 09:51:55,operations_manager_interview.txt,2,0,0.022140221402214,0.0,0.0101476014760147,0.0824470399382588,,,,,,,,,,
234,2024-09-09 09:51:55,operations_manager_interview.txt,3,0,0.0215146299483648,0.0,0.0103270223752151,0.1108750964900107,,,,,,,,,,
234,2024-09-09 09:51:55,backend_developer_interview.txt,1,0,0.0246125797629899,0.0009115770282588,0.0082041932543299,0.0353420704643363,,,,,,,,,,
234,2024-09-09 09:51:55,backend_developer_interview.txt,2,0,0.0243024302430243,0.0,0.0117011701170117,0.0978787533917958,,,,,,,,,,
234,2024-09-09 09:51:55,backend_developer_interview.txt,3,0,0.025,0.005,0.0116666666666666,0.0632924021659803,,,,,,,,,,
234,2024-09-09 09:51:55,digital_marketing_specialist_interview.txt,1,0,0.0214224507283633,0.0034275921165381,0.0128534704370179,0.0903737681144221,,,,,,,,,,
234,2024-09-09 09:51:55,digital_marketing_specialist_interview.txt,2,0,0.0120817843866171,0.0,0.0111524163568773,0.097497375273581,,,,,,,,,,
234,2024-09-09 09:51:55,digital_marketing_specialist_interview.txt,3,0,0.0124416796267496,0.0,0.0132192846034214,0.1170000019568135,,,,,,,,,,
234,2024-09-09 09:51:55,mechanical_engineer_interview.txt,1,0,0.034090909090909,0.0069930069930069,0.0122377622377622,0.0723952369781322,,,,,,,,,,
234,2024-09-09 09:51:55,mechanical_engineer_interview.txt,2,0,0.0208514335360556,0.0008688097306689,0.0130321459600347,0.0525468078921745,,,,,,,,,,
234,2024-09-09 09:51:55,mechanical_engineer_interview.txt,3,0,0.0359281437125748,0.0051325919589392,0.0085543199315654,0.1270151747937999,,,,,,,,,,
234,2024-09-09 09:51:55,software_quality_assurance_tester_interview.txt,1,0,0.0194871794871794,0.0,0.0112820512820512,0.1506607409664659,,,,,,,,,,
234,2024-09-09 09:51:55,software_quality_assurance_tester_interview.txt,2,0,0.0297619047619047,0.0099206349206349,0.0138888888888888,0.0937397080257443,,,,,,,,,,
234,2024-09-09 09:51:55,software_quality_assurance_tester_interview.txt,3,0,0.0176522506619594,0.0026478375992939,0.0114739629302736,0.0839145767775042,,,,,,,,,,
234,2024-09-09 09:51:55,cybersecurity_specialist_interview.txt,1,0,0.0174757281553398,0.0029126213592233,0.0135922330097087,0.0966341504862423,,,,,,,,,,
234,2024-09-09 09:51:55,cybersecurity_specialist_interview.txt,2,0,0.0205128205128205,0.0051282051282051,0.0119658119658119,0.0943951080808709,,,,,,,,,,
234,2024-09-09 09:51:55,cybersecurity_specialist_interview.txt,3,0,0.0193661971830985,0.005281690140845,0.0132042253521126,0.067265793220629,,,,,,,,,,
234,2024-09-09 09:51:55,product_manager_interview.txt,1,0,0.0196483971044467,0.0072388831437435,0.015511892450879,0.0601675457293628,,,,,,,,,,
234,2024-09-09 09:51:55,product_manager_interview.txt,2,0,0.0148560817084493,0.0,0.0102135561745589,0.1371631879198583,,,,,,,,,,
234,2024-09-09 09:51:55,product_manager_interview.txt,3,0,0.0147347740667976,0.0009823182711198,0.0098231827111984,0.0819959698200113,,,,,,,,,,
234,2024-09-09 09:51:55,microbiologist_interview.txt,1,0,0.0263901979264844,0.0,0.0160226201696512,0.1223710310933045,,,,,,,,,,
234,2024-09-09 09:51:55,microbiologist_interview.txt,2,0,0.0259865255052935,0.0009624639076034,0.0134744947064485,0.1086237614768414,,,,,,,,,,
234,2024-09-09 09:51:55,microbiologist_interview.txt,3,0,0.0263157894736842,0.0,0.0060728744939271,0.0663290792686331,,,,,,,,,,
234,2024-09-09 09:51:55,it_manager_interview.txt,1,0,0.0225140712945591,0.0009380863039399,0.0103189493433395,0.0866257700438376,,,,,,,,,,
234,2024-09-09 09:51:55,it_manager_interview.txt,2,0,0.0421052631578947,0.000956937799043,0.0133971291866028,0.0959501545714475,,,,,,,,,,
234,2024-09-09 09:51:55,it_manager_interview.txt,3,0,0.0304428044280442,0.0009225092250922,0.011070110701107,0.0853419575867589,,,,,,,,,,
234,2024-09-09 09:51:55,industrial_engineer_interview.txt,1,0,0.0331439393939393,0.0066287878787878,0.0075757575757575,0.0513053407200483,,,,,,,,,,
234,2024-09-09 09:51:55,industrial_engineer_interview.txt,2,0,0.0283363802559415,0.0118829981718464,0.0100548446069469,0.0612435658658599,,,,,,,,,,
234,2024-09-09 09:51:55,industrial_engineer_interview.txt,3,0,0.0342530922930542,0.005708848715509,0.0076117982873453,0.1036822611103126,,,,,,,,,,
234,2024-09-09 09:51:55,barista_interview.txt,1,0,0.0201912858660998,0.0,0.0106269925611052,0.061510873933922,,,,,,,,,,
234,2024-09-09 09:51:55,barista_interview.txt,2,0,0.0218009478672985,0.0037914691943127,0.0113744075829383,0.0990232338902078,,,,,,,,,,
234,2024-09-09 09:51:55,barista_interview.txt,3,0,0.0254777070063694,0.0010615711252653,0.0074309978768577,0.0639408176606086,,,,,,,,,,
234,2024-09-09 09:51:55,petroleum_engineer_interview.txt,1,0,0.0175438596491228,0.0101569713758079,0.0083102493074792,0.1027833653334961,,,,,,,,,,
234,2024-09-09 09:51:55,petroleum_engineer_interview.txt,2,0,0.0300096805421103,0.0058083252662149,0.0116166505324298,0.0619222687530142,,,,,,,,,,
234,2024-09-09 09:51:55,petroleum_engineer_interview.txt,3,0,0.0232158211521926,0.0094582975064488,0.0077386070507308,0.0652665609713136,,,,,,,,,,
234,2024-09-09 09:51:55,business_analyst_interview.txt,1,0,0.028942115768463,0.0,0.0109780439121756,0.1098100503945957,,,,,,,,,,
234,2024-09-09 09:51:55,business_analyst_interview.txt,2,0,0.017364657814096,0.0143003064351378,0.0091930541368743,0.1117650647321941,,,,,,,,,,
234,2024-09-09 09:51:55,business_analyst_interview.txt,3,0,0.0320806599450045,0.0045829514207149,0.0137488542621448,0.069362980789445,,,,,,,,,,
234,2024-09-09 09:51:55,data_engineer_interview.txt,1,0,0.0238726790450928,0.0,0.0097259062776304,0.0972575964124522,,,,,,,,,,
234,2024-09-09 09:51:55,data_engineer_interview.txt,2,0,0.0313293818797629,0.0067739204064352,0.0093141405588484,0.0938607306956306,,,,,,,,,,
234,2024-09-09 09:51:55,data_engineer_interview.txt,3,0,0.0292887029288702,0.003347280334728,0.0108786610878661,0.0680072538955004,,,,,,,,,,
234,2024-09-09 09:51:55,aerospace_engineer_interview.txt,1,0,0.0237191650853889,0.0075901328273244,0.0113851992409867,0.1239812796453076,,,,,,,,,,
234,2024-09-09 09:51:55,aerospace_engineer_interview.txt,2,0,0.0246679316888045,0.0047438330170777,0.0075901328273244,0.0607463548024164,,,,,,,,,,
234,2024-09-09 09:51:55,aerospace_engineer_interview.txt,3,0,0.0224913494809688,0.0060553633217993,0.0086505190311418,0.1161145531632459,,,,,,,,,,
234,2024-09-09 09:51:55,bartender_interview.txt,1,0,0.0190677966101694,0.0,0.0127118644067796,0.0946534470375894,,,,,,,,,,
234,2024-09-09 09:51:55,bartender_interview.txt,2,0,0.0126091173617846,0.0,0.008729388942774,0.09688812805899,,,,,,,,,,
234,2024-09-09 09:51:55,bartender_interview.txt,3,0,0.0176744186046511,0.0,0.0083720930232558,0.1168581788685648,,,,,,,,,,
234,2024-09-09 09:51:55,natural_language_processing_engineer_interview.txt,1,0,0.0330417881438289,0.0009718172983479,0.010689990281827,0.0853108312852078,,,,,,,,,,
234,2024-09-09 09:51:55,natural_language_processing_engineer_interview.txt,2,0,0.0271028037383177,0.016822429906542,0.0074766355140186,0.0711754581885646,,,,,,,,,,
234,2024-09-09 09:51:55,natural_language_processing_engineer_interview.txt,3,0,0.034917555771096,0.0,0.011639185257032,0.0653405779332325,,,,,,,,,,
234,2024-09-09 09:51:55,cto_of_a_fintec_interview.txt,1,0,0.0271028037383177,0.005607476635514,0.014018691588785,0.1084809249013405,,,,,,,,,,
234,2024-09-09 09:51:55,cto_of_a_fintec_interview.txt,2,0,0.0307429547395388,0.0059777967549103,0.0119555935098206,0.1076389128222105,,,,,,,,,,
234,2024-09-09 09:51:55,cto_of_a_fintec_interview.txt,3,0,0.0229591836734693,0.0076530612244897,0.010204081632653,0.0512717929393065,,,,,,,,,,
234,2024-09-09 09:51:55,database_administrator_interview.txt,1,0,0.0270498732037193,0.0050718512256973,0.0101437024513947,0.0998684807722168,,,,,,,,,,
234,2024-09-09 09:51:55,database_administrator_interview.txt,2,0,0.0320806599450045,0.0054995417048579,0.0146654445462878,0.0923654126097333,,,,,,,,,,
234,2024-09-09 09:51:55,database_administrator_interview.txt,3,0,0.0263876251137397,0.005459508644222,0.010919017288444,0.0853000022165948,,,,,,,,,,
234,2024-09-09 09:51:55,nuclear_engineer_interview.txt,1,0,0.0209059233449477,0.0034843205574912,0.0113240418118466,0.0922969694698799,,,,,,,,,,
234,2024-09-09 09:51:55,nuclear_engineer_interview.txt,2,0,0.0164502164502164,0.0051948051948051,0.0103896103896103,0.0745004999723225,,,,,,,,,,
234,2024-09-09 09:51:55,nuclear_engineer_interview.txt,3,0,0.019720624486442,0.0082169268693508,0.0123253903040262,0.0635342935242551,,,,,,,,,,
234,2024-09-09 09:51:55,pharmacist_interview.txt,1,0,0.0230547550432276,0.0153698366954851,0.010566762728146,0.1439947209386777,,,,,,,,,,
234,2024-09-09 09:51:55,pharmacist_interview.txt,2,0,0.0223084384093113,0.011639185257032,0.005819592628516,0.0731515906707408,,,,,,,,,,
234,2024-09-09 09:51:55,pharmacist_interview.txt,3,0,0.0229665071770334,0.0076555023923444,0.0133971291866028,0.0973363521546487,,,,,,,,,,
234,2024-09-09 09:51:55,chef_interview.txt,1,0,0.0239520958083832,0.0029940119760479,0.0129740518962075,0.0748148279068777,,,,,,,,,,
234,2024-09-09 09:51:55,chef_interview.txt,2,0,0.0095238095238095,0.0,0.006060606060606,0.0711300499019325,,,,,,,,,,
234,2024-09-09 09:51:55,chef_interview.txt,3,0,0.0108333333333333,0.0008333333333333,0.0075,0.0713452516597375,,,,,,,,,,
234,2024-09-09 09:51:55,hotel_manager_interview.txt,1,0,0.0177276390008058,0.0024174053182917,0.0088638195004029,0.095226007614164,,,,,,,,,,
234,2024-09-09 09:51:55,hotel_manager_interview.txt,2,0,0.0206648697214734,0.0,0.0098831985624438,0.1041695766468868,,,,,,,,,,
234,2024-09-09 09:51:55,hotel_manager_interview.txt,3,0,0.0183028286189683,0.0058236272878535,0.0083194675540765,0.0779172182585627,,,,,,,,,,
234,2024-09-09 09:51:55,mobile_app_developer_interview.txt,1,0,0.0239786856127886,0.0008880994671403,0.0106571936056838,0.1036563966924458,,,,,,,,,,
234,2024-09-09 09:51:55,mobile_app_developer_interview.txt,2,0,0.0158582089552238,0.0009328358208955,0.0102611940298507,0.0743933734225714,,,,,,,,,,
234,2024-09-09 09:51:55,mobile_app_developer_interview.txt,3,0,0.0261437908496732,0.0021786492374727,0.0108932461873638,0.0821730889890248,,,,,,,,,,
234,2024-09-09 09:51:55,graphic_designer_interview.txt,1,0,0.0222016651248843,0.0,0.0138760407030527,0.0924859054485375,,,,,,,,,,
234,2024-09-09 09:51:55,graphic_designer_interview.txt,2,0,0.015820149875104,0.0,0.0108243130724396,0.120681303379939,,,,,,,,,,
234,2024-09-09 09:51:55,graphic_designer_interview.txt,3,0,0.0202507232401157,0.0,0.0096432015429122,0.096834160040005,,,,,,,,,,
234,2024-09-09 09:51:55,geotechnical_engineer_interview.txt,1,0,0.0295909486510008,0.000870322019147,0.011314186248912,0.102903627047956,,,,,,,,,,
234,2024-09-09 09:51:55,geotechnical_engineer_interview.txt,2,0,0.0327868852459016,0.0091074681238615,0.0100182149362477,0.113430641648982,,,,,,,,,,
234,2024-09-09 09:51:55,geotechnical_engineer_interview.txt,3,0,0.0300088261253309,0.0026478375992939,0.0123565754633715,0.0628715463216619,,,,,,,,,,
234,2024-09-09 09:51:55,gardener_interview.txt,1,0,0.0206185567010309,0.0051546391752577,0.0061855670103092,0.0665784310266905,,,,,,,,,,
234,2024-09-09 09:51:55,gardener_interview.txt,2,0,0.0173992673992674,0.0,0.0128205128205128,0.0764292435338176,,,,,,,,,,
234,2024-09-09 09:51:55,gardener_interview.txt,3,0,0.0222437137330754,0.006769825918762,0.0058027079303675,0.0938428582536492,,,,,,,,,,
234,2024-09-09 09:51:55,ai_software_developer_interview.txt,1,0,0.0269587194608256,0.0016849199663016,0.0117944397641112,0.0806692020470405,,,,,,,,,,
234,2024-09-09 09:51:55,ai_software_developer_interview.txt,2,0,0.0223140495867768,0.0099173553719008,0.0066115702479338,0.0810175929288338,,,,,,,,,,
234,2024-09-09 09:51:55,ai_software_developer_interview.txt,3,0,0.0221579961464354,0.0038535645472061,0.0154142581888246,0.1066659499293155,,,,,,,,,,
234,2024-09-09 09:51:55,supply_chain_manager_interview.txt,1,0,0.0216572504708097,0.0037664783427495,0.0112994350282485,0.1078773294862948,,,,,,,,,,
234,2024-09-09 09:51:55,supply_chain_manager_interview.txt,2,0,0.0227870289219982,0.0026292725679228,0.0096406660823838,0.0941865422045422,,,,,,,,,,
234,2024-09-09 09:51:55,supply_chain_manager_interview.txt,3,0,0.028125,0.0,0.0104166666666666,0.1030657224072528,,,,,,,,,,
234,2024-09-09 09:51:55,cloud_architect_interview.txt,1,0,0.0239190432382704,0.0091996320147194,0.0137994480220791,0.0855400469917633,,,,,,,,,,
234,2024-09-09 09:51:55,cloud_architect_interview.txt,2,0,0.029520295202952,0.0046125461254612,0.011070110701107,0.0788304267277494,,,,,,,,,,
234,2024-09-09 09:51:55,cloud_architect_interview.txt,3,0,0.020684168655529,0.0047732696897374,0.0095465393794749,0.0689155748178594,,,,,,,,,,
234,2024-09-09 09:51:55,mining_engineer_interview.txt,1,0,0.0242311276794035,0.0111835973904939,0.0055917986952469,0.1036238534075255,,,,,,,,,,
234,2024-09-09 09:51:55,mining_engineer_interview.txt,2,0,0.024914089347079,0.0085910652920962,0.0060137457044673,0.0577254757122444,,,,,,,,,,
234,2024-09-09 09:51:55,mining_engineer_interview.txt,3,0,0.0279720279720279,0.0069930069930069,0.0096153846153846,0.0638292490999883,,,,,,,,,,
234,2024-09-09 09:51:55,devops_engineer_interview.txt,1,0,0.0322265625,0.0107421875,0.0107421875,0.1101527670812092,,,,,,,,,,
234,2024-09-09 09:51:55,devops_engineer_interview.txt,2,0,0.0296296296296296,0.0024691358024691,0.0098765432098765,0.0736690113497471,,,,,,,,,,
234,2024-09-09 09:51:55,devops_engineer_interview.txt,3,0,0.0235897435897435,0.0082051282051282,0.0143589743589743,0.0517302957544871,,,,,,,,,,
234,2024-09-09 09:51:55,system_administrator_interview.txt,1,0,0.04,0.0063636363636363,0.0109090909090909,0.0762192563625245,,,,,,,,,,
234,2024-09-09 09:51:55,system_administrator_interview.txt,2,0,0.0240153698366954,0.010566762728146,0.0115273775216138,0.0858298860024842,,,,,,,,,,
234,2024-09-09 09:51:55,system_administrator_interview.txt,3,0,0.0205479452054794,0.0059931506849315,0.0085616438356164,0.070708239530015,,,,,,,,,,
234,2024-09-09 09:51:55,content_writer_interview.txt,1,0,0.0227979274611398,0.0031088082901554,0.0113989637305699,0.0717930271814331,,,,,,,,,,
234,2024-09-09 09:51:55,content_writer_interview.txt,2,0,0.0211591536338546,0.0,0.0064397424103035,0.1250674598692294,,,,,,,,,,
234,2024-09-09 09:51:55,content_writer_interview.txt,3,0,0.0178268251273344,0.0,0.0118845500848896,0.076972049343894,,,,,,,,,,
234,2024-09-09 09:51:55,transportation_engineer_interview.txt,1,0,0.0263435194942044,0.0,0.0115911485774499,0.0881978268123511,,,,,,,,,,
234,2024-09-09 09:51:55,transportation_engineer_interview.txt,2,0,0.0249784668389319,0.0017226528854435,0.0103359173126615,0.1168598632859214,,,,,,,,,,
234,2024-09-09 09:51:55,transportation_engineer_interview.txt,3,0,0.023235800344234,0.0025817555938037,0.0137693631669535,0.0821336521209389,,,,,,,,,,
234,2024-09-09 09:51:55,lorry_driver_interview.txt,1,0,0.019019019019019,0.004004004004004,0.012012012012012,0.1195195291436854,,,,,,,,,,
234,2024-09-09 09:51:55,lorry_driver_interview.txt,2,0,0.0141987829614604,0.011156186612576,0.0060851926977687,0.0977631093078973,,,,,,,,,,
234,2024-09-09 09:51:55,lorry_driver_interview.txt,3,0,0.0183992640294388,0.0055197792088316,0.0073597056117755,0.1013637565825278,,,,,,,,,,
234,2024-09-09 09:51:55,dentist_interview.txt,1,0,0.0150709219858156,0.0,0.0097517730496453,0.0803395657953169,,,,,,,,,,
234,2024-09-09 09:51:55,dentist_interview.txt,2,0,0.0195903829029385,0.0106856634016028,0.0106856634016028,0.0807274744108503,,,,,,,,,,
234,2024-09-09 09:51:55,dentist_interview.txt,3,0,0.0154241645244215,0.0034275921165381,0.0094258783204798,0.0995119824165524,,,,,,,,,,
234,2024-09-09 09:51:55,physicist_interview.txt,1,0,0.0289330922242314,0.0,0.011754068716094,0.0832023044520895,,,,,,,,,,
234,2024-09-09 09:51:55,physicist_interview.txt,2,0,0.0267618198037466,0.0026761819803746,0.0124888492417484,0.0972638926840847,,,,,,,,,,
234,2024-09-09 09:51:55,physicist_interview.txt,3,0,0.0307971014492753,0.0045289855072463,0.0126811594202898,0.0962389153266897,,,,,,,,,,
234,2024-09-09 09:51:55,architect_interview.txt,1,0,0.0313447927199191,0.0091001011122345,0.0080889787664307,0.0982595605717456,,,,,,,,,,
234,2024-09-09 09:51:55,architect_interview.txt,2,0,0.0222446916076845,0.0010111223458038,0.0080889787664307,0.0906961243937833,,,,,,,,,,
234,2024-09-09 09:51:55,architect_interview.txt,3,0,0.023933402705515,0.0041623309053069,0.0114464099895941,0.0755020901504088,,,,,,,,,,
234,2024-09-09 09:51:55,materials_engineer_interview.txt,1,0,0.0277777777777777,0.0009920634920634,0.0138888888888888,0.0772701983119952,,,,,,,,,,
234,2024-09-09 09:51:55,materials_engineer_interview.txt,2,0,0.0202265372168284,0.0008090614886731,0.0064724919093851,0.0929795543708808,,,,,,,,,,
234,2024-09-09 09:51:55,materials_engineer_interview.txt,3,0,0.0237442922374429,0.0,0.0091324200913242,0.1381407678945656,,,,,,,,,,
234,2024-09-09 09:51:55,computer_vision_engineer_interview.txt,1,0,0.02803738317757,0.0018691588785046,0.0121495327102803,0.088787543859981,,,,,,,,,,
234,2024-09-09 09:51:55,computer_vision_engineer_interview.txt,2,0,0.0497737556561085,0.0027149321266968,0.0090497737556561,0.0641285490965269,,,,,,,,,,
234,2024-09-09 09:51:55,computer_vision_engineer_interview.txt,3,0,0.0248704663212435,0.0,0.0103626943005181,0.0738724097808933,,,,,,,,,,
234,2024-09-09 09:51:55,data_scientist_interview.txt,1,0,0.038917089678511,0.0,0.0093062605752961,0.0701503272589729,,,,,,,,,,
234,2024-09-09 09:51:55,data_scientist_interview.txt,2,0,0.0311587147030185,0.0,0.0126582278481012,0.0760181026126625,,,,,,,,,,
234,2024-09-09 09:51:55,data_scientist_interview.txt,3,0,0.0377142857142857,0.0,0.0137142857142857,0.063539176893554,,,,,,,,,,
234,2024-09-09 09:51:55,structural_engineer_interview.txt,1,0,0.0236518448438978,0.0009460737937559,0.0151371807000946,0.0703943400366461,,,,,,,,,,
234,2024-09-09 09:51:55,structural_engineer_interview.txt,2,0,0.0184645286686103,0.0,0.0097181729834791,0.0619775898225861,,,,,,,,,,
234,2024-09-09 09:51:55,structural_engineer_interview.txt,3,0,0.0266120777891504,0.0051177072671443,0.0102354145342886,0.1005236969945761,,,,,,,,,,
234,2024-09-09 09:51:55,ai_ethicist_interview.txt,1,0,0.0197594501718213,0.0146048109965635,0.0094501718213058,0.0877578262726047,,,,,,,,,,
234,2024-09-09 09:51:55,ai_ethicist_interview.txt,2,0,0.0168067226890756,0.0149393090569561,0.0093370681605975,0.0941950181947157,,,,,,,,,,
234,2024-09-09 09:51:55,ai_ethicist_interview.txt,3,0,0.0187090739008419,0.0215154349859681,0.010289990645463,0.1159050586722396,,,,,,,,,,
234,2024-09-09 09:51:55,sales_manager_interview.txt,1,0,0.0221631205673758,0.0,0.0106382978723404,0.0686849117839358,,,,,,,,,,
234,2024-09-09 09:51:55,sales_manager_interview.txt,2,0,0.0215633423180593,0.0,0.0107816711590296,0.072735685276426,,,,,,,,,,
234,2024-09-09 09:51:55,sales_manager_interview.txt,3,0,0.0105363984674329,0.0,0.0076628352490421,0.0975048906197795,,,,,,,,,,
234,2024-09-09 09:51:55,frontend_developer_interview.txt,1,0,0.0300096805421103,0.0067763794772507,0.0077444336882865,0.1168325586349824,,,,,,,,,,
234,2024-09-09 09:51:55,frontend_developer_interview.txt,2,0,0.0138888888888888,0.0009259259259259,0.0083333333333333,0.0860409125814565,,,,,,,,,,
234,2024-09-09 09:51:55,frontend_developer_interview.txt,3,0,0.0224618149146451,0.0,0.0116801437556154,0.0743528402279963,,,,,,,,,,
234,2024-09-09 09:51:55,public_relations_specialist_interview.txt,1,0,0.0137741046831955,0.0,0.0101010101010101,0.0922053224772763,,,,,,,,,,
234,2024-09-09 09:51:55,public_relations_specialist_interview.txt,2,0,0.0313653136531365,0.003690036900369,0.0101476014760147,0.0838761924351837,,,,,,,,,,
234,2024-09-09 09:51:55,public_relations_specialist_interview.txt,3,0,0.0193929173693086,0.0033726812816188,0.0109612141652613,0.0801266117293151,,,,,,,,,,
234,2024-09-09 09:51:55,logistics_coordinator_interview.txt,1,0,0.0217606330365974,0.0009891196834817,0.0089020771513353,0.0816901105956445,,,,,,,,,,
234,2024-09-09 09:51:55,logistics_coordinator_interview.txt,2,0,0.0208550573514077,0.0,0.0114702815432742,0.0982122647011737,,,,,,,,,,
234,2024-09-09 09:51:55,logistics_coordinator_interview.txt,3,0,0.0192307692307692,0.0017482517482517,0.0113636363636363,0.0825521446805023,,,,,,,,,,
234,2024-09-09 09:51:55,nurse_interview.txt,1,0,0.0219885277246653,0.0066921606118546,0.0133843212237093,0.0929299547664661,,,,,,,,,,
234,2024-09-09 09:51:55,nurse_interview.txt,2,0,0.0209790209790209,0.0192307692307692,0.0122377622377622,0.073596466247004,,,,,,,,,,
234,2024-09-09 09:51:55,nurse_interview.txt,3,0,0.0141467727674624,0.0,0.0123784261715296,0.0763266880015718,,,,,,,,,,
234,2024-09-09 09:51:55,chemist_interview.txt,1,0,0.0281280310378273,0.0009699321047526,0.008729388942774,0.1056594469570236,,,,,,,,,,
234,2024-09-09 09:51:55,chemist_interview.txt,2,0,0.0249307479224376,0.0,0.0138504155124653,0.0911063135270817,,,,,,,,,,
234,2024-09-09 09:51:55,chemist_interview.txt,3,0,0.0293225480283114,0.0010111223458038,0.0141557128412537,0.1107516194455189,,,,,,,,,,
234,2024-09-09 09:51:55,manufacturing_engineer_interview.txt,1,0,0.0266055045871559,0.0045871559633027,0.010091743119266,0.0928866465091548,,,,,,,,,,
234,2024-09-09 09:51:55,manufacturing_engineer_interview.txt,2,0,0.0280455740578439,0.0035056967572304,0.0131463628396143,0.0720110694841013,,,,,,,,,,
234,2024-09-09 09:51:55,manufacturing_engineer_interview.txt,3,0,0.029585798816568,0.004930966469428,0.0059171597633136,0.0940022347642272,,,,,,,,,,
234,2024-09-09 09:51:55,veterinarian_interview.txt,1,0,0.01434034416826,0.008604206500956,0.0047801147227533,0.0983618093693379,,,,,,,,,,
234,2024-09-09 09:51:55,veterinarian_interview.txt,2,0,0.0107737512242899,0.0,0.0088148873653281,0.0970441994956357,,,,,,,,,,
234,2024-09-09 09:51:55,veterinarian_interview.txt,3,0,0.0197926484448633,0.0075400565504241,0.0084825636192271,0.1372935636078669,,,,,,,,,,
234,2024-09-09 09:51:55,event_planner_interview.txt,1,0,0.0176140912730184,0.0040032025620496,0.0072057646116893,0.0718461621689145,,,,,,,,,,
234,2024-09-09 09:51:55,event_planner_interview.txt,2,0,0.0188235294117647,0.0,0.0070588235294117,0.0854353821806923,,,,,,,,,,
234,2024-09-09 09:51:55,event_planner_interview.txt,3,0,0.0138751238850346,0.0,0.0089197224975222,0.0962588556421347,,,,,,,,,,
234,2024-09-09 09:51:55,seo_specialist_interview.txt,1,0,0.019193857965451,0.0,0.0076775431861804,0.1026088321734595,,,,,,,,,,
234,2024-09-09 09:51:55,seo_specialist_interview.txt,2,0,0.0142095914742451,0.0,0.0115452930728241,0.1037482091591068,,,,,,,,,,
234,2024-09-09 09:51:55,seo_specialist_interview.txt,3,0,0.0131979695431472,0.0,0.0081218274111675,0.128344643483505,,,,,,,,,,
234,2024-09-09 09:51:55,procurement_specialist_interview.txt,1,0,0.0226628895184136,0.0009442870632672,0.0151085930122757,0.0765013537972541,,,,,,,,,,
234,2024-09-09 09:51:55,procurement_specialist_interview.txt,2,0,0.0233793836344314,0.002125398512221,0.0116896918172157,0.0619121019899466,,,,,,,,,,
234,2024-09-09 09:51:55,procurement_specialist_interview.txt,3,0,0.024669603524229,0.0,0.0123348017621145,0.0831759923373237,,,,,,,,,,
234,2024-09-09 09:51:55,aerospace_engineer_interview.txt,-999,0,0.0236261487517208,0.0061297763887338,0.009208617033151,0.1002807292036566,0.0010912683242967,-3.369012117567962,0.0014246082376746,188.90019132615527,0.0019581208609051,-28.304083433569744,0.0344629716632064,10.766596731341082,49.0,18.0
234,2024-09-09 09:51:55,agricultural_engineer_interview.txt,-999,0,0.0268225846445815,0.0040722822282228,0.0078021291825494,0.0901085795990755,0.005102044428435,9.704416026640502,0.0055676361637035,91.92920593807898,0.001056165450775,-39.25463499037822,0.0195419398455875,-0.4692050232837772,26.0,41.0
234,2024-09-09 09:51:55,ai_ethicist_interview.txt,-999,0,0.0184250822539129,0.0170198516798292,0.0096924102091221,0.0992859677131867,0.00149670916964,-24.641382786477266,0.0038968800578062,702.1562443423994,0.0005206005118509,-24.53739457519229,0.0147480506572725,9.667817875884424,84.0,19.0
234,2024-09-09 09:51:55,ai_professor_interview.txt,-999,0,0.0271684138422079,0.003025539548208,0.0123986943249452,0.101574981453424,0.0026254729566637,11.118858022938866,0.0010342822309573,42.59556938303004,0.0006737736457703,-3.466964620878372,0.0159674089326225,12.196182636400366,23.0,16.0
234,2024-09-09 09:51:55,ai_software_developer_interview.txt,-999,0,0.0238102550646793,0.0051519466284695,0.0112734227336232,0.0894509149683966,0.0027277663406918,-2.616016989859005,0.0042670358796886,142.81446373844403,0.004424412142389,-12.22803893155502,0.0149096752339168,-1.1956384418415666,48.0,45.0
234,2024-09-09 09:51:55,architect_interview.txt,-999,0,0.0258409623443729,0.0047578514544484,0.0092081225074852,0.0881525917053126,0.0048406660590328,5.689579178138814,0.0040772390062736,124.2405119406823,0.001938413820479,-28.30793368282517,0.011589986363128,-2.629721046255895,33.0,49.0
234,2024-09-09 09:51:55,astronomer_interview.txt,-999,0,0.0280502342662407,0.0031415301687799,0.0123602292821334,0.0806884656326461,0.0008532028462384,14.725505031075798,0.0030009171548339,48.062279806078806,0.0029660057976063,-3.766443520938196,0.0104525074837747,-10.874334435173964,19.0,72.0
234,2024-09-09 09:51:55,backend_developer_interview.txt,-999,0,0.0246383366686714,0.0019705256760862,0.0105240100126694,0.0655044086740374,0.0003494974321858,0.7708381544945269,0.002662898642279,-7.127893624187905,0.0020090943149155,-18.06277304221436,0.0313269677352623,-27.646114289947803,39.0,97.0
234,2024-09-09 09:51:55,barista_interview.txt,-999,0,0.0224899802465892,0.001617680106526,0.0098107993403004,0.0748249751615794,0.0027097299372548,-8.015943202506918,0.001955953108368,-23.757725789336945,0.002094575985198,-23.615647342054643,0.0209914971060175,-17.350941552057776,61.0,88.0
234,2024-09-09 09:51:55,bartender_interview.txt,-999,0,0.0164504441922017,0.0,0.0099377821242698,0.1027999179883814,0.0033988556059543,-32.71765575921488,0.0,-100.0,0.0024090588361697,-22.62699214528984,0.0122259753822884,13.54920481989042,90.0,10.0
234,2024-09-09 09:51:55,biologist_interview.txt,-999,0,0.02445032104326,0.0051435005986792,0.0126133595950242,0.0967689994556777,0.007770666980744,0.0018539323193493,0.0081810060823852,142.41639707701714,0.0016383219144489,-1.795636207732073,0.0216030469212965,6.88766250426869,40.0,24.0
234,2024-09-09 09:51:55,biomedical_engineer_interview.txt,-999,0,0.0274851034802129,0.0072137708858868,0.0109831421245892,0.0809700114936397,0.0068926198531506,12.41411917168304,0.0041737285664298,239.9895292993276,0.001657582033645,-14.488088866440378,0.0166913609153263,-10.56334869450663,20.0,70.0
234,2024-09-09 09:51:55,business_analyst_interview.txt,-999,0,0.0261291445091878,0.0062944192852842,0.0113066507703982,0.0969793653054116,0.0077507925503368,6.8682447138894105,0.0073021594561678,196.6599139159272,0.0022956078815439,-11.9693340094465,0.0239364583964575,7.1200252865157125,31.0,23.0
234,2024-09-09 09:51:55,business_intelligence_analyst_interview.txt,-999,0,0.0234336098143063,0.0026799961370216,0.0128112971632715,0.0884222239344363,0.002438714247296,-4.156496693395766,0.0022906656938726,26.30989250471228,0.0025669449153375,-0.2545453656071288,0.0095964170861039,-2.3318946879287097,53.0,48.0
234,2024-09-09 09:51:55,chef_interview.txt,-999,0,0.014769746221842,0.0012757817697937,0.0088448859856045,0.0724300431561826,0.0079790582839717,-39.59171326704429,0.0015452661234797,-39.87160803104513,0.0036476666605044,-31.135999533851816,0.0020680852689146,-19.996299934943423,98.0,93.0
234,2024-09-09 09:51:55,chemical_engineer_interview.txt,-999,0,0.0242208661842304,0.0018129815278938,0.0101819693989456,0.0966875981055978,0.0026780014534847,-0.9366168246140916,0.0023472431477176,-14.553047768273586,0.0036919884957679,-20.72581302048569,0.0211883548813781,6.797749411401455,43.0,25.0
234,2024-09-09 09:51:55,chemist_interview.txt,-999,0,0.0274604423295254,0.0006603514835188,0.0122451724321643,0.1025057933098747,0.0022707340344208,12.313255024153364,0.0005722518853866,-68.87722196820492,0.0030485819281993,-4.662246472248071,0.0101952763401428,13.224324956016332,21.0,12.0
234,2024-09-09 09:51:55,civil_engineer_interview.txt,-999,0,0.0240312660193914,0.0025278087150938,0.0098321284391212,0.0642955012432652,0.003391141113417,-1.7120818156966775,0.0024114753854027,19.13720421657807,0.0015479051905242,-23.44958448115075,0.0120931121077204,-28.981431283883097,45.0,99.0
234,2024-09-09 09:51:55,cloud_architect_interview.txt,-999,0,0.0247078356989171,0.0061951492766393,0.011472032700887,0.077762016179124,0.0044705624086906,1.0550893043578211,0.0026031990720254,191.9812563806913,0.0021547538028774,-10.681712964154856,0.0083635754669003,-14.106788457467957,38.0,78.0
234,2024-09-09 09:51:55,computer_vision_engineer_interview.txt,-999,0,0.0342272017183074,0.0015280303350671,0.0105206669221515,0.0755961675791337,0.0135565056374953,39.98931223398933,0.0013892410249857,-27.982975534894223,0.0015559058152994,-18.088801482531025,0.012419541513126,-16.49910929878385,2.0,86.0
234,2024-09-09 09:51:55,construction_manager_interview.txt,-999,0,0.0274178785196041,0.0043929547771484,0.0102282887931938,0.0757493716938455,0.0029531514822026,12.139168970435549,0.0011299689184542,107.04270353775328,0.0051751477540793,-20.365182166420084,0.0172057533458791,-16.32988537583647,22.0,85.0
234,2024-09-09 09:51:55,content_writer_interview.txt,-999,0,0.020594635407443,0.0010362694300518,0.0099077520752543,0.0912775121315188,0.0025331749296593,-15.76790676242635,0.0017948713031801,-51.1599742598028,0.0030131821723917,-22.86079835972416,0.0293773040581964,0.8219570918653716,71.0,37.0
234,2024-09-09 09:51:55,cto_of_a_fintec_interview.txt,-999,0,0.0269349807171086,0.0064127782049713,0.0120594555770862,0.0891305435542858,0.0038945983653107,10.164116151130967,0.0010899590469768,202.2382437560837,0.0019094247238678,-6.108189994356479,0.0327893426997363,-1.549509534651321,24.0,47.0
234,2024-09-09 09:51:55,customer_service_representative_interview.txt,-999,0,0.023493742340559,0.0043445700568333,0.0094995522527888,0.1016499643784399,0.005899968707774,-3.910554560518804,0.0039485398255042,104.76230143662612,0.0028340487530881,-26.03893686940052,0.0345297165571795,12.279006160749688,52.0,14.0
234,2024-09-09 09:51:55,cybersecurity_specialist_interview.txt,-999,0,0.0191182486170863,0.0044408388760911,0.0129207567758777,0.086098350595914,0.0015336529481951,-21.806331202564948,0.0013256983052046,109.2995110407884,0.0008494569902543,0.5976789395798505,0.0163478512561533,-4.89876414517056,78.0,59.0
234,2024-09-09 09:51:55,data_engineer_interview.txt,-999,0,0.028163587951242,0.0033737335803877,0.0099729026414483,0.0863751936678611,0.0038535719891818,15.189121792186256,0.0033870376804568,59.00617168497081,0.0008109787446252,-22.35355285898505,0.0159975180195344,-4.592972941299848,16.0,57.0
234,2024-09-09 09:51:55,data_scientist_interview.txt,-999,0,0.0359300300319384,0.0,0.011892924712561,0.0699025355883965,0.0041756163401441,46.95388288278602,0.0,-100.0,0.0023015077826159,-7.404756343652323,0.006243152033209,-22.78809666118985,1.0,95.0
234,2024-09-09 09:51:55,database_administrator_interview.txt,-999,0,0.0285060527541545,0.0053436338582591,0.0119093880953755,0.0925112985328483,0.0031133592082873,16.589803408481913,0.0002362202595198,151.84880265213948,0.0024180909090848,-7.276576692308296,0.0072853348504599,2.1847545291589654,11.0,32.0
234,2024-09-09 09:51:55,dentist_interview.txt,-999,0,0.0166951564710585,0.0047044185060469,0.0099544382572427,0.0868596742075732,0.0025135526932337,-31.71678212968725,0.0054560576247688,121.72218369551544,0.0006538879892098,-22.49731179093876,0.0109589367885189,-4.05783263076728,89.0,53.0
234,2024-09-09 09:51:55,devops_engineer_interview.txt,-999,0,0.0284819785731244,0.0071388171691991,0.0116592350229503,0.0785173580618145,0.0044313076436604,16.49133996783185,0.0042383499756995,236.45691379780789,0.0023777677285875,-9.224203979323278,0.0295114577471314,-13.272464152303073,12.0,77.0
234,2024-09-09 09:51:55,digital_marketing_specialist_interview.txt,-999,0,0.01531530491391,0.0011425307055127,0.0124083904657722,0.1016237151149388,0.0052920037457671,-37.360377304659096,0.0019789212311555,-46.15181395111077,0.0011029769819657,-3.3914729698253865,0.0137843785685902,12.25001213958727,94.0,15.0
234,2024-09-09 09:51:55,doctor_interview.txt,-999,0,0.0262076014597786,0.0043753925651217,0.01212175808118,0.0831807297175525,0.0029649180385687,7.189133772935747,0.0029542228734219,106.21498551137124,0.0022929988113092,-5.623118770381652,0.029702318922303,-8.121466431190967,30.0,66.0
234,2024-09-09 09:51:55,electrical_engineer_interview.txt,-999,0,0.0282529924982723,0.0034111167877109,0.0109464538159053,0.0799530990826316,0.0067831305738605,15.55478653896796,0.0021402867218077,60.76806560461097,0.0009834480929599,-14.773734572944376,0.0296623414680471,-11.686594684396423,14.0,74.0
234,2024-09-09 09:51:55,environmental_engineer_interview.txt,-999,0,0.0281123254102147,0.0046849205583335,0.0101918048547015,0.0829307307156784,0.0024461766773353,14.979457913706298,0.0047947925116496,120.80323323669568,0.0028319416193356,-20.64923669933711,0.0201176599571305,-8.39760661130056,17.0,68.0
234,2024-09-09 09:51:55,environmental_scientist_interview.txt,-999,0,0.022234609718227,0.004724111866969,0.0088160831935405,0.090445237531998,0.0027832283864424,-9.06040909032572,0.0051438615226062,122.65034410095568,0.0023378703466519,-31.36025064227158,0.0264741559446051,-0.097344409698735,65.0,40.0
234,2024-09-09 09:51:55,event_planner_interview.txt,-999,0,0.0167709148566059,0.0013344008540165,0.0077281035462078,0.0845134666639138,0.0025797071861237,-31.406930206178743,0.0023112500768199,-37.10885396411756,0.0010345843195526,-39.830979497683074,0.0122324301273054,-6.649371672219203,88.0,64.0
234,2024-09-09 09:51:55,financial_analyst_interview.txt,-999,0,0.0195924732946761,0.0051947394402744,0.0096111923826315,0.0959274640446404,0.0016604321455684,-19.866751478620543,0.0069315085590524,144.8313156974386,0.0033767669152282,-25.16973561954407,0.0211628986988388,5.958131833224172,76.0,26.0
234,2024-09-09 09:51:55,fire_protection_engineer_interview.txt,-999,0,0.0224635269139556,0.0074512397735415,0.0099758361256483,0.0829972483232927,0.0030676987333969,-8.124137377191644,0.0039305765907265,251.181586354384,0.0028844798780504,-22.330713507788687,0.0154527123177973,-8.324133581370944,62.0,67.0
234,2024-09-09 09:51:55,frontend_developer_interview.txt,-999,0,0.0221201281152147,0.0025674351343922,0.0092526369257451,0.0924087704814784,0.008065825641763,-9.52863903798621,0.003674335867342,21.00482211825248,0.0021228030419199,-27.961355906154125,0.0219441069460655,2.07150561872595,66.0,34.0
234,2024-09-09 09:51:55,full_stack_developer_interview.txt,-999,0,0.0225427496624473,0.0009780801913905,0.0131748140204034,0.0873477644228092,0.0036181490215129,-7.800116203450415,0.0010028604484602,-53.90246943683153,0.0019687299954812,2.575703103364475,0.0302189549873301,-3.5187051985189584,60.0,52.0
234,2024-09-09 09:51:55,game_developer_interview.txt,-999,0,0.0201992941661739,0.0005560189046427,0.0091673376898877,0.1077195897644258,0.006083728933956,-17.384853099975928,0.00096305299281,-73.79448160172905,0.0009371789923386,-28.62547375090716,0.0156613653857436,18.983302716815203,72.0,6.0
234,2024-09-09 09:51:55,gardener_interview.txt,-999,0,0.0200871792777912,0.0039748216980066,0.0082695959203965,0.0789501776047191,0.0024655499477262,-17.843403180845897,0.0035357619691243,87.33583025182028,0.0039458558948086,-35.61505956731445,0.0138059255193524,-12.79438677744676,73.0,76.0
234,2024-09-09 09:51:55,geneticist_interview.txt,-999,0,0.0257359546981694,0.0036256400865371,0.0088751695921729,0.0880815295891225,0.0075545636382481,5.26009772966087,0.0038832181735142,70.87868272087297,0.0025668270929077,-30.90021918572341,0.0072969657572598,-2.708213781893164,34.0,50.0
234,2024-09-09 09:51:55,geologist_interview.txt,-999,0,0.0299177312027674,0.0015588532111682,0.0115341783867831,0.0774941795081041,0.0020924816588078,22.363570622737257,0.0019550187858809,-26.53027412490596,0.0011847893015524,-10.197862686210286,0.0100839649615826,-14.402631504924043,9.0,81.0
234,2024-09-09 09:51:55,geotechnical_engineer_interview.txt,-999,0,0.0307955533407444,0.0042085425807675,0.0112296588828438,0.0930686050062,0.0017371549911452,25.95386463422353,0.0043346849962829,98.35124149433264,0.0011714696519387,-12.5687729834559,0.0266758556376478,2.800335826579925,7.0,31.0
234,2024-09-09 09:51:55,graphic_designer_interview.txt,-999,0,0.019424179413368,0.0,0.0114478517728015,0.1033337896228272,0.0032700634923416,-20.555073734450872,0.0,-100.0,0.0021842234826229,-10.86997943199414,0.0151798881637166,14.138900811418992,77.0,9.0
234,2024-09-09 09:51:55,hotel_manager_interview.txt,-999,0,0.0188984457804158,0.002747010868715,0.0090221618723077,0.0924376008398711,0.0015565670332069,-22.705325171917465,0.002925771447176,29.468338682863987,0.0007937996577775,-29.7557752138961,0.01334645981118,2.103350627304053,82.0,33.0
234,2024-09-09 09:51:55,human_resources_manager_interview.txt,-999,0,0.0197312201414251,0.0054680119815624,0.0138283075437199,0.0825038075821461,0.0050252332197898,-19.299276643520614,0.0055635133608456,157.71082131976397,0.0024356268717866,7.663635086606476,0.0301217697947321,-8.869171017969535,75.0,69.0
234,2024-09-09 09:51:55,industrial_engineer_interview.txt,-999,0,0.0319111373143117,0.0080735449220477,0.0084141334900166,0.0720770558987403,0.003145110659131,30.51660495066031,0.0033309942303814,280.51121684419144,0.0014210117733984,-34.48972733828458,0.0278183181934388,-20.386197350996383,4.0,94.0
234,2024-09-09 09:51:55,it_manager_interview.txt,-999,0,0.0316873796268327,0.000939177776025,0.0115953964103498,0.0893059607340147,0.0098547158876137,29.601435634890635,1.7240219243271928e-05,-55.73596458076238,0.0016049117091351,-9.72123494784367,0.0057897346587104,-1.3557498346464314,6.0,46.0
234,2024-09-09 09:51:55,logistics_coordinator_interview.txt,-999,0,0.0206154865395914,0.0009124571439111,0.0105786650194153,0.0874848399924401,0.0012818339788816,-15.68262559708934,0.0008766435436061,-56.99532466839328,0.0014529464746265,-17.637243259676822,0.0093002153927758,-3.367296304072269,70.0,51.0
234,2024-09-09 09:51:55,lorry_driver_interview.txt,-999,0,0.0172056886699727,0.0068933232751372,0.0084856367738521,0.1062154650113702,0.0026224293158616,-29.628704582843127,0.003768739377186,224.8866331764412,0.0031197095268987,-33.93302121687276,0.0116614646175617,17.321898962790016,87.0,7.0
234,2024-09-09 09:51:55,machine_learning_engineer_interview.txt,-999,0,0.0340999223159954,0.0039016499767526,0.010053962556439,0.0864047623222648,0.0017882226321339,39.46873926580338,0.0037962689664827,83.88720130855424,0.0003236407678235,-21.72244127283321,0.008204772277949,-4.560312436692001,3.0,56.0
234,2024-09-09 09:51:55,manufacturing_engineer_interview.txt,-999,0,0.028078959153856,0.0043412730633204,0.009718421907398,0.0862999835858278,0.0014904275718543,14.842989869431932,0.0007437689416106,104.60691207227134,0.0036290316649241,-24.33487420295579,0.012387127751969,-4.676047375369706,18.0,58.0
234,2024-09-09 09:51:55,marine_engineer_interview.txt,-999,0,0.0227536117766309,0.0023794048466718,0.009194044887234,0.0649024223065591,0.0031161654384579,-6.937689804012308,0.0008745006254273,12.142837169278948,0.0024711759068797,-28.417538402333506,0.011470084843422,-28.311047440451944,58.0,98.0
234,2024-09-09 09:51:55,marketing_manager_interview.txt,-999,0,0.0152577693113482,0.000352733686067,0.0134226278975523,0.0865841813894376,0.0030755467154154,-37.59569801529958,0.0006109526658091,-83.3754409737953,0.0016394713610916,4.505118019426973,0.0040002555859319,-4.362132391360646,96.0,55.0
234,2024-09-09 09:51:55,materials_engineer_interview.txt,-999,0,0.023916202410683,0.0006003749935788,0.0098312669631994,0.1027968401924805,0.0037785543972634,-2.1826921676270814,0.0005279299508432,-71.70395141474262,0.0037572631332055,-23.456291710433348,0.031600488698814,13.54580519385982,46.0,11.0
234,2024-09-09 09:51:55,mechanical_engineer_interview.txt,-999,0,0.0302901621131798,0.0043314695608717,0.0112747427097874,0.0839857398880355,0.008225634056304,23.88681366879144,0.0031397127017485,104.14486687625184,0.0023892020516806,-12.217761937669906,0.0385634442902488,-7.2322802672428,8.0,65.0
234,2024-09-09 09:51:55,meteorologist_interview.txt,-999,0,0.028433307059395,0.0009498589240396,0.0123169356816181,0.072523219128098,0.0045847078579049,16.29227339533091,0.0009028702402689,-55.23255540083489,0.001185021044638,-4.103516325598093,0.0111809197704688,-19.893381005372703,13.0,92.0
234,2024-09-09 09:51:55,microbiologist_interview.txt,-999,0,0.026230837635154,0.0003208213025344,0.0118566631233423,0.099107957279593,0.0002148265976544,7.2841697690573,0.0005556787961401,-84.87949154979458,0.0051684034310771,-7.687079722486814,0.0292076700238135,9.471193758086088,29.0,20.0
234,2024-09-09 09:51:55,mining_engineer_interview.txt,-999,0,0.0257057483328368,0.0089225565585323,0.0070736430050329,0.0750595260732528,0.0019921412379993,5.136553644964522,0.0021148704013887,320.52566576753907,0.0022112999864315,-44.92644043249785,0.0249249796276114,-17.091864793715473,35.0,87.0
234,2024-09-09 09:51:55,mobile_app_developer_interview.txt,-999,0,0.0219935618058952,0.0013331948418362,0.0106038779409661,0.0867409530346807,0.005422530417008,-10.046295454641523,0.0007325265774446,-37.16569407174093,0.0003193812808109,-17.440941956951647,0.0151568522186501,-4.188967898586796,67.0,54.0
234,2024-09-09 09:51:55,natural_language_processing_engineer_interview.txt,-999,0,0.0316873825510809,0.0059314157349633,0.0099352703509592,0.0739422891356683,0.0040796321176919,29.60144759507068,0.009444403076928,179.55132977041973,0.0021814918568039,-22.646548164294813,0.0102686060326077,-18.325925757387267,5.0,89.0
234,2024-09-09 09:51:55,network_administrator_interview.txt,-999,0,0.026880425313707,0.0048981390467319,0.0118379036273579,0.0900340092628035,0.0149320043865342,9.94098446003629,0.0035464143991884,130.85235382220378,0.0027070134527911,-7.833136318616141,0.0177314701690214,-0.5515728164934899,25.0,42.0
234,2024-09-09 09:51:55,neuroscientist_interview.txt,-999,0,0.0260183103071813,0.0029237623671023,0.0108540938703846,0.0859165653835226,0.0088562242658818,6.414932642438558,0.0043740404844621,37.79874724313515,0.001972997326628,-15.49282528160326,0.0166985927828896,-5.099557752003946,32.0,60.0
234,2024-09-09 09:51:55,no_persona_interview.txt,-999,0,0.0244498677592595,0.00212176266156,0.0128439909469861,0.0905333667033958,0.0015857604014096,0.0,0.0019196825067532,0.0,0.0035404198179321,0.0,0.022342531391227,0.0,41.0,39.0
234,2024-09-09 09:51:55,nuclear_engineer_interview.txt,-999,0,0.0190255880938687,0.0056320175405491,0.0113463475018277,0.0767772543221525,0.0023077343159882,-22.1853128973942,0.0023964049328559,165.44050579192282,0.000968082706755,-11.660265499562255,0.0145158737134682,-15.194522066445288,80.0,83.0
234,2024-09-09 09:51:55,nurse_interview.txt,-999,0,0.0190381071570495,0.0086409766142079,0.0126668365443337,0.0809510363383473,0.0042659864100163,-22.134109908060623,0.0097623785093616,307.2546270493169,0.0006253277416041,-1.3792784764765145,0.0104634789978248,-10.584307989386916,79.0,71.0
234,2024-09-09 09:51:55,occupational_therapist_interview.txt,-999,0,0.0199011935172198,0.0022160125220653,0.0130091739860882,0.1086262443488971,0.0035200271556071,-18.60408525243293,0.0024724221879193,4.442054816629806,0.0006577079617961,1.286072528265933,0.0097341313979961,19.984761756156672,74.0,5.0
234,2024-09-09 09:51:55,operations_manager_interview.txt,-999,0,0.0206472218650149,0.0,0.0116371941550939,0.0974511496080938,0.0020679662154256,-15.552828063066116,0.0,-100.0,0.0024263261804631,-9.39580849031455,0.014279750896099,7.641141776337463,69.0,22.0
234,2024-09-09 09:51:55,petroleum_engineer_interview.txt,-999,0,0.0235897871144752,0.0084745313828238,0.0092218356302133,0.076657398352608,0.0062413188141386,-3.517731274675768,0.0023352789097051,299.4099592926652,0.0020935729099636,-28.201166846997523,0.0226874565702105,-15.32691079107667,50.0,84.0
234,2024-09-09 09:51:55,pharmacist_interview.txt,-999,0,0.0227765668765241,0.0115548414482872,0.0099278281810882,0.1048275545880224,0.00040780524498,-6.843803407082731,0.0038578587122532,444.586897376706,0.0038289610978506,-22.704490978967144,0.0360107742483177,15.788861505015106,57.0,8.0
234,2024-09-09 09:51:55,physical_therapist_interview.txt,-999,0,0.0238130799536825,0.0006105006105006,0.0114312691931056,0.0897903809951236,0.005193077895859,-2.604463189114369,0.0010574180754388,-71.22672476233804,0.0020041551489528,-10.999087119506086,0.0125903368232792,-0.8206761057571157,47.0,43.0
234,2024-09-09 09:51:55,physicist_interview.txt,-999,0,0.0288306711590844,0.0024017224958736,0.0123080257927107,0.0922350374876213,0.0020195895735581,17.917493227200836,0.0022769329014457,13.194681921106422,0.0004892822633643,-4.172886422043945,0.0078393459047412,1.879606211708108,10.0,36.0
234,2024-09-09 09:51:55,procurement_specialist_interview.txt,-999,0,0.0235706255590247,0.0010232285251627,0.013044362197202,0.0738631493748415,0.0010169343049458,-3.5961020684944174,0.0010648960159294,-51.77460025569372,0.0018165429677485,1.5600388620867278,0.0108746655170238,-18.413340777626274,51.0,90.0
234,2024-09-09 09:51:55,product_manager_interview.txt,-999,0,0.0164130842932312,0.0027404004716211,0.0118495437788787,0.0931089011564108,0.0028025195139003,-32.87045780844629,0.0039266394104861,29.156786537389507,0.0031776872418002,-7.742509101819834,0.0396825548729835,2.844845548992893,91.0,30.0
234,2024-09-09 09:51:55,professor_of_classics_interview.txt,-999,0,0.0159747136365576,0.0003208213025344,0.0119172616591168,0.0896872026314315,0.0038415196625154,-34.66339452691827,0.0005556787961401,-84.87949154979458,0.0023967466205303,-7.215275156253128,0.0106248995061468,-0.9346433285049898,92.0,44.0
234,2024-09-09 09:51:55,project_manager_interview.txt,-999,0,0.023133398276256,0.0067893990998753,0.01128642539441,0.0943823007776975,0.0073366126853301,-5.384362385784286,0.0035269099015164,219.9886218604416,0.0015760203828875,-12.126803569115792,0.0348774571174604,4.251398367754874,54.0,29.0
234,2024-09-09 09:51:55,psychologist_interview.txt,-999,0,0.0152980050065266,0.0011118956429952,0.0118304945464479,0.0946996959999962,0.0032727958203499,-37.43113395477159,0.001252718384787,-47.59566358955175,0.0022895743797877,-7.890821511174877,0.0120023461074264,4.601982062867634,95.0,28.0
234,2024-09-09 09:51:55,public_relations_specialist_interview.txt,-999,0,0.0215107785685469,0.0023542393939959,0.0104032752474287,0.0854027088805917,0.0089848016283311,-12.020879702302691,0.0020449965746597,10.95677366030192,0.0004837505204962,-19.00278277703154,0.0061823541371231,-5.66714572718044,68.0,63.0
234,2024-09-09 09:51:55,quality_control_engineer_interview.txt,-999,0,0.0222724776709348,0.0051264514094274,0.0100895376743725,0.0907874964909582,0.0026885283326607,-8.905529100459745,0.0020028366446075,141.61285813457846,0.0012723558665229,-21.445462582328616,0.0026858516963563,0.2807029019422202,64.0,38.0
234,2024-09-09 09:51:55,restaurant_manager_interview.txt,-999,0,0.0174495751288313,0.0027613585839094,0.0091390747238127,0.0857202066418488,0.0056601861167575,-28.63120855848849,0.0024389136308587,30.144555464988628,0.0015127764127252,-28.84552191344165,0.0128667229649524,-5.316448771109734,86.0,61.0
234,2024-09-09 09:51:55,retail_manager_interview.txt,-999,0,0.018948593327377,0.0,0.0120757317058614,0.0685745732132207,0.0022671892768313,-22.500221621031585,0.0,-100.0,0.0012080062722185,-5.981468254654217,0.013887679156506,-24.25491759531729,81.0,96.0
234,2024-09-09 09:51:55,robotics_engineer_interview.txt,-999,0,0.0263720594179547,0.0081222724338543,0.0086464245925286,0.0725280709564585,0.0082959203868288,7.86176709674487,0.0030372202092725,282.8077749224991,0.0046791028738963,-32.681168740954675,0.0291880987703944,-19.88802184494696,28.0,91.0
234,2024-09-09 09:51:55,safety_engineer_interview.txt,-999,0,0.022889764561828,0.0096698611450719,0.0084864267658165,0.0771379620930122,0.0048953241188779,-6.3808246849953605,0.000870306599484,355.7465978764147,0.0024685481602812,-33.926870543241165,0.0046110431837747,-14.79609684048252,56.0,82.0
234,2024-09-09 09:51:55,sales_manager_interview.txt,-999,0,0.018087620450956,0.0,0.0096942680934707,0.0796418292267138,0.0065464225780513,-26.02160212459249,0.0,-100.0,0.0017607323833852,-24.52292956695416,0.015601888130005,-12.030412513393811,85.0,75.0
234,2024-09-09 09:51:55,seo_specialist_interview.txt,-999,0,0.0155338063276144,0.0,0.0091148878900573,0.1115672282720237,0.0032098018983408,-36.46670615741251,0.0,-100.0,0.002116482726709,-29.03383436130339,0.0145408318490616,23.233270046764943,93.0,1.0
234,2024-09-09 09:51:55,shop_assistant_interview.txt,-999,0,0.0226931940766892,0.0033484379463695,0.0089839402893434,0.0804997434855534,0.0048099155434254,-7.184798297753943,0.0020590474274178,57.81397264798756,0.0007837758460147,-30.05335859839168,0.0229792215073304,-11.082790338190335,59.0,73.0
234,2024-09-09 09:51:55,social_media_manager_interview.txt,-999,0,0.0133867549474664,0.0,0.011097624395045,0.0990513380861317,0.0023769884001846,-45.24814989072227,0.0,-100.0,0.0003630765016309,-13.596759442989368,0.0146000807320969,9.408654171276254,99.0,21.0
234,2024-09-09 09:51:55,software_quality_assurance_tester_interview.txt,-999,0,0.0223004449703478,0.0041894908399762,0.0122149677004045,0.1094383419232382,0.0065266206887003,-8.791142799116727,0.0051368541290375,97.4533210465651,0.0014528305576093,-4.897412721465074,0.0360360644101241,20.88177641927157,63.0,3.0
234,2024-09-09 09:51:55,speech_therapist_interview.txt,-999,0,0.0184466224795221,0.0003106554830692,0.0102855144980123,0.1006687208033138,0.0026754007591972,-24.55328322773404,0.0005380710803258,-85.35861297319344,0.0032554292398181,-19.9196375918822,0.0138261917862914,11.195158723217858,83.0,17.0
234,2024-09-09 09:51:55,structural_engineer_interview.txt,-999,0,0.0229094837672195,0.0020212603536334,0.0116969227392874,0.0776318756179361,0.0041241925444902,-6.300173101986189,0.0027230041355002,-4.736736570372472,0.0029905544357432,-8.93077714265928,0.020266648353797,-14.25053718340925,55.0,79.0
234,2024-09-09 09:51:55,supply_chain_manager_interview.txt,-999,0,0.0241897597976026,0.0021319169702241,0.0104522559257663,0.1017098646993632,0.0034545168149996,-1.0638419979118652,0.0019318674176873,0.4785789121501267,0.0008299569569945,-18.621431851608136,0.0069453708822195,12.345169966542556,44.0,13.0
234,2024-09-09 09:51:55,system_administrator_interview.txt,-999,0,0.0281877716807249,0.0076411832589046,0.0103327040887737,0.0775857939650079,0.0103755632036676,15.288033286191364,0.002540389012074,260.1337415036997,0.0015646278787754,-19.552231612259646,0.007652882906058,-14.30143737038584,15.0,80.0
234,2024-09-09 09:51:55,transportation_engineer_interview.txt,-999,0,0.0248525955591234,0.0014348028264157,0.0118988096856883,0.0957304474064038,0.0015576784851449,1.6471573745480583,0.0013147276253642,-32.37684626984404,0.0017372763530108,-7.3589374610979235,0.0185481189134963,5.740514124515698,37.0,27.0
234,2024-09-09 09:51:55,travel_agent_interview.txt,-999,0,0.0243556485923259,0.0011160714285714,0.010246695393774,0.1092347463478335,0.0041025823434212,-0.3853565502332685,0.0019330924191616,-47.39885620614922,0.0018331610843905,-20.221873122867308,0.0145988207454968,20.656891845972,42.0,4.0
234,2024-09-09 09:51:55,veterinarian_interview.txt,-999,0,0.014968914612471,0.0053814210171267,0.0073591885691028,0.1108998574909468,0.0045421858582975,-38.77711421648854,0.0046907220022064,153.62973506047132,0.0022397156508692,-42.70325633614897,0.0228671121019812,22.496115552926994,97.0,2.0
234,2024-09-09 09:51:55,warehouse_manager_interview.txt,-999,0,0.0252722334354987,0.0012257894610835,0.0119121641330524,0.0855505672845013,6.47851668259814e-05,3.363476990290465,0.0010619534984775,-42.22777677771401,0.0023911308137986,-7.254963179122157,0.0293539234160044,-5.503826489982458,36.0,62.0
234,2024-09-09 09:51:55,water_resources_engineer_interview.txt,-999,0,0.0266723173697187,0.0015492151255481,0.0102311657446059,0.0922842101691081,0.0026930623659543,9.089822621300272,0.0014805282716865,-26.98452312243405,0.0022604653832081,-20.34278296492641,0.0112445211879246,1.9339206410476493,27.0,35.0
237,2024-09-09 15:11:37,restaurant_manager_interview.txt,1,0,0.0110441767068273,0.0,0.0060240963855421,0.1017548790207988,,,,,,,,,,
237,2024-09-09 15:11:37,restaurant_manager_interview.txt,2,0,0.0156521739130434,0.0,0.0095652173913043,0.0592842713881088,,,,,,,,,,
237,2024-09-09 15:11:37,restaurant_manager_interview.txt,3,0,0.0208695652173913,0.0,0.0078260869565217,0.0716313964982603,,,,,,,,,,
237,2024-09-09 15:11:37,geneticist_interview.txt,1,0,0.0283882783882783,0.0009157509157509,0.0119047619047619,0.0894021407804357,,,,,,,,,,
237,2024-09-09 15:11:37,geneticist_interview.txt,2,0,0.0245979186376537,0.0,0.0141911069063386,0.0936432790143566,,,,,,,,,,
237,2024-09-09 15:11:37,geneticist_interview.txt,3,0,0.0207207207207207,0.0162162162162162,0.0054054054054054,0.079045463142359,,,,,,,,,,
237,2024-09-09 15:11:37,speech_therapist_interview.txt,1,0,0.0254083484573502,0.0036297640653357,0.0117967332123411,0.0895271862446309,,,,,,,,,,
237,2024-09-09 15:11:37,speech_therapist_interview.txt,2,0,0.0217573221757322,0.001673640167364,0.0117154811715481,0.0566808739544905,,,,,,,,,,
237,2024-09-09 15:11:37,speech_therapist_interview.txt,3,0,0.0288808664259927,0.0054151624548736,0.0108303249097472,0.0762576863841942,,,,,,,,,,
237,2024-09-09 15:11:37,customer_service_representative_interview.txt,1,0,0.0227272727272727,0.0063636363636363,0.0136363636363636,0.1217187489193483,,,,,,,,,,
237,2024-09-09 15:11:37,customer_service_representative_interview.txt,2,0,0.020366598778004,0.0,0.005091649694501,0.1176805472435231,,,,,,,,,,
237,2024-09-09 15:11:37,customer_service_representative_interview.txt,3,0,0.0192864030858244,0.0038572806171648,0.008678881388621,0.0759298005739567,,,,,,,,,,
237,2024-09-09 15:11:37,construction_manager_interview.txt,1,0,0.022680412371134,0.0041237113402061,0.0082474226804123,0.0974004679740465,,,,,,,,,,
237,2024-09-09 15:11:37,construction_manager_interview.txt,2,0,0.0236453201970443,0.0,0.0157635467980295,0.1103382914492636,,,,,,,,,,
237,2024-09-09 15:11:37,construction_manager_interview.txt,3,0,0.0230292294065544,0.0035429583702391,0.0106288751107174,0.0818720946532893,,,,,,,,,,
237,2024-09-09 15:11:37,doctor_interview.txt,1,0,0.01956745623069,0.0020597322348094,0.0133882595262615,0.0553441492013513,,,,,,,,,,
237,2024-09-09 15:11:37,doctor_interview.txt,2,0,0.0176991150442477,0.0079646017699115,0.0123893805309734,0.0758130387999327,,,,,,,,,,
237,2024-09-09 15:11:37,doctor_interview.txt,3,0,0.0171379605826906,0.0051413881748071,0.0085689802913453,0.062494787931544,,,,,,,,,,
237,2024-09-09 15:11:37,human_resources_manager_interview.txt,1,0,0.02465483234714,0.0009861932938856,0.014792899408284,0.0762197316836631,,,,,,,,,,
237,2024-09-09 15:11:37,human_resources_manager_interview.txt,2,0,0.0218093699515347,0.0048465266558966,0.0088852988691437,0.0597607833399571,,,,,,,,,,
237,2024-09-09 15:11:37,human_resources_manager_interview.txt,3,0,0.0262008733624454,0.0078602620087336,0.0087336244541484,0.0803289895692727,,,,,,,,,,
237,2024-09-09 15:11:37,water_resources_engineer_interview.txt,1,0,0.0197119029567854,0.0022744503411675,0.0113722517058377,0.0867326757267755,,,,,,,,,,
237,2024-09-09 15:11:37,water_resources_engineer_interview.txt,2,0,0.027097902097902,0.0008741258741258,0.0104895104895104,0.0709889938267442,,,,,,,,,,
237,2024-09-09 15:11:37,water_resources_engineer_interview.txt,3,0,0.0238704177323103,0.0,0.0127877237851662,0.1094691541044883,,,,,,,,,,
237,2024-09-09 15:11:37,project_manager_interview.txt,1,0,0.0211827007943512,0.0,0.0079435127978817,0.0900228643058239,,,,,,,,,,
237,2024-09-09 15:11:37,project_manager_interview.txt,2,0,0.0333919156414762,0.0070298769771528,0.0114235500878734,0.0943656816922679,,,,,,,,,,
237,2024-09-09 15:11:37,project_manager_interview.txt,3,0,0.018041237113402,0.0051546391752577,0.0120274914089347,0.0571691129504888,,,,,,,,,,
237,2024-09-09 15:11:37,biologist_interview.txt,1,0,0.0308008213552361,0.0030800821355236,0.0143737166324435,0.1071274845604628,,,,,,,,,,
237,2024-09-09 15:11:37,biologist_interview.txt,2,0,0.0196917808219178,0.0,0.0102739726027397,0.0599679971071784,,,,,,,,,,
237,2024-09-09 15:11:37,biologist_interview.txt,3,0,0.0286259541984732,0.0,0.0104961832061068,0.0829159001965579,,,,,,,,,,
237,2024-09-09 15:11:37,occupational_therapist_interview.txt,1,0,0.013953488372093,0.0,0.0120930232558139,0.1087618394822717,,,,,,,,,,
237,2024-09-09 15:11:37,occupational_therapist_interview.txt,2,0,0.0154015401540154,0.0,0.011001100110011,0.1010995834314282,,,,,,,,,,
237,2024-09-09 15:11:37,occupational_therapist_interview.txt,3,0,0.0278526504941599,0.0026954177897574,0.0080862533692722,0.0775442176773058,,,,,,,,,,
237,2024-09-09 15:11:37,network_administrator_interview.txt,1,0,0.0231092436974789,0.0031512605042016,0.0105042016806722,0.0923931064549735,,,,,,,,,,
237,2024-09-09 15:11:37,network_administrator_interview.txt,2,0,0.0262206148282097,0.0045207956600361,0.0135623869801084,0.0741152405579275,,,,,,,,,,
237,2024-09-09 15:11:37,network_administrator_interview.txt,3,0,0.0313825275657336,0.005089058524173,0.0059372349448685,0.0863674742349541,,,,,,,,,,
237,2024-09-09 15:11:37,neuroscientist_interview.txt,1,0,0.0199401794616151,0.0,0.0129611166500498,0.1044941600546606,,,,,,,,,,
237,2024-09-09 15:11:37,neuroscientist_interview.txt,2,0,0.023191094619666,0.0064935064935064,0.0139146567717996,0.0854053166893432,,,,,,,,,,
237,2024-09-09 15:11:37,neuroscientist_interview.txt,3,0,0.030859049207673,0.0008340283569641,0.0116763969974979,0.0716663433216489,,,,,,,,,,
237,2024-09-09 15:11:37,retail_manager_interview.txt,1,0,0.017094017094017,0.0,0.0085470085470085,0.0949475192496308,,,,,,,,,,
237,2024-09-09 15:11:37,retail_manager_interview.txt,2,0,0.0193661971830985,0.0008802816901408,0.0140845070422535,0.0691866923272322,,,,,,,,,,
237,2024-09-09 15:11:37,retail_manager_interview.txt,3,0,0.0146118721461187,0.0,0.0100456621004566,0.0695787955320255,,,,,,,,,,
237,2024-09-09 15:11:37,agricultural_engineer_interview.txt,1,0,0.0276548672566371,0.0033185840707964,0.0077433628318584,0.0887941953364388,,,,,,,,,,
237,2024-09-09 15:11:37,agricultural_engineer_interview.txt,2,0,0.0238805970149253,0.0,0.0119402985074626,0.0805893758672399,,,,,,,,,,
237,2024-09-09 15:11:37,agricultural_engineer_interview.txt,3,0,0.0211981566820276,0.0,0.0129032258064516,0.0829400251505421,,,,,,,,,,
237,2024-09-09 15:11:37,electrical_engineer_interview.txt,1,0,0.0265654648956356,0.00853889943074,0.0113851992409867,0.077287877144866,,,,,,,,,,
237,2024-09-09 15:11:37,electrical_engineer_interview.txt,2,0,0.0232558139534883,0.003875968992248,0.0135658914728682,0.0870303468773751,,,,,,,,,,
237,2024-09-09 15:11:37,electrical_engineer_interview.txt,3,0,0.0299227799227799,0.0086872586872586,0.0135135135135135,0.0622562362352008,,,,,,,,,,
237,2024-09-09 15:11:37,quality_control_engineer_interview.txt,1,0,0.0226086956521739,0.0026086956521739,0.0139130434782608,0.0822536676230435,,,,,,,,,,
237,2024-09-09 15:11:37,quality_control_engineer_interview.txt,2,0,0.0198019801980198,0.0054005400540054,0.0135013501350135,0.0724531203650502,,,,,,,,,,
237,2024-09-09 15:11:37,quality_control_engineer_interview.txt,3,0,0.0159798149705635,0.0050462573591253,0.0100925147182506,0.0713532405849041,,,,,,,,,,
237,2024-09-09 15:11:37,machine_learning_engineer_interview.txt,1,0,0.0355805243445692,0.0028089887640449,0.0149812734082397,0.0632351091801013,,,,,,,,,,
237,2024-09-09 15:11:37,machine_learning_engineer_interview.txt,2,0,0.0246478873239436,0.0140845070422535,0.0123239436619718,0.0925460445133753,,,,,,,,,,
237,2024-09-09 15:11:37,machine_learning_engineer_interview.txt,3,0,0.0294642857142857,0.00625,0.0089285714285714,0.0941068053477585,,,,,,,,,,
237,2024-09-09 15:11:37,psychologist_interview.txt,1,0,0.0145772594752186,0.0009718172983479,0.0126336248785228,0.0891905637474879,,,,,,,,,,
237,2024-09-09 15:11:37,psychologist_interview.txt,2,0,0.0169491525423728,0.0009416195856873,0.0094161958568738,0.0915362517299918,,,,,,,,,,
237,2024-09-09 15:11:37,psychologist_interview.txt,3,0,0.0298507462686567,0.0009328358208955,0.0121268656716417,0.0820995773395835,,,,,,,,,,
237,2024-09-09 15:11:37,geologist_interview.txt,1,0,0.0372670807453416,0.0031055900621118,0.0124223602484472,0.0780845981685282,,,,,,,,,,
237,2024-09-09 15:11:37,geologist_interview.txt,2,0,0.0186219739292365,0.0009310986964618,0.01024208566108,0.0819315719231342,,,,,,,,,,
237,2024-09-09 15:11:37,geologist_interview.txt,3,0,0.020530367835757,0.0,0.0119760479041916,0.0668373305587539,,,,,,,,,,
237,2024-09-09 15:11:37,chemical_engineer_interview.txt,1,0,0.0247855100095328,0.0104861773117254,0.0085795996186844,0.1181178283441847,,,,,,,,,,
237,2024-09-09 15:11:37,chemical_engineer_interview.txt,2,0,0.0271028037383177,0.0,0.0158878504672897,0.0981044678706171,,,,,,,,,,
237,2024-09-09 15:11:37,chemical_engineer_interview.txt,3,0,0.0333660451422963,0.0,0.014720314033366,0.0615779750761702,,,,,,,,,,
237,2024-09-09 15:11:37,no_persona_interview.txt,1,0,0.0282846715328467,0.0018248175182481,0.0155109489051094,0.0729285424139969,,,,,,,,,,
237,2024-09-09 15:11:37,no_persona_interview.txt,2,0,0.0313986679352997,0.0161750713606089,0.0085632730732635,0.0978520960393329,,,,,,,,,,
237,2024-09-09 15:11:37,no_persona_interview.txt,3,0,0.028169014084507,0.0,0.0096830985915492,0.0920601962218129,,,,,,,,,,
237,2024-09-09 15:11:37,financial_analyst_interview.txt,1,0,0.0263157894736842,0.0020242914979757,0.0151821862348178,0.0953097256806545,,,,,,,,,,
237,2024-09-09 15:11:37,financial_analyst_interview.txt,2,0,0.026,0.001,0.012,0.0601555295518599,,,,,,,,,,
237,2024-09-09 15:11:37,financial_analyst_interview.txt,3,0,0.0265486725663716,0.0061946902654867,0.0106194690265486,0.1175093253926205,,,,,,,,,,
237,2024-09-09 15:11:37,civil_engineer_interview.txt,1,0,0.0342205323193916,0.0,0.0142585551330798,0.088400023527676,,,,,,,,,,
237,2024-09-09 15:11:37,civil_engineer_interview.txt,2,0,0.0318181818181818,0.0,0.0136363636363636,0.0858029700109732,,,,,,,,,,
237,2024-09-09 15:11:37,civil_engineer_interview.txt,3,0,0.0292633703329969,0.0,0.0151362260343087,0.1243467371932448,,,,,,,,,,
237,2024-09-09 15:11:37,meteorologist_interview.txt,1,0,0.0196399345335515,0.0032733224222585,0.0098199672667757,0.0798285461917103,,,,,,,,,,
237,2024-09-09 15:11:37,meteorologist_interview.txt,2,0,0.0283822138126773,0.0,0.0141911069063386,0.0964495865525328,,,,,,,,,,
237,2024-09-09 15:11:37,meteorologist_interview.txt,3,0,0.0285714285714285,0.0010204081632653,0.0142857142857142,0.0822522336999097,,,,,,,,,,
237,2024-09-09 15:11:37,shop_assistant_interview.txt,1,0,0.0312163616792249,0.0053821313240043,0.015069967707212,0.0950034080302242,,,,,,,,,,
237,2024-09-09 15:11:37,shop_assistant_interview.txt,2,0,0.0279720279720279,0.0017482517482517,0.0078671328671328,0.0871477099154002,,,,,,,,,,
237,2024-09-09 15:11:37,shop_assistant_interview.txt,3,0,0.0180383314543404,0.0,0.0157835400225479,0.0908550788849709,,,,,,,,,,
237,2024-09-09 15:11:37,social_media_manager_interview.txt,1,0,0.0214592274678111,0.0,0.0118025751072961,0.0906724717840444,,,,,,,,,,
237,2024-09-09 15:11:37,social_media_manager_interview.txt,2,0,0.011,0.0,0.009,0.0810054986604706,,,,,,,,,,
237,2024-09-09 15:11:37,social_media_manager_interview.txt,3,0,0.0191021967526265,0.0,0.0105062082139446,0.1120228504137445,,,,,,,,,,
237,2024-09-09 15:11:37,marine_engineer_interview.txt,1,0,0.0201048951048951,0.0078671328671328,0.0096153846153846,0.1077711016536719,,,,,,,,,,
237,2024-09-09 15:11:37,marine_engineer_interview.txt,2,0,0.0255009107468123,0.0045537340619307,0.0100182149362477,0.0761401306090143,,,,,,,,,,
237,2024-09-09 15:11:37,marine_engineer_interview.txt,3,0,0.0182926829268292,0.0069686411149825,0.0121951219512195,0.0968919798940434,,,,,,,,,,
237,2024-09-09 15:11:37,warehouse_manager_interview.txt,1,0,0.0230627306273062,0.0009225092250922,0.0083025830258302,0.0759365828935055,,,,,,,,,,
237,2024-09-09 15:11:37,warehouse_manager_interview.txt,2,0,0.0294695481335952,0.0029469548133595,0.0117878192534381,0.0951669490433927,,,,,,,,,,
237,2024-09-09 15:11:37,warehouse_manager_interview.txt,3,0,0.0282752120640904,0.003770028275212,0.0113100848256361,0.1002988276009467,,,,,,,,,,
237,2024-09-09 15:11:37,business_intelligence_analyst_interview.txt,1,0,0.023469387755102,0.0030612244897959,0.0122448979591836,0.0810718841070358,,,,,,,,,,
237,2024-09-09 15:11:37,business_intelligence_analyst_interview.txt,2,0,0.0253718285214348,0.0017497812773403,0.0104986876640419,0.0854003805442895,,,,,,,,,,
237,2024-09-09 15:11:37,business_intelligence_analyst_interview.txt,3,0,0.0311185870479394,0.0008410428931875,0.0100925147182506,0.0739352975412364,,,,,,,,,,
237,2024-09-09 15:11:37,full_stack_developer_interview.txt,1,0,0.016638935108153,0.0008319467554076,0.0099833610648918,0.0957130085728973,,,,,,,,,,
237,2024-09-09 15:11:37,full_stack_developer_interview.txt,2,0,0.0277536860364267,0.0043365134431916,0.0121422376409366,0.0816213612404983,,,,,,,,,,
237,2024-09-09 15:11:37,full_stack_developer_interview.txt,3,0,0.0262927256792287,0.0008764241893076,0.0113935144609991,0.080028145846959,,,,,,,,,,
237,2024-09-09 15:11:37,travel_agent_interview.txt,1,0,0.0171821305841924,0.0,0.0146048109965635,0.0918289412324239,,,,,,,,,,
237,2024-09-09 15:11:37,travel_agent_interview.txt,2,0,0.0168141592920353,0.0008849557522123,0.0070796460176991,0.0682568244827592,,,,,,,,,,
237,2024-09-09 15:11:37,travel_agent_interview.txt,3,0,0.0237676056338028,0.0079225352112676,0.0105633802816901,0.0622990576314718,,,,,,,,,,
237,2024-09-09 15:11:37,robotics_engineer_interview.txt,1,0,0.029673590504451,0.0079129574678536,0.0138476755687438,0.1095593638397581,,,,,,,,,,
237,2024-09-09 15:11:37,robotics_engineer_interview.txt,2,0,0.0257936507936507,0.0049603174603174,0.0079365079365079,0.067606194906311,,,,,,,,,,
237,2024-09-09 15:11:37,robotics_engineer_interview.txt,3,0,0.0214285714285714,0.0023809523809523,0.0103174603174603,0.1003875569997982,,,,,,,,,,
237,2024-09-09 15:11:37,biomedical_engineer_interview.txt,1,0,0.0235807860262008,0.0,0.0104803493449781,0.0785178091324083,,,,,,,,,,
237,2024-09-09 15:11:37,biomedical_engineer_interview.txt,2,0,0.0283400809716599,0.0010121457489878,0.0131578947368421,0.0485599052620859,,,,,,,,,,
237,2024-09-09 15:11:37,biomedical_engineer_interview.txt,3,0,0.0247787610619469,0.0026548672566371,0.011504424778761,0.06847344585245,,,,,,,,,,
237,2024-09-09 15:11:37,marketing_manager_interview.txt,1,0,0.0228353948620361,0.0,0.011417697431018,0.0838030050639737,,,,,,,,,,
237,2024-09-09 15:11:37,marketing_manager_interview.txt,2,0,0.0181159420289855,0.0,0.0090579710144927,0.0936847442206648,,,,,,,,,,
237,2024-09-09 15:11:37,marketing_manager_interview.txt,3,0,0.0211591536338546,0.0055197792088316,0.0091996320147194,0.0782017982160319,,,,,,,,,,
237,2024-09-09 15:11:37,professor_of_classics_interview.txt,1,0,0.0207351555136663,0.0,0.0113100848256361,0.090305687605325,,,,,,,,,,
237,2024-09-09 15:11:37,professor_of_classics_interview.txt,2,0,0.0223015165031222,0.0,0.0133809099018733,0.1013278767015814,,,,,,,,,,
237,2024-09-09 15:11:37,professor_of_classics_interview.txt,3,0,0.0212373037857802,0.0,0.0110803324099723,0.0522803348543274,,,,,,,,,,
237,2024-09-09 15:11:37,environmental_engineer_interview.txt,1,0,0.0283623055809698,0.010978956999085,0.0091491308325709,0.0512370074773809,,,,,,,,,,
237,2024-09-09 15:11:37,environmental_engineer_interview.txt,2,0,0.033273381294964,0.0,0.014388489208633,0.0621908065968654,,,,,,,,,,
237,2024-09-09 15:11:37,environmental_engineer_interview.txt,3,0,0.0321691176470588,0.0036764705882352,0.010110294117647,0.0837484195169576,,,,,,,,,,
237,2024-09-09 15:11:37,physical_therapist_interview.txt,1,0,0.0239574090505767,0.0026619343389529,0.0133096716947648,0.0525184908468685,,,,,,,,,,
237,2024-09-09 15:11:37,physical_therapist_interview.txt,2,0,0.0189274447949526,0.0,0.0126182965299684,0.0998594785767009,,,,,,,,,,
237,2024-09-09 15:11:37,physical_therapist_interview.txt,3,0,0.0265017667844522,0.0079505300353356,0.0141342756183745,0.0716409039636458,,,,,,,,,,
237,2024-09-09 15:11:37,astronomer_interview.txt,1,0,0.0263876251137397,0.0,0.010919017288444,0.062089347540926,,,,,,,,,,
237,2024-09-09 15:11:37,astronomer_interview.txt,2,0,0.0204878048780487,0.008780487804878,0.0117073170731707,0.077502391188651,,,,,,,,,,
237,2024-09-09 15:11:37,astronomer_interview.txt,3,0,0.0384271671134941,0.0071492403932082,0.0125111706881143,0.079633386083902,,,,,,,,,,
237,2024-09-09 15:11:37,ai_professor_interview.txt,1,0,0.0265306122448979,0.010204081632653,0.0112244897959183,0.0925337546972445,,,,,,,,,,
237,2024-09-09 15:11:37,ai_professor_interview.txt,2,0,0.0153846153846153,0.0090497737556561,0.0099547511312217,0.0644269150011556,,,,,,,,,,
237,2024-09-09 15:11:37,ai_professor_interview.txt,3,0,0.0231213872832369,0.0082576383154417,0.0107349298100743,0.0773764719641122,,,,,,,,,,
237,2024-09-09 15:11:37,game_developer_interview.txt,1,0,0.0243462578899909,0.0,0.0090171325518485,0.0933554714772049,,,,,,,,,,
237,2024-09-09 15:11:37,game_developer_interview.txt,2,0,0.0255681818181818,0.0009469696969696,0.0085227272727272,0.1137222229760787,,,,,,,,,,
237,2024-09-09 15:11:37,game_developer_interview.txt,3,0,0.0196581196581196,0.0008547008547008,0.0111111111111111,0.0852627823795618,,,,,,,,,,
237,2024-09-09 15:11:37,fire_protection_engineer_interview.txt,1,0,0.0193548387096774,0.0147465437788018,0.0055299539170506,0.1053814597555107,,,,,,,,,,
237,2024-09-09 15:11:37,fire_protection_engineer_interview.txt,2,0,0.0209907640638119,0.0075566750629722,0.0134340890008396,0.0883864168090642,,,,,,,,,,
237,2024-09-09 15:11:37,fire_protection_engineer_interview.txt,3,0,0.0236363636363636,0.0063636363636363,0.0127272727272727,0.0940323979118641,,,,,,,,,,
237,2024-09-09 15:11:37,safety_engineer_interview.txt,1,0,0.0213385063045586,0.005819592628516,0.0048496605237633,0.1189350775182083,,,,,,,,,,
237,2024-09-09 15:11:37,safety_engineer_interview.txt,2,0,0.0336391437308868,0.0101936799184505,0.0091743119266055,0.1295753028469585,,,,,,,,,,
237,2024-09-09 15:11:37,safety_engineer_interview.txt,3,0,0.0288372093023255,0.0111627906976744,0.0065116279069767,0.1024821324378965,,,,,,,,,,
237,2024-09-09 15:11:37,environmental_scientist_interview.txt,1,0,0.0187431091510474,0.0011025358324145,0.0088202866593164,0.1245714204240446,,,,,,,,,,
237,2024-09-09 15:11:37,environmental_scientist_interview.txt,2,0,0.0218778486782133,0.0,0.0136736554238833,0.132089470287731,,,,,,,,,,
237,2024-09-09 15:11:37,environmental_scientist_interview.txt,3,0,0.0297790585975024,0.0,0.0124879923150816,0.089692994366291,,,,,,,,,,
237,2024-09-09 15:11:37,operations_manager_interview.txt,1,0,0.0333618477331052,0.0085543199315654,0.0094097519247219,0.1092112783408839,,,,,,,,,,
237,2024-09-09 15:11:37,operations_manager_interview.txt,2,0,0.02734375,0.001953125,0.01171875,0.0915123202002598,,,,,,,,,,
237,2024-09-09 15:11:37,operations_manager_interview.txt,3,0,0.0227272727272727,0.0072727272727272,0.0118181818181818,0.0666630188944712,,,,,,,,,,
237,2024-09-09 15:11:37,backend_developer_interview.txt,1,0,0.0269266480965645,0.0064995357474466,0.0120705663881151,0.0818758003792325,,,,,,,,,,
237,2024-09-09 15:11:37,backend_developer_interview.txt,2,0,0.0219780219780219,0.0050718512256973,0.0101437024513947,0.0812822740917707,,,,,,,,,,
237,2024-09-09 15:11:37,backend_developer_interview.txt,3,0,0.0313075506445672,0.005524861878453,0.0119705340699815,0.079620582688511,,,,,,,,,,
237,2024-09-09 15:11:37,digital_marketing_specialist_interview.txt,1,0,0.0137096774193548,0.0,0.0088709677419354,0.0563767248283758,,,,,,,,,,
237,2024-09-09 15:11:37,digital_marketing_specialist_interview.txt,2,0,0.0247252747252747,0.0009157509157509,0.0128205128205128,0.0947129356576444,,,,,,,,,,
237,2024-09-09 15:11:37,digital_marketing_specialist_interview.txt,3,0,0.0161145926589077,0.0,0.0143240823634735,0.0937105976659696,,,,,,,,,,
237,2024-09-09 15:11:37,mechanical_engineer_interview.txt,1,0,0.0260223048327137,0.0,0.0092936802973977,0.0885478915069654,,,,,,,,,,
237,2024-09-09 15:11:37,mechanical_engineer_interview.txt,2,0,0.0199818346957311,0.0081743869209809,0.0118074477747502,0.090560074660732,,,,,,,,,,
237,2024-09-09 15:11:37,mechanical_engineer_interview.txt,3,0,0.0229276895943562,0.001763668430335,0.0105820105820105,0.0780745426864625,,,,,,,,,,
237,2024-09-09 15:11:37,software_quality_assurance_tester_interview.txt,1,0,0.0199134199134199,0.0051948051948051,0.0121212121212121,0.109101066272128,,,,,,,,,,
237,2024-09-09 15:11:37,software_quality_assurance_tester_interview.txt,2,0,0.0283993115318416,0.0060240963855421,0.0129087779690189,0.1106464869821906,,,,,,,,,,
237,2024-09-09 15:11:37,software_quality_assurance_tester_interview.txt,3,0,0.0199370409233997,0.0,0.0094438614900314,0.1014746757411769,,,,,,,,,,
237,2024-09-09 15:11:37,cybersecurity_specialist_interview.txt,1,0,0.0152193375111906,0.0062667860340196,0.0143240823634735,0.0914331924330272,,,,,,,,,,
237,2024-09-09 15:11:37,cybersecurity_specialist_interview.txt,2,0,0.0193610842207163,0.0096805421103581,0.0135527589545014,0.0926351994940858,,,,,,,,,,
237,2024-09-09 15:11:37,cybersecurity_specialist_interview.txt,3,0,0.0124792013311148,0.0124792013311148,0.0108153078202995,0.0764302636527945,,,,,,,,,,
237,2024-09-09 15:11:37,product_manager_interview.txt,1,0,0.027027027027027,0.0083876980428704,0.0083876980428704,0.090012355437042,,,,,,,,,,
237,2024-09-09 15:11:37,product_manager_interview.txt,2,0,0.0320069204152249,0.0008650519031141,0.0112456747404844,0.0478711924057039,,,,,,,,,,
237,2024-09-09 15:11:37,product_manager_interview.txt,3,0,0.0175438596491228,0.0,0.0131578947368421,0.106241687688303,,,,,,,,,,
237,2024-09-09 15:11:37,microbiologist_interview.txt,1,0,0.025233644859813,0.0,0.0074766355140186,0.0836469484317216,,,,,,,,,,
237,2024-09-09 15:11:37,microbiologist_interview.txt,2,0,0.0267702936096718,0.0112262521588946,0.0103626943005181,0.1122840409396565,,,,,,,,,,
237,2024-09-09 15:11:37,microbiologist_interview.txt,3,0,0.0272108843537414,0.0,0.010204081632653,0.1054567553362657,,,,,,,,,,
237,2024-09-09 15:11:37,it_manager_interview.txt,1,0,0.0207207207207207,0.0036036036036036,0.0135135135135135,0.0849297503029643,,,,,,,,,,
237,2024-09-09 15:11:37,it_manager_interview.txt,2,0,0.0227948463825569,0.0069375619425173,0.0118929633300297,0.1009537490816266,,,,,,,,,,
237,2024-09-09 15:11:37,it_manager_interview.txt,3,0,0.0296367112810707,0.0066921606118546,0.0152963671128107,0.0355272512421805,,,,,,,,,,
237,2024-09-09 15:11:37,industrial_engineer_interview.txt,1,0,0.0311827956989247,0.0,0.0139784946236559,0.0893928786564213,,,,,,,,,,
237,2024-09-09 15:11:37,industrial_engineer_interview.txt,2,0,0.0270009643201542,0.0,0.0077145612343297,0.0633046586201479,,,,,,,,,,
237,2024-09-09 15:11:37,industrial_engineer_interview.txt,3,0,0.0222016651248843,0.0,0.0120259019426456,0.0606385389657577,,,,,,,,,,
237,2024-09-09 15:11:37,barista_interview.txt,1,0,0.0219780219780219,0.0069930069930069,0.0109890109890109,0.0568817431269987,,,,,,,,,,
237,2024-09-09 15:11:37,barista_interview.txt,2,0,0.0182012847965738,0.0010706638115631,0.0117773019271948,0.0929151792862473,,,,,,,,,,
237,2024-09-09 15:11:37,barista_interview.txt,3,0,0.0167364016736401,0.0115062761506276,0.0125523012552301,0.0783764568311362,,,,,,,,,,
237,2024-09-09 15:11:37,petroleum_engineer_interview.txt,1,0,0.0273704789833822,0.0068426197458455,0.0117302052785923,0.0995664678136417,,,,,,,,,,
237,2024-09-09 15:11:37,petroleum_engineer_interview.txt,2,0,0.0344827586206896,0.0046598322460391,0.0111835973904939,0.1060985730765934,,,,,,,,,,
237,2024-09-09 15:11:37,petroleum_engineer_interview.txt,3,0,0.0188989317995069,0.0041084634346754,0.009860312243221,0.0745391100288335,,,,,,,,,,
237,2024-09-09 15:11:37,business_analyst_interview.txt,1,0,0.02502406159769,0.0019249278152069,0.0115495668912415,0.0856009665750329,,,,,,,,,,
237,2024-09-09 15:11:37,business_analyst_interview.txt,2,0,0.0139581256231306,0.0,0.011964107676969,0.0872489596967339,,,,,,,,,,
237,2024-09-09 15:11:37,business_analyst_interview.txt,3,0,0.0272479564032697,0.0045413260672116,0.0108991825613079,0.0930446379658487,,,,,,,,,,
237,2024-09-09 15:11:37,data_engineer_interview.txt,1,0,0.0306306306306306,0.009009009009009,0.0117117117117117,0.0804311035290864,,,,,,,,,,
237,2024-09-09 15:11:37,data_engineer_interview.txt,2,0,0.0324561403508771,0.0061403508771929,0.0140350877192982,0.0767919816962764,,,,,,,,,,
237,2024-09-09 15:11:37,data_engineer_interview.txt,3,0,0.0421686746987951,0.0050200803212851,0.0090361445783132,0.0610802986080757,,,,,,,,,,
237,2024-09-09 15:11:37,aerospace_engineer_interview.txt,1,0,0.02116850127011,0.0076206604572396,0.0101608806096528,0.0891227435825971,,,,,,,,,,
237,2024-09-09 15:11:37,aerospace_engineer_interview.txt,2,0,0.027906976744186,0.0055813953488372,0.0120930232558139,0.1140030777322913,,,,,,,,,,
237,2024-09-09 15:11:37,aerospace_engineer_interview.txt,3,0,0.0152129817444219,0.0091277890466531,0.0091277890466531,0.0714181952119451,,,,,,,,,,
237,2024-09-09 15:11:37,bartender_interview.txt,1,0,0.0175438596491228,0.0,0.0082559339525283,0.0960036206543212,,,,,,,,,,
237,2024-09-09 15:11:37,bartender_interview.txt,2,0,0.0228136882129277,0.0,0.0104562737642585,0.0856814874103926,,,,,,,,,,
237,2024-09-09 15:11:37,bartender_interview.txt,3,0,0.0234454638124362,0.0,0.0091743119266055,0.093698491891459,,,,,,,,,,
237,2024-09-09 15:11:37,natural_language_processing_engineer_interview.txt,1,0,0.0464135021097046,0.0,0.010548523206751,0.0758899901885563,,,,,,,,,,
237,2024-09-09 15:11:37,natural_language_processing_engineer_interview.txt,2,0,0.0237050043898156,0.0035118525021949,0.0131694468832309,0.0802771523797503,,,,,,,,,,
237,2024-09-09 15:11:37,natural_language_processing_engineer_interview.txt,3,0,0.0358923230309072,0.0009970089730807,0.011964107676969,0.0850460205407692,,,,,,,,,,
237,2024-09-09 15:11:37,cto_of_a_fintec_interview.txt,1,0,0.0221827861579414,0.0008873114463176,0.0115350488021295,0.0686662181702857,,,,,,,,,,
237,2024-09-09 15:11:37,cto_of_a_fintec_interview.txt,2,0,0.0176916596461668,0.0050547598989048,0.012636899747262,0.0467468028539795,,,,,,,,,,
237,2024-09-09 15:11:37,cto_of_a_fintec_interview.txt,3,0,0.0291363163371488,0.0093652445369406,0.0124869927159209,0.0666135615825507,,,,,,,,,,
237,2024-09-09 15:11:37,database_administrator_interview.txt,1,0,0.0278260869565217,0.0,0.0139130434782608,0.0801807689280958,,,,,,,,,,
237,2024-09-09 15:11:37,database_administrator_interview.txt,2,0,0.0451612903225806,0.0086021505376344,0.0118279569892473,0.0966912303269637,,,,,,,,,,
237,2024-09-09 15:11:37,database_administrator_interview.txt,3,0,0.0184049079754601,0.0071574642126789,0.0102249488752556,0.0629158306105345,,,,,,,,,,
237,2024-09-09 15:11:37,nuclear_engineer_interview.txt,1,0,0.0352941176470588,0.0078431372549019,0.0086274509803921,0.0693076095490962,,,,,,,,,,
237,2024-09-09 15:11:37,nuclear_engineer_interview.txt,2,0,0.0250463821892393,0.0092764378478664,0.0055658627087198,0.0861927133542718,,,,,,,,,,
237,2024-09-09 15:11:37,nuclear_engineer_interview.txt,3,0,0.0255731922398589,0.0088183421516754,0.0132275132275132,0.0976074752823676,,,,,,,,,,
237,2024-09-09 15:11:37,pharmacist_interview.txt,1,0,0.0193986420950533,0.0009699321047526,0.0126091173617846,0.133404135020315,,,,,,,,,,
237,2024-09-09 15:11:37,pharmacist_interview.txt,2,0,0.0194805194805194,0.0037105751391465,0.010204081632653,0.074158423822493,,,,,,,,,,
237,2024-09-09 15:11:37,pharmacist_interview.txt,3,0,0.0229007633587786,0.0057251908396946,0.0095419847328244,0.0886329310488783,,,,,,,,,,
237,2024-09-09 15:11:37,chef_interview.txt,1,0,0.0129390018484288,0.0,0.0083179297597042,0.0722724799393741,,,,,,,,,,
237,2024-09-09 15:11:37,chef_interview.txt,2,0,0.0241312741312741,0.0038610038610038,0.0067567567567567,0.0685275589134815,,,,,,,,,,
237,2024-09-09 15:11:37,chef_interview.txt,3,0,0.0181488203266787,0.0,0.0072595281306715,0.0651014513679306,,,,,,,,,,
237,2024-09-09 15:11:37,hotel_manager_interview.txt,1,0,0.0188172043010752,0.0044802867383512,0.0152329749103942,0.0867583103057681,,,,,,,,,,
237,2024-09-09 15:11:37,hotel_manager_interview.txt,2,0,0.0226700251889168,0.0016792611251049,0.0100755667506297,0.0620802977507017,,,,,,,,,,
237,2024-09-09 15:11:37,hotel_manager_interview.txt,3,0,0.010958904109589,0.0,0.0091324200913242,0.0810730794781458,,,,,,,,,,
237,2024-09-09 15:11:37,mobile_app_developer_interview.txt,1,0,0.0160680529300567,0.0009451795841209,0.0141776937618147,0.0970420366135814,,,,,,,,,,
237,2024-09-09 15:11:37,mobile_app_developer_interview.txt,2,0,0.0138050043140638,0.0008628127696289,0.0086281276962899,0.08400709486352,,,,,,,,,,
237,2024-09-09 15:11:37,mobile_app_developer_interview.txt,3,0,0.0225225225225225,0.0045045045045045,0.009009009009009,0.1018768052234844,,,,,,,,,,
237,2024-09-09 15:11:37,graphic_designer_interview.txt,1,0,0.0113851992409867,0.0,0.0132827324478178,0.0729529280389974,,,,,,,,,,
237,2024-09-09 15:11:37,graphic_designer_interview.txt,2,0,0.0170293282876064,0.0,0.0113528855250709,0.1015967961466164,,,,,,,,,,
237,2024-09-09 15:11:37,graphic_designer_interview.txt,3,0,0.0215331610680447,0.0,0.0094745908699397,0.0743216796649862,,,,,,,,,,
237,2024-09-09 15:11:37,geotechnical_engineer_interview.txt,1,0,0.0399137001078748,0.0053937432578209,0.011866235167206,0.10838757069418,,,,,,,,,,
237,2024-09-09 15:11:37,geotechnical_engineer_interview.txt,2,0,0.0284951024042742,0.0017809439002671,0.0106856634016028,0.0961656337888788,,,,,,,,,,
237,2024-09-09 15:11:37,geotechnical_engineer_interview.txt,3,0,0.0273684210526315,0.0031578947368421,0.0136842105263157,0.0505547553457745,,,,,,,,,,
237,2024-09-09 15:11:37,gardener_interview.txt,1,0,0.0231436837029893,0.0019286403085824,0.0115718418514946,0.0995853520922337,,,,,,,,,,
237,2024-09-09 15:11:37,gardener_interview.txt,2,0,0.0211946050096339,0.0038535645472061,0.0077071290944123,0.0789385472789003,,,,,,,,,,
237,2024-09-09 15:11:37,gardener_interview.txt,3,0,0.0214723926380368,0.0,0.0102249488752556,0.0928187970639775,,,,,,,,,,
237,2024-09-09 15:11:37,ai_software_developer_interview.txt,1,0,0.0247787610619469,0.0,0.0123893805309734,0.0751130944658932,,,,,,,,,,
237,2024-09-09 15:11:37,ai_software_developer_interview.txt,2,0,0.0348399246704331,0.0018832391713747,0.0141242937853107,0.057408431366518,,,,,,,,,,
237,2024-09-09 15:11:37,ai_software_developer_interview.txt,3,0,0.0328947368421052,0.006578947368421,0.0122180451127819,0.0593941996169444,,,,,,,,,,
237,2024-09-09 15:11:37,supply_chain_manager_interview.txt,1,0,0.0237603305785123,0.0051652892561983,0.0113636363636363,0.0853966381991811,,,,,,,,,,
237,2024-09-09 15:11:37,supply_chain_manager_interview.txt,2,0,0.0287631831255992,0.0076701821668264,0.0076701821668264,0.0664096416654269,,,,,,,,,,
237,2024-09-09 15:11:37,supply_chain_manager_interview.txt,3,0,0.0255241567912488,0.0,0.0118505013673655,0.1071578294691255,,,,,,,,,,
237,2024-09-09 15:11:37,cloud_architect_interview.txt,1,0,0.0195555555555555,0.0035555555555555,0.0115555555555555,0.0953698930213522,,,,,,,,,,
237,2024-09-09 15:11:37,cloud_architect_interview.txt,2,0,0.0249077490774907,0.003690036900369,0.0119926199261992,0.0892099638385631,,,,,,,,,,
237,2024-09-09 15:11:37,cloud_architect_interview.txt,3,0,0.0303292894280762,0.0043327556325823,0.011265164644714,0.0865380280762475,,,,,,,,,,
237,2024-09-09 15:11:37,mining_engineer_interview.txt,1,0,0.0284043441938178,0.0025062656641604,0.0091896407685881,0.1185979544345491,,,,,,,,,,
237,2024-09-09 15:11:37,mining_engineer_interview.txt,2,0,0.0242152466367713,0.0035874439461883,0.0071748878923766,0.0691298244037715,,,,,,,,,,
237,2024-09-09 15:11:37,mining_engineer_interview.txt,3,0,0.0241187384044526,0.0018552875695732,0.0139146567717996,0.074971584624134,,,,,,,,,,
237,2024-09-09 15:11:37,devops_engineer_interview.txt,1,0,0.0269192422731804,0.0069790628115653,0.0109670987038883,0.0626364649490385,,,,,,,,,,
237,2024-09-09 15:11:37,devops_engineer_interview.txt,2,0,0.0222652468538238,0.0067763794772507,0.0116166505324298,0.0782721973304884,,,,,,,,,,
237,2024-09-09 15:11:37,devops_engineer_interview.txt,3,0,0.0368620037807183,0.0,0.0113421550094517,0.0726929019310814,,,,,,,,,,
237,2024-09-09 15:11:37,system_administrator_interview.txt,1,0,0.0313059033989266,0.0080500894454382,0.0143112701252236,0.1072382725626453,,,,,,,,,,
237,2024-09-09 15:11:37,system_administrator_interview.txt,2,0,0.0243664717348927,0.0077972709551656,0.0126705653021442,0.0936917585159191,,,,,,,,,,
237,2024-09-09 15:11:37,system_administrator_interview.txt,3,0,0.029296875,0.0078125,0.0126953125,0.0417858591740427,,,,,,,,,,
237,2024-09-09 15:11:37,content_writer_interview.txt,1,0,0.0203908241291418,0.0008496176720475,0.0144435004248088,0.1134425434138852,,,,,,,,,,
237,2024-09-09 15:11:37,content_writer_interview.txt,2,0,0.0168290522586359,0.0,0.0115146147032772,0.1159305702135915,,,,,,,,,,
237,2024-09-09 15:11:37,content_writer_interview.txt,3,0,0.0234741784037558,0.0,0.0075117370892018,0.048981656714425,,,,,,,,,,
237,2024-09-09 15:11:37,transportation_engineer_interview.txt,1,0,0.0301645338208409,0.006398537477148,0.0082266910420475,0.0871243348217989,,,,,,,,,,
237,2024-09-09 15:11:37,transportation_engineer_interview.txt,2,0,0.0254314259763851,0.0045413260672116,0.0099909173478655,0.1003746812135428,,,,,,,,,,
237,2024-09-09 15:11:37,transportation_engineer_interview.txt,3,0,0.0216216216216216,0.0009009009009009,0.0099099099099099,0.0996475317092176,,,,,,,,,,
237,2024-09-09 15:11:37,lorry_driver_interview.txt,1,0,0.0141643059490084,0.0066100094428706,0.0075542965061378,0.0814619756187597,,,,,,,,,,
237,2024-09-09 15:11:37,lorry_driver_interview.txt,2,0,0.0203703703703703,0.0083333333333333,0.0055555555555555,0.0867843937496889,,,,,,,,,,
237,2024-09-09 15:11:37,lorry_driver_interview.txt,3,0,0.0144508670520231,0.0086705202312138,0.0048169556840077,0.0984991070558567,,,,,,,,,,
237,2024-09-09 15:11:37,dentist_interview.txt,1,0,0.0227272727272727,0.002840909090909,0.0085227272727272,0.0915899990727622,,,,,,,,,,
237,2024-09-09 15:11:37,dentist_interview.txt,2,0,0.0140562248995983,0.001004016064257,0.0060240963855421,0.1080543169562349,,,,,,,,,,
237,2024-09-09 15:11:37,dentist_interview.txt,3,0,0.0222984562607204,0.006861063464837,0.0085763293310463,0.0790267604392273,,,,,,,,,,
237,2024-09-09 15:11:37,physicist_interview.txt,1,0,0.0194444444444444,0.0009259259259259,0.0138888888888888,0.101156770309699,,,,,,,,,,
237,2024-09-09 15:11:37,physicist_interview.txt,2,0,0.0292112950340798,0.0077896786757546,0.0116845180136319,0.1082872949367409,,,,,,,,,,
237,2024-09-09 15:11:37,physicist_interview.txt,3,0,0.0278293135435992,0.0027829313543599,0.0120593692022263,0.1190349502541705,,,,,,,,,,
237,2024-09-09 15:11:37,architect_interview.txt,1,0,0.0260869565217391,0.0,0.0108695652173913,0.1230515251163942,,,,,,,,,,
237,2024-09-09 15:11:37,architect_interview.txt,2,0,0.0252252252252252,0.0027027027027027,0.0117117117117117,0.1055048007730732,,,,,,,,,,
237,2024-09-09 15:11:37,architect_interview.txt,3,0,0.019197207678883,0.0026178010471204,0.0104712041884816,0.0782113669057664,,,,,,,,,,
237,2024-09-09 15:11:37,materials_engineer_interview.txt,1,0,0.0305263157894736,0.0042105263157894,0.0136842105263157,0.0755807759075611,,,,,,,,,,
237,2024-09-09 15:11:37,materials_engineer_interview.txt,2,0,0.0238704177323103,0.0034100596760443,0.011082693947144,0.0898000303135209,,,,,,,,,,
237,2024-09-09 15:11:37,materials_engineer_interview.txt,3,0,0.0261324041811846,0.0,0.0104529616724738,0.086507289266785,,,,,,,,,,
237,2024-09-09 15:11:37,computer_vision_engineer_interview.txt,1,0,0.0204081632653061,0.0008873114463176,0.0159716060337178,0.0526885139627853,,,,,,,,,,
237,2024-09-09 15:11:37,computer_vision_engineer_interview.txt,2,0,0.0370065789473684,0.0024671052631578,0.0098684210526315,0.069848420041612,,,,,,,,,,
237,2024-09-09 15:11:37,computer_vision_engineer_interview.txt,3,0,0.0325900514579759,0.0008576329331046,0.0094339622641509,0.0611355253803425,,,,,,,,,,
237,2024-09-09 15:11:37,data_scientist_interview.txt,1,0,0.032258064516129,0.0036866359447004,0.0110599078341013,0.0916508934173677,,,,,,,,,,
237,2024-09-09 15:11:37,data_scientist_interview.txt,2,0,0.0256410256410256,0.004420866489832,0.0114942528735632,0.085851386423514,,,,,,,,,,
237,2024-09-09 15:11:37,data_scientist_interview.txt,3,0,0.0327004219409282,0.0063291139240506,0.0126582278481012,0.1048079195909278,,,,,,,,,,
237,2024-09-09 15:11:37,structural_engineer_interview.txt,1,0,0.0340264650283553,0.0018903591682419,0.0160680529300567,0.0764186290959189,,,,,,,,,,
237,2024-09-09 15:11:37,structural_engineer_interview.txt,2,0,0.0279531109107303,0.0,0.0099188458070333,0.0759115684856822,,,,,,,,,,
237,2024-09-09 15:11:37,structural_engineer_interview.txt,3,0,0.0217391304347826,0.0054347826086956,0.0090579710144927,0.0948056670047125,,,,,,,,,,
237,2024-09-09 15:11:37,ai_ethicist_interview.txt,1,0,0.0165745856353591,0.0101289134438305,0.0082872928176795,0.0865210241976486,,,,,,,,,,
237,2024-09-09 15:11:37,ai_ethicist_interview.txt,2,0,0.0226510067114093,0.0142617449664429,0.0083892617449664,0.0870995622089233,,,,,,,,,,
237,2024-09-09 15:11:37,ai_ethicist_interview.txt,3,0,0.0113851992409867,0.0123339658444022,0.0094876660341555,0.083202117798523,,,,,,,,,,
237,2024-09-09 15:11:37,sales_manager_interview.txt,1,0,0.0257069408740359,0.0094258783204798,0.0102827763496143,0.0578362596878352,,,,,,,,,,
237,2024-09-09 15:11:37,sales_manager_interview.txt,2,0,0.0280210157618213,0.0,0.0113835376532399,0.0919918342101634,,,,,,,,,,
237,2024-09-09 15:11:37,sales_manager_interview.txt,3,0,0.017,0.0,0.011,0.0915914011367536,,,,,,,,,,
237,2024-09-09 15:11:37,frontend_developer_interview.txt,1,0,0.0198487712665406,0.0066162570888468,0.0094517958412098,0.1053449912221203,,,,,,,,,,
237,2024-09-09 15:11:37,frontend_developer_interview.txt,2,0,0.0198275862068965,0.0017241379310344,0.0112068965517241,0.1081251157758824,,,,,,,,,,
237,2024-09-09 15:11:37,frontend_developer_interview.txt,3,0,0.0110775427995971,0.0,0.0100704934541792,0.0880659957133749,,,,,,,,,,
237,2024-09-09 15:11:37,public_relations_specialist_interview.txt,1,0,0.0243673851921274,0.0,0.0131208997188378,0.0918108713139336,,,,,,,,,,
237,2024-09-09 15:11:37,public_relations_specialist_interview.txt,2,0,0.0137362637362637,0.0,0.0109890109890109,0.0964084937011132,,,,,,,,,,
237,2024-09-09 15:11:37,public_relations_specialist_interview.txt,3,0,0.020530367835757,0.0008554319931565,0.0136869118905047,0.1084263492097554,,,,,,,,,,
237,2024-09-09 15:11:37,logistics_coordinator_interview.txt,1,0,0.0172555464256368,0.0032867707477403,0.0115036976170912,0.0952978142179607,,,,,,,,,,
237,2024-09-09 15:11:37,logistics_coordinator_interview.txt,2,0,0.0246262093227792,0.0008795074758135,0.0105540897097625,0.0490926385312242,,,,,,,,,,
237,2024-09-09 15:11:37,logistics_coordinator_interview.txt,3,0,0.0256653992395437,0.0019011406844106,0.0095057034220532,0.0817942964126729,,,,,,,,,,
237,2024-09-09 15:11:37,nurse_interview.txt,1,0,0.0142993326978074,0.0114394661582459,0.0085795996186844,0.0765568630866787,,,,,,,,,,
237,2024-09-09 15:11:37,nurse_interview.txt,2,0,0.0132042253521126,0.0061619718309859,0.0132042253521126,0.0929522215401502,,,,,,,,,,
237,2024-09-09 15:11:37,nurse_interview.txt,3,0,0.0201005025125628,0.0020100502512562,0.0080402010050251,0.0990982032829337,,,,,,,,,,
237,2024-09-09 15:11:37,chemist_interview.txt,1,0,0.0248565965583174,0.0009560229445506,0.0133843212237093,0.1117187969258748,,,,,,,,,,
237,2024-09-09 15:11:37,chemist_interview.txt,2,0,0.0334261838440111,0.0,0.0120705663881151,0.1089533622388492,,,,,,,,,,
237,2024-09-09 15:11:37,chemist_interview.txt,3,0,0.0226039783001808,0.0009041591320072,0.0081374321880651,0.1005712990702137,,,,,,,,,,
237,2024-09-09 15:11:37,manufacturing_engineer_interview.txt,1,0,0.0291026677445432,0.0024252223120452,0.0129345189975747,0.0477413577932812,,,,,,,,,,
237,2024-09-09 15:11:37,manufacturing_engineer_interview.txt,2,0,0.0296150049358341,0.0029615004935834,0.0108588351431391,0.074825610125754,,,,,,,,,,
237,2024-09-09 15:11:37,manufacturing_engineer_interview.txt,3,0,0.0242805755395683,0.0071942446043165,0.0053956834532374,0.0803685805027937,,,,,,,,,,
237,2024-09-09 15:11:37,veterinarian_interview.txt,1,0,0.0205078125,0.0,0.0107421875,0.0935433632597178,,,,,,,,,,
237,2024-09-09 15:11:37,veterinarian_interview.txt,2,0,0.0102325581395348,0.0,0.0093023255813953,0.0997731106980919,,,,,,,,,,
237,2024-09-09 15:11:37,veterinarian_interview.txt,3,0,0.016934046345811,0.0008912655971479,0.0115864527629233,0.0642567151668303,,,,,,,,,,
237,2024-09-09 15:11:37,event_planner_interview.txt,1,0,0.0127041742286751,0.0009074410163339,0.0108892921960072,0.1136065070673361,,,,,,,,,,
237,2024-09-09 15:11:37,event_planner_interview.txt,2,0,0.0215475024485798,0.0009794319294809,0.0117531831537708,0.0723227588866945,,,,,,,,,,
237,2024-09-09 15:11:37,event_planner_interview.txt,3,0,0.0189165950128976,0.0,0.0077386070507308,0.1172305951881185,,,,,,,,,,
237,2024-09-09 15:11:37,seo_specialist_interview.txt,1,0,0.0127826941986234,0.0,0.0108161258603736,0.0798763528197977,,,,,,,,,,
237,2024-09-09 15:11:37,seo_specialist_interview.txt,2,0,0.0220994475138121,0.0009208103130755,0.005524861878453,0.0905272740968469,,,,,,,,,,
237,2024-09-09 15:11:37,seo_specialist_interview.txt,3,0,0.0128068303094983,0.0,0.0085378868729989,0.1100531872016293,,,,,,,,,,
237,2024-09-09 15:11:37,procurement_specialist_interview.txt,1,0,0.0229885057471264,0.0076628352490421,0.0105363984674329,0.0804608012284335,,,,,,,,,,
237,2024-09-09 15:11:37,procurement_specialist_interview.txt,2,0,0.0248667850799289,0.0053285968028419,0.0115452930728241,0.1094511221815962,,,,,,,,,,
237,2024-09-09 15:11:37,procurement_specialist_interview.txt,3,0,0.0207920792079207,0.0019801980198019,0.0099009900990099,0.0787758335817619,,,,,,,,,,
237,2024-09-09 15:11:37,aerospace_engineer_interview.txt,-999,0,0.0214294865862393,0.0074432816175766,0.0104605643040399,0.0915146721756112,0.0063510205687696,-26.822154263417247,0.0017798383366326,24.05545946985748,0.0015051615249884,-7.037370317592931,0.0213929672232133,4.452573690140412,67.0,30.0
237,2024-09-09 15:11:37,agricultural_engineer_interview.txt,-999,0,0.0242445403178633,0.0011061946902654,0.0108622957152575,0.0841078654514069,0.0032437045036321,-17.209251645150303,0.0019159854066027,-81.56330801189274,0.002743649757922,-3.4671988309181216,0.004225240094572,-4.001371527343039,48.0,58.0
237,2024-09-09 15:11:37,ai_ethicist_interview.txt,-999,0,0.016870263862585,0.0122415414182252,0.0087214068656005,0.085607568068365,0.0056387209277192,-42.39108055605803,0.0020679653779718,104.02694984307917,0.0006655555954081,-22.493195090507783,0.0021031689918156,-2.2896482114303183,92.0,53.0
237,2024-09-09 15:11:37,ai_professor_interview.txt,-999,0,0.0216788716375834,0.0091704979012503,0.0106380569124048,0.0781123805541708,0.0057113002060234,-25.97054912846329,0.0009788212994598,52.84257524537426,0.0006403884273498,-5.460000383887618,0.0140678633955231,-10.84446906731958,66.0,74.0
237,2024-09-09 15:11:37,ai_software_developer_interview.txt,-999,0,0.0308378075248284,0.0028207288465986,0.012910573143022,0.0639719084831185,0.0053366629977343,5.3055710329243055,0.0033881856925908,-52.98756233025639,0.0010545981720636,14.735763310480197,0.0096995019311911,-26.984052654317125,6.0,97.0
237,2024-09-09 15:11:37,architect_interview.txt,-999,0,0.0235031298086158,0.001773501249941,0.0110174937058615,0.1022558975984112,0.0037538472594578,-19.74103530010919,0.0015364836756168,-70.44146335773968,0.0006333457642341,-2.087960301463184,0.0225959393689946,16.712341586642026,54.0,7.0
237,2024-09-09 15:11:37,astronomer_interview.txt,-999,0,0.0284341990350942,0.005309909399362,0.011712501683243,0.073075041604493,0.0091431136909319,-2.902320022471073,0.0046702885779783,-11.50096367096181,0.0007960893619165,4.088548665904952,0.0095733688090773,-16.59396262212087,14.0,87.0
237,2024-09-09 15:11:37,backend_developer_interview.txt,-999,0,0.0267374069063845,0.005698749617199,0.0113949343031638,0.0809262190531714,0.0046676423873319,-8.696560222397096,0.0007295536187801,-5.020253365683374,0.0010847522649567,1.2663396630775026,0.0011690094529214,-7.63282369743817,27.0,67.0
237,2024-09-09 15:11:37,barista_interview.txt,-999,0,0.0189719028160786,0.0065233156517325,0.0117728713904786,0.0760577930814607,0.0027044472545819,-35.214361201918024,0.0052336372333072,8.722598716622443,0.0007816545505244,4.625051915123677,0.0181282729885862,-13.189524174813911,82.0,78.0
237,2024-09-09 15:11:37,bartender_interview.txt,-999,0,0.0212676705581622,0.0,0.0092955065477974,0.0917945333187243,0.0032403488804054,-27.374726920381107,0.0,-100.0,0.0011051651116125,-17.391193457933284,0.0054180626022012,4.772000247424344,71.0,29.0
237,2024-09-09 15:11:37,biologist_interview.txt,-999,0,0.026372852125209,0.0010266940451745,0.0117146241470967,0.0833371272880664,0.0058872784125721,-9.941449288312713,0.0017782862500707,-82.88832694327623,0.0023055203365581,4.107410919938957,0.02358256534839,-4.88107292263021,31.0,60.0
237,2024-09-09 15:11:37,biomedical_engineer_interview.txt,-999,0,0.0255665426866025,0.0012223376685416,0.0117142229535271,0.0651837200823147,0.0024755144941156,-12.694851124462474,0.0013398565295864,-79.62757975727095,0.0013510454422314,4.103845528229883,0.0152474825072169,-25.60092099515853,38.0,95.0
237,2024-09-09 15:11:37,business_analyst_interview.txt,-999,0,0.0220767145413634,0.0021554179608061,0.0114709523765061,0.0886315214125385,0.007118289228741,-24.611987105847945,0.0022794198587793,-64.07614554768784,0.0005367975008667,1.941909335601452,0.0039096890691101,1.1618170236930467,64.0,41.0
237,2024-09-09 15:11:37,business_intelligence_analyst_interview.txt,-999,0,0.0266532677748254,0.0018840162201079,0.0109453667804921,0.0801358540641873,0.0039823519904051,-8.983880236568552,0.0011161612094023,-68.59953581734183,0.001143603986862,-2.728949492711948,0.0057895721990109,-8.534926664004587,28.0,72.0
237,2024-09-09 15:11:37,chef_interview.txt,-999,0,0.0184063654354605,0.0012870012870012,0.0074447382157108,0.0686338300735954,0.0056005791509119,-37.14556972763775,0.0022291516184927,-78.54984612966672,0.000796895456119,-33.83889991840104,0.0035866952564608,-21.663051148323504,83.0,92.0
237,2024-09-09 15:11:37,chemical_engineer_interview.txt,-999,0,0.028418119630049,0.0034953924372418,0.01306258803978,0.092600090430324,0.004438911771192,-2.957228301173941,0.0060541972936948,-41.74309973633983,0.0039260252443015,16.08671380825288,0.0286690142862648,5.6914431253874085,15.0,27.0
237,2024-09-09 15:11:37,chemist_interview.txt,-999,0,0.0269622529008364,0.0006200606921859,0.0111974399332965,0.1070811527449792,0.0057101116173697,-7.928751556973751,0.0005376140904575,-89.6655913318282,0.0027302423871643,-0.4887851501453184,0.0058047871108418,22.21976795651915,21.0,4.0
237,2024-09-09 15:11:37,civil_engineer_interview.txt,-999,0,0.0317673614901901,0.0,0.014343714934584,0.0995165769106313,0.0024789717160834,8.479830780460574,0.0,-100.0,0.0007535489015562,27.47203888596796,0.0215427207308492,13.58574899554155,4.0,11.0
237,2024-09-09 15:11:37,cloud_architect_interview.txt,-999,0,0.0249308646870408,0.0038594493628356,0.0116044467088229,0.0903726283120543,0.0053869041329439,-14.865577259354396,0.0004153738397658,-35.67544685174727,0.0003661837725665,3.128268294751521,0.004529271587196,3.149073191481051,44.0,35.0
237,2024-09-09 15:11:37,computer_vision_engineer_interview.txt,-999,0,0.0300015978902168,0.0014040165475267,0.0117579964501667,0.0612241531282466,0.0085966225747654,2.450065400589409,0.000920781416251,-76.59957974780775,0.0036555530226857,4.4928588968917325,0.0085802963420159,-30.120272364927946,9.0,98.0
237,2024-09-09 15:11:37,construction_manager_interview.txt,-999,0,0.0231183206582442,0.0025555565701484,0.0115466148630531,0.0965369513588664,0.0004885844005609,-21.05508939704661,0.002232144829632,-57.40712755482233,0.0038411866822141,2.6143189220514103,0.0142527308160683,10.18487840161626,58.0,15.0
237,2024-09-09 15:11:37,content_writer_interview.txt,-999,0,0.0202313515971779,0.0002832058906825,0.0111566174057626,0.0927849234473005,0.0033254321504846,-30.913569941917032,0.0004905269916649,-95.2798726827389,0.003479720862941,-0.8515733706973379,0.0379551340623715,5.9024069399008,76.0,26.0
237,2024-09-09 15:11:37,cto_of_a_fintec_interview.txt,-999,0,0.023003587380419,0.0051024386273877,0.0122196470884374,0.0606755275356053,0.0057663097106143,-21.44688292283928,0.0042391676444949,-14.958831217323253,0.0005975986443451,8.595530232856973,0.0121062123808064,-30.74645998906864,59.0,99.0
237,2024-09-09 15:11:37,customer_service_representative_interview.txt,-999,0,0.0207934248637004,0.0034069723269337,0.0091356315731618,0.105109698912276,0.0017596963808944,-28.99419074331996,0.0032056278806712,-43.21677733907086,0.0042906292819788,-18.81199616327035,0.0253510674029644,19.96959952077381,72.0,6.0
237,2024-09-09 15:11:37,cybersecurity_specialist_interview.txt,-999,0,0.0156865410210072,0.0094755098251642,0.0128973830460915,0.0868328851933025,0.0034646482312402,-46.43328134081561,0.0031112786172848,57.92613869346059,0.00184391238531,14.618543430100049,0.009028959321538,-0.8911016806540744,99.0,47.0
237,2024-09-09 15:11:37,data_engineer_interview.txt,-999,0,0.035085148560101,0.006723146735829,0.0115943146697744,0.0727677946111462,0.0062020463036687,19.80947740599703,0.0020573347512179,12.053137345633218,0.0025015384627848,3.0382252562861822,0.0102839182243369,-16.944646708625086,2.0,88.0
237,2024-09-09 15:11:37,data_scientist_interview.txt,-999,0,0.0301998373660276,0.004812205452861,0.0117374628519219,0.0941033998106031,0.003954237382964,3.127017586140141,0.0013640132352092,-19.79608065502828,0.0008264502628519,4.310377604850515,0.0097133221988391,7.40728311136651,8.0,21.0
237,2024-09-09 15:11:37,database_administrator_interview.txt,-999,0,0.0304640950848541,0.0052532049167711,0.0119886497809212,0.0799292766218647,0.0135718574351555,4.029410207874975,0.0046063978407829,-12.446044215168628,0.0018492909668711,6.542666110797171,0.0168891042623998,-8.770709025498647,7.0,73.0
237,2024-09-09 15:11:37,dentist_interview.txt,-999,0,0.0196939846291971,0.0035686628733343,0.0077077176631052,0.0928903588227415,0.0048871486540733,-32.748581570804106,0.0029955751098972,-40.5219182626258,0.0014583050949171,-31.50181175837041,0.0145574022732952,6.022748258521887,77.0,25.0
237,2024-09-09 15:11:37,devops_engineer_interview.txt,-999,0,0.0286821643025742,0.0045851474296053,0.0113086347485899,0.0712005214035361,0.0074563562654289,-2.0555631942729207,0.0039721471330899,-23.58040440475536,0.0003260706984789,0.4993988651984722,0.0079239782625476,-18.73349341832349,12.0,90.0
237,2024-09-09 15:11:37,digital_marketing_specialist_interview.txt,-999,0,0.0181831816011791,0.0003052503052503,0.0120051876419739,0.0816000860506633,0.0057918167409382,-37.90770241477526,0.0005287090377194,-94.91246350511328,0.0028165015762427,6.689637441224065,0.0218498199963954,-6.863688644669779,84.0,64.0
237,2024-09-09 15:11:37,doctor_interview.txt,-999,0,0.0181348439525428,0.0050552407265093,0.0114488734495267,0.064550658644276,0.0012720090554138,-38.07276679841978,0.0029533772352647,-15.745467754848136,0.0025435758812569,1.7456947669688248,0.010388157374642,-26.323481595935604,85.0,96.0
237,2024-09-09 15:11:37,electrical_engineer_interview.txt,-999,0,0.0265813529239679,0.0070340423700822,0.0128215347424561,0.075524820085814,0.0033335113815624,-9.229456528890694,0.0027359775605964,17.234763238086387,0.0012441786918455,13.944482494384571,0.0124808019442974,-13.797846313539594,29.0,80.0
237,2024-09-09 15:11:37,environmental_engineer_interview.txt,-999,0,0.0312682681743308,0.0048851425291067,0.0112159713862836,0.065725411197068,0.0025764924794246,6.775516795656074,0.0055883843901817,-18.580455213060688,0.002789195352604,-0.3240968454373245,0.0165414041260593,-24.98264821183392,5.0,94.0
237,2024-09-09 15:11:37,environmental_scientist_interview.txt,-999,0,0.0234666721422543,0.0003675119441381,0.0116606447994271,0.1154512950260222,0.0056869425042014,-19.86553167916037,0.0006365493596357,-93.87476311751232,0.0025302519686709,3.627698548593301,0.022621843605154,31.773240450305792,55.0,2.0
237,2024-09-09 15:11:37,event_planner_interview.txt,-999,0,0.0177227572300508,0.0006289576486049,0.0101270274668363,0.101053287047383,0.0045409305202849,-39.47996890227109,0.0005458813659559,-89.5173078094322,0.0021130525217746,-10.001499267159303,0.0249472631759655,15.33971177531768,86.0,8.0
237,2024-09-09 15:11:37,financial_analyst_interview.txt,-999,0,0.0262881540133519,0.0030729939211541,0.0126005517537888,0.0909915268750449,0.0002753782585337,-10.230678119750962,0.0027515512566315,-48.783118465296994,0.0023398918537814,11.98061523593681,0.0289197096290659,3.855468638469645,32.0,32.0
237,2024-09-09 15:11:37,fire_protection_engineer_interview.txt,-999,0,0.0213273221366176,0.0095556184018035,0.010563771881721,0.0959334248254796,0.0021605132322522,-27.171027499558107,0.0045348776209179,59.26128987986655,0.0043737157872023,-6.1201685734504,0.0086555357247606,9.496028207391989,69.0,16.0
237,2024-09-09 15:11:37,frontend_developer_interview.txt,-999,0,0.0169179667576781,0.0027801316732937,0.0102430619490377,0.1005120342371259,0.005057966608162,-42.22818374169622,0.0034322086991028,-53.66418606240348,0.0008901851156221,-8.970305319513955,0.0108678507228718,14.72193926185787,91.0,9.0
237,2024-09-09 15:11:37,full_stack_developer_interview.txt,-999,0,0.0235617822746028,0.0020149614626356,0.0111730377222758,0.0857875052201182,0.0060396987473583,-19.54074766882148,0.0020106459806115,-66.4171016355143,0.0010961954715685,-0.7056466540384179,0.0086325718315618,-2.084272415874452,52.0,51.0
237,2024-09-09 15:11:37,game_developer_interview.txt,-999,0,0.0231908531220974,0.0006005568505568,0.0095503236452289,0.0974468256109484,0.0031198443578491,-20.80740406733122,0.0005221396200983,-89.99065736574177,0.0013741005349852,-15.126643785778384,0.0146642191661351,11.22338627259441,56.0,14.0
237,2024-09-09 15:11:37,gardener_interview.txt,-999,0,0.0219368937835533,0.0019274016185962,0.0098346399403875,0.0904475654783705,0.0010542997315103,-25.089449867478947,0.0019267825722264,-67.8764413785884,0.0019616974721315,-12.599935886349511,0.0105256682293528,3.2346046117516067,65.0,34.0
237,2024-09-09 15:11:37,geneticist_interview.txt,-999,0,0.0245689725822176,0.0057106557106557,0.0105004247388353,0.0873636276457171,0.0038338607893251,-16.101373764019527,0.0091095966478719,-4.821817249713476,0.0045580982736857,-6.683132177932592,0.0075093747348564,-0.2853254285691093,46.0,45.0
237,2024-09-09 15:11:37,geologist_interview.txt,-999,0,0.0254731408367783,0.0013455629195245,0.0115468312712396,0.0756178335501388,0.010258326167105,-13.01380165696537,0.0015937402086353,-77.57381289550533,0.0011517679920807,2.6162421332202968,0.0078436424162149,-13.69168305571884,42.0,79.0
237,2024-09-09 15:11:37,geotechnical_engineer_interview.txt,-999,0,0.0319257411882602,0.0034441939649767,0.0120787030317082,0.0850359866096111,0.0069406749306622,9.020668987971476,0.0018233362924891,-42.59641287526532,0.0015105224790997,7.342965861487642,0.030480492409604,-2.942037090951601,3.0,55.0
237,2024-09-09 15:11:37,graphic_designer_interview.txt,-999,0,0.0166492295322126,0.0,0.0113700696142761,0.0829571346168667,0.0050846473435967,-43.14587307361975,0.0,-100.0,0.0019041289449463,1.0453681362986489,0.0161569213252752,-5.314787118907262,93.0,62.0
237,2024-09-09 15:11:37,hotel_manager_interview.txt,-999,0,0.0174820445331937,0.002053182621152,0.011480320584116,0.0766372291782052,0.0059686328365879,-40.301959505105245,0.0022634277718465,-65.78007839431007,0.0032839293955017,2.025164233665436,0.0129231827283226,-12.528170206591312,87.0,77.0
237,2024-09-09 15:11:37,human_resources_manager_interview.txt,-999,0,0.02422169188704,0.0045643273195052,0.0108039409105254,0.072103168197631,0.002227562242821,-17.28727493046722,0.0034457121939024,-23.927408381949704,0.0034553717172934,-3.985795719654648,0.0108845003594016,-17.703234788369215,49.0,89.0
237,2024-09-09 15:11:37,industrial_engineer_interview.txt,-999,0,0.0267951417146544,0.0,0.0112396526002104,0.071112025414109,0.0044941015571181,-8.49940622730712,0.0,-100.0,0.0032051297006265,-0.1136428147828496,0.0158877073535832,-18.834500542505523,26.0,91.0
237,2024-09-09 15:11:37,it_manager_interview.txt,-999,0,0.0243840927947828,0.0057444420526585,0.0135676146521179,0.0738035835422571,0.0046656189339831,-16.732705014549964,0.0018580762637703,-4.25870807336986,0.0017023467705084,20.574865745180176,0.0341027908678169,-15.76242295059545,47.0,86.0
237,2024-09-09 15:11:37,logistics_coordinator_interview.txt,-999,0,0.0225157183293199,0.0020224729693215,0.0105211635829689,0.0753949163872859,0.0045849793088954,-23.11286806052836,0.0012082095255431,-66.29190908455331,0.0009994039714852,-6.498826873629497,0.0237580220892341,-13.946115168364171,63.0,81.0
237,2024-09-09 15:11:37,lorry_driver_interview.txt,-999,0,0.0163285144571339,0.0078712876691392,0.0059756025819003,0.0889151588081018,0.0035032811382992,-44.24105742136667,0.0011052333799112,31.188937700359645,0.0014161879544682,-46.89505137539306,0.008716139151129,1.485553701725408,94.0,40.0
237,2024-09-09 15:11:37,machine_learning_engineer_interview.txt,-999,0,0.0298975657942662,0.0077144986020994,0.0120779294995943,0.0832959863470784,0.0054791821266471,2.094814487857974,0.0057786586010264,28.57577045091142,0.0030338412186101,7.336091511561335,0.0173907471986382,-4.928030170774932,10.0,61.0
237,2024-09-09 15:11:37,manufacturing_engineer_interview.txt,-999,0,0.0276660827399819,0.004193655803315,0.0097296791979837,0.0676451828072763,0.0029431049254883,-5.525299137032746,0.0026123836694712,-30.10530512372783,0.0038941950647728,-13.532717937457662,0.0174586029736341,-22.79146858111055,20.0,93.0
237,2024-09-09 15:11:37,marine_engineer_interview.txt,-999,0,0.0212994962595122,0.0064631693480154,0.0106095738342839,0.0936010707189098,0.0037496587864969,-27.26604786946337,0.0017135574664945,7.720154132847853,0.0013878185004495,-5.713128395589735,0.016070225409316,6.833937163449974,70.0,22.0
237,2024-09-09 15:11:37,marketing_manager_interview.txt,-999,0,0.0207034968416254,0.0018399264029438,0.0098917668200767,0.0852298491668901,0.0023924936980221,-29.30127877831869,0.0031868460120862,-69.33437063983632,0.0013233915262695,-12.092251519894518,0.0078394717498129,-2.720767183421458,73.0,54.0
237,2024-09-09 15:11:37,materials_engineer_interview.txt,-999,0,0.0268430459009895,0.0025401953306112,0.0117399553819779,0.0839626984959556,0.0033843763793767,-8.335822039526462,0.0022359854535709,-57.66314979430216,0.0017129613930715,4.3325286228863575,0.0074433195288522,-4.167061484496074,25.0,59.0
237,2024-09-09 15:11:37,mechanical_engineer_interview.txt,-999,0,0.022977276374267,0.0033126851171053,0.0105610462180528,0.0857275029513866,0.003020540349921,-21.536730280666266,0.0043017136010426,-44.788240537477,0.0012570148610759,-6.144391440865292,0.0067035864187356,-2.15275751500954,60.0,52.0
237,2024-09-09 15:11:37,meteorologist_interview.txt,-999,0,0.0255311923058858,0.0014312435285079,0.0127655961529429,0.0861767888147176,0.0051028559808502,-12.815566322020176,0.0016748878150538,-76.14579393005384,0.0025514279904251,13.447358416683898,0.0089786605518805,-1.6399537904060963,39.0,49.0
237,2024-09-09 15:11:37,microbiologist_interview.txt,-999,0,0.0264049409410754,0.0037420840529648,0.0093478038157299,0.1004625815692146,0.0010380177905149,-9.831871748604016,0.0064814797059284,-37.631547425378095,0.0016224187513088,-16.926429664040114,0.0149575096703505,14.665495215057804,30.0,10.0
237,2024-09-09 15:11:37,mining_engineer_interview.txt,-999,0,0.0255794430783472,0.0026496657266406,0.0100930618109214,0.0875664544874849,0.0024469119710088,-12.650798604900784,0.0008749366329635,-55.83863193033925,0.0034595156195351,-10.303350735297698,0.0270323330909771,-0.0538239093872334,37.0,44.0
237,2024-09-09 15:11:37,mobile_app_developer_interview.txt,-999,0,0.0174651932555476,0.0021041656194181,0.0106049434890378,0.0943086455668619,0.0045235806332524,-40.35950359003155,0.0020791623663089,-64.93035651087152,0.0030999477459007,-5.754278094391879,0.0092431167388478,7.641545519465055,88.0,20.0
237,2024-09-09 15:11:37,natural_language_processing_engineer_interview.txt,-999,0,0.0353369431768091,0.0015029538250918,0.011894025922317,0.0804043877030253,0.0113644314534562,20.66931077366181,0.0018097685333352,-74.95061494200763,0.0013118665399858,5.701747545519538,0.0045793410632183,-8.228429038736522,1.0,71.0
237,2024-09-09 15:11:37,network_administrator_interview.txt,-999,0,0.0269041286971408,0.0042537048961369,0.0100012745352164,0.0842919404159517,0.0041787797139771,-8.127235267466986,0.0009961266981019,-29.10448073154369,0.0038373737992744,-11.119060698251616,0.0093140203947042,-3.791272935046024,24.0,57.0
237,2024-09-09 15:11:37,neuroscientist_interview.txt,-999,0,0.024663441096318,0.0024425116168235,0.0128507234731157,0.0871886066885509,0.0056063608734478,-15.77878076469645,0.0035329619928947,-59.291221741498426,0.0011232059893222,14.20388161285895,0.0164864028908675,-0.4850900017365944,45.0,46.0
237,2024-09-09 15:11:37,no_persona_interview.txt,-999,0,0.0292841178508844,0.005999962959619,0.0112524401899741,0.0876136115583809,0.0018321669427114,0.0,0.0088590130924752,0.0,0.0037302378818935,0.0,0.013043196222765,0.0,11.0,42.0
237,2024-09-09 15:11:37,nuclear_engineer_interview.txt,-999,0,0.028637897358719,0.0086459724181479,0.009140275638875,0.0843692660619119,0.0057704708302302,-2.206726852610146,0.0007320321995823,44.10042989160252,0.0038564833742404,-18.770724531208486,0.0142377779218285,-3.703015363437217,13.0,56.0
237,2024-09-09 15:11:37,nurse_interview.txt,-999,0,0.0158680201874943,0.0065371627468293,0.0099413419919407,0.0895357626365875,0.0037061091455408,-45.81356259971807,0.0047258911597968,8.953385059637938,0.002838581262298,-11.65167888829609,0.0116525597205345,2.19389549639304,97.0,37.0
237,2024-09-09 15:11:37,occupational_therapist_interview.txt,-999,0,0.0190692263400894,0.0008984725965858,0.010393458911699,0.0958018801970019,0.0076410482522696,-34.88201885680675,0.0015562001864949,-85.0253642792013,0.0020713454806813,-7.633733339372895,0.0162691186749469,9.34588643588188,81.0,17.0
237,2024-09-09 15:11:37,operations_manager_interview.txt,-999,0,0.0278109568201259,0.0059267240680975,0.0109822279143012,0.0891288724785383,0.0053326595661309,-5.030580187731388,0.0035003909926301,-1.2206557276166876,0.0013627113505688,-2.401366024709958,0.0213740312707136,1.7294811767320797,19.0,38.0
237,2024-09-09 15:11:37,petroleum_engineer_interview.txt,-999,0,0.0269173898011929,0.00520363847552,0.0109247049707691,0.0934013836396896,0.00780178709998,-8.08195098019678,0.0014459241317906,-13.27215666927316,0.0009614540834984,-2.912570195192032,0.0166585150634643,6.606019291251286,23.0,24.0
237,2024-09-09 15:11:37,pharmacist_interview.txt,-999,0,0.0205933083114504,0.0034685660278646,0.0107850612424207,0.0987318299638954,0.001998733992592,-29.67755280759297,0.0023868489094448,-42.19020931947783,0.001613994616203,-4.153578598620996,0.0308869615421415,12.690058322850788,74.0,13.0
237,2024-09-09 15:11:37,physical_therapist_interview.txt,-999,0,0.0231288735433272,0.0035374881247628,0.0133540812810359,0.0746729577957384,0.003854535213905,-21.01905319087949,0.0040469343687016,-41.0415006130722,0.0007589646287118,18.677202949582423,0.0238156942506315,-14.770140772041572,57.0,83.0
237,2024-09-09 15:11:37,physicist_interview.txt,-999,0,0.0254950176740411,0.0038328453186801,0.0125442587015823,0.1094930051668702,0.0052853141358903,-12.939096189058889,0.0035502837847207,-36.11885032497734,0.0011794706901231,11.480341062015016,0.0089998684657612,24.97259640291165,41.0,3.0
237,2024-09-09 15:11:37,procurement_specialist_interview.txt,-999,0,0.0228824566783253,0.0049905433572286,0.0106608938797556,0.0895625856639305,0.0020394219253478,-21.860522502868378,0.0028563615963065,-16.823763899609986,0.0008291908092777,-5.257049139843559,0.0172445699454486,2.224510633545677,61.0,36.0
237,2024-09-09 15:11:37,product_manager_interview.txt,-999,0,0.0255259356971249,0.0030842499819948,0.0109304225067323,0.0813750785103496,0.0073474477246538,-12.833516696307328,0.0046132417777062,-48.59551629314207,0.0024006732603498,-2.861758674609078,0.0301285677458331,-7.120506662226006,40.0,65.0
237,2024-09-09 15:11:37,professor_of_classics_interview.txt,-999,0,0.0214246586008562,0.0,0.0119237757124939,0.0813046330537446,0.0007998112635937,-26.83864096589421,0.0,-100.0,0.0012671332122234,5.966132778186079,0.0257328501646228,-7.200911356601679,68.0,66.0
237,2024-09-09 15:11:37,project_manager_interview.txt,-999,0,0.0242052845164098,0.0040615053841368,0.0104648514315633,0.0805192196495269,0.0081094292083789,-17.3433031527061,0.0036401921230127,-32.30782570706474,0.0022043247626184,-6.999270781395055,0.0203380340213931,-8.09736270730805,50.0,69.0
237,2024-09-09 15:11:37,psychologist_interview.txt,-999,0,0.0204590527620827,0.0009487575683102,0.0113922288023461,0.0876087976056877,0.0082194524982854,-30.136011382481115,2.044754246935964e-05,-84.18727624327681,0.0017299511191457,1.242295982133612,0.0049131653730722,-0.0054945260303327,75.0,43.0
237,2024-09-09 15:11:37,public_relations_specialist_interview.txt,-999,0,0.019544672254716,0.0002851439977188,0.0125989408661178,0.0988819047416008,0.0053836681441368,-33.258456497689025,0.0004938838915223,-95.24757069938724,0.0014226728722794,11.96629933961762,0.008579443341968,12.86134994641928,78.0,12.0
237,2024-09-09 15:11:37,quality_control_engineer_interview.txt,-999,0,0.0194634969402524,0.0043518310217682,0.012502302777175,0.075353342857666,0.0033273777903325,-33.535655609088,0.0015199571521989,-27.46903520810196,0.0020970650249621,11.107480387360866,0.0060011078380125,-13.993566162428294,79.0,82.0
237,2024-09-09 15:11:37,restaurant_manager_interview.txt,-999,0,0.0158553052790873,0.0,0.0078051335777894,0.077556848969056,0.0049158429195595,-45.85698172701325,0.0,-100.0,0.0017706534888065,-30.636080298886924,0.0218465413374799,-11.478539019731729,98.0,76.0
237,2024-09-09 15:11:37,retail_manager_interview.txt,-999,0,0.0170240288077448,0.0002934272300469,0.0108923925632395,0.0779043357029628,0.0023779351146477,-41.866000900448455,0.0005082308707655,-95.10951597498564,0.0028642078754279,-3.199729308984488,0.0147611319106924,-11.081926292866456,90.0,75.0
237,2024-09-09 15:11:37,robotics_engineer_interview.txt,-999,0,0.0256319375755577,0.0050847424363744,0.010700547940904,0.0925177052486224,0.0041248876668442,-12.471539330376077,0.002768100657739,-15.253769554981844,0.0029741457243257,-4.904645034788302,0.0220560200586756,5.597410725357065,36.0,28.0
237,2024-09-09 15:11:37,safety_engineer_interview.txt,-999,0,0.0279382864459237,0.0090586877482136,0.0068452001191151,0.1169975042676878,0.0061993924702197,-4.59577239722158,0.002846681721134,50.97906119055159,0.00218153736034,-39.16697175414231,0.0136501140390645,33.53804527248258,17.0,1.0
237,2024-09-09 15:11:37,sales_manager_interview.txt,-999,0,0.0235759855452857,0.0031419594401599,0.0108887713342847,0.0804731650115841,0.0058113187027924,-19.4922460518178,0.0054420333856777,-47.63368605263109,0.000558746565043,-3.2319110304035945,0.0196051574499886,-8.149928327105698,51.0,70.0
237,2024-09-09 15:11:37,seo_specialist_interview.txt,-999,0,0.0158963240073113,0.0003069367710251,0.0082929582039418,0.0934856047060913,0.0053720760945503,-45.71691014134069,0.0005316300821267,-94.88435556867742,0.0026541215441812,-26.300801746710263,0.0153043824874549,6.70214712447688,95.0,23.0
237,2024-09-09 15:11:37,shop_assistant_interview.txt,-999,0,0.0257422403685311,0.0023767943574186,0.0129068801989642,0.0910020656101984,0.0068661550171492,-12.094875114178564,0.0027455661995043,-60.386516159933166,0.0043791079272872,14.702944259719471,0.0039299112001236,3.867497289002444,34.0,31.0
237,2024-09-09 15:11:37,social_media_manager_interview.txt,-999,0,0.0171871414068125,0.0,0.0104362611070802,0.0945669402860865,0.0054862954294315,-41.30900068654978,0.0,-100.0,0.0014025962556373,-7.253351887362868,0.0158711748503892,7.936356696210666,89.0,19.0
237,2024-09-09 15:11:37,software_quality_assurance_tester_interview.txt,-999,0,0.0227499241228871,0.0037396338601157,0.0114912838600875,0.1070740763318318,0.0048925272672074,-22.313097363115588,0.0032650539085215,-37.67238422496476,0.0018163201155667,2.122594442458862,0.0049104018698822,22.2116911143236,62.0,5.0
237,2024-09-09 15:11:37,speech_therapist_interview.txt,-999,0,0.0253488456863584,0.0035728555625244,0.0114475130978788,0.0741552488611052,0.003562144874394,-13.43824725936625,0.0018714102143175,-40.45203967806953,0.0005360423660589,1.733605374579696,0.0165237780310444,-15.361040890670097,43.0,84.0
237,2024-09-09 15:11:37,structural_engineer_interview.txt,-999,0,0.0279062354579561,0.0024417139256458,0.0116816232505276,0.0823786215287712,0.0061438014156267,-4.705220761453603,0.0027590232968079,-59.30451667653452,0.003823068185659,3.8141332307271214,0.0107651229468802,-5.975087587984433,18.0,63.0
237,2024-09-09 15:11:37,supply_chain_manager_interview.txt,-999,0,0.0260158901651201,0.0042784904743416,0.0102947732992761,0.0863213697779112,0.0025374169316861,-11.160410234674742,0.0039112316062466,-28.691385211263707,0.0022859611419191,-8.510748553467266,0.020389827088303,-1.4749326702605998,33.0,48.0
237,2024-09-09 15:11:37,system_administrator_interview.txt,-999,0,0.0283230833779398,0.0078866201335346,0.0132257159757892,0.080905296750869,0.0035707324945093,-3.281760023772236,0.0001417732093955,31.444480351182165,0.0009401988962267,17.536425455283506,0.0345488756394465,-7.656703893597424,16.0,68.0
237,2024-09-09 15:11:37,transportation_engineer_interview.txt,-999,0,0.0257391938062825,0.0039469214817535,0.0093758394332743,0.0957155159148531,0.0042797637772115,-12.105278576779329,0.0027966032234718,-34.217569203058204,0.0009960155972902,-16.677278217144575,0.0074490590701543,9.247312389437925,35.0,18.0
237,2024-09-09 15:11:37,travel_agent_interview.txt,-999,0,0.0192546318366768,0.0029358303211599,0.0107492790986509,0.074128274448885,0.0039126781222229,-34.248892403991874,0.0043412217078387,-51.0691925780421,0.0037660251947368,-4.471573123947678,0.0156159837954572,-15.39182881476134,80.0,85.0
237,2024-09-09 15:11:37,veterinarian_interview.txt,-999,0,0.0158914723284486,0.0002970885323826,0.0105436552814395,0.0858577297082133,0.0052163620924283,-45.73347775279267,0.0005145724324328,-95.04849389267709,0.0011549331265071,-6.298944020747356,0.0189645804118957,-2.004119929467336,96.0,50.0
237,2024-09-09 15:11:37,warehouse_manager_interview.txt,-999,0,0.0269358302749973,0.0025464974378879,0.0104668290349681,0.0904674531792816,0.0034069466274713,-8.018980075973886,0.0014653892886792,-57.55811402459668,0.0018894518085754,-6.981695896556758,0.0128430404433261,3.2573039395813908,22.0,33.0
237,2024-09-09 15:11:37,water_resources_engineer_interview.txt,-999,0,0.0235600742623326,0.0010495254050978,0.0115498286601714,0.0890636078860027,0.0037027666183763,-19.5465802237884,0.0011473250782616,-82.50780192875646,0.0011593516589521,2.6428798125259334,0.0193456873048855,1.6549897919178278,53.0,39.0
238,2024-09-09 15:24:58,no_persona_interview.txt,1,0,0.0180772391125718,0.0041084634346754,0.0106820049301561,0.089921939863743,,,,,,,,,,
238,2024-09-09 15:24:58,no_persona_interview.txt,2,0,0.0272168568920105,0.0026338893766461,0.0105355575065847,0.0794221343288728,,,,,,,,,,
238,2024-09-09 15:24:58,no_persona_interview.txt,3,0,0.0170863309352518,0.0125899280575539,0.0089928057553956,0.0626731300712874,,,,,,,,,,
238,2024-09-09 15:24:58,no_persona_interview.txt,-999,0,0.0207934756466114,0.0064440936229585,0.0100701227307121,0.0773390680879677,0.0055848316645874,0.0,0.0053732720791197,0.0,0.0009358528789005,0.0,0.013743317739882,0.0,1.0,1.0
240,2024-09-09 15:51:32,customer_service_representative_interview.txt,1,0,0.02615518744551,0.003487358326068,0.011333914559721,0.1161111046582109,,,,,,,,,,
240,2024-09-09 15:51:32,customer_service_representative_interview.txt,2,0,0.0166666666666666,0.0046296296296296,0.0074074074074074,0.0795656409129566,,,,,,,,,,
240,2024-09-09 15:51:32,customer_service_representative_interview.txt,3,0,0.0211693548387096,0.001008064516129,0.0131048387096774,0.1140317348366717,,,,,,,,,,
240,2024-09-09 15:51:32,electrical_engineer_interview.txt,1,0,0.0192525481313703,0.0056625141562853,0.0113250283125707,0.0865183102056145,,,,,,,,,,
240,2024-09-09 15:51:32,electrical_engineer_interview.txt,2,0,0.035366931918656,0.004420866489832,0.0114942528735632,0.0522689569915954,,,,,,,,,,
240,2024-09-09 15:51:32,electrical_engineer_interview.txt,3,0,0.0189018901890189,0.0054005400540054,0.009000900090009,0.0541407048328573,,,,,,,,,,
240,2024-09-09 15:51:32,machine_learning_engineer_interview.txt,1,0,0.0186567164179104,0.001865671641791,0.0111940298507462,0.1197270432136495,,,,,,,,,,
240,2024-09-09 15:51:32,machine_learning_engineer_interview.txt,2,0,0.0367278797996661,0.0,0.010016694490818,0.0834896356935554,,,,,,,,,,
240,2024-09-09 15:51:32,machine_learning_engineer_interview.txt,3,0,0.0254083484573502,0.0036297640653357,0.0063520871143375,0.0949214091547012,,,,,,,,,,
240,2024-09-09 15:51:32,no_persona_interview.txt,1,0,0.0180772391125718,0.0041084634346754,0.0106820049301561,0.089921939863743,,,,,,,,,,
240,2024-09-09 15:51:32,no_persona_interview.txt,2,0,0.0272168568920105,0.0026338893766461,0.0105355575065847,0.0794221343288728,,,,,,,,,,
240,2024-09-09 15:51:32,no_persona_interview.txt,3,0,0.0170863309352518,0.0125899280575539,0.0089928057553956,0.0626731300712874,,,,,,,,,,
240,2024-09-09 15:51:32,shop_assistant_interview.txt,1,0,0.0262054507337526,0.0010482180293501,0.0157232704402515,0.0908244517536526,,,,,,,,,,
240,2024-09-09 15:51:32,shop_assistant_interview.txt,2,0,0.012205754141238,0.0,0.010462074978204,0.075277344664701,,,,,,,,,,
240,2024-09-09 15:51:32,shop_assistant_interview.txt,3,0,0.0213523131672597,0.0080071174377224,0.0071174377224199,0.0998661190790007,,,,,,,,,,
240,2024-09-09 15:51:32,business_intelligence_analyst_interview.txt,1,0,0.0248565965583174,0.0038240917782026,0.0133843212237093,0.0852510232455336,,,,,,,,,,
240,2024-09-09 15:51:32,business_intelligence_analyst_interview.txt,2,0,0.0181086519114688,0.0,0.0130784708249496,0.0960920222900533,,,,,,,,,,
240,2024-09-09 15:51:32,business_intelligence_analyst_interview.txt,3,0,0.0274102079395085,0.0,0.0141776937618147,0.0926329954302914,,,,,,,,,,
240,2024-09-09 15:51:32,robotics_engineer_interview.txt,1,0,0.0377714825306893,0.0056657223796034,0.0094428706326723,0.0732413153613236,,,,,,,,,,
240,2024-09-09 15:51:32,robotics_engineer_interview.txt,2,0,0.0200174064403829,0.0052219321148825,0.0121845082680591,0.0851943931271565,,,,,,,,,,
240,2024-09-09 15:51:32,robotics_engineer_interview.txt,3,0,0.0323159784560143,0.0044883303411131,0.0143626570915619,0.0723210826371688,,,,,,,,,,
240,2024-09-09 15:51:32,professor_of_classics_interview.txt,1,0,0.0192307692307692,0.0033444816053511,0.0091973244147157,0.084559241405284,,,,,,,,,,
240,2024-09-09 15:51:32,professor_of_classics_interview.txt,2,0,0.0163461538461538,0.0,0.0153846153846153,0.0877210845134923,,,,,,,,,,
240,2024-09-09 15:51:32,professor_of_classics_interview.txt,3,0,0.0178069353327085,0.0065604498594189,0.0103092783505154,0.0749527252398909,,,,,,,,,,
240,2024-09-09 15:51:32,ai_professor_interview.txt,1,0,0.0370731707317073,0.0078048780487804,0.0126829268292682,0.0656408917024794,,,,,,,,,,
240,2024-09-09 15:51:32,ai_professor_interview.txt,2,0,0.0342465753424657,0.0078277886497064,0.009784735812133,0.1039175781169994,,,,,,,,,,
240,2024-09-09 15:51:32,ai_professor_interview.txt,3,0,0.03125,0.0087890625,0.0146484375,0.0754054486381116,,,,,,,,,,
240,2024-09-09 15:51:32,digital_marketing_specialist_interview.txt,1,0,0.0178571428571428,0.0,0.0099206349206349,0.0699573795095281,,,,,,,,,,
240,2024-09-09 15:51:32,digital_marketing_specialist_interview.txt,2,0,0.0149672591206735,0.0,0.0065481758652946,0.1167805138297053,,,,,,,,,,
240,2024-09-09 15:51:32,digital_marketing_specialist_interview.txt,3,0,0.0158582089552238,0.0,0.0093283582089552,0.1106081691905032,,,,,,,,,,
240,2024-09-09 15:51:32,software_quality_assurance_tester_interview.txt,1,0,0.0208926875593542,0.0066476733143399,0.0104463437796771,0.0528630302192172,,,,,,,,,,
240,2024-09-09 15:51:32,software_quality_assurance_tester_interview.txt,2,0,0.0283748925193465,0.0034393809114359,0.0128976784178847,0.0652274145018243,,,,,,,,,,
240,2024-09-09 15:51:32,software_quality_assurance_tester_interview.txt,3,0,0.0233183856502242,0.0044843049327354,0.0098654708520179,0.1079998581022086,,,,,,,,,,
240,2024-09-09 15:51:32,barista_interview.txt,1,0,0.0141700404858299,0.0,0.0172064777327935,0.087136087513573,,,,,,,,,,
240,2024-09-09 15:51:32,barista_interview.txt,2,0,0.0179245283018867,0.0,0.0075471698113207,0.0544179894761597,,,,,,,,,,
240,2024-09-09 15:51:32,barista_interview.txt,3,0,0.023735810113519,0.0051599587203302,0.0123839009287925,0.0790756288033725,,,,,,,,,,
240,2024-09-09 15:51:32,business_analyst_interview.txt,1,0,0.0326315789473684,0.0,0.0105263157894736,0.0760560312760016,,,,,,,,,,
240,2024-09-09 15:51:32,business_analyst_interview.txt,2,0,0.0211009174311926,0.0009174311926605,0.010091743119266,0.0926666002715789,,,,,,,,,,
240,2024-09-09 15:51:32,business_analyst_interview.txt,3,0,0.0155038759689922,0.0060292850990525,0.0111972437553832,0.0927159593925671,,,,,,,,,,
240,2024-09-09 15:51:32,data_engineer_interview.txt,1,0,0.0272536687631027,0.0073375262054507,0.0115303983228511,0.1111415946842481,,,,,,,,,,
240,2024-09-09 15:51:32,data_engineer_interview.txt,2,0,0.0259019426456984,0.0064754856614246,0.0111008325624421,0.0879480157062065,,,,,,,,,,
240,2024-09-09 15:51:32,data_engineer_interview.txt,3,0,0.034923339011925,0.0034071550255536,0.0085178875638841,0.1009942920723632,,,,,,,,,,
240,2024-09-09 15:51:32,natural_language_processing_engineer_interview.txt,1,0,0.031700288184438,0.0009606147934678,0.0086455331412103,0.0803096582738967,,,,,,,,,,
240,2024-09-09 15:51:32,natural_language_processing_engineer_interview.txt,2,0,0.0327868852459016,0.0021857923497267,0.0120218579234972,0.0764240331999728,,,,,,,,,,
240,2024-09-09 15:51:32,natural_language_processing_engineer_interview.txt,3,0,0.0298642533936651,0.0,0.0135746606334841,0.0960114409842188,,,,,,,,,,
240,2024-09-09 15:51:32,gardener_interview.txt,1,0,0.0219047619047619,0.0,0.0095238095238095,0.0807164743693823,,,,,,,,,,
240,2024-09-09 15:51:32,gardener_interview.txt,2,0,0.0103750997605746,0.0,0.0063846767757382,0.0614842260114028,,,,,,,,,,
240,2024-09-09 15:51:32,gardener_interview.txt,3,0,0.0201005025125628,0.0,0.0140703517587939,0.089871750645421,,,,,,,,,,
240,2024-09-09 15:51:32,ai_software_developer_interview.txt,1,0,0.0402930402930402,0.0018315018315018,0.0119047619047619,0.1008867345837902,,,,,,,,,,
240,2024-09-09 15:51:32,ai_software_developer_interview.txt,2,0,0.0208522212148685,0.0072529465095194,0.0108794197642792,0.0921549162212318,,,,,,,,,,
240,2024-09-09 15:51:32,ai_software_developer_interview.txt,3,0,0.0260950605778192,0.0065237651444548,0.0083876980428704,0.0863036455066682,,,,,,,,,,
240,2024-09-09 15:51:32,lorry_driver_interview.txt,1,0,0.0124282982791587,0.0,0.0066921606118546,0.1071551407120704,,,,,,,,,,
240,2024-09-09 15:51:32,lorry_driver_interview.txt,2,0,0.015527950310559,0.0020703933747412,0.0113871635610766,0.0652883492120372,,,,,,,,,,
240,2024-09-09 15:51:32,lorry_driver_interview.txt,3,0,0.0234146341463414,0.0068292682926829,0.0136585365853658,0.0908176530397788,,,,,,,,,,
240,2024-09-09 15:51:32,architect_interview.txt,1,0,0.0239693192713326,0.0067114093959731,0.012464046021093,0.0820444604872104,,,,,,,,,,
240,2024-09-09 15:51:32,architect_interview.txt,2,0,0.0254237288135593,0.0,0.0112994350282485,0.1050790251704635,,,,,,,,,,
240,2024-09-09 15:51:32,architect_interview.txt,3,0,0.0192483959670027,0.0,0.0109990834097158,0.1152109114801331,,,,,,,,,,
240,2024-09-09 15:51:32,computer_vision_engineer_interview.txt,1,0,0.0448343079922027,0.0048732943469785,0.0136452241715399,0.0953008570931657,,,,,,,,,,
240,2024-09-09 15:51:32,computer_vision_engineer_interview.txt,2,0,0.0326492537313432,0.0009328358208955,0.0121268656716417,0.0789982514998129,,,,,,,,,,
240,2024-09-09 15:51:32,computer_vision_engineer_interview.txt,3,0,0.0316045380875202,0.0016207455429497,0.0097244732576985,0.0417562152501529,,,,,,,,,,
240,2024-09-09 15:51:32,data_scientist_interview.txt,1,0,0.0284872298624754,0.0039292730844793,0.0127701375245579,0.1074083797226151,,,,,,,,,,
240,2024-09-09 15:51:32,data_scientist_interview.txt,2,0,0.0334316617502458,0.0098328416912487,0.007866273352999,0.0913173623027042,,,,,,,,,,
240,2024-09-09 15:51:32,data_scientist_interview.txt,3,0,0.0202020202020202,0.0009182736455463,0.0137741046831955,0.0893284753039909,,,,,,,,,,
240,2024-09-09 15:51:32,ai_ethicist_interview.txt,1,0,0.018848167539267,0.0178010471204188,0.006282722513089,0.1188019276093243,,,,,,,,,,
240,2024-09-09 15:51:32,ai_ethicist_interview.txt,2,0,0.0190045248868778,0.0190045248868778,0.0072398190045248,0.0859062516649542,,,,,,,,,,
240,2024-09-09 15:51:32,ai_ethicist_interview.txt,3,0,0.0163793103448275,0.0129310344827586,0.0112068965517241,0.1086047731806026,,,,,,,,,,
240,2024-09-09 15:51:32,ai_ethicist_interview.txt,-999,0,0.0180773342569908,0.0165788688300184,0.0082431460231126,0.1044376508182937,0.001472608505254,-13.062469381174552,0.0032159153055353,157.27231477445497,0.0026109138860489,-18.142546585132763,0.0168390930737404,35.038672433320784,18.0,1.0
240,2024-09-09 15:51:32,ai_professor_interview.txt,-999,0,0.0341899153580576,0.0081405763994956,0.0123720333804671,0.0816546394858634,0.0029119988166254,64.42616876139903,0.0005617222541605,26.326165878363824,0.0024467099500187,22.858814249944587,0.0198888277786197,5.58006645876192,2.0,15.0
240,2024-09-09 15:51:32,ai_software_developer_interview.txt,-999,0,0.0290801073619093,0.005202737828492,0.0103906265706371,0.0931150987705634,0.0100582920933405,39.852075988308144,0.0029422526193957,-19.26346616138342,0.0018087630142638,3.1827202954293625,0.0073388067595386,20.39852699628028,6.0,8.0
240,2024-09-09 15:51:32,architect_interview.txt,-999,0,0.0228804813506315,0.0022371364653243,0.0115875214863524,0.100778132379269,0.0032284454393109,10.036829530037124,0.0038748340214068,-65.28392360169805,0.0007738050262762,15.068324351325884,0.0169963709940533,30.30688741250537,13.0,3.0
240,2024-09-09 15:51:32,barista_interview.txt,-999,0,0.0186101263004119,0.00171998624011,0.0123791828243022,0.0735432352643684,0.0048195975562479,-10.500165452403678,0.00297910355619,-73.30910534908674,0.0048296556891603,22.92981084081389,0.0170462317976513,-4.908040551098765,17.0,20.0
240,2024-09-09 15:51:32,business_analyst_interview.txt,-999,0,0.0230787907825177,0.0023155720972376,0.010605100888041,0.0871461969800492,0.0087334723663775,10.990539411234934,0.0032487179306925,-64.06675270843436,0.0005569454487928,5.312528671544769,0.009604396940367,12.680691834722666,12.0,12.0
240,2024-09-09 15:51:32,business_intelligence_analyst_interview.txt,-999,0,0.0234584854697649,0.0012746972594008,0.0135468286034912,0.0913253469886261,0.0048058060819846,12.81656741011355,0.0022078404175511,-80.21913811339583,0.0005673440337178,34.52496027854485,0.0055375331516896,18.084364405257645,11.0,9.0
240,2024-09-09 15:51:32,computer_vision_engineer_interview.txt,-999,0,0.036362699937022,0.0024756252369412,0.0118321877002934,0.0720184412810438,0.0073551998595934,74.87552612661895,0.0021047369948153,-61.58303429792964,0.0019769163518458,17.497949297154562,0.0274462288947252,-6.879610704478651,1.0,21.0
240,2024-09-09 15:51:32,customer_service_representative_interview.txt,-999,0,0.0213304029836287,0.0030416841572755,0.0106153868922686,0.1032361601359464,0.0047463100426933,2.5821913860989127,0.0018514595773005,-52.79888320618316,0.0029158862062317,5.4146724537276185,0.0205256194773295,33.485135893443385,14.0,2.0
240,2024-09-09 15:51:32,data_engineer_interview.txt,-999,0,0.029359650140242,0.0057400556308096,0.0103830394830591,0.1000279674876059,0.0048654667062662,41.1964533453388,0.002065816400455,-10.925322215067794,0.0016294862524214,3.107377742206083,0.0116269455943937,29.336918533633195,5.0,4.0
240,2024-09-09 15:51:32,data_scientist_interview.txt,-999,0,0.0273736372715804,0.0048934628070915,0.0114701718535841,0.0960180724431034,0.0066847528164851,31.645318641289293,0.0045348238362981,-24.062822587532708,0.0031611787067161,13.902999599022747,0.0099142948722884,24.15209391182429,7.0,7.0
240,2024-09-09 15:51:32,digital_marketing_specialist_interview.txt,-999,0,0.01622753697768,0.0,0.0085990563316282,0.0991153541765789,0.0014799187118575,-21.958515962074912,0.0,-100.0,0.0018006334833027,-14.60822711323469,0.0254394393530901,28.15690261982752,22.0,6.0
240,2024-09-09 15:51:32,electrical_engineer_interview.txt,-999,0,0.024507123413015,0.0051613069000409,0.0106067270920476,0.0643093240100224,0.0094065041770323,17.859677860102607,0.0006544819389174,-19.906394878363912,0.0013932585935023,5.328677471814089,0.0192563018482863,-16.84755764463685,9.0,22.0
240,2024-09-09 15:51:32,gardener_interview.txt,-999,0,0.0174601213926331,0.0,0.0099929460194472,0.0773574836754021,0.0062017728621449,-16.030769990689436,0.0,-100.0,0.0038642550090472,-0.7663929559622886,0.0144887888580596,0.0238114938408813,20.0,16.0
240,2024-09-09 15:51:32,lorry_driver_interview.txt,-999,0,0.0171236275786863,0.0029665538891413,0.0105792869194323,0.0877537143212954,0.0056643210894731,-17.649036314537796,0.0035017215914516,-53.96476117956504,0.0035527590760089,5.056186526578642,0.0211008968524984,13.46621635197596,21.0,11.0
240,2024-09-09 15:51:32,machine_learning_engineer_interview.txt,-999,0,0.0269309815583089,0.0018318119023755,0.0091876038186339,0.099379362687302,0.00913129482399,29.516498424820696,0.001815118909043,-71.57378508826501,0.0025252021449167,-8.763735414928846,0.018525453792511,28.498267621048967,8.0,5.0
240,2024-09-09 15:51:32,natural_language_processing_engineer_interview.txt,-999,0,0.0314504756080016,0.0010488023810648,0.0114140172327306,0.0842483774860295,0.001477243709899,51.25165288625956,0.0010955614254735,-83.72459429626733,0.002520154199208,13.345363685784804,0.0103707168363909,8.933789310989468,3.0,13.0
240,2024-09-09 15:51:32,no_persona_interview.txt,-999,0,0.0207934756466114,0.0064440936229585,0.0100701227307121,0.0773390680879677,0.0055848316645874,0.0,0.0053732720791197,0.0,0.0009358528789005,0.0,0.013743317739882,0.0,15.0,17.0
240,2024-09-09 15:51:32,professor_of_classics_interview.txt,-999,0,0.0177946194698772,0.00330164382159,0.0116304060499488,0.0824110170528891,0.0014423471286926,-14.422101565415376,0.0032804347114788,-48.76480673981536,0.0032984354147395,15.494183744931703,0.0066497293581098,6.558068373868139,19.0,14.0
240,2024-09-09 15:51:32,robotics_engineer_interview.txt,-999,0,0.0300349558090288,0.005125328278533,0.0119966786640978,0.0769189303752163,0.0090941796052278,44.44413391718615,0.0005946109896168,-20.464714226483665,0.0024652656389041,19.13140469986496,0.0071815158487407,-0.5432412403438036,4.0,18.0
240,2024-09-09 15:51:32,shop_assistant_interview.txt,-999,0,0.0199211726807501,0.0030184451556908,0.0111009277136251,0.0886559718324514,0.0071087269246828,-4.1950801332408645,0.0043519913387317,-53.15950803481569,0.0043383394063848,10.236270306509866,0.01243698860962,14.632842138221209,16.0,10.0
240,2024-09-09 15:51:32,software_quality_assurance_tester_interview.txt,-999,0,0.0241953219096416,0.0048571197195037,0.0110698310165266,0.0753634342744167,0.003817408894544,16.360161816356154,0.0016363154294199,-24.62679775167745,0.0016093858864519,9.927468736458309,0.0289321900289701,-2.554509463837704,10.0,19.0
241,2024-09-09 16:00:09,customer_service_representative_interview.txt,1,0,0.02615518744551,0.003487358326068,0.011333914559721,0.1161111046582109,,,,,,,,,,
241,2024-09-09 16:00:09,customer_service_representative_interview.txt,2,0,0.0166666666666666,0.0046296296296296,0.0074074074074074,0.0795656409129566,,,,,,,,,,
241,2024-09-09 16:00:09,customer_service_representative_interview.txt,3,0,0.0211693548387096,0.001008064516129,0.0131048387096774,0.1140317348366717,,,,,,,,,,
241,2024-09-09 16:00:09,human_resources_manager_interview.txt,1,0,0.0208955223880597,0.0009950248756218,0.017910447761194,0.0934061414455351,,,,,,,,,,
241,2024-09-09 16:00:09,human_resources_manager_interview.txt,2,0,0.0233863423760523,0.0056127221702525,0.0130963517305893,0.0882080571152916,,,,,,,,,,
241,2024-09-09 16:00:09,human_resources_manager_interview.txt,3,0,0.0131578947368421,0.0008223684210526,0.0148026315789473,0.1123494966932081,,,,,,,,,,
241,2024-09-09 16:00:09,project_manager_interview.txt,1,0,0.0308151093439363,0.0059642147117296,0.014910536779324,0.0990213652900886,,,,,,,,,,
241,2024-09-09 16:00:09,project_manager_interview.txt,2,0,0.0290456431535269,0.0072614107883817,0.0145228215767634,0.0813921512062868,,,,,,,,,,
241,2024-09-09 16:00:09,project_manager_interview.txt,3,0,0.0276243093922651,0.0046040515653775,0.0138121546961325,0.0596741354159767,,,,,,,,,,
241,2024-09-09 16:00:09,electrical_engineer_interview.txt,1,0,0.0192525481313703,0.0056625141562853,0.0113250283125707,0.0865183102056145,,,,,,,,,,
241,2024-09-09 16:00:09,electrical_engineer_interview.txt,2,0,0.035366931918656,0.004420866489832,0.0114942528735632,0.0522689569915954,,,,,,,,,,
241,2024-09-09 16:00:09,electrical_engineer_interview.txt,3,0,0.0189018901890189,0.0054005400540054,0.009000900090009,0.0541407048328573,,,,,,,,,,
241,2024-09-09 16:00:09,machine_learning_engineer_interview.txt,1,0,0.0186567164179104,0.001865671641791,0.0111940298507462,0.1197270432136495,,,,,,,,,,
241,2024-09-09 16:00:09,machine_learning_engineer_interview.txt,2,0,0.0367278797996661,0.0,0.010016694490818,0.0834896356935554,,,,,,,,,,
241,2024-09-09 16:00:09,machine_learning_engineer_interview.txt,3,0,0.0254083484573502,0.0036297640653357,0.0063520871143375,0.0949214091547012,,,,,,,,,,
241,2024-09-09 16:00:09,no_persona_interview.txt,1,0,0.0180772391125718,0.0041084634346754,0.0106820049301561,0.089921939863743,,,,,,,,,,
241,2024-09-09 16:00:09,no_persona_interview.txt,2,0,0.0272168568920105,0.0026338893766461,0.0105355575065847,0.0794221343288728,,,,,,,,,,
241,2024-09-09 16:00:09,no_persona_interview.txt,3,0,0.0170863309352518,0.0125899280575539,0.0089928057553956,0.0626731300712874,,,,,,,,,,
241,2024-09-09 16:00:09,financial_analyst_interview.txt,1,0,0.0145681581685744,0.0072840790842872,0.0114464099895941,0.1133640875091435,,,,,,,,,,
241,2024-09-09 16:00:09,financial_analyst_interview.txt,2,0,0.0226843100189035,0.0018903591682419,0.0141776937618147,0.0914312874605899,,,,,,,,,,
241,2024-09-09 16:00:09,financial_analyst_interview.txt,3,0,0.0311493018259935,0.0032223415682062,0.0171858216970998,0.1343593220636001,,,,,,,,,,
241,2024-09-09 16:00:09,shop_assistant_interview.txt,1,0,0.0262054507337526,0.0010482180293501,0.0157232704402515,0.0908244517536526,,,,,,,,,,
241,2024-09-09 16:00:09,shop_assistant_interview.txt,2,0,0.012205754141238,0.0,0.010462074978204,0.075277344664701,,,,,,,,,,
241,2024-09-09 16:00:09,shop_assistant_interview.txt,3,0,0.0213523131672597,0.0080071174377224,0.0071174377224199,0.0998661190790007,,,,,,,,,,
241,2024-09-09 16:00:09,business_intelligence_analyst_interview.txt,1,0,0.0248565965583174,0.0038240917782026,0.0133843212237093,0.0852510232455336,,,,,,,,,,
241,2024-09-09 16:00:09,business_intelligence_analyst_interview.txt,2,0,0.0181086519114688,0.0,0.0130784708249496,0.0960920222900533,,,,,,,,,,
241,2024-09-09 16:00:09,business_intelligence_analyst_interview.txt,3,0,0.0274102079395085,0.0,0.0141776937618147,0.0926329954302914,,,,,,,,,,
241,2024-09-09 16:00:09,robotics_engineer_interview.txt,1,0,0.0377714825306893,0.0056657223796034,0.0094428706326723,0.0732413153613236,,,,,,,,,,
241,2024-09-09 16:00:09,robotics_engineer_interview.txt,2,0,0.0200174064403829,0.0052219321148825,0.0121845082680591,0.0851943931271565,,,,,,,,,,
241,2024-09-09 16:00:09,robotics_engineer_interview.txt,3,0,0.0323159784560143,0.0044883303411131,0.0143626570915619,0.0723210826371688,,,,,,,,,,
241,2024-09-09 16:00:09,marketing_manager_interview.txt,1,0,0.0179924242424242,0.0009469696969696,0.0132575757575757,0.1243664331370118,,,,,,,,,,
241,2024-09-09 16:00:09,marketing_manager_interview.txt,2,0,0.0125560538116591,0.0,0.010762331838565,0.1022835272051843,,,,,,,,,,
241,2024-09-09 16:00:09,marketing_manager_interview.txt,3,0,0.032258064516129,0.0026881720430107,0.010752688172043,0.0852408565776436,,,,,,,,,,
241,2024-09-09 16:00:09,professor_of_classics_interview.txt,1,0,0.0192307692307692,0.0033444816053511,0.0091973244147157,0.084559241405284,,,,,,,,,,
241,2024-09-09 16:00:09,professor_of_classics_interview.txt,2,0,0.0163461538461538,0.0,0.0153846153846153,0.0877210845134923,,,,,,,,,,
241,2024-09-09 16:00:09,professor_of_classics_interview.txt,3,0,0.0178069353327085,0.0065604498594189,0.0103092783505154,0.0749527252398909,,,,,,,,,,
241,2024-09-09 16:00:09,ai_professor_interview.txt,1,0,0.0370731707317073,0.0078048780487804,0.0126829268292682,0.0656408917024794,,,,,,,,,,
241,2024-09-09 16:00:09,ai_professor_interview.txt,2,0,0.0342465753424657,0.0078277886497064,0.009784735812133,0.1039175781169994,,,,,,,,,,
241,2024-09-09 16:00:09,ai_professor_interview.txt,3,0,0.03125,0.0087890625,0.0146484375,0.0754054486381116,,,,,,,,,,
241,2024-09-09 16:00:09,digital_marketing_specialist_interview.txt,1,0,0.0178571428571428,0.0,0.0099206349206349,0.0699573795095281,,,,,,,,,,
241,2024-09-09 16:00:09,digital_marketing_specialist_interview.txt,2,0,0.0149672591206735,0.0,0.0065481758652946,0.1167805138297053,,,,,,,,,,
241,2024-09-09 16:00:09,digital_marketing_specialist_interview.txt,3,0,0.0158582089552238,0.0,0.0093283582089552,0.1106081691905032,,,,,,,,,,
241,2024-09-09 16:00:09,software_quality_assurance_tester_interview.txt,1,0,0.0208926875593542,0.0066476733143399,0.0104463437796771,0.0528630302192172,,,,,,,,,,
241,2024-09-09 16:00:09,software_quality_assurance_tester_interview.txt,2,0,0.0283748925193465,0.0034393809114359,0.0128976784178847,0.0652274145018243,,,,,,,,,,
241,2024-09-09 16:00:09,software_quality_assurance_tester_interview.txt,3,0,0.0233183856502242,0.0044843049327354,0.0098654708520179,0.1079998581022086,,,,,,,,,,
241,2024-09-09 16:00:09,barista_interview.txt,1,0,0.0141700404858299,0.0,0.0172064777327935,0.087136087513573,,,,,,,,,,
241,2024-09-09 16:00:09,barista_interview.txt,2,0,0.0179245283018867,0.0,0.0075471698113207,0.0544179894761597,,,,,,,,,,
241,2024-09-09 16:00:09,barista_interview.txt,3,0,0.023735810113519,0.0051599587203302,0.0123839009287925,0.0790756288033725,,,,,,,,,,
241,2024-09-09 16:00:09,business_analyst_interview.txt,1,0,0.0326315789473684,0.0,0.0105263157894736,0.0760560312760016,,,,,,,,,,
241,2024-09-09 16:00:09,business_analyst_interview.txt,2,0,0.0211009174311926,0.0009174311926605,0.010091743119266,0.0926666002715789,,,,,,,,,,
241,2024-09-09 16:00:09,business_analyst_interview.txt,3,0,0.0155038759689922,0.0060292850990525,0.0111972437553832,0.0927159593925671,,,,,,,,,,
241,2024-09-09 16:00:09,data_engineer_interview.txt,1,0,0.0272536687631027,0.0073375262054507,0.0115303983228511,0.1111415946842481,,,,,,,,,,
241,2024-09-09 16:00:09,data_engineer_interview.txt,2,0,0.0259019426456984,0.0064754856614246,0.0111008325624421,0.0879480157062065,,,,,,,,,,
241,2024-09-09 16:00:09,data_engineer_interview.txt,3,0,0.034923339011925,0.0034071550255536,0.0085178875638841,0.1009942920723632,,,,,,,,,,
241,2024-09-09 16:00:09,natural_language_processing_engineer_interview.txt,1,0,0.031700288184438,0.0009606147934678,0.0086455331412103,0.0803096582738967,,,,,,,,,,
241,2024-09-09 16:00:09,natural_language_processing_engineer_interview.txt,2,0,0.0327868852459016,0.0021857923497267,0.0120218579234972,0.0764240331999728,,,,,,,,,,
241,2024-09-09 16:00:09,natural_language_processing_engineer_interview.txt,3,0,0.0298642533936651,0.0,0.0135746606334841,0.0960114409842188,,,,,,,,,,
241,2024-09-09 16:00:09,cto_of_a_fintec_interview.txt,1,0,0.0177304964539007,0.0044326241134751,0.0106382978723404,0.0543521805842381,,,,,,,,,,
241,2024-09-09 16:00:09,cto_of_a_fintec_interview.txt,2,0,0.0214961306964746,0.0017196904557179,0.0128976784178847,0.0619670903564938,,,,,,,,,,
241,2024-09-09 16:00:09,cto_of_a_fintec_interview.txt,3,0,0.0365482233502538,0.0050761421319796,0.0121827411167512,0.0600454515342588,,,,,,,,,,
241,2024-09-09 16:00:09,gardener_interview.txt,1,0,0.0219047619047619,0.0,0.0095238095238095,0.0807164743693823,,,,,,,,,,
241,2024-09-09 16:00:09,gardener_interview.txt,2,0,0.0103750997605746,0.0,0.0063846767757382,0.0614842260114028,,,,,,,,,,
241,2024-09-09 16:00:09,gardener_interview.txt,3,0,0.0201005025125628,0.0,0.0140703517587939,0.089871750645421,,,,,,,,,,
241,2024-09-09 16:00:09,ai_software_developer_interview.txt,1,0,0.0402930402930402,0.0018315018315018,0.0119047619047619,0.1008867345837902,,,,,,,,,,
241,2024-09-09 16:00:09,ai_software_developer_interview.txt,2,0,0.0208522212148685,0.0072529465095194,0.0108794197642792,0.0921549162212318,,,,,,,,,,
241,2024-09-09 16:00:09,ai_software_developer_interview.txt,3,0,0.0260950605778192,0.0065237651444548,0.0083876980428704,0.0863036455066682,,,,,,,,,,
241,2024-09-09 16:00:09,lorry_driver_interview.txt,1,0,0.0124282982791587,0.0,0.0066921606118546,0.1071551407120704,,,,,,,,,,
241,2024-09-09 16:00:09,lorry_driver_interview.txt,2,0,0.015527950310559,0.0020703933747412,0.0113871635610766,0.0652883492120372,,,,,,,,,,
241,2024-09-09 16:00:09,lorry_driver_interview.txt,3,0,0.0234146341463414,0.0068292682926829,0.0136585365853658,0.0908176530397788,,,,,,,,,,
241,2024-09-09 16:00:09,architect_interview.txt,1,0,0.0239693192713326,0.0067114093959731,0.012464046021093,0.0820444604872104,,,,,,,,,,
241,2024-09-09 16:00:09,architect_interview.txt,2,0,0.0254237288135593,0.0,0.0112994350282485,0.1050790251704635,,,,,,,,,,
241,2024-09-09 16:00:09,architect_interview.txt,3,0,0.0192483959670027,0.0,0.0109990834097158,0.1152109114801331,,,,,,,,,,
241,2024-09-09 16:00:09,computer_vision_engineer_interview.txt,1,0,0.0448343079922027,0.0048732943469785,0.0136452241715399,0.0953008570931657,,,,,,,,,,
241,2024-09-09 16:00:09,computer_vision_engineer_interview.txt,2,0,0.0326492537313432,0.0009328358208955,0.0121268656716417,0.0789982514998129,,,,,,,,,,
241,2024-09-09 16:00:09,computer_vision_engineer_interview.txt,3,0,0.0316045380875202,0.0016207455429497,0.0097244732576985,0.0417562152501529,,,,,,,,,,
241,2024-09-09 16:00:09,data_scientist_interview.txt,1,0,0.0284872298624754,0.0039292730844793,0.0127701375245579,0.1074083797226151,,,,,,,,,,
241,2024-09-09 16:00:09,data_scientist_interview.txt,2,0,0.0334316617502458,0.0098328416912487,0.007866273352999,0.0913173623027042,,,,,,,,,,
241,2024-09-09 16:00:09,data_scientist_interview.txt,3,0,0.0202020202020202,0.0009182736455463,0.0137741046831955,0.0893284753039909,,,,,,,,,,
241,2024-09-09 16:00:09,ai_ethicist_interview.txt,1,0,0.018848167539267,0.0178010471204188,0.006282722513089,0.1188019276093243,,,,,,,,,,
241,2024-09-09 16:00:09,ai_ethicist_interview.txt,2,0,0.0190045248868778,0.0190045248868778,0.0072398190045248,0.0859062516649542,,,,,,,,,,
241,2024-09-09 16:00:09,ai_ethicist_interview.txt,3,0,0.0163793103448275,0.0129310344827586,0.0112068965517241,0.1086047731806026,,,,,,,,,,
241,2024-09-09 16:00:09,sales_manager_interview.txt,1,0,0.0181268882175226,0.0,0.0110775427995971,0.1027282444517465,,,,,,,,,,
241,2024-09-09 16:00:09,sales_manager_interview.txt,2,0,0.0219876868953386,0.0,0.0096745822339489,0.0863372360581261,,,,,,,,,,
241,2024-09-09 16:00:09,sales_manager_interview.txt,3,0,0.0135021097046413,0.00084388185654,0.0050632911392405,0.0958934139428602,,,,,,,,,,
241,2024-09-09 16:00:09,ai_ethicist_interview.txt,-999,0,0.0180773342569908,0.0165788688300184,0.0082431460231126,0.1044376508182937,0.001472608505254,-13.062469381174552,0.0032159153055353,157.27231477445497,0.0026109138860489,-18.142546585132763,0.0168390930737404,35.038672433320784,23.0,2.0
241,2024-09-09 16:00:09,ai_professor_interview.txt,-999,0,0.0341899153580576,0.0081405763994956,0.0123720333804671,0.0816546394858634,0.0029119988166254,64.42616876139903,0.0005617222541605,26.326165878363824,0.0024467099500187,22.858814249944587,0.0198888277786197,5.58006645876192,2.0,19.0
241,2024-09-09 16:00:09,ai_software_developer_interview.txt,-999,0,0.0290801073619093,0.005202737828492,0.0103906265706371,0.0931150987705634,0.0100582920933405,39.852075988308144,0.0029422526193957,-19.26346616138342,0.0018087630142638,3.1827202954293625,0.0073388067595386,20.39852699628028,7.0,12.0
241,2024-09-09 16:00:09,architect_interview.txt,-999,0,0.0228804813506315,0.0022371364653243,0.0115875214863524,0.100778132379269,0.0032284454393109,10.036829530037124,0.0038748340214068,-65.28392360169805,0.0007738050262762,15.068324351325884,0.0169963709940533,30.30688741250537,15.0,5.0
241,2024-09-09 16:00:09,barista_interview.txt,-999,0,0.0186101263004119,0.00171998624011,0.0123791828243022,0.0735432352643684,0.0048195975562479,-10.500165452403678,0.00297910355619,-73.30910534908674,0.0048296556891603,22.92981084081389,0.0170462317976513,-4.908040551098765,22.0,25.0
241,2024-09-09 16:00:09,business_analyst_interview.txt,-999,0,0.0230787907825177,0.0023155720972376,0.010605100888041,0.0871461969800492,0.0087334723663775,10.990539411234934,0.0032487179306925,-64.06675270843436,0.0005569454487928,5.312528671544769,0.009604396940367,12.680691834722666,14.0,16.0
241,2024-09-09 16:00:09,business_intelligence_analyst_interview.txt,-999,0,0.0234584854697649,0.0012746972594008,0.0135468286034912,0.0913253469886261,0.0048058060819846,12.81656741011355,0.0022078404175511,-80.21913811339583,0.0005673440337178,34.52496027854485,0.0055375331516896,18.084364405257645,13.0,13.0
241,2024-09-09 16:00:09,computer_vision_engineer_interview.txt,-999,0,0.036362699937022,0.0024756252369412,0.0118321877002934,0.0720184412810438,0.0073551998595934,74.87552612661895,0.0021047369948153,-61.58303429792964,0.0019769163518458,17.497949297154562,0.0274462288947252,-6.879610704478651,1.0,26.0
241,2024-09-09 16:00:09,cto_of_a_fintec_interview.txt,-999,0,0.0252582835002097,0.0037428189003909,0.0119062391356588,0.0587882408249969,0.0099570104286086,21.47215756268197,0.0017813801918087,-41.91861385973166,0.0011547900768352,18.23330712094304,0.0039600690379728,-23.986359962173992,10.0,28.0
241,2024-09-09 16:00:09,customer_service_representative_interview.txt,-999,0,0.0213304029836287,0.0030416841572755,0.0106153868922686,0.1032361601359464,0.0047463100426933,2.5821913860989127,0.0018514595773005,-52.79888320618316,0.0029158862062317,5.4146724537276185,0.0205256194773295,33.485135893443385,17.0,4.0
241,2024-09-09 16:00:09,data_engineer_interview.txt,-999,0,0.029359650140242,0.0057400556308096,0.0103830394830591,0.1000279674876059,0.0048654667062662,41.1964533453388,0.002065816400455,-10.925322215067794,0.0016294862524214,3.107377742206083,0.0116269455943937,29.336918533633195,5.0,6.0
241,2024-09-09 16:00:09,data_scientist_interview.txt,-999,0,0.0273736372715804,0.0048934628070915,0.0114701718535841,0.0960180724431034,0.0066847528164851,31.645318641289293,0.0045348238362981,-24.062822587532708,0.0031611787067161,13.902999599022747,0.0099142948722884,24.15209391182429,8.0,10.0
241,2024-09-09 16:00:09,digital_marketing_specialist_interview.txt,-999,0,0.01622753697768,0.0,0.0085990563316282,0.0991153541765789,0.0014799187118575,-21.958515962074912,0.0,-100.0,0.0018006334833027,-14.60822711323469,0.0254394393530901,28.15690261982752,28.0,8.0
241,2024-09-09 16:00:09,electrical_engineer_interview.txt,-999,0,0.024507123413015,0.0051613069000409,0.0106067270920476,0.0643093240100224,0.0094065041770323,17.859677860102607,0.0006544819389174,-19.906394878363912,0.0013932585935023,5.328677471814089,0.0192563018482863,-16.84755764463685,11.0,27.0
241,2024-09-09 16:00:09,financial_analyst_interview.txt,-999,0,0.0228005900044905,0.0041322599402451,0.0142699751495029,0.1130515656777778,0.0082911833910051,9.652616003165363,0.0028096293734256,-35.87523425291289,0.0028708184508862,41.7060698374799,0.0214657236342178,46.17652949889396,16.0,1.0
241,2024-09-09 16:00:09,gardener_interview.txt,-999,0,0.0174601213926331,0.0,0.0099929460194472,0.0773574836754021,0.0062017728621449,-16.030769990689436,0.0,-100.0,0.0038642550090472,-0.7663929559622886,0.0144887888580596,0.0238114938408813,26.0,21.0
241,2024-09-09 16:00:09,human_resources_manager_interview.txt,-999,0,0.019146586500318,0.0024767051556423,0.0152698103569102,0.0979878984180116,0.0053337948809069,-7.920220622480372,0.002717242094435,-61.56627602649115,0.0024408138306526,51.63479895175357,0.0127061657843613,26.69909379636861,21.0,9.0
241,2024-09-09 16:00:09,lorry_driver_interview.txt,-999,0,0.0171236275786863,0.0029665538891413,0.0105792869194323,0.0877537143212954,0.0056643210894731,-17.649036314537796,0.0035017215914516,-53.96476117956504,0.0035527590760089,5.056186526578642,0.0211008968524984,13.46621635197596,27.0,15.0
241,2024-09-09 16:00:09,machine_learning_engineer_interview.txt,-999,0,0.0269309815583089,0.0018318119023755,0.0091876038186339,0.099379362687302,0.00913129482399,29.516498424820696,0.001815118909043,-71.57378508826501,0.0025252021449167,-8.763735414928846,0.018525453792511,28.498267621048967,9.0,7.0
241,2024-09-09 16:00:09,marketing_manager_interview.txt,-999,0,0.0209355141900708,0.0012117139133268,0.0115908652560612,0.1039636056399466,0.010175393863616,0.6830918787862998,0.001363500773112,-81.19651910379119,0.0014434216888941,15.101529206899116,0.019616821427947,34.42572843222692,18.0,3.0
241,2024-09-09 16:00:09,natural_language_processing_engineer_interview.txt,-999,0,0.0314504756080016,0.0010488023810648,0.0114140172327306,0.0842483774860295,0.001477243709899,51.25165288625956,0.0010955614254735,-83.72459429626733,0.002520154199208,13.345363685784804,0.0103707168363909,8.933789310989468,3.0,17.0
241,2024-09-09 16:00:09,no_persona_interview.txt,-999,0,0.0207934756466114,0.0064440936229585,0.0100701227307121,0.0773390680879677,0.0055848316645874,0.0,0.0053732720791197,0.0,0.0009358528789005,0.0,0.013743317739882,0.0,19.0,22.0
241,2024-09-09 16:00:09,professor_of_classics_interview.txt,-999,0,0.0177946194698772,0.00330164382159,0.0116304060499488,0.0824110170528891,0.0014423471286926,-14.422101565415376,0.0032804347114788,-48.76480673981536,0.0032984354147395,15.494183744931703,0.0066497293581098,6.558068373868139,25.0,18.0
241,2024-09-09 16:00:09,project_manager_interview.txt,-999,0,0.0291616872965761,0.0059432256884962,0.0144151710174067,0.0800292173041174,0.0015985620930224,40.24441027649212,0.0013288039412733,-7.772511756777874,0.0005570478277189,43.14791788428624,0.0197089907480777,3.478383283710912,6.0,20.0
241,2024-09-09 16:00:09,robotics_engineer_interview.txt,-999,0,0.0300349558090288,0.005125328278533,0.0119966786640978,0.0769189303752163,0.0090941796052278,44.44413391718615,0.0005946109896168,-20.464714226483665,0.0024652656389041,19.13140469986496,0.0071815158487407,-0.5432412403438036,4.0,23.0
241,2024-09-09 16:00:09,sales_manager_interview.txt,-999,0,0.0178722282725008,0.00028129395218,0.0086051387242622,0.0949862981509109,0.0042485166623798,-14.048865248684862,0.0004872154170376,-95.63485621658482,0.003146519954463,-14.5478267308699,0.0082330694965447,22.81800194808494,24.0,11.0
241,2024-09-09 16:00:09,shop_assistant_interview.txt,-999,0,0.0199211726807501,0.0030184451556908,0.0111009277136251,0.0886559718324514,0.0071087269246828,-4.1950801332408645,0.0043519913387317,-53.15950803481569,0.0043383394063848,10.236270306509866,0.01243698860962,14.632842138221209,20.0,14.0
241,2024-09-09 16:00:09,software_quality_assurance_tester_interview.txt,-999,0,0.0241953219096416,0.0048571197195037,0.0110698310165266,0.0753634342744167,0.003817408894544,16.360161816356154,0.0016363154294199,-24.62679775167745,0.0016093858864519,9.927468736458309,0.0289321900289701,-2.554509463837704,12.0,24.0
243,2024-09-09 18:20:16,restaurant_manager_interview.txt,1,0,0.0192660550458715,0.0009174311926605,0.0082568807339449,0.1201615219712053,,,,,,,,,,
243,2024-09-09 18:20:16,restaurant_manager_interview.txt,2,0,0.0128322639780018,0.0,0.0137488542621448,0.0653241437321776,,,,,,,,,,
243,2024-09-09 18:20:16,restaurant_manager_interview.txt,3,0,0.0186393289841565,0.0,0.0093196644920782,0.0847326947032803,,,,,,,,,,
243,2024-09-09 18:20:16,geneticist_interview.txt,1,0,0.0245231607629427,0.0018165304268846,0.0154405086285195,0.0900314664722007,,,,,,,,,,
243,2024-09-09 18:20:16,geneticist_interview.txt,2,0,0.0236427320490367,0.0052539404553415,0.0131348511383537,0.080618842610253,,,,,,,,,,
243,2024-09-09 18:20:16,geneticist_interview.txt,3,0,0.0351985559566787,0.003610108303249,0.0090252707581227,0.1027410304503915,,,,,,,,,,
243,2024-09-09 18:20:16,speech_therapist_interview.txt,1,0,0.0203488372093023,0.0,0.0116279069767441,0.0925593489624013,,,,,,,,,,
243,2024-09-09 18:20:16,speech_therapist_interview.txt,2,0,0.0178907721280602,0.0,0.0094161958568738,0.1030616962301483,,,,,,,,,,
243,2024-09-09 18:20:16,speech_therapist_interview.txt,3,0,0.0182394924662965,0.0,0.0095162569389373,0.0972505459209973,,,,,,,,,,
243,2024-09-09 18:20:16,customer_service_representative_interview.txt,1,0,0.02615518744551,0.003487358326068,0.011333914559721,0.1161111046582109,,,,,,,,,,
243,2024-09-09 18:20:16,customer_service_representative_interview.txt,2,0,0.0166666666666666,0.0046296296296296,0.0074074074074074,0.0795656409129566,,,,,,,,,,
243,2024-09-09 18:20:16,customer_service_representative_interview.txt,3,0,0.0211693548387096,0.001008064516129,0.0131048387096774,0.1140317348366717,,,,,,,,,,
243,2024-09-09 18:20:16,construction_manager_interview.txt,1,0,0.0243161094224924,0.0050658561296859,0.0091185410334346,0.1081650616944654,,,,,,,,,,
243,2024-09-09 18:20:16,construction_manager_interview.txt,2,0,0.026036644165863,0.0,0.0106075216972034,0.0706103105613665,,,,,,,,,,
243,2024-09-09 18:20:16,construction_manager_interview.txt,3,0,0.0233333333333333,0.0033333333333333,0.0091666666666666,0.0592433491680419,,,,,,,,,,
243,2024-09-09 18:20:16,doctor_interview.txt,1,0,0.0279850746268656,0.003731343283582,0.0121268656716417,0.0846530939357985,,,,,,,,,,
243,2024-09-09 18:20:16,doctor_interview.txt,2,0,0.0237113402061855,0.0134020618556701,0.0134020618556701,0.0810491409346475,,,,,,,,,,
243,2024-09-09 18:20:16,doctor_interview.txt,3,0,0.0258964143426294,0.0009960159362549,0.0169322709163346,0.056654921376988,,,,,,,,,,
243,2024-09-09 18:20:16,human_resources_manager_interview.txt,1,0,0.0208955223880597,0.0009950248756218,0.017910447761194,0.0934061414455351,,,,,,,,,,
243,2024-09-09 18:20:16,human_resources_manager_interview.txt,2,0,0.0233863423760523,0.0056127221702525,0.0130963517305893,0.0882080571152916,,,,,,,,,,
243,2024-09-09 18:20:16,human_resources_manager_interview.txt,3,0,0.0131578947368421,0.0008223684210526,0.0148026315789473,0.1123494966932081,,,,,,,,,,
243,2024-09-09 18:20:16,water_resources_engineer_interview.txt,1,0,0.0231316725978647,0.0026690391459074,0.0097864768683274,0.0746677129822836,,,,,,,,,,
243,2024-09-09 18:20:16,water_resources_engineer_interview.txt,2,0,0.0226415094339622,0.0075471698113207,0.010377358490566,0.0699151854180613,,,,,,,,,,
243,2024-09-09 18:20:16,water_resources_engineer_interview.txt,3,0,0.029038112522686,0.0009074410163339,0.0117967332123411,0.1014342708816038,,,,,,,,,,
243,2024-09-09 18:20:16,project_manager_interview.txt,1,0,0.0308151093439363,0.0059642147117296,0.014910536779324,0.0990213652900886,,,,,,,,,,
243,2024-09-09 18:20:16,project_manager_interview.txt,2,0,0.0290456431535269,0.0072614107883817,0.0145228215767634,0.0813921512062868,,,,,,,,,,
243,2024-09-09 18:20:16,project_manager_interview.txt,3,0,0.0276243093922651,0.0046040515653775,0.0138121546961325,0.0596741354159767,,,,,,,,,,
243,2024-09-09 18:20:16,biologist_interview.txt,1,0,0.021043000914913,0.0018298261665141,0.0073193046660567,0.0782711583568273,,,,,,,,,,
243,2024-09-09 18:20:16,biologist_interview.txt,2,0,0.0268123138033763,0.0059582919563058,0.0119165839126117,0.0976457707458114,,,,,,,,,,
243,2024-09-09 18:20:16,biologist_interview.txt,3,0,0.0301318267419962,0.0122410546139359,0.007532956685499,0.1385167455523722,,,,,,,,,,
243,2024-09-09 18:20:16,occupational_therapist_interview.txt,1,0,0.0221752903907074,0.0010559662090813,0.0116156282998944,0.0992223476657957,,,,,,,,,,
243,2024-09-09 18:20:16,occupational_therapist_interview.txt,2,0,0.0239005736137667,0.0047801147227533,0.011472275334608,0.1017642226159039,,,,,,,,,,
243,2024-09-09 18:20:16,occupational_therapist_interview.txt,3,0,0.0250648228176318,0.0017286084701815,0.013828867761452,0.0845080954600727,,,,,,,,,,
243,2024-09-09 18:20:16,network_administrator_interview.txt,1,0,0.0318471337579617,0.008189262966333,0.0127388535031847,0.0731273694368556,,,,,,,,,,
243,2024-09-09 18:20:16,network_administrator_interview.txt,2,0,0.0226244343891402,0.0135746606334841,0.0099547511312217,0.0868724344917886,,,,,,,,,,
243,2024-09-09 18:20:16,network_administrator_interview.txt,3,0,0.023486901535682,0.001806684733514,0.00903342366757,0.1152233048333484,,,,,,,,,,
243,2024-09-09 18:20:16,neuroscientist_interview.txt,1,0,0.0186092066601371,0.0,0.0166503428011753,0.1118424588212527,,,,,,,,,,
243,2024-09-09 18:20:16,neuroscientist_interview.txt,2,0,0.0290492957746478,0.0008802816901408,0.0132042253521126,0.0808488256443116,,,,,,,,,,
243,2024-09-09 18:20:16,neuroscientist_interview.txt,3,0,0.026196928635953,0.004516711833785,0.011743450767841,0.0878845848219058,,,,,,,,,,
243,2024-09-09 18:20:16,retail_manager_interview.txt,1,0,0.0231660231660231,0.0009652509652509,0.0135135135135135,0.1050005255251306,,,,,,,,,,
243,2024-09-09 18:20:16,retail_manager_interview.txt,2,0,0.0188679245283018,0.0,0.0119165839126117,0.1170062400199277,,,,,,,,,,
243,2024-09-09 18:20:16,retail_manager_interview.txt,3,0,0.0119284294234592,0.0009940357852882,0.0089463220675944,0.0752437070981183,,,,,,,,,,
243,2024-09-09 18:20:16,agricultural_engineer_interview.txt,1,0,0.0294396961063627,0.0009496676163342,0.0113960113960113,0.0911714511372513,,,,,,,,,,
243,2024-09-09 18:20:16,agricultural_engineer_interview.txt,2,0,0.0278745644599303,0.0,0.0139372822299651,0.075165607961943,,,,,,,,,,
243,2024-09-09 18:20:16,agricultural_engineer_interview.txt,3,0,0.0225022502250225,0.0018001800180018,0.0117011701170117,0.0896080983773412,,,,,,,,,,
243,2024-09-09 18:20:16,electrical_engineer_interview.txt,1,0,0.0192525481313703,0.0056625141562853,0.0113250283125707,0.0865183102056145,,,,,,,,,,
243,2024-09-09 18:20:16,electrical_engineer_interview.txt,2,0,0.035366931918656,0.004420866489832,0.0114942528735632,0.0522689569915954,,,,,,,,,,
243,2024-09-09 18:20:16,electrical_engineer_interview.txt,3,0,0.0189018901890189,0.0054005400540054,0.009000900090009,0.0541407048328573,,,,,,,,,,
243,2024-09-09 18:20:16,quality_control_engineer_interview.txt,1,0,0.0285442435775451,0.0085632730732635,0.0104662226450999,0.0906892967328932,,,,,,,,,,
243,2024-09-09 18:20:16,quality_control_engineer_interview.txt,2,0,0.0400801603206412,0.0040080160320641,0.0140280561122244,0.1020488277648619,,,,,,,,,,
243,2024-09-09 18:20:16,quality_control_engineer_interview.txt,3,0,0.0201816347124117,0.007063572149344,0.0141271442986881,0.0830835030689149,,,,,,,,,,
243,2024-09-09 18:20:16,machine_learning_engineer_interview.txt,1,0,0.0186567164179104,0.001865671641791,0.0111940298507462,0.1197270432136495,,,,,,,,,,
243,2024-09-09 18:20:16,machine_learning_engineer_interview.txt,2,0,0.0367278797996661,0.0,0.010016694490818,0.0834896356935554,,,,,,,,,,
243,2024-09-09 18:20:16,machine_learning_engineer_interview.txt,3,0,0.0254083484573502,0.0036297640653357,0.0063520871143375,0.0949214091547012,,,,,,,,,,
243,2024-09-09 18:20:16,psychologist_interview.txt,1,0,0.019211324570273,0.0010111223458038,0.0101112234580384,0.0918782888952936,,,,,,,,,,
243,2024-09-09 18:20:16,psychologist_interview.txt,2,0,0.0247706422018348,0.0064220183486238,0.0073394495412844,0.0951689738658561,,,,,,,,,,
243,2024-09-09 18:20:16,psychologist_interview.txt,3,0,0.019047619047619,0.0038095238095238,0.0133333333333333,0.093204104348876,,,,,,,,,,
243,2024-09-09 18:20:16,geologist_interview.txt,1,0,0.0206073752711496,0.0010845986984815,0.0151843817787418,0.1091681569874605,,,,,,,,,,
243,2024-09-09 18:20:16,geologist_interview.txt,2,0,0.0251517779705117,0.0,0.0112749349522983,0.0726797083805839,,,,,,,,,,
243,2024-09-09 18:20:16,geologist_interview.txt,3,0,0.0284872298624754,0.0049115913555992,0.0108055009823182,0.1345881692400231,,,,,,,,,,
243,2024-09-09 18:20:16,chemical_engineer_interview.txt,1,0,0.0344456404736275,0.0032292787944025,0.0107642626480086,0.0720487554279388,,,,,,,,,,
243,2024-09-09 18:20:16,chemical_engineer_interview.txt,2,0,0.0185341196293176,0.004212299915754,0.012636899747262,0.0523764066149438,,,,,,,,,,
243,2024-09-09 18:20:16,chemical_engineer_interview.txt,3,0,0.0313001605136436,0.0008025682182985,0.0056179775280898,0.0628377532361349,,,,,,,,,,
243,2024-09-09 18:20:16,no_persona_interview.txt,1,0,0.0180772391125718,0.0041084634346754,0.0106820049301561,0.089921939863743,,,,,,,,,,
243,2024-09-09 18:20:16,no_persona_interview.txt,2,0,0.0272168568920105,0.0026338893766461,0.0105355575065847,0.0794221343288728,,,,,,,,,,
243,2024-09-09 18:20:16,no_persona_interview.txt,3,0,0.0170863309352518,0.0125899280575539,0.0089928057553956,0.0626731300712874,,,,,,,,,,
243,2024-09-09 18:20:16,financial_analyst_interview.txt,1,0,0.0145681581685744,0.0072840790842872,0.0114464099895941,0.1133640875091435,,,,,,,,,,
243,2024-09-09 18:20:16,financial_analyst_interview.txt,2,0,0.0226843100189035,0.0018903591682419,0.0141776937618147,0.0914312874605899,,,,,,,,,,
243,2024-09-09 18:20:16,financial_analyst_interview.txt,3,0,0.0311493018259935,0.0032223415682062,0.0171858216970998,0.1343593220636001,,,,,,,,,,
243,2024-09-09 18:20:16,civil_engineer_interview.txt,1,0,0.045,0.006,0.008,0.1083965978607597,,,,,,,,,,
243,2024-09-09 18:20:16,civil_engineer_interview.txt,2,0,0.0272638753651411,0.0048685491723466,0.0107108081791626,0.0952345036426799,,,,,,,,,,
243,2024-09-09 18:20:16,civil_engineer_interview.txt,3,0,0.0225941422594142,0.006694560669456,0.0117154811715481,0.0692380432935793,,,,,,,,,,
243,2024-09-09 18:20:16,meteorologist_interview.txt,1,0,0.0283400809716599,0.0,0.0172064777327935,0.0890715069334388,,,,,,,,,,
243,2024-09-09 18:20:16,meteorologist_interview.txt,2,0,0.0295918367346938,0.0010204081632653,0.0081632653061224,0.1145002392823009,,,,,,,,,,
243,2024-09-09 18:20:16,meteorologist_interview.txt,3,0,0.023278370514064,0.0019398642095053,0.011639185257032,0.0965542713804939,,,,,,,,,,
243,2024-09-09 18:20:16,shop_assistant_interview.txt,1,0,0.0262054507337526,0.0010482180293501,0.0157232704402515,0.0908244517536526,,,,,,,,,,
243,2024-09-09 18:20:16,shop_assistant_interview.txt,2,0,0.012205754141238,0.0,0.010462074978204,0.075277344664701,,,,,,,,,,
243,2024-09-09 18:20:16,shop_assistant_interview.txt,3,0,0.0213523131672597,0.0080071174377224,0.0071174377224199,0.0998661190790007,,,,,,,,,,
243,2024-09-09 18:20:16,social_media_manager_interview.txt,1,0,0.0247252747252747,0.0027472527472527,0.01007326007326,0.099384757896678,,,,,,,,,,
243,2024-09-09 18:20:16,social_media_manager_interview.txt,2,0,0.0164728682170542,0.0,0.0116279069767441,0.1160246314934468,,,,,,,,,,
243,2024-09-09 18:20:16,social_media_manager_interview.txt,3,0,0.0141987829614604,0.0,0.0091277890466531,0.1147776603979291,,,,,,,,,,
243,2024-09-09 18:20:16,marine_engineer_interview.txt,1,0,0.0262645914396887,0.0097276264591439,0.0058365758754863,0.106419618501232,,,,,,,,,,
243,2024-09-09 18:20:16,marine_engineer_interview.txt,2,0,0.0210260723296888,0.0151387720773759,0.0109335576114381,0.0652923329118214,,,,,,,,,,
243,2024-09-09 18:20:16,marine_engineer_interview.txt,3,0,0.0258014073494917,0.0039093041438623,0.0054730258014073,0.0601563720891799,,,,,,,,,,
243,2024-09-09 18:20:16,warehouse_manager_interview.txt,1,0,0.0179584120982986,0.0009451795841209,0.0103969754253308,0.1084188794941939,,,,,,,,,,
243,2024-09-09 18:20:16,warehouse_manager_interview.txt,2,0,0.0289710289710289,0.0,0.0109890109890109,0.0896879550030392,,,,,,,,,,
243,2024-09-09 18:20:16,warehouse_manager_interview.txt,3,0,0.0175901495162708,0.0008795074758135,0.0096745822339489,0.0813233255822641,,,,,,,,,,
243,2024-09-09 18:20:16,business_intelligence_analyst_interview.txt,1,0,0.0248565965583174,0.0038240917782026,0.0133843212237093,0.0852510232455336,,,,,,,,,,
243,2024-09-09 18:20:16,business_intelligence_analyst_interview.txt,2,0,0.0181086519114688,0.0,0.0130784708249496,0.0960920222900533,,,,,,,,,,
243,2024-09-09 18:20:16,business_intelligence_analyst_interview.txt,3,0,0.0274102079395085,0.0,0.0141776937618147,0.0926329954302914,,,,,,,,,,
243,2024-09-09 18:20:16,full_stack_developer_interview.txt,1,0,0.02,0.0038095238095238,0.0104761904761904,0.0810321172820749,,,,,,,,,,
243,2024-09-09 18:20:16,full_stack_developer_interview.txt,2,0,0.0305785123966942,0.0049586776859504,0.009090909090909,0.0768769162409296,,,,,,,,,,
243,2024-09-09 18:20:16,full_stack_developer_interview.txt,3,0,0.0433467741935483,0.0060483870967741,0.0110887096774193,0.0857530217290381,,,,,,,,,,
243,2024-09-09 18:20:16,travel_agent_interview.txt,1,0,0.0206084396467124,0.0,0.0078508341511285,0.1106437032903541,,,,,,,,,,
243,2024-09-09 18:20:16,travel_agent_interview.txt,2,0,0.0224331320103537,0.0043140638481449,0.0086281276962899,0.0706391717598736,,,,,,,,,,
243,2024-09-09 18:20:16,travel_agent_interview.txt,3,0,0.0163793103448275,0.0,0.0094827586206896,0.0878959456873643,,,,,,,,,,
243,2024-09-09 18:20:16,robotics_engineer_interview.txt,1,0,0.0377714825306893,0.0056657223796034,0.0094428706326723,0.0732413153613236,,,,,,,,,,
243,2024-09-09 18:20:16,robotics_engineer_interview.txt,2,0,0.0200174064403829,0.0052219321148825,0.0121845082680591,0.0851943931271565,,,,,,,,,,
243,2024-09-09 18:20:16,robotics_engineer_interview.txt,3,0,0.0323159784560143,0.0044883303411131,0.0143626570915619,0.0723210826371688,,,,,,,,,,
243,2024-09-09 18:20:16,biomedical_engineer_interview.txt,1,0,0.0246406570841889,0.0,0.0133470225872689,0.1144653704546046,,,,,,,,,,
243,2024-09-09 18:20:16,biomedical_engineer_interview.txt,2,0,0.0262143407864302,0.007710100231303,0.0100231303006939,0.0808334350025443,,,,,,,,,,
243,2024-09-09 18:20:16,biomedical_engineer_interview.txt,3,0,0.0276639344262295,0.0,0.0112704918032786,0.0795942364086828,,,,,,,,,,
243,2024-09-09 18:20:16,marketing_manager_interview.txt,1,0,0.0179924242424242,0.0009469696969696,0.0132575757575757,0.1243664331370118,,,,,,,,,,
243,2024-09-09 18:20:16,marketing_manager_interview.txt,2,0,0.0125560538116591,0.0,0.010762331838565,0.1022835272051843,,,,,,,,,,
243,2024-09-09 18:20:16,marketing_manager_interview.txt,3,0,0.032258064516129,0.0026881720430107,0.010752688172043,0.0852408565776436,,,,,,,,,,
243,2024-09-09 18:20:16,professor_of_classics_interview.txt,1,0,0.0192307692307692,0.0033444816053511,0.0091973244147157,0.084559241405284,,,,,,,,,,
243,2024-09-09 18:20:16,professor_of_classics_interview.txt,2,0,0.0163461538461538,0.0,0.0153846153846153,0.0877210845134923,,,,,,,,,,
243,2024-09-09 18:20:16,professor_of_classics_interview.txt,3,0,0.0178069353327085,0.0065604498594189,0.0103092783505154,0.0749527252398909,,,,,,,,,,
243,2024-09-09 18:20:16,environmental_engineer_interview.txt,1,0,0.020743301642178,0.0,0.0112359550561797,0.0773907327759996,,,,,,,,,,
243,2024-09-09 18:20:16,environmental_engineer_interview.txt,2,0,0.018213356461405,0.0034692107545533,0.0069384215091066,0.0787036674478401,,,,,,,,,,
243,2024-09-09 18:20:16,environmental_engineer_interview.txt,3,0,0.0257936507936507,0.0029761904761904,0.0099206349206349,0.1098699643078526,,,,,,,,,,
243,2024-09-09 18:20:16,physical_therapist_interview.txt,1,0,0.0179754020813623,0.0047303689687795,0.010406811731315,0.0974408665640184,,,,,,,,,,
243,2024-09-09 18:20:16,physical_therapist_interview.txt,2,0,0.0111301369863013,0.0,0.0077054794520547,0.1246047436552709,,,,,,,,,,
243,2024-09-09 18:20:16,physical_therapist_interview.txt,3,0,0.0202117420596727,0.0057747834456207,0.0105871029836381,0.0910930528201406,,,,,,,,,,
243,2024-09-09 18:20:16,astronomer_interview.txt,1,0,0.0257648953301127,0.0,0.0056360708534621,0.0682874370333266,,,,,,,,,,
243,2024-09-09 18:20:16,astronomer_interview.txt,2,0,0.0276497695852534,0.0,0.0101382488479262,0.0760299928570016,,,,,,,,,,
243,2024-09-09 18:20:16,astronomer_interview.txt,3,0,0.0318627450980392,0.0073529411764705,0.0122549019607843,0.0643790241462047,,,,,,,,,,
243,2024-09-09 18:20:16,ai_professor_interview.txt,1,0,0.0370731707317073,0.0078048780487804,0.0126829268292682,0.0656408917024794,,,,,,,,,,
243,2024-09-09 18:20:16,ai_professor_interview.txt,2,0,0.0342465753424657,0.0078277886497064,0.009784735812133,0.1039175781169994,,,,,,,,,,
243,2024-09-09 18:20:16,ai_professor_interview.txt,3,0,0.03125,0.0087890625,0.0146484375,0.0754054486381116,,,,,,,,,,
243,2024-09-09 18:20:16,game_developer_interview.txt,1,0,0.027306967984934,0.0,0.0141242937853107,0.0914889607284988,,,,,,,,,,
243,2024-09-09 18:20:16,game_developer_interview.txt,2,0,0.0109335576114381,0.0,0.0084104289318755,0.065849250880693,,,,,,,,,,
243,2024-09-09 18:20:16,game_developer_interview.txt,3,0,0.024330900243309,0.0008110300081103,0.0113544201135442,0.0678636303480178,,,,,,,,,,
243,2024-09-09 18:20:16,fire_protection_engineer_interview.txt,1,0,0.0306748466257668,0.0078878177037686,0.0122699386503067,0.0821963182790396,,,,,,,,,,
243,2024-09-09 18:20:16,fire_protection_engineer_interview.txt,2,0,0.0255941499085923,0.006398537477148,0.0109689213893967,0.1080107246365057,,,,,,,,,,
243,2024-09-09 18:20:16,fire_protection_engineer_interview.txt,3,0,0.0201058201058201,0.0031746031746031,0.0074074074074074,0.0950828851030929,,,,,,,,,,
243,2024-09-09 18:20:16,safety_engineer_interview.txt,1,0,0.0197368421052631,0.0122180451127819,0.0140977443609022,0.1204233373577675,,,,,,,,,,
243,2024-09-09 18:20:16,safety_engineer_interview.txt,2,0,0.0283479960899315,0.0048875855327468,0.010752688172043,0.0611345106805802,,,,,,,,,,
243,2024-09-09 18:20:16,safety_engineer_interview.txt,3,0,0.0269266480965645,0.0027855153203342,0.011142061281337,0.0851978204547495,,,,,,,,,,
243,2024-09-09 18:20:16,environmental_scientist_interview.txt,1,0,0.0262927256792287,0.0,0.0087642418930762,0.0831456095231297,,,,,,,,,,
243,2024-09-09 18:20:16,environmental_scientist_interview.txt,2,0,0.0195412064570943,0.005947323704333,0.0067969413763806,0.110835151362974,,,,,,,,,,
243,2024-09-09 18:20:16,environmental_scientist_interview.txt,3,0,0.0210930009587727,0.0038350910834132,0.012464046021093,0.0958635072945414,,,,,,,,,,
243,2024-09-09 18:20:16,operations_manager_interview.txt,1,0,0.0185387131952017,0.0,0.0130861504907306,0.0962970769998491,,,,,,,,,,
243,2024-09-09 18:20:16,operations_manager_interview.txt,2,0,0.026188166828322,0.0096993210475266,0.0096993210475266,0.0930635275796879,,,,,,,,,,
243,2024-09-09 18:20:16,operations_manager_interview.txt,3,0,0.0242248062015503,0.000968992248062,0.0174418604651162,0.1023989482756404,,,,,,,,,,
243,2024-09-09 18:20:16,backend_developer_interview.txt,1,0,0.0303030303030303,0.003030303030303,0.0151515151515151,0.0995013441376239,,,,,,,,,,
243,2024-09-09 18:20:16,backend_developer_interview.txt,2,0,0.0444015444015444,0.0048262548262548,0.0086872586872586,0.0716426668930449,,,,,,,,,,
243,2024-09-09 18:20:16,backend_developer_interview.txt,3,0,0.0319767441860465,0.005813953488372,0.0125968992248062,0.0761531736927111,,,,,,,,,,
243,2024-09-09 18:20:16,digital_marketing_specialist_interview.txt,1,0,0.0178571428571428,0.0,0.0099206349206349,0.0699573795095281,,,,,,,,,,
243,2024-09-09 18:20:16,digital_marketing_specialist_interview.txt,2,0,0.0149672591206735,0.0,0.0065481758652946,0.1167805138297053,,,,,,,,,,
243,2024-09-09 18:20:16,digital_marketing_specialist_interview.txt,3,0,0.0158582089552238,0.0,0.0093283582089552,0.1106081691905032,,,,,,,,,,
243,2024-09-09 18:20:16,mechanical_engineer_interview.txt,1,0,0.0310734463276836,0.007532956685499,0.0141242937853107,0.1066245298687671,,,,,,,,,,
243,2024-09-09 18:20:16,mechanical_engineer_interview.txt,2,0,0.026036644165863,0.0009643201542912,0.0154291224686595,0.0787406721248017,,,,,,,,,,
243,2024-09-09 18:20:16,mechanical_engineer_interview.txt,3,0,0.0191138140747176,0.0,0.0112945264986967,0.0475382165921454,,,,,,,,,,
243,2024-09-09 18:20:16,software_quality_assurance_tester_interview.txt,1,0,0.0208926875593542,0.0066476733143399,0.0104463437796771,0.0528630302192172,,,,,,,,,,
243,2024-09-09 18:20:16,software_quality_assurance_tester_interview.txt,2,0,0.0283748925193465,0.0034393809114359,0.0128976784178847,0.0652274145018243,,,,,,,,,,
243,2024-09-09 18:20:16,software_quality_assurance_tester_interview.txt,3,0,0.0233183856502242,0.0044843049327354,0.0098654708520179,0.1079998581022086,,,,,,,,,,
243,2024-09-09 18:20:16,cybersecurity_specialist_interview.txt,1,0,0.0163793103448275,0.0043103448275862,0.0129310344827586,0.1032734323418287,,,,,,,,,,
243,2024-09-09 18:20:16,cybersecurity_specialist_interview.txt,2,0,0.0310981535471331,0.0087463556851311,0.0087463556851311,0.0936954075791165,,,,,,,,,,
243,2024-09-09 18:20:16,cybersecurity_specialist_interview.txt,3,0,0.0205908683974932,0.0080572963294538,0.0089525514771709,0.0740488993784445,,,,,,,,,,
243,2024-09-09 18:20:16,product_manager_interview.txt,1,0,0.0239520958083832,0.0,0.0085543199315654,0.1169495244874372,,,,,,,,,,
243,2024-09-09 18:20:16,product_manager_interview.txt,2,0,0.0348623853211009,0.0027522935779816,0.0128440366972477,0.0678334310848495,,,,,,,,,,
243,2024-09-09 18:20:16,product_manager_interview.txt,3,0,0.0263157894736842,0.0084210526315789,0.0157894736842105,0.0674303896485752,,,,,,,,,,
243,2024-09-09 18:20:16,microbiologist_interview.txt,1,0,0.0311942959001782,0.0080213903743315,0.0062388591800356,0.0984714017305544,,,,,,,,,,
243,2024-09-09 18:20:16,microbiologist_interview.txt,2,0,0.034547152194211,0.0056022408963585,0.0102707749766573,0.067218204113068,,,,,,,,,,
243,2024-09-09 18:20:16,microbiologist_interview.txt,3,0,0.0155490767735665,0.0,0.0126336248785228,0.0583401276358173,,,,,,,,,,
243,2024-09-09 18:20:16,it_manager_interview.txt,1,0,0.0264965652600588,0.000981354268891,0.0098135426889106,0.1076762008189259,,,,,,,,,,
243,2024-09-09 18:20:16,it_manager_interview.txt,2,0,0.0219594594594594,0.0033783783783783,0.0109797297297297,0.0818515242608292,,,,,,,,,,
243,2024-09-09 18:20:16,it_manager_interview.txt,3,0,0.0181818181818181,0.0025974025974025,0.0112554112554112,0.0820539725432506,,,,,,,,,,
243,2024-09-09 18:20:16,industrial_engineer_interview.txt,1,0,0.0215897939156035,0.0029440628066732,0.0127576054955839,0.1091528553357319,,,,,,,,,,
243,2024-09-09 18:20:16,industrial_engineer_interview.txt,2,0,0.0265225933202357,0.0068762278978389,0.0098231827111984,0.0790539975668741,,,,,,,,,,
243,2024-09-09 18:20:16,industrial_engineer_interview.txt,3,0,0.0407098121085595,0.0041753653444676,0.0156576200417536,0.0897568276310646,,,,,,,,,,
243,2024-09-09 18:20:16,barista_interview.txt,1,0,0.0141700404858299,0.0,0.0172064777327935,0.087136087513573,,,,,,,,,,
243,2024-09-09 18:20:16,barista_interview.txt,2,0,0.0179245283018867,0.0,0.0075471698113207,0.0544179894761597,,,,,,,,,,
243,2024-09-09 18:20:16,barista_interview.txt,3,0,0.023735810113519,0.0051599587203302,0.0123839009287925,0.0790756288033725,,,,,,,,,,
243,2024-09-09 18:20:16,petroleum_engineer_interview.txt,1,0,0.0209523809523809,0.0,0.0104761904761904,0.0613971659572552,,,,,,,,,,
243,2024-09-09 18:20:16,petroleum_engineer_interview.txt,2,0,0.0247729149463253,0.0041288191577208,0.0074318744838976,0.0932978754102818,,,,,,,,,,
243,2024-09-09 18:20:16,petroleum_engineer_interview.txt,3,0,0.0172910662824207,0.0,0.0124879923150816,0.0950535200912298,,,,,,,,,,
243,2024-09-09 18:20:16,business_analyst_interview.txt,1,0,0.0326315789473684,0.0,0.0105263157894736,0.0760560312760016,,,,,,,,,,
243,2024-09-09 18:20:16,business_analyst_interview.txt,2,0,0.0211009174311926,0.0009174311926605,0.010091743119266,0.0926666002715789,,,,,,,,,,
243,2024-09-09 18:20:16,business_analyst_interview.txt,3,0,0.0155038759689922,0.0060292850990525,0.0111972437553832,0.0927159593925671,,,,,,,,,,
243,2024-09-09 18:20:16,data_engineer_interview.txt,1,0,0.0272536687631027,0.0073375262054507,0.0115303983228511,0.1111415946842481,,,,,,,,,,
243,2024-09-09 18:20:16,data_engineer_interview.txt,2,0,0.0259019426456984,0.0064754856614246,0.0111008325624421,0.0879480157062065,,,,,,,,,,
243,2024-09-09 18:20:16,data_engineer_interview.txt,3,0,0.034923339011925,0.0034071550255536,0.0085178875638841,0.1009942920723632,,,,,,,,,,
243,2024-09-09 18:20:16,aerospace_engineer_interview.txt,1,0,0.017391304347826,0.0078260869565217,0.0113043478260869,0.0822852524470869,,,,,,,,,,
243,2024-09-09 18:20:16,aerospace_engineer_interview.txt,2,0,0.0245231607629427,0.0027247956403269,0.0118074477747502,0.0716338700960913,,,,,,,,,,
243,2024-09-09 18:20:16,aerospace_engineer_interview.txt,3,0,0.0251121076233183,0.0026905829596412,0.0098654708520179,0.1099432808145628,,,,,,,,,,
243,2024-09-09 18:20:16,bartender_interview.txt,1,0,0.0118226600985221,0.0019704433497536,0.0118226600985221,0.1076816354158541,,,,,,,,,,
243,2024-09-09 18:20:16,bartender_interview.txt,2,0,0.0238305383936451,0.0,0.0105913503971756,0.0587142247399062,,,,,,,,,,
243,2024-09-09 18:20:16,bartender_interview.txt,3,0,0.0165137614678899,0.0064220183486238,0.0045871559633027,0.087401262052034,,,,,,,,,,
243,2024-09-09 18:20:16,natural_language_processing_engineer_interview.txt,1,0,0.031700288184438,0.0009606147934678,0.0086455331412103,0.0803096582738967,,,,,,,,,,
243,2024-09-09 18:20:16,natural_language_processing_engineer_interview.txt,2,0,0.0327868852459016,0.0021857923497267,0.0120218579234972,0.0764240331999728,,,,,,,,,,
243,2024-09-09 18:20:16,natural_language_processing_engineer_interview.txt,3,0,0.0298642533936651,0.0,0.0135746606334841,0.0960114409842188,,,,,,,,,,
243,2024-09-09 18:20:16,cto_of_a_fintec_interview.txt,1,0,0.0177304964539007,0.0044326241134751,0.0106382978723404,0.0543521805842381,,,,,,,,,,
243,2024-09-09 18:20:16,cto_of_a_fintec_interview.txt,2,0,0.0214961306964746,0.0017196904557179,0.0128976784178847,0.0619670903564938,,,,,,,,,,
243,2024-09-09 18:20:16,cto_of_a_fintec_interview.txt,3,0,0.0365482233502538,0.0050761421319796,0.0121827411167512,0.0600454515342588,,,,,,,,,,
243,2024-09-09 18:20:16,database_administrator_interview.txt,1,0,0.0272727272727272,0.0101010101010101,0.0141414141414141,0.0764308908661392,,,,,,,,,,
243,2024-09-09 18:20:16,database_administrator_interview.txt,2,0,0.0329670329670329,0.0045787545787545,0.01007326007326,0.0879228107514911,,,,,,,,,,
243,2024-09-09 18:20:16,database_administrator_interview.txt,3,0,0.0241343126967471,0.0125918153200419,0.0167890870933892,0.0911515060733251,,,,,,,,,,
243,2024-09-09 18:20:16,nuclear_engineer_interview.txt,1,0,0.028731045490822,0.0055865921787709,0.0111731843575419,0.0853801677119178,,,,,,,,,,
243,2024-09-09 18:20:16,nuclear_engineer_interview.txt,2,0,0.0196917808219178,0.0,0.0111301369863013,0.058369558260302,,,,,,,,,,
243,2024-09-09 18:20:16,nuclear_engineer_interview.txt,3,0,0.0254163014899211,0.0035056967572304,0.0096406660823838,0.0690349675560995,,,,,,,,,,
243,2024-09-09 18:20:16,pharmacist_interview.txt,1,0,0.0176579925650557,0.0018587360594795,0.0139405204460966,0.0920566638599778,,,,,,,,,,
243,2024-09-09 18:20:16,pharmacist_interview.txt,2,0,0.0165441176470588,0.0091911764705882,0.0091911764705882,0.0608833507629939,,,,,,,,,,
243,2024-09-09 18:20:16,pharmacist_interview.txt,3,0,0.0220306513409961,0.0076628352490421,0.0124521072796934,0.0959688174100027,,,,,,,,,,
243,2024-09-09 18:20:16,chef_interview.txt,1,0,0.0184994861253854,0.0,0.0071942446043165,0.0924135988878673,,,,,,,,,,
243,2024-09-09 18:20:16,chef_interview.txt,2,0,0.0164684354986276,0.0,0.0082342177493138,0.0767448928183483,,,,,,,,,,
243,2024-09-09 18:20:16,chef_interview.txt,3,0,0.0216368767638758,0.0,0.0065851364063969,0.0839766837351465,,,,,,,,,,
243,2024-09-09 18:20:16,hotel_manager_interview.txt,1,0,0.0188195038494439,0.0,0.0085543199315654,0.1047280889467654,,,,,,,,,,
243,2024-09-09 18:20:16,hotel_manager_interview.txt,2,0,0.0230547550432276,0.0076849183477425,0.0096061479346781,0.1202683837354336,,,,,,,,,,
243,2024-09-09 18:20:16,hotel_manager_interview.txt,3,0,0.0179245283018867,0.0075471698113207,0.0094339622641509,0.0986867167069847,,,,,,,,,,
243,2024-09-09 18:20:16,mobile_app_developer_interview.txt,1,0,0.0133333333333333,0.0,0.0092307692307692,0.1081207572600781,,,,,,,,,,
243,2024-09-09 18:20:16,mobile_app_developer_interview.txt,2,0,0.0237226277372262,0.010948905109489,0.0091240875912408,0.0964988194484244,,,,,,,,,,
243,2024-09-09 18:20:16,mobile_app_developer_interview.txt,3,0,0.0137362637362637,0.0009157509157509,0.0128205128205128,0.0723349977144079,,,,,,,,,,
243,2024-09-09 18:20:16,graphic_designer_interview.txt,1,0,0.021379980563654,0.0,0.0116618075801749,0.0878388066891222,,,,,,,,,,
243,2024-09-09 18:20:16,graphic_designer_interview.txt,2,0,0.0136452241715399,0.0,0.0126705653021442,0.0821618840653817,,,,,,,,,,
243,2024-09-09 18:20:16,graphic_designer_interview.txt,3,0,0.0215146299483648,0.0008605851979345,0.0103270223752151,0.0831173565878811,,,,,,,,,,
243,2024-09-09 18:20:16,geotechnical_engineer_interview.txt,1,0,0.0357470210815765,0.0082493125572868,0.0082493125572868,0.0978228102690606,,,,,,,,,,
243,2024-09-09 18:20:16,geotechnical_engineer_interview.txt,2,0,0.0325765054294175,0.0069101678183613,0.0088845014807502,0.0943220753179724,,,,,,,,,,
243,2024-09-09 18:20:16,geotechnical_engineer_interview.txt,3,0,0.0284191829484902,0.0008880994671403,0.0106571936056838,0.1103649897538637,,,,,,,,,,
243,2024-09-09 18:20:16,gardener_interview.txt,1,0,0.0219047619047619,0.0,0.0095238095238095,0.0807164743693823,,,,,,,,,,
243,2024-09-09 18:20:16,gardener_interview.txt,2,0,0.0103750997605746,0.0,0.0063846767757382,0.0614842260114028,,,,,,,,,,
243,2024-09-09 18:20:16,gardener_interview.txt,3,0,0.0201005025125628,0.0,0.0140703517587939,0.089871750645421,,,,,,,,,,
243,2024-09-09 18:20:16,ai_software_developer_interview.txt,1,0,0.0402930402930402,0.0018315018315018,0.0119047619047619,0.1008867345837902,,,,,,,,,,
243,2024-09-09 18:20:16,ai_software_developer_interview.txt,2,0,0.0208522212148685,0.0072529465095194,0.0108794197642792,0.0921549162212318,,,,,,,,,,
243,2024-09-09 18:20:16,ai_software_developer_interview.txt,3,0,0.0260950605778192,0.0065237651444548,0.0083876980428704,0.0863036455066682,,,,,,,,,,
243,2024-09-09 18:20:16,supply_chain_manager_interview.txt,1,0,0.0219594594594594,0.0,0.0109797297297297,0.0668438284423962,,,,,,,,,,
243,2024-09-09 18:20:16,supply_chain_manager_interview.txt,2,0,0.0255941499085923,0.0027422303473491,0.0082266910420475,0.0926760904832415,,,,,,,,,,
243,2024-09-09 18:20:16,supply_chain_manager_interview.txt,3,0,0.0231788079470198,0.0057947019867549,0.0082781456953642,0.1018405812026665,,,,,,,,,,
243,2024-09-09 18:20:16,cloud_architect_interview.txt,1,0,0.0272975432211101,0.0090991810737033,0.0118289353958143,0.0777317675063689,,,,,,,,,,
243,2024-09-09 18:20:16,cloud_architect_interview.txt,2,0,0.0314814814814814,0.0027777777777777,0.0129629629629629,0.0874786856337948,,,,,,,,,,
243,2024-09-09 18:20:16,cloud_architect_interview.txt,3,0,0.0344202898550724,0.0054347826086956,0.0108695652173913,0.0676401843045545,,,,,,,,,,
243,2024-09-09 18:20:16,mining_engineer_interview.txt,1,0,0.0169189670525378,0.0044523597506678,0.0080142475512021,0.1052547301085079,,,,,,,,,,
243,2024-09-09 18:20:16,mining_engineer_interview.txt,2,0,0.0285152409046214,0.0088495575221238,0.0117994100294985,0.0872420892865959,,,,,,,,,,
243,2024-09-09 18:20:16,mining_engineer_interview.txt,3,0,0.0224618149146451,0.0062893081761006,0.0098831985624438,0.0956110392772621,,,,,,,,,,
243,2024-09-09 18:20:16,devops_engineer_interview.txt,1,0,0.023417172593235,0.0008673026886383,0.0121422376409366,0.0745120823359537,,,,,,,,,,
243,2024-09-09 18:20:16,devops_engineer_interview.txt,2,0,0.019538188277087,0.0044404973357015,0.0097690941385435,0.0463380512134515,,,,,,,,,,
243,2024-09-09 18:20:16,devops_engineer_interview.txt,3,0,0.025278058645096,0.0010111223458038,0.0091001011122345,0.0542463609303458,,,,,,,,,,
243,2024-09-09 18:20:16,system_administrator_interview.txt,1,0,0.0215827338129496,0.0062949640287769,0.0080935251798561,0.1074148997147504,,,,,,,,,,
243,2024-09-09 18:20:16,system_administrator_interview.txt,2,0,0.0256835128417564,0.0049710024855012,0.0099420049710024,0.0686027966838008,,,,,,,,,,
243,2024-09-09 18:20:16,system_administrator_interview.txt,3,0,0.0311387900355871,0.0035587188612099,0.0106761565836298,0.0637930734397324,,,,,,,,,,
243,2024-09-09 18:20:16,content_writer_interview.txt,1,0,0.0132978723404255,0.0,0.0124113475177304,0.0975100216893061,,,,,,,,,,
243,2024-09-09 18:20:16,content_writer_interview.txt,2,0,0.0213754646840148,0.0092936802973977,0.0130111524163568,0.1178978185931366,,,,,,,,,,
243,2024-09-09 18:20:16,content_writer_interview.txt,3,0,0.0117994100294985,0.0,0.0117994100294985,0.0816843148622577,,,,,,,,,,
243,2024-09-09 18:20:16,transportation_engineer_interview.txt,1,0,0.0321217244294167,0.0033812341504649,0.0084530853761623,0.0821152918950887,,,,,,,,,,
243,2024-09-09 18:20:16,transportation_engineer_interview.txt,2,0,0.0316395014381591,0.0019175455417066,0.012464046021093,0.0915525877638286,,,,,,,,,,
243,2024-09-09 18:20:16,transportation_engineer_interview.txt,3,0,0.0301507537688442,0.0020100502512562,0.0110552763819095,0.140826382714988,,,,,,,,,,
243,2024-09-09 18:20:16,lorry_driver_interview.txt,1,0,0.0124282982791587,0.0,0.0066921606118546,0.1071551407120704,,,,,,,,,,
243,2024-09-09 18:20:16,lorry_driver_interview.txt,2,0,0.015527950310559,0.0020703933747412,0.0113871635610766,0.0652883492120372,,,,,,,,,,
243,2024-09-09 18:20:16,lorry_driver_interview.txt,3,0,0.0234146341463414,0.0068292682926829,0.0136585365853658,0.0908176530397788,,,,,,,,,,
243,2024-09-09 18:20:16,dentist_interview.txt,1,0,0.0224828934506353,0.0019550342130987,0.010752688172043,0.0963190920887716,,,,,,,,,,
243,2024-09-09 18:20:16,dentist_interview.txt,2,0,0.0182149362477231,0.0,0.0081967213114754,0.1118031756053477,,,,,,,,,,
243,2024-09-09 18:20:16,dentist_interview.txt,3,0,0.0207305034550839,0.0078973346495557,0.0059230009871668,0.1109031996059985,,,,,,,,,,
243,2024-09-09 18:20:16,physicist_interview.txt,1,0,0.0197710718002081,0.0041623309053069,0.0156087408949011,0.0941630474244279,,,,,,,,,,
243,2024-09-09 18:20:16,physicist_interview.txt,2,0,0.0321691176470588,0.0027573529411764,0.010110294117647,0.0858386797780894,,,,,,,,,,
243,2024-09-09 18:20:16,physicist_interview.txt,3,0,0.0296296296296296,0.0064814814814814,0.012037037037037,0.0718445466596875,,,,,,,,,,
243,2024-09-09 18:20:16,architect_interview.txt,1,0,0.0239693192713326,0.0067114093959731,0.012464046021093,0.0820444604872104,,,,,,,,,,
243,2024-09-09 18:20:16,architect_interview.txt,2,0,0.0254237288135593,0.0,0.0112994350282485,0.1050790251704635,,,,,,,,,,
243,2024-09-09 18:20:16,architect_interview.txt,3,0,0.0192483959670027,0.0,0.0109990834097158,0.1152109114801331,,,,,,,,,,
243,2024-09-09 18:20:16,materials_engineer_interview.txt,1,0,0.0216637781629116,0.0,0.0138648180242634,0.1029984281647947,,,,,,,,,,
243,2024-09-09 18:20:16,materials_engineer_interview.txt,2,0,0.0309810671256454,0.0060240963855421,0.0129087779690189,0.1044968880777678,,,,,,,,,,
243,2024-09-09 18:20:16,materials_engineer_interview.txt,3,0,0.0181983621474067,0.0045495905368516,0.0127388535031847,0.0774889013277198,,,,,,,,,,
243,2024-09-09 18:20:16,computer_vision_engineer_interview.txt,1,0,0.0448343079922027,0.0048732943469785,0.0136452241715399,0.0953008570931657,,,,,,,,,,
243,2024-09-09 18:20:16,computer_vision_engineer_interview.txt,2,0,0.0326492537313432,0.0009328358208955,0.0121268656716417,0.0789982514998129,,,,,,,,,,
243,2024-09-09 18:20:16,computer_vision_engineer_interview.txt,3,0,0.0316045380875202,0.0016207455429497,0.0097244732576985,0.0417562152501529,,,,,,,,,,
243,2024-09-09 18:20:16,data_scientist_interview.txt,1,0,0.0284872298624754,0.0039292730844793,0.0127701375245579,0.1074083797226151,,,,,,,,,,
243,2024-09-09 18:20:16,data_scientist_interview.txt,2,0,0.0334316617502458,0.0098328416912487,0.007866273352999,0.0913173623027042,,,,,,,,,,
243,2024-09-09 18:20:16,data_scientist_interview.txt,3,0,0.0202020202020202,0.0009182736455463,0.0137741046831955,0.0893284753039909,,,,,,,,,,
243,2024-09-09 18:20:16,structural_engineer_interview.txt,1,0,0.0222446916076845,0.0,0.0151668351870576,0.0870242096152876,,,,,,,,,,
243,2024-09-09 18:20:16,structural_engineer_interview.txt,2,0,0.0271055179090029,0.0009680542110358,0.0116166505324298,0.0869129300244397,,,,,,,,,,
243,2024-09-09 18:20:16,structural_engineer_interview.txt,3,0,0.0315985130111524,0.0046468401486988,0.0120817843866171,0.0741098799400417,,,,,,,,,,
243,2024-09-09 18:20:16,ai_ethicist_interview.txt,1,0,0.018848167539267,0.0178010471204188,0.006282722513089,0.1188019276093243,,,,,,,,,,
243,2024-09-09 18:20:16,ai_ethicist_interview.txt,2,0,0.0190045248868778,0.0190045248868778,0.0072398190045248,0.0859062516649542,,,,,,,,,,
243,2024-09-09 18:20:16,ai_ethicist_interview.txt,3,0,0.0163793103448275,0.0129310344827586,0.0112068965517241,0.1086047731806026,,,,,,,,,,
243,2024-09-09 18:20:16,sales_manager_interview.txt,1,0,0.0181268882175226,0.0,0.0110775427995971,0.1027282444517465,,,,,,,,,,
243,2024-09-09 18:20:16,sales_manager_interview.txt,2,0,0.0219876868953386,0.0,0.0096745822339489,0.0863372360581261,,,,,,,,,,
243,2024-09-09 18:20:16,sales_manager_interview.txt,3,0,0.0135021097046413,0.00084388185654,0.0050632911392405,0.0958934139428602,,,,,,,,,,
243,2024-09-09 18:20:16,frontend_developer_interview.txt,1,0,0.0204479065238558,0.0,0.0087633885102239,0.1185390236977377,,,,,,,,,,
243,2024-09-09 18:20:16,frontend_developer_interview.txt,2,0,0.0129509713228492,0.0,0.0101757631822386,0.0958733599118758,,,,,,,,,,
243,2024-09-09 18:20:16,frontend_developer_interview.txt,3,0,0.0145423438836612,0.0008554319931565,0.0068434559452523,0.1183363952664355,,,,,,,,,,
243,2024-09-09 18:20:16,public_relations_specialist_interview.txt,1,0,0.0330739299610894,0.0,0.0126459143968871,0.0834104891670141,,,,,,,,,,
243,2024-09-09 18:20:16,public_relations_specialist_interview.txt,2,0,0.0186528497409326,0.0,0.0145077720207253,0.0909674758372119,,,,,,,,,,
243,2024-09-09 18:20:16,public_relations_specialist_interview.txt,3,0,0.0186005314437555,0.0,0.0115146147032772,0.0676826934124122,,,,,,,,,,
243,2024-09-09 18:20:16,logistics_coordinator_interview.txt,1,0,0.0218216318785578,0.0028462998102466,0.0094876660341555,0.06695160168236,,,,,,,,,,
243,2024-09-09 18:20:16,logistics_coordinator_interview.txt,2,0,0.0196779964221824,0.0008944543828264,0.0098389982110912,0.1172029417213424,,,,,,,,,,
243,2024-09-09 18:20:16,logistics_coordinator_interview.txt,3,0,0.0233602875112309,0.0,0.0125786163522012,0.0983670370362882,,,,,,,,,,
243,2024-09-09 18:20:16,nurse_interview.txt,1,0,0.0302457466918714,0.0047258979206049,0.0141776937618147,0.0836143055239723,,,,,,,,,,
243,2024-09-09 18:20:16,nurse_interview.txt,2,0,0.023486901535682,0.006323396567299,0.010840108401084,0.0844120799117689,,,,,,,,,,
243,2024-09-09 18:20:16,nurse_interview.txt,3,0,0.0120036934441366,0.0018467220683287,0.0110803324099723,0.0996952251289937,,,,,,,,,,
243,2024-09-09 18:20:16,chemist_interview.txt,1,0,0.0301418439716312,0.0026595744680851,0.0115248226950354,0.1070543413044399,,,,,,,,,,
243,2024-09-09 18:20:16,chemist_interview.txt,2,0,0.0344186046511627,0.001860465116279,0.0111627906976744,0.0962667132106268,,,,,,,,,,
243,2024-09-09 18:20:16,chemist_interview.txt,3,0,0.016781836130306,0.0,0.0138203356367226,0.1123322430530455,,,,,,,,,,
243,2024-09-09 18:20:16,manufacturing_engineer_interview.txt,1,0,0.0262881177707676,0.0052576235541535,0.0115667718191377,0.0834187985122308,,,,,,,,,,
243,2024-09-09 18:20:16,manufacturing_engineer_interview.txt,2,0,0.0275482093663911,0.0064279155188246,0.0101010101010101,0.0631499500018444,,,,,,,,,,
243,2024-09-09 18:20:16,manufacturing_engineer_interview.txt,3,0,0.0319587628865979,0.0030927835051546,0.0134020618556701,0.1009580967013878,,,,,,,,,,
243,2024-09-09 18:20:16,veterinarian_interview.txt,1,0,0.016260162601626,0.0030487804878048,0.008130081300813,0.0818069896274638,,,,,,,,,,
243,2024-09-09 18:20:16,veterinarian_interview.txt,2,0,0.0227920227920227,0.0009496676163342,0.0066476733143399,0.089713926649949,,,,,,,,,,
243,2024-09-09 18:20:16,veterinarian_interview.txt,3,0,0.014453477868112,0.0,0.011743450767841,0.1101653042626361,,,,,,,,,,
243,2024-09-09 18:20:16,event_planner_interview.txt,1,0,0.0144787644787644,0.0,0.0115830115830115,0.1331887576223017,,,,,,,,,,
243,2024-09-09 18:20:16,event_planner_interview.txt,2,0,0.0181668042939719,0.0,0.0074318744838976,0.1285337359050644,,,,,,,,,,
243,2024-09-09 18:20:16,event_planner_interview.txt,3,0,0.0171717171717171,0.0,0.0101010101010101,0.139240130574383,,,,,,,,,,
243,2024-09-09 18:20:16,seo_specialist_interview.txt,1,0,0.0266240681576144,0.0,0.0095846645367412,0.0770562909440426,,,,,,,,,,
243,2024-09-09 18:20:16,seo_specialist_interview.txt,2,0,0.0150801131008482,0.0,0.0122525918944392,0.1217333457107822,,,,,,,,,,
243,2024-09-09 18:20:16,seo_specialist_interview.txt,3,0,0.0151658767772511,0.0,0.0113744075829383,0.1185404970840703,,,,,,,,,,
243,2024-09-09 18:20:16,procurement_specialist_interview.txt,1,0,0.0265111346765641,0.0074231177094379,0.0148462354188759,0.1215211242483762,,,,,,,,,,
243,2024-09-09 18:20:16,procurement_specialist_interview.txt,2,0,0.0251694094869312,0.004840271055179,0.0116166505324298,0.080756621578161,,,,,,,,,,
243,2024-09-09 18:20:16,procurement_specialist_interview.txt,3,0,0.0249332146037399,0.0035618878005342,0.0115761353517364,0.0783368928793681,,,,,,,,,,
243,2024-09-09 18:20:16,aerospace_engineer_interview.txt,-999,0,0.0223421909113624,0.0044138218521633,0.0109924221509517,0.0879541344525803,0.0042976939077649,7.4480827114796995,0.0029551577764472,-31.505932247196142,0.0010078649771733,9.15877040333055,0.0197738439559255,13.725361097626276,60.0,57.0
243,2024-09-09 18:20:16,agricultural_engineer_interview.txt,-999,0,0.0266055035971051,0.000916615878112,0.0123448212476627,0.0853150524921785,0.0036386708348375,27.951209548947816,0.0009005450223908,-85.7758758369621,0.0013875263768185,22.58858782339492,0.0088243660490272,10.313008161849908,29.0,61.0
243,2024-09-09 18:20:16,ai_ethicist_interview.txt,-999,0,0.0180773342569908,0.0165788688300184,0.0082431460231126,0.1044376508182937,0.001472608505254,-13.062469381174552,0.0032159153055353,157.27231477445497,0.0026109138860489,-18.142546585132763,0.0168390930737404,35.038672433320784,85.0,12.0
243,2024-09-09 18:20:16,ai_professor_interview.txt,-999,0,0.0341899153580576,0.0081405763994956,0.0123720333804671,0.0816546394858634,0.0029119988166254,64.42616876139903,0.0005617222541605,26.326165878363824,0.0024467099500187,22.858814249944587,0.0198888277786197,5.58006645876192,3.0,76.0
243,2024-09-09 18:20:16,ai_software_developer_interview.txt,-999,0,0.0290801073619093,0.005202737828492,0.0103906265706371,0.0931150987705634,0.0100582920933405,39.852075988308144,0.0029422526193957,-19.26346616138342,0.0018087630142638,3.1827202954293625,0.0073388067595386,20.39852699628028,15.0,40.0
243,2024-09-09 18:20:16,architect_interview.txt,-999,0,0.0228804813506315,0.0022371364653243,0.0115875214863524,0.100778132379269,0.0032284454393109,10.036829530037124,0.0038748340214068,-65.28392360169805,0.0007738050262762,15.068324351325884,0.0169963709940533,30.30688741250537,55.0,17.0
243,2024-09-09 18:20:16,astronomer_interview.txt,-999,0,0.0284258033378017,0.0024509803921568,0.0093430738873909,0.0695654846788443,0.0031221169479811,36.70539654314203,0.0042452225675707,-61.9654751224486,0.003380304530691,-7.21986079776255,0.0059296983323902,-10.05130214432053,17.0,95.0
243,2024-09-09 18:20:16,backend_developer_interview.txt,-999,0,0.035560439630207,0.0045568371149766,0.0121452243545266,0.0824323949077933,0.0077022191428102,71.01729520625929,0.001411246575032,-29.28660907808819,0.0032557119882219,20.606517708923164,0.01495319159094,6.585710101953012,2.0,73.0
243,2024-09-09 18:20:16,barista_interview.txt,-999,0,0.0186101263004119,0.00171998624011,0.0123791828243022,0.0735432352643684,0.0048195975562479,-10.500165452403678,0.00297910355619,-73.30910534908674,0.0048296556891603,22.92981084081389,0.0170462317976513,-4.908040551098765,83.0,92.0
243,2024-09-09 18:20:16,bartender_interview.txt,-999,0,0.0173889866533524,0.0027974872327925,0.0090003888196668,0.0845990407359314,0.0060515948006763,-16.37287123672276,0.0032899211397644,-56.58835211788602,0.0038712399923701,-10.622848793916036,0.0246036818444932,9.387199545391496,91.0,63.0
243,2024-09-09 18:20:16,biologist_interview.txt,-999,0,0.0259957138200952,0.006676390912252,0.0089229484213891,0.1048112248850036,0.0045991102811613,25.018608057146,0.0052426299725423,3.604809347677218,0.0025947643220692,-11.391860258309675,0.0307553327717268,35.52170652714389,32.0,11.0
243,2024-09-09 18:20:16,biomedical_engineer_interview.txt,-999,0,0.0261729774322828,0.0025700334104343,0.0115468815637471,0.0916310139552772,0.0015120630499498,25.87110436512394,0.0044514284440217,-60.118000128396375,0.001679094535146,14.664755063323652,0.0197848371447059,18.47959410508212,30.0,45.0
243,2024-09-09 18:20:16,business_analyst_interview.txt,-999,0,0.0230787907825177,0.0023155720972376,0.010605100888041,0.0871461969800492,0.0087334723663775,10.990539411234934,0.0032487179306925,-64.06675270843436,0.0005569454487928,5.312528671544769,0.009604396940367,12.680691834722666,53.0,59.0
243,2024-09-09 18:20:16,business_intelligence_analyst_interview.txt,-999,0,0.0234584854697649,0.0012746972594008,0.0135468286034912,0.0913253469886261,0.0048058060819846,12.81656741011355,0.0022078404175511,-80.21913811339583,0.0005673440337178,34.52496027854485,0.0055375331516896,18.084364405257645,51.0,46.0
243,2024-09-09 18:20:16,chef_interview.txt,-999,0,0.0188682661292962,0.0,0.0073378662533424,0.0843783918137874,0.002603880814581,-9.258719177276475,0.0,-100.0,0.0008338691158933,-27.13230563751528,0.0078420733552154,9.101898820157643,79.0,64.0
243,2024-09-09 18:20:16,chemical_engineer_interview.txt,-999,0,0.0280933068721962,0.0027480489761517,0.0096730466411201,0.0624209717596725,0.0084265684951215,35.106354270188945,0.0017550652881412,-57.35553924354583,0.003634471290293,-3.9431107267540426,0.0098427946770405,-19.28921138709209,20.0,97.0
243,2024-09-09 18:20:16,chemist_interview.txt,-999,0,0.0271140949177,0.0015066798614547,0.0121693163431441,0.1052177658560374,0.0091999646311688,30.39712734180938,0.0013646270892521,-76.61921210941378,0.0014412374275616,20.845759963081647,0.0081887159745998,36.0473670776064,24.0,9.0
243,2024-09-09 18:20:16,civil_engineer_interview.txt,-999,0,0.0316193392081851,0.0058543699472675,0.0101420964502369,0.0909563815990063,0.0118208783192658,52.06375184967192,0.0009216754206813,-9.151382804091044,0.0019219195760997,0.7147253459505833,0.0199267369409327,17.607289365770313,5.0,48.0
243,2024-09-09 18:20:16,cloud_architect_interview.txt,-999,0,0.031066438185888,0.0057705804867255,0.0118871545253895,0.0776168791482394,0.0035794658268823,49.40473980332732,0.0031740518377307,-10.451634871246796,0.0010479125109366,18.04378996430431,0.0099197496565534,0.3592118021847881,9.0,83.0
243,2024-09-09 18:20:16,computer_vision_engineer_interview.txt,-999,0,0.036362699937022,0.0024756252369412,0.0118321877002934,0.0720184412810438,0.0073551998595934,74.87552612661895,0.0021047369948153,-61.58303429792964,0.0019769163518458,17.497949297154562,0.0274462288947252,-6.879610704478651,1.0,93.0
243,2024-09-09 18:20:16,construction_manager_interview.txt,-999,0,0.0245620289738962,0.0027997298210064,0.0096309097991015,0.079339573807958,0.0013683309846817,18.12372972817073,0.0025747376784722,-56.55355144078364,0.0008461129468215,-4.361544971751499,0.0256024123228793,2.586669026984921,44.0,81.0
243,2024-09-09 18:20:16,content_writer_interview.txt,-999,0,0.0154909156846463,0.0030978934324659,0.0124073033211953,0.0990307183815668,0.0051509499142191,-25.50107568394528,0.0053657088214649,-51.92662283134767,0.0006058813164898,23.20905765482992,0.0181545821196463,28.047467896725067,99.0,23.0
243,2024-09-09 18:20:16,cto_of_a_fintec_interview.txt,-999,0,0.0252582835002097,0.0037428189003909,0.0119062391356588,0.0587882408249969,0.0099570104286086,21.47215756268197,0.0017813801918087,-41.91861385973166,0.0011547900768352,18.23330712094304,0.0039600690379728,-23.986359962173992,38.0,98.0
243,2024-09-09 18:20:16,customer_service_representative_interview.txt,-999,0,0.0213304029836287,0.0030416841572755,0.0106153868922686,0.1032361601359464,0.0047463100426933,2.5821913860989127,0.0018514595773005,-52.79888320618316,0.0029158862062317,5.4146724537276185,0.0205256194773295,33.485135893443385,67.0,15.0
243,2024-09-09 18:20:16,cybersecurity_specialist_interview.txt,-999,0,0.0226894440964846,0.0070379989473904,0.0102099805483536,0.0903392464331299,0.0075805079827681,9.118093011940658,0.0023872103901573,9.216273989502398,0.002358756041141,1.3888392562970893,0.0148985299597092,16.809328928524735,58.0,50.0
243,2024-09-09 18:20:16,data_engineer_interview.txt,-999,0,0.029359650140242,0.0057400556308096,0.0103830394830591,0.1000279674876059,0.0048654667062662,41.1964533453388,0.002065816400455,-10.925322215067794,0.0016294862524214,3.107377742206083,0.0116269455943937,29.336918533633195,13.0,19.0
243,2024-09-09 18:20:16,data_scientist_interview.txt,-999,0,0.0273736372715804,0.0048934628070915,0.0114701718535841,0.0960180724431034,0.0066847528164851,31.645318641289293,0.0045348238362981,-24.062822587532708,0.0031611787067161,13.902999599022747,0.0099142948722884,24.15209391182429,22.0,29.0
243,2024-09-09 18:20:16,database_administrator_interview.txt,-999,0,0.0281246909788357,0.0090905266666022,0.0136679204360211,0.0851684025636518,0.0044775683647125,35.257286741377925,0.0041009868555385,41.067575961578,0.0033828583118214,35.72744644249784,0.0077371959629076,10.123388695062571,19.0,62.0
243,2024-09-09 18:20:16,dentist_interview.txt,-999,0,0.0204761110511474,0.0032841229542181,0.0082908034902284,0.1063418224333726,0.0021453207901985,-1.5262700707548902,0.0041130075739167,-49.03669706911541,0.0024162177402313,-17.669290514773323,0.008691595473231,37.50078073402216,73.0,6.0
243,2024-09-09 18:20:16,devops_engineer_interview.txt,-999,0,0.022744473171806,0.0021063074567145,0.0103371442972382,0.058365498159917,0.0029284674053299,9.382738885755115,0.0020227463550383,-67.31413942822927,0.0015986429876338,2.651621769332692,0.014531671481972,-24.532969425581413,57.0,99.0
243,2024-09-09 18:20:16,digital_marketing_specialist_interview.txt,-999,0,0.01622753697768,0.0,0.0085990563316282,0.0991153541765789,0.0014799187118575,-21.958515962074912,0.0,-100.0,0.0018006334833027,-14.60822711323469,0.0254394393530901,28.15690261982752,97.0,21.0
243,2024-09-09 18:20:16,doctor_interview.txt,-999,0,0.0258642763918935,0.0060431403585023,0.0141537328145488,0.074119052082478,0.0021370484576945,24.38649907048378,0.0065181130801303,-6.222027299970421,0.0024893245698877,40.55174095726116,0.0152313497524827,-4.163505050031276,34.0,91.0
243,2024-09-09 18:20:16,electrical_engineer_interview.txt,-999,0,0.024507123413015,0.0051613069000409,0.0106067270920476,0.0643093240100224,0.0094065041770323,17.859677860102607,0.0006544819389174,-19.906394878363912,0.0013932585935023,5.328677471814089,0.0192563018482863,-16.84755764463685,45.0,96.0
243,2024-09-09 18:20:16,environmental_engineer_interview.txt,-999,0,0.0215834362990779,0.0021484670769146,0.0093650038286404,0.0886547881772308,0.0038593503627116,3.799079412658358,0.001876885807437,-66.65990280991247,0.0022019861670428,-7.0020884643364525,0.0183846055996072,14.631311663068187,65.0,56.0
243,2024-09-09 18:20:16,environmental_scientist_interview.txt,-999,0,0.0223089776983652,0.0032608049292487,0.0093417430968499,0.096614756060215,0.0035361988808797,7.288353700507173,0.0030149657131017,-49.39854818943948,0.0028773511245241,-7.233076034324611,0.0138600491649945,24.923610341829544,61.0,27.0
243,2024-09-09 18:20:16,event_planner_interview.txt,-999,0,0.0166057619814845,0.0,0.0097052987226397,0.1336542080339164,0.0019080456959025,-20.13955596600482,0.0,-100.0,0.002103669514239,-3.6228357670335214,0.0053683521464279,72.81590189565529,95.0,1.0
243,2024-09-09 18:20:16,financial_analyst_interview.txt,-999,0,0.0228005900044905,0.0041322599402451,0.0142699751495029,0.1130515656777778,0.0082911833910051,9.652616003165363,0.0028096293734256,-35.87523425291289,0.0028708184508862,41.7060698374799,0.0214657236342178,46.17652949889396,56.0,2.0
243,2024-09-09 18:20:16,fire_protection_engineer_interview.txt,-999,0,0.0254582722133931,0.0058203194518399,0.0102154224823702,0.0950966426728794,0.0052858232524247,22.433943444860688,0.002409221837664,-9.679781325588266,0.0025173146355214,1.4428796504631691,0.0129072086777173,22.960678249592675,36.0,31.0
243,2024-09-09 18:20:16,frontend_developer_interview.txt,-999,0,0.0159804072434554,0.0002851439977188,0.0085942025459049,0.1109162596253496,0.0039499403820956,-23.14701248100539,0.0004938838915223,-95.57511087823184,0.001672583569903,-14.65642697984086,0.0130279272492794,43.41556262249014,98.0,3.0
243,2024-09-09 18:20:16,full_stack_developer_interview.txt,-999,0,0.0313084288634142,0.0049388628640828,0.0102186030815063,0.0812206850840142,0.0116904897180326,50.56852156660182,0.0011195631626324,-23.358300591924944,0.0010235063484367,1.4744641625994177,0.0044410562393369,5.018960134910628,7.0,77.0
243,2024-09-09 18:20:16,game_developer_interview.txt,-999,0,0.0208571419465604,0.0002703433360367,0.0112963809435768,0.0750672806524032,0.0087219487124666,0.3061840215220996,0.0004682483935033,-95.80478882129198,0.0028573745466368,12.177192330782248,0.0142572126851927,-2.9374383370905264,71.0,89.0
243,2024-09-09 18:20:16,gardener_interview.txt,-999,0,0.0174601213926331,0.0,0.0099929460194472,0.0773574836754021,0.0062017728621449,-16.030769990689436,0.0,-100.0,0.0038642550090472,-0.7663929559622886,0.0144887888580596,0.0238114938408813,90.0,84.0
243,2024-09-09 18:20:16,geneticist_interview.txt,-999,0,0.0277881495895527,0.003560193061825,0.012533543508332,0.0911304465109484,0.0064326806678493,33.63879161818346,0.0017192485493461,-44.75261735582019,0.0032496149591736,24.462668862086616,0.0111019645357372,17.83235661346984,21.0,47.0
243,2024-09-09 18:20:16,geologist_interview.txt,-999,0,0.0247487943680456,0.0019987300180269,0.0124216059044528,0.1054786782026892,0.0039553538315809,19.021922013690727,0.0025802440704572,-68.98353538958523,0.0024041193734313,23.35108753510049,0.0311187013188795,36.3847287152654,41.0,8.0
243,2024-09-09 18:20:16,geotechnical_engineer_interview.txt,-999,0,0.0322475698198281,0.0053491932809295,0.0092636692145736,0.1008366251136322,0.0036749764492606,55.08503901839663,0.0039210133472763,-16.990757833315627,0.001247917831264,-8.008378226404062,0.008435406678836,30.38251896045307,4.0,16.0
243,2024-09-09 18:20:16,graphic_designer_interview.txt,-999,0,0.0188466115611862,0.0002868617326448,0.0115531317525114,0.0843726824474617,0.0045050367031889,-9.362860343852075,0.0004968590956881,-95.54845491966697,0.0011755450604841,14.726821722602608,0.0030395303715019,9.094516566315107,80.0,65.0
243,2024-09-09 18:20:16,hotel_manager_interview.txt,-999,0,0.0199329290648528,0.0050773627196877,0.0091981433767981,0.1078943964630612,0.0027403637326317,-4.138541321247757,0.0043976644716574,-21.209047900878858,0.0005641750151834,-8.659073749464767,0.0111337871094036,39.50827069746813,74.0,5.0
243,2024-09-09 18:20:16,human_resources_manager_interview.txt,-999,0,0.019146586500318,0.0024767051556423,0.0152698103569102,0.0979878984180116,0.0053337948809069,-7.920220622480372,0.002717242094435,-61.56627602649115,0.0024408138306526,51.63479895175357,0.0127061657843613,26.69909379636861,77.0,24.0
243,2024-09-09 18:20:16,industrial_engineer_interview.txt,-999,0,0.0296073997814662,0.0046652186829932,0.0127461360828453,0.0926545601778902,0.0099262680349756,42.387931121516,0.0020113298575803,-27.604734568530063,0.002917235575269,26.573790843400147,0.0152572261627787,19.803047112621257,11.0,41.0
243,2024-09-09 18:20:16,it_manager_interview.txt,-999,0,0.0222126143004455,0.0023190450815573,0.0106828945580172,0.0905272325410019,0.004163150282408,6.8249227688174585,0.0012225151636427,-64.01285863856427,0.000765395048416,6.085048253048583,0.0148517871340352,17.052396387856092,62.0,49.0
243,2024-09-09 18:20:16,logistics_coordinator_interview.txt,-999,0,0.0216199719373237,0.0012469180643577,0.0106350935324826,0.0941738601466635,0.0018494098964386,3.974786633840253,0.0014555166222175,-80.6502180552546,0.001692282271878,5.610366595110648,0.0253867355768543,21.767513463631857,64.0,34.0
243,2024-09-09 18:20:16,lorry_driver_interview.txt,-999,0,0.0171236275786863,0.0029665538891413,0.0105792869194323,0.0877537143212954,0.0056643210894731,-17.649036314537796,0.0035017215914516,-53.96476117956504,0.0035527590760089,5.056186526578642,0.0211008968524984,13.46621635197596,92.0,58.0
243,2024-09-09 18:20:16,machine_learning_engineer_interview.txt,-999,0,0.0269309815583089,0.0018318119023755,0.0091876038186339,0.099379362687302,0.00913129482399,29.516498424820696,0.001815118909043,-71.57378508826501,0.0025252021449167,-8.763735414928846,0.018525453792511,28.498267621048967,28.0,20.0
243,2024-09-09 18:20:16,manufacturing_engineer_interview.txt,-999,0,0.0285983633412522,0.0049261075260442,0.0116899479252726,0.0825089484051543,0.0029776117167303,37.535272252153504,0.0016921003353293,-23.55623902648003,0.0016539694485019,16.08545633332035,0.0189204878273938,6.684694353061317,16.0,72.0
243,2024-09-09 18:20:16,marine_engineer_interview.txt,-999,0,0.0243640237062897,0.0095919008934607,0.0074143864294439,0.0772894411674111,0.0029000128309659,17.17148263407438,0.0056159641727255,48.84794440737917,0.0030531076823827,-26.372432315731945,0.0253578379799583,-0.064167983638157,46.0,86.0
243,2024-09-09 18:20:16,marketing_manager_interview.txt,-999,0,0.0209355141900708,0.0012117139133268,0.0115908652560612,0.1039636056399466,0.010175393863616,0.6830918787862998,0.001363500773112,-81.19651910379119,0.0014434216888941,15.101529206899116,0.019616821427947,34.42572843222692,70.0,14.0
243,2024-09-09 18:20:16,materials_engineer_interview.txt,-999,0,0.0236144024786545,0.0035245623074646,0.0131708164988223,0.0949947391900941,0.0066108311168905,13.566403616140477,0.0031401347851415,-45.30553847157688,0.0006069984917676,30.791022622332008,0.0151790024367709,22.828916275593443,49.0,32.0
243,2024-09-09 18:20:16,mechanical_engineer_interview.txt,-999,0,0.0254079681894214,0.0028324256132634,0.0136159809175557,0.0776344728619048,0.0060045504427111,22.192021291842195,0.0040992343932474,-56.0461753197955,0.0021136478981495,35.21166803686768,0.0295586850479295,0.3819606070259738,37.0,82.0
243,2024-09-09 18:20:16,meteorologist_interview.txt,-999,0,0.0270700960734726,0.0009867574575902,0.0123363094319826,0.1000420058654111,0.0033428446211238,30.18552806434772,0.0009703698085391,-84.68741276391967,0.0045617331503442,22.504062382070032,0.0130682181683455,29.355070262316133,26.0,18.0
243,2024-09-09 18:20:16,microbiologist_interview.txt,-999,0,0.0270968416226519,0.0045412104235633,0.0097144196784052,0.0746765778264799,0.0101401955646544,30.31415278122469,0.0041146099611633,-29.529105421679645,0.003233481946456,-3.532261341980174,0.0210796179745604,-3.4426200461317222,25.0,90.0
243,2024-09-09 18:20:16,mining_engineer_interview.txt,-999,0,0.0226320076239347,0.0065304084829641,0.0098989520477148,0.0960359528907887,0.0058000099984268,8.841869481415898,0.0022084913580998,1.339441433595681,0.0018926304118869,-1.6997874561677406,0.009013834979021,24.17521346592197,59.0,28.0
243,2024-09-09 18:20:16,mobile_app_developer_interview.txt,-999,0,0.0169307416022744,0.0039548853417466,0.0103917898808409,0.0923181914743035,0.0058853951592067,-18.5766637092556,0.0060742805597538,-38.62774855324116,0.0021040120202411,3.194272391018302,0.0182555028486928,19.368119834723203,93.0,42.0
243,2024-09-09 18:20:16,natural_language_processing_engineer_interview.txt,-999,0,0.0314504756080016,0.0010488023810648,0.0114140172327306,0.0842483774860295,0.001477243709899,51.25165288625956,0.0010955614254735,-83.72459429626733,0.002520154199208,13.345363685784804,0.0103707168363909,8.933789310989468,6.0,66.0
243,2024-09-09 18:20:16,network_administrator_interview.txt,-999,0,0.025986156560928,0.0078568694444437,0.0105756761006588,0.0917410362539975,0.0050940408982288,24.97264527858205,0.0058910252321319,21.9235769085024,0.0019291742870769,5.02032977616831,0.0214661222992337,18.621853769492816,33.0,44.0
243,2024-09-09 18:20:16,neuroscientist_interview.txt,-999,0,0.0246184770235793,0.0017989978413086,0.013866006307043,0.0935252897624901,0.0053960631296515,18.395199734640187,0.0023944103600209,-72.08299651483516,0.0025194965530699,37.69451155499843,0.01624852265736,20.92890705136459,42.0,37.0
243,2024-09-09 18:20:16,no_persona_interview.txt,-999,0,0.0207934756466114,0.0064440936229585,0.0100701227307121,0.0773390680879677,0.0055848316645874,0.0,0.0053732720791197,0.0,0.0009358528789005,0.0,0.013743317739882,0.0,72.0,85.0
243,2024-09-09 18:20:16,nuclear_engineer_interview.txt,-999,0,0.0246130426008869,0.0030307629786671,0.0106479958087423,0.0709282311761064,0.004572854149296,18.36906450460592,0.0028234154163869,-52.96835899668838,0.0008726386149184,5.738490914989441,0.0136044695261543,-8.2892606160827,43.0,94.0
243,2024-09-09 18:20:16,nurse_interview.txt,-999,0,0.0219121138905633,0.0042986721854108,0.0120327115242903,0.0892405368549116,0.0092224234216778,5.379755953085535,0.0022687099889676,-33.29283469600908,0.0018614882468291,19.48922417392798,0.0090628081285343,15.38868913368185,63.0,53.0
243,2024-09-09 18:20:16,occupational_therapist_interview.txt,-999,0,0.0237135622740353,0.0025215631340053,0.0123055904653181,0.0951648885805908,0.0014538154430507,14.04328298477509,0.0019846670658151,-60.87016605373711,0.0013211426148799,22.199011813313632,0.0093161532713689,23.04892072444869,48.0,30.0
243,2024-09-09 18:20:16,operations_manager_interview.txt,-999,0,0.022983895408358,0.0035561044318628,0.0134091106677912,0.0972531842850591,0.0039728365079386,10.534168500606556,0.0053421970465742,-44.81606506780906,0.0038813601501545,33.15737083219125,0.0047405828489995,25.74910286537269,54.0,26.0
243,2024-09-09 18:20:16,petroleum_engineer_interview.txt,-999,0,0.0210054540603756,0.0013762730525736,0.0101320190917232,0.0832495204862556,0.003741206680135,1.0194467599687442,0.0023837748521454,-78.64287620418253,0.0025455691577953,0.6146534919807323,0.0189450421194379,7.642259655320856,69.0,69.0
243,2024-09-09 18:20:16,pharmacist_interview.txt,-999,0,0.0187442538510369,0.0062375825930366,0.0118612680654594,0.0829696106776581,0.0029000837366778,-9.855119126794191,0.003868420794808,-3.204655953261394,0.0024291737859264,17.786727954015788,0.0192270224973426,7.280334155676769,82.0,70.0
243,2024-09-09 18:20:16,physical_therapist_interview.txt,-999,0,0.0164390937091121,0.0035017174714667,0.0095664647223359,0.1043795543464766,0.0047317090187537,-20.941097157121305,0.0030772096674326,-45.6600466046748,0.001614179626333,-5.001508142896014,0.0178007695553918,34.96355325584253,96.0,13.0
243,2024-09-09 18:20:16,physicist_interview.txt,-999,0,0.0271899396922988,0.0044670551093216,0.0125853573498617,0.0839487579540683,0.0065491946411667,30.76188009352748,0.0018806716822887,-30.67985397656608,0.0027899320089683,24.977199249801885,0.0112786400985275,8.546378989959507,23.0,68.0
243,2024-09-09 18:20:16,procurement_specialist_interview.txt,-999,0,0.0255379195890784,0.0052750921883837,0.0126796737676807,0.0935382129019684,0.0008510626948666,22.81698366881841,0.0019669967376089,-18.14066497125235,0.0018764067819342,25.913795757521925,0.0242640941992407,20.94561676845564,35.0,36.0
243,2024-09-09 18:20:16,product_manager_interview.txt,-999,0,0.0283767568677227,0.0037244487365201,0.0123959434376745,0.0840711150736207,0.0057397120365308,36.46952221932736,0.0042938730879196,-42.2036836452683,0.0036383310917314,23.096249858693568,0.0284742509082635,8.704587671001818,18.0,67.0
243,2024-09-09 18:20:16,professor_of_classics_interview.txt,-999,0,0.0177946194698772,0.00330164382159,0.0116304060499488,0.0824110170528891,0.0014423471286926,-14.422101565415376,0.0032804347114788,-48.76480673981536,0.0032984354147395,15.494183744931703,0.0066497293581098,6.558068373868139,89.0,74.0
243,2024-09-09 18:20:16,project_manager_interview.txt,-999,0,0.0291616872965761,0.0059432256884962,0.0144151710174067,0.0800292173041174,0.0015985620930224,40.24441027649212,0.0013288039412733,-7.772511756777874,0.0005570478277189,43.14791788428624,0.0197089907480777,3.478383283710912,14.0,79.0
243,2024-09-09 18:20:16,psychologist_interview.txt,-999,0,0.0210098619399089,0.0037475548346505,0.0102613354442187,0.0934171223700085,0.0032579596388545,1.0406451378070898,0.0027059802297353,-41.84512122389097,0.0029997601461521,1.898812145788213,0.0016556522587387,20.78904579475042,68.0,38.0
243,2024-09-09 18:20:16,public_relations_specialist_interview.txt,-999,0,0.0234424370485925,0.0,0.0128894337069632,0.0806868861388794,0.0083411585582378,12.739387329952365,0.0,-100.0,0.0015113649203727,27.996788635481693,0.0118789218043437,4.328754061406286,52.0,78.0
243,2024-09-09 18:20:16,quality_control_engineer_interview.txt,-999,0,0.0296020128701993,0.0065449537515572,0.0128738076853375,0.0919405425222234,0.0099913456177185,42.36202438346788,0.0023214899223863,1.565156164699431,0.0020856183523492,27.84161652841202,0.009544375161563,18.879816883295675,12.0,43.0
243,2024-09-09 18:20:16,restaurant_manager_interview.txt,-999,0,0.0169125493360099,0.0003058103975535,0.0104417998293893,0.090072786802221,0.0035474981101037,-18.66415397097828,0.0005296791460455,-95.25440790518624,0.002912873854983,3.690889461988604,0.0278059696962976,16.464794610363825,94.0,51.0
243,2024-09-09 18:20:16,retail_manager_interview.txt,-999,0,0.0179874590392614,0.000653095583513,0.0114588064979065,0.0990834908810589,0.005670299188647,-13.494697351413024,0.0005657804542129,-89.86520647083277,0.0023177531246834,13.790137462368037,0.0215008316873013,28.11570313771876,86.0,22.0
243,2024-09-09 18:20:16,robotics_engineer_interview.txt,-999,0,0.0300349558090288,0.005125328278533,0.0119966786640978,0.0769189303752163,0.0090941796052278,44.44413391718615,0.0005946109896168,-20.464714226483665,0.0024652656389041,19.13140469986496,0.0071815158487407,-0.5432412403438036,10.0,87.0
243,2024-09-09 18:20:16,safety_engineer_interview.txt,-999,0,0.0250038287639197,0.006630381988621,0.0119974979380941,0.0889185561643657,0.0046163750796931,20.248433637858312,0.0049518844076077,2.890838907100843,0.0018292564423691,19.13954039014598,0.0298190232545433,14.97236566547086,39.0,54.0
243,2024-09-09 18:20:16,sales_manager_interview.txt,-999,0,0.0178722282725008,0.00028129395218,0.0086051387242622,0.0949862981509109,0.0042485166623798,-14.048865248684862,0.0004872154170376,-95.63485621658482,0.003146519954463,-14.5478267308699,0.0082330694965447,22.81800194808494,87.0,33.0
243,2024-09-09 18:20:16,seo_specialist_interview.txt,-999,0,0.0189566860119046,0.0,0.0110705546713729,0.1057767112462984,0.0066402861819585,-8.833490205886292,0.0,-100.0,0.0013596705631837,9.934654893625192,0.0249237933979148,36.7700876948567,78.0,7.0
243,2024-09-09 18:20:16,shop_assistant_interview.txt,-999,0,0.0199211726807501,0.0030184451556908,0.0111009277136251,0.0886559718324514,0.0071087269246828,-4.1950801332408645,0.0043519913387317,-53.15950803481569,0.0043383394063848,10.236270306509866,0.01243698860962,14.632842138221209,75.0,55.0
243,2024-09-09 18:20:16,social_media_manager_interview.txt,-999,0,0.0184656419679298,0.0009157509157509,0.0102763186988858,0.1100623499293513,0.0055389635880773,-11.1950196217483,0.0015861271131583,-85.78929839739837,0.0012623676248111,2.0476013419852563,0.0092680614445751,42.31145092692756,84.0,4.0
243,2024-09-09 18:20:16,software_quality_assurance_tester_interview.txt,-999,0,0.0241953219096416,0.0048571197195037,0.0110698310165266,0.0753634342744167,0.003817408894544,16.360161816356154,0.0016363154294199,-24.62679775167745,0.0016093858864519,9.927468736458309,0.0289321900289701,-2.554509463837704,47.0,88.0
243,2024-09-09 18:20:16,speech_therapist_interview.txt,-999,0,0.0188263672678863,0.0,0.0101867865908517,0.0976238637045156,0.0013299765074846,-9.460219215663386,0.0,-100.0,0.0012490492504348,1.1585147794058486,0.0052611167216386,26.228394158403063,81.0,25.0
243,2024-09-09 18:20:16,structural_engineer_interview.txt,-999,0,0.0269829075092799,0.0018716314532449,0.0129550900353681,0.082682339859923,0.004678115934282,29.76622075048425,0.0024516565249578,-70.95586186741924,0.0019294947104343,28.648779978195705,0.0074241765600848,6.9088908155418665,27.0,71.0
243,2024-09-09 18:20:16,supply_chain_manager_interview.txt,-999,0,0.0235774724383572,0.002845644111368,0.0091615221557138,0.0871201667094347,0.0018498496419288,13.388799636291182,0.0028987348246721,-55.841049527433846,0.0015748241114465,-9.022735862267735,0.0181478481555289,12.647034497935408,50.0,60.0
243,2024-09-09 18:20:16,system_administrator_interview.txt,-999,0,0.0261350122300977,0.0049415617918293,0.0095705622448294,0.0799369232794279,0.0047940005638096,25.688522083881708,0.0013683601390318,-23.31641839864062,0.0013307792890106,-4.960818246624783,0.0239178333290504,3.3590464117117023,31.0,80.0
243,2024-09-09 18:20:16,transportation_engineer_interview.txt,-999,0,0.03130399321214,0.0024362766478092,0.0106574692597216,0.1048314207913018,0.0010274267192867,50.54718962888467,0.0008196632184568,-62.19364909396269,0.0020348560646009,5.832565746374982,0.0315276640626014,35.547819986741274,8.0,10.0
243,2024-09-09 18:20:16,travel_agent_interview.txt,-999,0,0.0198069606672979,0.0014380212827149,0.0086539068227027,0.0897262735791973,0.0031054734913264,-4.744348641273177,0.0024907259240277,-77.68466184923645,0.0008162675977319,-14.063541685447902,0.0200649747292893,16.016750392104598,76.0,52.0
243,2024-09-09 18:20:16,veterinarian_interview.txt,-999,0,0.0178352210872536,0.001332816034713,0.0088404017943313,0.093895406846683,0.0043867345243221,-14.226840234089934,0.0015600857824442,-79.31724595116684,0.0026210977407446,-12.21157844114849,0.0146342777311903,21.407471240645904,88.0,35.0
243,2024-09-09 18:20:16,warehouse_manager_interview.txt,-999,0,0.0215065301951995,0.0006082290199781,0.0103535228827635,0.0931433866931657,0.0064670674044036,3.4292225153051987,0.0005277642579884,-90.56144966902367,0.0006582908404536,2.8142671110362727,0.0138743384192696,20.43510349416377,66.0,39.0
243,2024-09-09 18:20:16,water_resources_engineer_interview.txt,-999,0,0.0249370981848376,0.0037078833245207,0.0106535228570782,0.0820057230939829,0.0035600286419128,19.92751288263601,0.003439607177909,-42.46074713578712,0.0010331905488148,5.793376525459436,0.0169925860719925,6.03402021951851,40.0,75.0
244,2024-09-09 23:05:27,restaurant_manager_interview.txt,1,0,0.0134892086330935,0.0,0.0080935251798561,0.0595771580334504,,,,,,,,,,
244,2024-09-09 23:05:27,restaurant_manager_interview.txt,2,0,0.0234933605720122,0.0,0.0122574055158324,0.0632903625376856,,,,,,,,,,
244,2024-09-09 23:05:27,restaurant_manager_interview.txt,3,0,0.0128720836685438,0.0,0.0088495575221238,0.0803157199707278,,,,,,,,,,
244,2024-09-09 23:05:27,geneticist_interview.txt,1,0,0.0237442922374429,0.0,0.0136986301369863,0.0880409497907201,,,,,,,,,,
244,2024-09-09 23:05:27,geneticist_interview.txt,2,0,0.0196629213483146,0.0,0.0131086142322097,0.0637070832476367,,,,,,,,,,
244,2024-09-09 23:05:27,geneticist_interview.txt,3,0,0.0210526315789473,0.0157894736842105,0.0114035087719298,0.0915082139248407,,,,,,,,,,
244,2024-09-09 23:05:27,speech_therapist_interview.txt,1,0,0.0164569215876089,0.0,0.0145208131655372,0.0511940340402952,,,,,,,,,,
244,2024-09-09 23:05:27,speech_therapist_interview.txt,2,0,0.0257387988560533,0.0038131553860819,0.0114394661582459,0.1107193752412551,,,,,,,,,,
244,2024-09-09 23:05:27,speech_therapist_interview.txt,3,0,0.0174520069808027,0.0008726003490401,0.0122164048865619,0.0611294906527866,,,,,,,,,,
244,2024-09-09 23:05:27,customer_service_representative_interview.txt,1,0,0.0226720647773279,0.0032388663967611,0.0064777327935222,0.1067581187517981,,,,,,,,,,
244,2024-09-09 23:05:27,customer_service_representative_interview.txt,2,0,0.0199370409233997,0.0,0.0083945435466946,0.1139802959492491,,,,,,,,,,
244,2024-09-09 23:05:27,customer_service_representative_interview.txt,3,0,0.0218914185639229,0.0,0.0078809106830122,0.0952792058545974,,,,,,,,,,
244,2024-09-09 23:05:27,construction_manager_interview.txt,1,0,0.0251572327044025,0.0,0.0125786163522012,0.1269617456778467,,,,,,,,,,
244,2024-09-09 23:05:27,construction_manager_interview.txt,2,0,0.0196956132497761,0.0044762757385854,0.009847806624888,0.0667944666650498,,,,,,,,,,
244,2024-09-09 23:05:27,construction_manager_interview.txt,3,0,0.0240427426536064,0.0026714158504007,0.0080142475512021,0.0724278080431412,,,,,,,,,,
244,2024-09-09 23:05:27,doctor_interview.txt,1,0,0.0194472876151484,0.0,0.0081883316274309,0.1000023763869652,,,,,,,,,,
244,2024-09-09 23:05:27,doctor_interview.txt,2,0,0.0236518448438978,0.0056764427625354,0.0132450331125827,0.0849194704098788,,,,,,,,,,
244,2024-09-09 23:05:27,doctor_interview.txt,3,0,0.0248803827751196,0.000956937799043,0.0105263157894736,0.0636899945900488,,,,,,,,,,
244,2024-09-09 23:05:27,human_resources_manager_interview.txt,1,0,0.0197663971248876,0.0053908355795148,0.013477088948787,0.0680478873574424,,,,,,,,,,
244,2024-09-09 23:05:27,human_resources_manager_interview.txt,2,0,0.0296570898980537,0.0027803521779425,0.0129749768303985,0.0947834429948419,,,,,,,,,,
244,2024-09-09 23:05:27,human_resources_manager_interview.txt,3,0,0.0167597765363128,0.0018621973929236,0.0121042830540037,0.0723589720304871,,,,,,,,,,
244,2024-09-09 23:05:27,water_resources_engineer_interview.txt,1,0,0.0229276895943562,0.0008818342151675,0.0105820105820105,0.1182213339246543,,,,,,,,,,
244,2024-09-09 23:05:27,water_resources_engineer_interview.txt,2,0,0.0279835390946502,0.0032921810699588,0.0090534979423868,0.0776305295751343,,,,,,,,,,
244,2024-09-09 23:05:27,water_resources_engineer_interview.txt,3,0,0.0292504570383912,0.0137111517367458,0.0118829981718464,0.0698740614094788,,,,,,,,,,
244,2024-09-09 23:05:27,project_manager_interview.txt,1,0,0.0198329853862212,0.0,0.0135699373695198,0.0963306600137478,,,,,,,,,,
244,2024-09-09 23:05:27,project_manager_interview.txt,2,0,0.0152466367713004,0.0071748878923766,0.0098654708520179,0.0768443643010451,,,,,,,,,,
244,2024-09-09 23:05:27,project_manager_interview.txt,3,0,0.0212577502214348,0.0017714791851195,0.0097431355181576,0.0811085428281046,,,,,,,,,,
244,2024-09-09 23:05:27,biologist_interview.txt,1,0,0.0282186948853615,0.0044091710758377,0.0114638447971781,0.0876386233741789,,,,,,,,,,
244,2024-09-09 23:05:27,biologist_interview.txt,2,0,0.0240585774058577,0.0167364016736401,0.0104602510460251,0.1109822522958782,,,,,,,,,,
244,2024-09-09 23:05:27,biologist_interview.txt,3,0,0.0206896551724137,0.0008620689655172,0.0094827586206896,0.0430892829966733,,,,,,,,,,
244,2024-09-09 23:05:27,occupational_therapist_interview.txt,1,0,0.0153429602888086,0.0,0.009927797833935,0.1015424645531423,,,,,,,,,,
244,2024-09-09 23:05:27,occupational_therapist_interview.txt,2,0,0.0295238095238095,0.0047619047619047,0.0123809523809523,0.0743631496299965,,,,,,,,,,
244,2024-09-09 23:05:27,occupational_therapist_interview.txt,3,0,0.0261306532663316,0.0100502512562814,0.0080402010050251,0.0789246338863957,,,,,,,,,,
244,2024-09-09 23:05:27,network_administrator_interview.txt,1,0,0.0225428313796212,0.0018034265103697,0.011722272317403,0.1058143017732111,,,,,,,,,,
244,2024-09-09 23:05:27,network_administrator_interview.txt,2,0,0.0262045646661031,0.0050718512256973,0.0118343195266272,0.0853881919167521,,,,,,,,,,
244,2024-09-09 23:05:27,network_administrator_interview.txt,3,0,0.0201680672268907,0.0042016806722689,0.0092436974789915,0.0775826167420302,,,,,,,,,,
244,2024-09-09 23:05:27,neuroscientist_interview.txt,1,0,0.0216535433070866,0.0,0.0127952755905511,0.0961286399355837,,,,,,,,,,
244,2024-09-09 23:05:27,neuroscientist_interview.txt,2,0,0.0224137931034482,0.0008620689655172,0.0129310344827586,0.1047114958716521,,,,,,,,,,
244,2024-09-09 23:05:27,neuroscientist_interview.txt,3,0,0.021311475409836,0.0065573770491803,0.0131147540983606,0.045598484172138,,,,,,,,,,
244,2024-09-09 23:05:27,retail_manager_interview.txt,1,0,0.0218068535825545,0.0031152647975077,0.0083073727933541,0.0928392099612179,,,,,,,,,,
244,2024-09-09 23:05:27,retail_manager_interview.txt,2,0,0.0103189493433395,0.0,0.0103189493433395,0.0948939677255916,,,,,,,,,,
244,2024-09-09 23:05:27,retail_manager_interview.txt,3,0,0.020812685827552,0.0009910802775024,0.0069375619425173,0.1156887588251631,,,,,,,,,,
244,2024-09-09 23:05:27,agricultural_engineer_interview.txt,1,0,0.0215154349859681,0.0,0.0112254443405051,0.1080100470337349,,,,,,,,,,
244,2024-09-09 23:05:27,agricultural_engineer_interview.txt,2,0,0.0262910798122065,0.0,0.0140845070422535,0.0829926243894639,,,,,,,,,,
244,2024-09-09 23:05:27,agricultural_engineer_interview.txt,3,0,0.0220729366602687,0.0028790786948176,0.0086372360844529,0.0849565801553096,,,,,,,,,,
244,2024-09-09 23:05:27,electrical_engineer_interview.txt,1,0,0.0242152466367713,0.0080717488789237,0.0116591928251121,0.0664075261817527,,,,,,,,,,
244,2024-09-09 23:05:27,electrical_engineer_interview.txt,2,0,0.0273224043715847,0.0081967213114754,0.0072859744990892,0.0744288944954318,,,,,,,,,,
244,2024-09-09 23:05:27,electrical_engineer_interview.txt,3,0,0.0229202037351443,0.0042444821731748,0.0110356536502546,0.0711404309133904,,,,,,,,,,
244,2024-09-09 23:05:27,quality_control_engineer_interview.txt,1,0,0.0193986420950533,0.0,0.0096993210475266,0.096876848450919,,,,,,,,,,
244,2024-09-09 23:05:27,quality_control_engineer_interview.txt,2,0,0.0309072781655034,0.0089730807577268,0.0139581256231306,0.0934292798894181,,,,,,,,,,
244,2024-09-09 23:05:27,quality_control_engineer_interview.txt,3,0,0.0170250896057347,0.0,0.0116487455197132,0.0815486186303101,,,,,,,,,,
244,2024-09-09 23:05:27,machine_learning_engineer_interview.txt,1,0,0.0279146141215106,0.0032840722495894,0.0123152709359605,0.0812876958935018,,,,,,,,,,
244,2024-09-09 23:05:27,machine_learning_engineer_interview.txt,2,0,0.0292452830188679,0.0056603773584905,0.0084905660377358,0.0854677595580678,,,,,,,,,,
244,2024-09-09 23:05:27,machine_learning_engineer_interview.txt,3,0,0.0298642533936651,0.0117647058823529,0.0099547511312217,0.0869781060894495,,,,,,,,,,
244,2024-09-09 23:05:27,psychologist_interview.txt,1,0,0.015817223198594,0.0,0.0105448154657293,0.0752786269641224,,,,,,,,,,
244,2024-09-09 23:05:27,psychologist_interview.txt,2,0,0.0236625514403292,0.0061728395061728,0.015432098765432,0.0760115338130185,,,,,,,,,,
244,2024-09-09 23:05:27,psychologist_interview.txt,3,0,0.0177570093457943,0.002803738317757,0.0158878504672897,0.098997314978996,,,,,,,,,,
244,2024-09-09 23:05:27,geologist_interview.txt,1,0,0.0248847926267281,0.0,0.0119815668202764,0.1152609620212538,,,,,,,,,,
244,2024-09-09 23:05:27,geologist_interview.txt,2,0,0.0305838739573679,0.0,0.005560704355885,0.0944405100604289,,,,,,,,,,
244,2024-09-09 23:05:27,geologist_interview.txt,3,0,0.0340557275541795,0.001031991744066,0.0123839009287925,0.0873972242149846,,,,,,,,,,
244,2024-09-09 23:05:27,chemical_engineer_interview.txt,1,0,0.0251572327044025,0.0008984725965858,0.0107816711590296,0.0972798176489846,,,,,,,,,,
244,2024-09-09 23:05:27,chemical_engineer_interview.txt,2,0,0.0306930693069306,0.0029702970297029,0.0138613861386138,0.0741411154013574,,,,,,,,,,
244,2024-09-09 23:05:27,chemical_engineer_interview.txt,3,0,0.0279279279279279,0.0,0.0072072072072072,0.0676894058523709,,,,,,,,,,
244,2024-09-09 23:05:27,no_persona_interview.txt,1,0,0.0162671232876712,0.0042808219178082,0.0128424657534246,0.0794851619763919,,,,,,,,,,
244,2024-09-09 23:05:27,no_persona_interview.txt,2,0,0.0143815915627996,0.0057526366251198,0.0134228187919463,0.0700808695365404,,,,,,,,,,
244,2024-09-09 23:05:27,no_persona_interview.txt,3,0,0.0205724508050089,0.0062611806797853,0.0134168157423971,0.0766423673123326,,,,,,,,,,
244,2024-09-09 23:05:27,financial_analyst_interview.txt,1,0,0.017208413001912,0.0047801147227533,0.0105162523900573,0.0831603119857003,,,,,,,,,,
244,2024-09-09 23:05:27,financial_analyst_interview.txt,2,0,0.0277777777777777,0.0095785440613026,0.0067049808429118,0.0862135101432231,,,,,,,,,,
244,2024-09-09 23:05:27,financial_analyst_interview.txt,3,0,0.02465483234714,0.0059171597633136,0.009861932938856,0.1012606862736515,,,,,,,,,,
244,2024-09-09 23:05:27,civil_engineer_interview.txt,1,0,0.0292929292929292,0.0,0.0101010101010101,0.1046431314855423,,,,,,,,,,
244,2024-09-09 23:05:27,civil_engineer_interview.txt,2,0,0.0271580989330746,0.0067895247332686,0.011639185257032,0.1116799789995101,,,,,,,,,,
244,2024-09-09 23:05:27,civil_engineer_interview.txt,3,0,0.0257777777777777,0.0017777777777777,0.0106666666666666,0.0875989917359753,,,,,,,,,,
244,2024-09-09 23:05:27,meteorologist_interview.txt,1,0,0.0125,0.0057692307692307,0.0096153846153846,0.0959936063840006,,,,,,,,,,
244,2024-09-09 23:05:27,meteorologist_interview.txt,2,0,0.0293225480283114,0.0,0.0111223458038422,0.0904316371588964,,,,,,,,,,
244,2024-09-09 23:05:27,meteorologist_interview.txt,3,0,0.0368574199806013,0.0038797284190106,0.0067895247332686,0.0687778888045235,,,,,,,,,,
244,2024-09-09 23:05:27,shop_assistant_interview.txt,1,0,0.0242013552758954,0.0,0.0077444336882865,0.0898060540902103,,,,,,,,,,
244,2024-09-09 23:05:27,shop_assistant_interview.txt,2,0,0.0151228733459357,0.0037807183364839,0.0056710775047258,0.116465685556513,,,,,,,,,,
244,2024-09-09 23:05:27,shop_assistant_interview.txt,3,0,0.0100401606425702,0.0,0.0090361445783132,0.1254338034038557,,,,,,,,,,
244,2024-09-09 23:05:27,social_media_manager_interview.txt,1,0,0.0134486071085494,0.0,0.0115273775216138,0.1300792094456138,,,,,,,,,,
244,2024-09-09 23:05:27,social_media_manager_interview.txt,2,0,0.0256410256410256,0.0051282051282051,0.0102564102564102,0.0776285645589189,,,,,,,,,,
244,2024-09-09 23:05:27,social_media_manager_interview.txt,3,0,0.0106477373558118,0.0,0.0088731144631765,0.0758549728407429,,,,,,,,,,
244,2024-09-09 23:05:27,marine_engineer_interview.txt,1,0,0.0291353383458646,0.0075187969924812,0.0103383458646616,0.0829217523496361,,,,,,,,,,
244,2024-09-09 23:05:27,marine_engineer_interview.txt,2,0,0.036144578313253,0.0070281124497991,0.0070281124497991,0.0402261601678064,,,,,,,,,,
244,2024-09-09 23:05:27,marine_engineer_interview.txt,3,0,0.0232558139534883,0.004009623095429,0.008019246190858,0.089592851736648,,,,,,,,,,
244,2024-09-09 23:05:27,warehouse_manager_interview.txt,1,0,0.0197183098591549,0.0009389671361502,0.012206572769953,0.086150709958123,,,,,,,,,,
244,2024-09-09 23:05:27,warehouse_manager_interview.txt,2,0,0.0180567497850386,0.0,0.0094582975064488,0.101479755053079,,,,,,,,,,
244,2024-09-09 23:05:27,warehouse_manager_interview.txt,3,0,0.0259117082533589,0.0,0.010556621880998,0.1104209550054537,,,,,,,,,,
244,2024-09-09 23:05:27,business_intelligence_analyst_interview.txt,1,0,0.0240073868882733,0.0,0.0110803324099723,0.0507665857333176,,,,,,,,,,
244,2024-09-09 23:05:27,business_intelligence_analyst_interview.txt,2,0,0.0202643171806167,0.0070484581497797,0.0123348017621145,0.0671326000086999,,,,,,,,,,
244,2024-09-09 23:05:27,business_intelligence_analyst_interview.txt,3,0,0.0275800711743772,0.0026690391459074,0.0097864768683274,0.1427461662829623,,,,,,,,,,
244,2024-09-09 23:05:27,full_stack_developer_interview.txt,1,0,0.0274881516587677,0.0009478672985781,0.0075829383886255,0.1041634800284325,,,,,,,,,,
244,2024-09-09 23:05:27,full_stack_developer_interview.txt,2,0,0.019150707743547,0.0041631973355537,0.0116569525395503,0.0844782750917712,,,,,,,,,,
244,2024-09-09 23:05:27,full_stack_developer_interview.txt,3,0,0.0210526315789473,0.0048582995951417,0.0105263157894736,0.0595457400534412,,,,,,,,,,
244,2024-09-09 23:05:27,travel_agent_interview.txt,1,0,0.0267527675276752,0.0027675276752767,0.0064575645756457,0.0994701333772043,,,,,,,,,,
244,2024-09-09 23:05:27,travel_agent_interview.txt,2,0,0.0185022026431718,0.0,0.0088105726872246,0.0836605664381821,,,,,,,,,,
244,2024-09-09 23:05:27,travel_agent_interview.txt,3,0,0.0176088971269694,0.0,0.0074142724745134,0.0682533573799509,,,,,,,,,,
244,2024-09-09 23:05:27,robotics_engineer_interview.txt,1,0,0.0263157894736842,0.006578947368421,0.0106907894736842,0.0669282140886539,,,,,,,,,,
244,2024-09-09 23:05:27,robotics_engineer_interview.txt,2,0,0.0191431175934366,0.0009115770282588,0.0100273473108477,0.0992519802806663,,,,,,,,,,
244,2024-09-09 23:05:27,robotics_engineer_interview.txt,3,0,0.021411578112609,0.0007930214115781,0.0111022997620935,0.0562785640846898,,,,,,,,,,
244,2024-09-09 23:05:27,biomedical_engineer_interview.txt,1,0,0.0272045028142589,0.0009380863039399,0.0103189493433395,0.1047689218267846,,,,,,,,,,
244,2024-09-09 23:05:27,biomedical_engineer_interview.txt,2,0,0.025949953660797,0.005560704355885,0.0064874884151992,0.0990405255309483,,,,,,,,,,
244,2024-09-09 23:05:27,biomedical_engineer_interview.txt,3,0,0.0243492863140218,0.0067170445004198,0.0109151973131822,0.0476110460612768,,,,,,,,,,
244,2024-09-09 23:05:27,marketing_manager_interview.txt,1,0,0.0174717368961973,0.0,0.0092497430626927,0.0976013763768326,,,,,,,,,,
244,2024-09-09 23:05:27,marketing_manager_interview.txt,2,0,0.0248226950354609,0.000886524822695,0.0106382978723404,0.090261317770249,,,,,,,,,,
244,2024-09-09 23:05:27,marketing_manager_interview.txt,3,0,0.0148367952522255,0.0,0.0089020771513353,0.1007922475195933,,,,,,,,,,
244,2024-09-09 23:05:27,professor_of_classics_interview.txt,1,0,0.0147954743255004,0.000870322019147,0.0139251523063533,0.102939484738062,,,,,,,,,,
244,2024-09-09 23:05:27,professor_of_classics_interview.txt,2,0,0.0140474100087796,0.0008779631255487,0.0096575943810359,0.1289861736914095,,,,,,,,,,
244,2024-09-09 23:05:27,professor_of_classics_interview.txt,3,0,0.0121155638397017,0.0055917986952469,0.0065237651444548,0.0885818799290462,,,,,,,,,,
244,2024-09-09 23:05:27,environmental_engineer_interview.txt,1,0,0.0231522707034728,0.0008904719501335,0.0106856634016028,0.1149454687645813,,,,,,,,,,
244,2024-09-09 23:05:27,environmental_engineer_interview.txt,2,0,0.0214961306964746,0.0,0.0051590713671539,0.079738432689461,,,,,,,,,,
244,2024-09-09 23:05:27,environmental_engineer_interview.txt,3,0,0.030716723549488,0.0025597269624573,0.0102389078498293,0.0610483183707758,,,,,,,,,,
244,2024-09-09 23:05:27,physical_therapist_interview.txt,1,0,0.0180904522613065,0.0,0.0100502512562814,0.0894544627367512,,,,,,,,,,
244,2024-09-09 23:05:27,physical_therapist_interview.txt,2,0,0.0176252319109461,0.0046382189239332,0.0092764378478664,0.1033319240218989,,,,,,,,,,
244,2024-09-09 23:05:27,physical_therapist_interview.txt,3,0,0.0151515151515151,0.0,0.008080808080808,0.0801469244893421,,,,,,,,,,
244,2024-09-09 23:05:27,astronomer_interview.txt,1,0,0.0307101727447216,0.0,0.0095969289827255,0.078395874287511,,,,,,,,,,
244,2024-09-09 23:05:27,astronomer_interview.txt,2,0,0.0207351555136663,0.000942507068803,0.0122525918944392,0.0956145230161946,,,,,,,,,,
244,2024-09-09 23:05:27,astronomer_interview.txt,3,0,0.0310834813499111,0.0124333925399644,0.0053285968028419,0.0813235772754198,,,,,,,,,,
244,2024-09-09 23:05:27,ai_professor_interview.txt,1,0,0.0230105465004793,0.0009587727708533,0.0153403643336529,0.0705601397616159,,,,,,,,,,
244,2024-09-09 23:05:27,ai_professor_interview.txt,2,0,0.0300546448087431,0.0136612021857923,0.0127504553734061,0.1146334744009409,,,,,,,,,,
244,2024-09-09 23:05:27,ai_professor_interview.txt,3,0,0.0211827007943512,0.0017652250661959,0.0141218005295675,0.1056457675310666,,,,,,,,,,
244,2024-09-09 23:05:27,game_developer_interview.txt,1,0,0.0206278026905829,0.0017937219730941,0.0152466367713004,0.1208247535563102,,,,,,,,,,
244,2024-09-09 23:05:27,game_developer_interview.txt,2,0,0.0156657963446475,0.0,0.0087032201914708,0.1038840032516456,,,,,,,,,,
244,2024-09-09 23:05:27,game_developer_interview.txt,3,0,0.0188517566409597,0.0008568980291345,0.0094258783204798,0.0948493317055792,,,,,,,,,,
244,2024-09-09 23:05:27,fire_protection_engineer_interview.txt,1,0,0.0227920227920227,0.0075973409306742,0.0104463437796771,0.094662501440075,,,,,,,,,,
244,2024-09-09 23:05:27,fire_protection_engineer_interview.txt,2,0,0.0229696472518457,0.0065627563576702,0.0098441345365053,0.0592540341791945,,,,,,,,,,
244,2024-09-09 23:05:27,fire_protection_engineer_interview.txt,3,0,0.027592768791627,0.0047573739295908,0.0104662226450999,0.1309989635275449,,,,,,,,,,
244,2024-09-09 23:05:27,safety_engineer_interview.txt,1,0,0.0286006128702757,0.0081716036772216,0.0091930541368743,0.0984635834801995,,,,,,,,,,
244,2024-09-09 23:05:27,safety_engineer_interview.txt,2,0,0.0224508886810102,0.0065481758652946,0.0121608980355472,0.0906633299627219,,,,,,,,,,
244,2024-09-09 23:05:27,safety_engineer_interview.txt,3,0,0.0181818181818181,0.0095693779904306,0.0095693779904306,0.0686926557424931,,,,,,,,,,
244,2024-09-09 23:05:27,environmental_scientist_interview.txt,1,0,0.019211324570273,0.0050556117290192,0.0101112234580384,0.0635876913730766,,,,,,,,,,
244,2024-09-09 23:05:27,environmental_scientist_interview.txt,2,0,0.0178571428571428,0.0029761904761904,0.0089285714285714,0.0910690209127641,,,,,,,,,,
244,2024-09-09 23:05:27,environmental_scientist_interview.txt,3,0,0.0217391304347826,0.0045289855072463,0.0144927536231884,0.0930888057055677,,,,,,,,,,
244,2024-09-09 23:05:27,operations_manager_interview.txt,1,0,0.0227081581160639,0.0025231286795626,0.0117746005046257,0.0473967315654009,,,,,,,,,,
244,2024-09-09 23:05:27,operations_manager_interview.txt,2,0,0.0281329923273657,0.0017050298380221,0.011082693947144,0.089277080885674,,,,,,,,,,
244,2024-09-09 23:05:27,operations_manager_interview.txt,3,0,0.0176470588235294,0.0009803921568627,0.0098039215686274,0.0473523498164799,,,,,,,,,,
244,2024-09-09 23:05:27,backend_developer_interview.txt,1,0,0.0345794392523364,0.0046728971962616,0.008411214953271,0.0887790137624881,,,,,,,,,,
244,2024-09-09 23:05:27,backend_developer_interview.txt,2,0,0.0321691176470588,0.0009191176470588,0.0110294117647058,0.0984107845707734,,,,,,,,,,
244,2024-09-09 23:05:27,backend_developer_interview.txt,3,0,0.0209125475285171,0.0,0.0104562737642585,0.0365296963631469,,,,,,,,,,
244,2024-09-09 23:05:27,digital_marketing_specialist_interview.txt,1,0,0.0120603015075376,0.0,0.0110552763819095,0.0881461875596997,,,,,,,,,,
244,2024-09-09 23:05:27,digital_marketing_specialist_interview.txt,2,0,0.0164092664092664,0.0,0.0106177606177606,0.102262411320178,,,,,,,,,,
244,2024-09-09 23:05:27,digital_marketing_specialist_interview.txt,3,0,0.0232126276694521,0.0,0.0092850510677808,0.0894120788693538,,,,,,,,,,
244,2024-09-09 23:05:27,mechanical_engineer_interview.txt,1,0,0.0227670753064798,0.0052539404553415,0.0113835376532399,0.0746431893883054,,,,,,,,,,
244,2024-09-09 23:05:27,mechanical_engineer_interview.txt,2,0,0.0219780219780219,0.0,0.0159840159840159,0.0927713832033522,,,,,,,,,,
244,2024-09-09 23:05:27,mechanical_engineer_interview.txt,3,0,0.019720624486442,0.0,0.0131470829909613,0.0919846265291272,,,,,,,,,,
244,2024-09-09 23:05:27,software_quality_assurance_tester_interview.txt,1,0,0.0147420147420147,0.0057330057330057,0.0106470106470106,0.0793540871729742,,,,,,,,,,
244,2024-09-09 23:05:27,software_quality_assurance_tester_interview.txt,2,0,0.0133779264214046,0.0008361204013377,0.0108695652173913,0.0811030913075779,,,,,,,,,,
244,2024-09-09 23:05:27,software_quality_assurance_tester_interview.txt,3,0,0.0144435004248088,0.0076465590484282,0.0101954120645709,0.0869711494665264,,,,,,,,,,
244,2024-09-09 23:05:27,cybersecurity_specialist_interview.txt,1,0,0.0237691001697792,0.0093378607809847,0.0127334465195246,0.0603060455832581,,,,,,,,,,
244,2024-09-09 23:05:27,cybersecurity_specialist_interview.txt,2,0,0.0183406113537117,0.0061135371179039,0.0104803493449781,0.073451584645293,,,,,,,,,,
244,2024-09-09 23:05:27,cybersecurity_specialist_interview.txt,3,0,0.0148992112182296,0.0096406660823838,0.0113935144609991,0.1193984764179708,,,,,,,,,,
244,2024-09-09 23:05:27,product_manager_interview.txt,1,0,0.0284035259549461,0.0019588638589618,0.009794319294809,0.0939054180251167,,,,,,,,,,
244,2024-09-09 23:05:27,product_manager_interview.txt,2,0,0.0134920634920634,0.0,0.0079365079365079,0.1036290929657346,,,,,,,,,,
244,2024-09-09 23:05:27,product_manager_interview.txt,3,0,0.0155102040816326,0.0,0.0130612244897959,0.0987623889147732,,,,,,,,,,
244,2024-09-09 23:05:27,microbiologist_interview.txt,1,0,0.0196629213483146,0.0,0.0121722846441947,0.1096087120717534,,,,,,,,,,
244,2024-09-09 23:05:27,microbiologist_interview.txt,2,0,0.0160984848484848,0.0,0.0094696969696969,0.053358095764155,,,,,,,,,,
244,2024-09-09 23:05:27,microbiologist_interview.txt,3,0,0.0198487712665406,0.0009451795841209,0.0132325141776937,0.0604146009580181,,,,,,,,,,
244,2024-09-09 23:05:27,it_manager_interview.txt,1,0,0.0229357798165137,0.0036697247706422,0.0110091743119266,0.0842693754389476,,,,,,,,,,
244,2024-09-09 23:05:27,it_manager_interview.txt,2,0,0.0429268292682926,0.0029268292682926,0.0107317073170731,0.0865735391304194,,,,,,,,,,
244,2024-09-09 23:05:27,it_manager_interview.txt,3,0,0.0282101167315175,0.0097276264591439,0.0087548638132295,0.1100917420830709,,,,,,,,,,
244,2024-09-09 23:05:27,industrial_engineer_interview.txt,1,0,0.0310880829015544,0.0010362694300518,0.0134715025906735,0.0877658499702994,,,,,,,,,,
244,2024-09-09 23:05:27,industrial_engineer_interview.txt,2,0,0.0330237358101135,0.0,0.0123839009287925,0.1036870580689966,,,,,,,,,,
244,2024-09-09 23:05:27,industrial_engineer_interview.txt,3,0,0.0207792207792207,0.0069264069264069,0.0103896103896103,0.0721120214118204,,,,,,,,,,
244,2024-09-09 23:05:27,barista_interview.txt,1,0,0.011417697431018,0.0,0.011417697431018,0.1071714320539568,,,,,,,,,,
244,2024-09-09 23:05:27,barista_interview.txt,2,0,0.0100548446069469,0.0,0.0118829981718464,0.102070861926326,,,,,,,,,,
244,2024-09-09 23:05:27,barista_interview.txt,3,0,0.0197926484448633,0.0,0.0075400565504241,0.1150693271312166,,,,,,,,,,
244,2024-09-09 23:05:27,petroleum_engineer_interview.txt,1,0,0.0282685512367491,0.0061837455830388,0.0079505300353356,0.0593013934581533,,,,,,,,,,
244,2024-09-09 23:05:27,petroleum_engineer_interview.txt,2,0,0.0232158211521926,0.0085984522785898,0.0068787618228718,0.0654928651283517,,,,,,,,,,
244,2024-09-09 23:05:27,petroleum_engineer_interview.txt,3,0,0.0327706057596822,0.0089374379344587,0.0109235352532274,0.0658986640625941,,,,,,,,,,
244,2024-09-09 23:05:27,business_analyst_interview.txt,1,0,0.0177073625349487,0.0,0.0111835973904939,0.1142587894561064,,,,,,,,,,
244,2024-09-09 23:05:27,business_analyst_interview.txt,2,0,0.018199233716475,0.0,0.0086206896551724,0.0952501982405602,,,,,,,,,,
244,2024-09-09 23:05:27,business_analyst_interview.txt,3,0,0.0179533213644524,0.0035906642728904,0.0098743267504488,0.0773654063574341,,,,,,,,,,
244,2024-09-09 23:05:27,data_engineer_interview.txt,1,0,0.0327272727272727,0.0027272727272727,0.0118181818181818,0.0726255627886214,,,,,,,,,,
244,2024-09-09 23:05:27,data_engineer_interview.txt,2,0,0.0271055179090029,0.0,0.0106485963213939,0.0932169594617561,,,,,,,,,,
244,2024-09-09 23:05:27,data_engineer_interview.txt,3,0,0.0295138888888888,0.0,0.0130208333333333,0.0710315000884902,,,,,,,,,,
244,2024-09-09 23:05:27,aerospace_engineer_interview.txt,1,0,0.0325732899022801,0.00814332247557,0.00814332247557,0.1056373720116829,,,,,,,,,,
244,2024-09-09 23:05:27,aerospace_engineer_interview.txt,2,0,0.0201401050788091,0.0052539404553415,0.0078809106830122,0.0858589366726919,,,,,,,,,,
244,2024-09-09 23:05:27,aerospace_engineer_interview.txt,3,0,0.0314465408805031,0.0017969451931716,0.0152740341419586,0.1160258153096999,,,,,,,,,,
244,2024-09-09 23:05:27,bartender_interview.txt,1,0,0.0124223602484472,0.0,0.0088731144631765,0.0696317749233881,,,,,,,,,,
244,2024-09-09 23:05:27,bartender_interview.txt,2,0,0.0093023255813953,0.0009302325581395,0.0055813953488372,0.0784699125751387,,,,,,,,,,
244,2024-09-09 23:05:27,bartender_interview.txt,3,0,0.0158562367864693,0.0,0.007399577167019,0.0787777512804985,,,,,,,,,,
244,2024-09-09 23:05:27,natural_language_processing_engineer_interview.txt,1,0,0.0272812793979303,0.0009407337723424,0.0141110065851364,0.1072714946368149,,,,,,,,,,
244,2024-09-09 23:05:27,natural_language_processing_engineer_interview.txt,2,0,0.0323159784560143,0.0026929982046678,0.0125673249551166,0.0862967042602647,,,,,,,,,,
244,2024-09-09 23:05:27,natural_language_processing_engineer_interview.txt,3,0,0.0348399246704331,0.0018832391713747,0.0160075329566855,0.0659048361397793,,,,,,,,,,
244,2024-09-09 23:05:27,cto_of_a_fintec_interview.txt,1,0,0.0335365853658536,0.0060975609756097,0.0111788617886178,0.0871466922831485,,,,,,,,,,
244,2024-09-09 23:05:27,cto_of_a_fintec_interview.txt,2,0,0.0232558139534883,0.0053667262969588,0.0080500894454382,0.0432346564372265,,,,,,,,,,
244,2024-09-09 23:05:27,cto_of_a_fintec_interview.txt,3,0,0.0300687285223367,0.0051546391752577,0.0103092783505154,0.0759002854038186,,,,,,,,,,
244,2024-09-09 23:05:27,database_administrator_interview.txt,1,0,0.0213414634146341,0.0050813008130081,0.0121951219512195,0.0692994030077817,,,,,,,,,,
244,2024-09-09 23:05:27,database_administrator_interview.txt,2,0,0.0295238095238095,0.0095238095238095,0.0076190476190476,0.1099410374171546,,,,,,,,,,
244,2024-09-09 23:05:27,database_administrator_interview.txt,3,0,0.0282101167315175,0.0029182879377431,0.0087548638132295,0.1023669667021795,,,,,,,,,,
244,2024-09-09 23:05:27,nuclear_engineer_interview.txt,1,0,0.0262891809908999,0.006066734074823,0.0101112234580384,0.0919316305787091,,,,,,,,,,
244,2024-09-09 23:05:27,nuclear_engineer_interview.txt,2,0,0.0244786944696282,0.0081595648232094,0.013599274705349,0.0874568798311817,,,,,,,,,,
244,2024-09-09 23:05:27,nuclear_engineer_interview.txt,3,0,0.0165217391304347,0.0052173913043478,0.0078260869565217,0.0924794863636589,,,,,,,,,,
244,2024-09-09 23:05:27,pharmacist_interview.txt,1,0,0.0264116575591985,0.006375227686703,0.0091074681238615,0.1061203937650772,,,,,,,,,,
244,2024-09-09 23:05:27,pharmacist_interview.txt,2,0,0.0177815410668924,0.004233700254022,0.0135478408128704,0.0693248563497991,,,,,,,,,,
244,2024-09-09 23:05:27,pharmacist_interview.txt,3,0,0.022140221402214,0.0027675276752767,0.011070110701107,0.0794191705514335,,,,,,,,,,
244,2024-09-09 23:05:27,chef_interview.txt,1,0,0.0189309576837416,0.0,0.0066815144766146,0.1160288062477287,,,,,,,,,,
244,2024-09-09 23:05:27,chef_interview.txt,2,0,0.0184696569920844,0.0087950747581354,0.0061565523306948,0.0790982497843859,,,,,,,,,,
244,2024-09-09 23:05:27,chef_interview.txt,3,0,0.0161443494776828,0.0,0.0113960113960113,0.0919734088439142,,,,,,,,,,
244,2024-09-09 23:05:27,hotel_manager_interview.txt,1,0,0.0261026102610261,0.0,0.0099009900990099,0.0843305908547677,,,,,,,,,,
244,2024-09-09 23:05:27,hotel_manager_interview.txt,2,0,0.0187932739861523,0.0,0.0118694362017804,0.0948608605444975,,,,,,,,,,
244,2024-09-09 23:05:27,hotel_manager_interview.txt,3,0,0.0166799046862589,0.0031771247021445,0.0055599682287529,0.0930219125592997,,,,,,,,,,
244,2024-09-09 23:05:27,mobile_app_developer_interview.txt,1,0,0.0231164383561643,0.0,0.009417808219178,0.112146315662671,,,,,,,,,,
244,2024-09-09 23:05:27,mobile_app_developer_interview.txt,2,0,0.0176579925650557,0.0074349442379182,0.0148698884758364,0.1174880975151113,,,,,,,,,,
244,2024-09-09 23:05:27,mobile_app_developer_interview.txt,3,0,0.0213776722090261,0.0,0.0102929532858273,0.0767252544530109,,,,,,,,,,
244,2024-09-09 23:05:27,graphic_designer_interview.txt,1,0,0.0111336032388663,0.0,0.0141700404858299,0.1201197234482572,,,,,,,,,,
244,2024-09-09 23:05:27,graphic_designer_interview.txt,2,0,0.0111675126903553,0.0,0.0081218274111675,0.1268555313659088,,,,,,,,,,
244,2024-09-09 23:05:27,graphic_designer_interview.txt,3,0,0.0145423438836612,0.0,0.0094097519247219,0.1248803319496666,,,,,,,,,,
244,2024-09-09 23:05:27,geotechnical_engineer_interview.txt,1,0,0.0214152700186219,0.0018621973929236,0.0130353817504655,0.1095042613025406,,,,,,,,,,
244,2024-09-09 23:05:27,geotechnical_engineer_interview.txt,2,0,0.0232350312779267,0.0062555853440571,0.0089365504915102,0.0570159512889836,,,,,,,,,,
244,2024-09-09 23:05:27,geotechnical_engineer_interview.txt,3,0,0.0246791707798617,0.0069101678183613,0.0088845014807502,0.1210592022989202,,,,,,,,,,
244,2024-09-09 23:05:27,gardener_interview.txt,1,0,0.0197433366238894,0.0059230009871668,0.0078973346495557,0.0725615413349138,,,,,,,,,,
244,2024-09-09 23:05:27,gardener_interview.txt,2,0,0.0180467091295116,0.0,0.0095541401273885,0.0706633139118453,,,,,,,,,,
244,2024-09-09 23:05:27,gardener_interview.txt,3,0,0.0166666666666666,0.0009803921568627,0.0098039215686274,0.1190903484859774,,,,,,,,,,
244,2024-09-09 23:05:27,ai_software_developer_interview.txt,1,0,0.0274473924977127,0.000914913083257,0.0118938700823421,0.0581711004085911,,,,,,,,,,
244,2024-09-09 23:05:27,ai_software_developer_interview.txt,2,0,0.0204651162790697,0.0027906976744186,0.0120930232558139,0.1000007687197908,,,,,,,,,,
244,2024-09-09 23:05:27,ai_software_developer_interview.txt,3,0,0.0312204351939451,0.0085146641438032,0.010406811731315,0.0794654441900835,,,,,,,,,,
244,2024-09-09 23:05:27,supply_chain_manager_interview.txt,1,0,0.0174632352941176,0.0036764705882352,0.0082720588235294,0.0841933066602349,,,,,,,,,,
244,2024-09-09 23:05:27,supply_chain_manager_interview.txt,2,0,0.0209125475285171,0.0038022813688212,0.0123574144486692,0.0979892426085421,,,,,,,,,,
244,2024-09-09 23:05:27,supply_chain_manager_interview.txt,3,0,0.0234215885947046,0.0040733197556008,0.0071283095723014,0.0939804359478164,,,,,,,,,,
244,2024-09-09 23:05:27,cloud_architect_interview.txt,1,0,0.0279441117764471,0.0039920159680638,0.0139720558882235,0.0871079024062979,,,,,,,,,,
244,2024-09-09 23:05:27,cloud_architect_interview.txt,2,0,0.0267326732673267,0.0079207920792079,0.0148514851485148,0.1117140217379991,,,,,,,,,,
244,2024-09-09 23:05:27,cloud_architect_interview.txt,3,0,0.0247026532479414,0.0036596523330283,0.0128087831655992,0.1086563528183798,,,,,,,,,,
244,2024-09-09 23:05:27,mining_engineer_interview.txt,1,0,0.0226843100189035,0.0085066162570888,0.0122873345935727,0.1045068311772766,,,,,,,,,,
244,2024-09-09 23:05:27,mining_engineer_interview.txt,2,0,0.0214408233276157,0.0102915951972555,0.0051457975986277,0.0805952088604431,,,,,,,,,,
244,2024-09-09 23:05:27,mining_engineer_interview.txt,3,0,0.0326188257222739,0.0046598322460391,0.0149114631873252,0.0626449474690566,,,,,,,,,,
244,2024-09-09 23:05:27,devops_engineer_interview.txt,1,0,0.0312213039485766,0.0055096418732782,0.0091827364554637,0.0777424454074866,,,,,,,,,,
244,2024-09-09 23:05:27,devops_engineer_interview.txt,2,0,0.0269587194608256,0.0016849199663016,0.0092670598146588,0.0879081296159065,,,,,,,,,,
244,2024-09-09 23:05:27,devops_engineer_interview.txt,3,0,0.0218216318785578,0.0142314990512333,0.0047438330170777,0.098051457491085,,,,,,,,,,
244,2024-09-09 23:05:27,system_administrator_interview.txt,1,0,0.0210526315789473,0.0070175438596491,0.0122807017543859,0.0991451889296393,,,,,,,,,,
244,2024-09-09 23:05:27,system_administrator_interview.txt,2,0,0.0269541778975741,0.0062893081761006,0.0116801437556154,0.0715097748102499,,,,,,,,,,
244,2024-09-09 23:05:27,system_administrator_interview.txt,3,0,0.0240963855421686,0.0032128514056224,0.0080321285140562,0.1005287445795151,,,,,,,,,,
244,2024-09-09 23:05:27,content_writer_interview.txt,1,0,0.0224719101123595,0.0,0.0093632958801498,0.0601938412806812,,,,,,,,,,
244,2024-09-09 23:05:27,content_writer_interview.txt,2,0,0.0148514851485148,0.0,0.0041254125412541,0.1021355464178948,,,,,,,,,,
244,2024-09-09 23:05:27,content_writer_interview.txt,3,0,0.0135135135135135,0.0,0.009009009009009,0.1022393479073238,,,,,,,,,,
244,2024-09-09 23:05:27,transportation_engineer_interview.txt,1,0,0.0291545189504373,0.0048590864917395,0.0077745383867832,0.0890969541488141,,,,,,,,,,
244,2024-09-09 23:05:27,transportation_engineer_interview.txt,2,0,0.0234023402340234,0.0054005400540054,0.0099009900990099,0.097759892208292,,,,,,,,,,
244,2024-09-09 23:05:27,transportation_engineer_interview.txt,3,0,0.0198183319570602,0.0033030553261767,0.0066061106523534,0.0871200243449717,,,,,,,,,,
244,2024-09-09 23:05:27,lorry_driver_interview.txt,1,0,0.015015015015015,0.002002002002002,0.009009009009009,0.0872182134892232,,,,,,,,,,
244,2024-09-09 23:05:27,lorry_driver_interview.txt,2,0,0.0234962406015037,0.0075187969924812,0.0046992481203007,0.1367765297629104,,,,,,,,,,
244,2024-09-09 23:05:27,lorry_driver_interview.txt,3,0,0.0189753320683111,0.0056925996204933,0.0104364326375711,0.0771907228532084,,,,,,,,,,
244,2024-09-09 23:05:27,dentist_interview.txt,1,0,0.0175901495162708,0.0043975373790677,0.0087950747581354,0.1121557406952958,,,,,,,,,,
244,2024-09-09 23:05:27,dentist_interview.txt,2,0,0.0183992640294388,0.0,0.0055197792088316,0.1132132323674054,,,,,,,,,,
244,2024-09-09 23:05:27,dentist_interview.txt,3,0,0.0214152700186219,0.0046554934823091,0.01024208566108,0.1166407016767689,,,,,,,,,,
244,2024-09-09 23:05:27,physicist_interview.txt,1,0,0.0262681159420289,0.0018115942028985,0.0135869565217391,0.0921774320617613,,,,,,,,,,
244,2024-09-09 23:05:27,physicist_interview.txt,2,0,0.0319148936170212,0.0053191489361702,0.0088652482269503,0.1002573060059182,,,,,,,,,,
244,2024-09-09 23:05:27,physicist_interview.txt,3,0,0.0213178294573643,0.00484496124031,0.0096899224806201,0.1033243603194302,,,,,,,,,,
244,2024-09-09 23:05:27,architect_interview.txt,1,0,0.0267430754536771,0.0057306590257879,0.0133715377268385,0.0722484344600405,,,,,,,,,,
244,2024-09-09 23:05:27,architect_interview.txt,2,0,0.0176174496644295,0.0075503355704697,0.0109060402684563,0.0836460566485758,,,,,,,,,,
244,2024-09-09 23:05:27,architect_interview.txt,3,0,0.0241465445462114,0.0024979184013322,0.0108243130724396,0.069481467437965,,,,,,,,,,
244,2024-09-09 23:05:27,materials_engineer_interview.txt,1,0,0.0255198487712665,0.0047258979206049,0.0094517958412098,0.0868302600579161,,,,,,,,,,
244,2024-09-09 23:05:27,materials_engineer_interview.txt,2,0,0.0209555741827326,0.0,0.0108968985750209,0.0672106189886684,,,,,,,,,,
244,2024-09-09 23:05:27,materials_engineer_interview.txt,3,0,0.0284510010537407,0.0,0.0094836670179135,0.0597623260325916,,,,,,,,,,
244,2024-09-09 23:05:27,computer_vision_engineer_interview.txt,1,0,0.0355472404115996,0.000935453695042,0.010289990645463,0.1025437436263554,,,,,,,,,,
244,2024-09-09 23:05:27,computer_vision_engineer_interview.txt,2,0,0.0356807511737089,0.0,0.0112676056338028,0.0658043634101685,,,,,,,,,,
244,2024-09-09 23:05:27,computer_vision_engineer_interview.txt,3,0,0.0344827586206896,0.0,0.0154264972776769,0.1144401445628182,,,,,,,,,,
244,2024-09-09 23:05:27,data_scientist_interview.txt,1,0,0.0317919075144508,0.001926782273603,0.0105973025048169,0.0815193435228453,,,,,,,,,,
244,2024-09-09 23:05:27,data_scientist_interview.txt,2,0,0.031409168081494,0.0008488964346349,0.0118845500848896,0.0741401581754083,,,,,,,,,,
244,2024-09-09 23:05:27,data_scientist_interview.txt,3,0,0.0305418719211822,0.0147783251231527,0.0078817733990147,0.1039745062138347,,,,,,,,,,
244,2024-09-09 23:05:27,structural_engineer_interview.txt,1,0,0.0296523517382413,0.0,0.0143149284253578,0.0670512533285292,,,,,,,,,,
244,2024-09-09 23:05:27,structural_engineer_interview.txt,2,0,0.0198329853862212,0.0,0.0125260960334029,0.1180506104698777,,,,,,,,,,
244,2024-09-09 23:05:27,structural_engineer_interview.txt,3,0,0.0283757338551859,0.0048923679060665,0.0068493150684931,0.0738063506826979,,,,,,,,,,
244,2024-09-09 23:05:27,ai_ethicist_interview.txt,1,0,0.0230905861456483,0.0213143872113676,0.0106571936056838,0.0933690039715403,,,,,,,,,,
244,2024-09-09 23:05:27,ai_ethicist_interview.txt,2,0,0.0173745173745173,0.0115830115830115,0.0077220077220077,0.1350472665980147,,,,,,,,,,
244,2024-09-09 23:05:27,ai_ethicist_interview.txt,3,0,0.0200573065902578,0.0181470869149952,0.0085959885386819,0.1254495183216497,,,,,,,,,,
244,2024-09-09 23:05:27,sales_manager_interview.txt,1,0,0.016873889875666,0.0079928952042628,0.0088809946714031,0.0834877332081884,,,,,,,,,,
244,2024-09-09 23:05:27,sales_manager_interview.txt,2,0,0.0157618213660245,0.0,0.0087565674255691,0.0768422568231297,,,,,,,,,,
244,2024-09-09 23:05:27,sales_manager_interview.txt,3,0,0.0128205128205128,0.0,0.01007326007326,0.0999198156392059,,,,,,,,,,
244,2024-09-09 23:05:27,frontend_developer_interview.txt,1,0,0.0183574879227053,0.0,0.0096618357487922,0.0847205461361042,,,,,,,,,,
244,2024-09-09 23:05:27,frontend_developer_interview.txt,2,0,0.0222419928825622,0.0008896797153024,0.0151245551601423,0.0992577448217876,,,,,,,,,,
244,2024-09-09 23:05:27,frontend_developer_interview.txt,3,0,0.018970189701897,0.000903342366757,0.00903342366757,0.0741614838728826,,,,,,,,,,
244,2024-09-09 23:05:27,public_relations_specialist_interview.txt,1,0,0.0302743614001892,0.0009460737937559,0.0094607379375591,0.0893435327561235,,,,,,,,,,
244,2024-09-09 23:05:27,public_relations_specialist_interview.txt,2,0,0.0143149284253578,0.0,0.0143149284253578,0.0950029714425128,,,,,,,,,,
244,2024-09-09 23:05:27,public_relations_specialist_interview.txt,3,0,0.0126903553299492,0.0,0.0093062605752961,0.0553222760020529,,,,,,,,,,
244,2024-09-09 23:05:27,logistics_coordinator_interview.txt,1,0,0.0185029436501261,0.0042052144659377,0.0134566862910008,0.0675827259313991,,,,,,,,,,
244,2024-09-09 23:05:27,logistics_coordinator_interview.txt,2,0,0.016025641025641,0.0,0.0117521367521367,0.0810525623522134,,,,,,,,,,
244,2024-09-09 23:05:27,logistics_coordinator_interview.txt,3,0,0.0257879656160458,0.0,0.0085959885386819,0.0736495561899684,,,,,,,,,,
244,2024-09-09 23:05:27,nurse_interview.txt,1,0,0.025691699604743,0.0079051383399209,0.0128458498023715,0.1022797226307936,,,,,,,,,,
244,2024-09-09 23:05:27,nurse_interview.txt,2,0,0.0119658119658119,0.0068376068376068,0.0059829059829059,0.0763110939248142,,,,,,,,,,
244,2024-09-09 23:05:27,nurse_interview.txt,3,0,0.0169154228855721,0.0039800995024875,0.0119402985074626,0.1096350092055455,,,,,,,,,,
244,2024-09-09 23:05:27,chemist_interview.txt,1,0,0.0207394048692515,0.0018034265103697,0.0099188458070333,0.0596226482754975,,,,,,,,,,
244,2024-09-09 23:05:27,chemist_interview.txt,2,0,0.016260162601626,0.0,0.013550135501355,0.085502832026853,,,,,,,,,,
244,2024-09-09 23:05:27,chemist_interview.txt,3,0,0.0286532951289398,0.0,0.0114613180515759,0.0670306754174567,,,,,,,,,,
244,2024-09-09 23:05:27,manufacturing_engineer_interview.txt,1,0,0.036705461056401,0.0053715308863025,0.0125335720680393,0.0557463072956916,,,,,,,,,,
244,2024-09-09 23:05:27,manufacturing_engineer_interview.txt,2,0,0.0179487179487179,0.0034188034188034,0.0102564102564102,0.059073862403555,,,,,,,,,,
244,2024-09-09 23:05:27,manufacturing_engineer_interview.txt,3,0,0.0204081632653061,0.0051020408163265,0.0132653061224489,0.0668726809657061,,,,,,,,,,
244,2024-09-09 23:05:27,veterinarian_interview.txt,1,0,0.0148637489677952,0.0,0.0074318744838976,0.0466527735342147,,,,,,,,,,
244,2024-09-09 23:05:27,veterinarian_interview.txt,2,0,0.0205714285714285,0.0,0.0091428571428571,0.0884459111492442,,,,,,,,,,
244,2024-09-09 23:05:27,veterinarian_interview.txt,3,0,0.014799154334038,0.0021141649048625,0.0063424947145877,0.109601229171301,,,,,,,,,,
244,2024-09-09 23:05:27,event_planner_interview.txt,1,0,0.0171265461465271,0.0,0.0085632730732635,0.0880445709127242,,,,,,,,,,
244,2024-09-09 23:05:27,event_planner_interview.txt,2,0,0.0129310344827586,0.0,0.0103448275862068,0.0824428399423311,,,,,,,,,,
244,2024-09-09 23:05:27,event_planner_interview.txt,3,0,0.0243243243243243,0.0054054054054054,0.0081081081081081,0.1195536604212719,,,,,,,,,,
244,2024-09-09 23:05:27,seo_specialist_interview.txt,1,0,0.025025025025025,0.0,0.009009009009009,0.0939855358547815,,,,,,,,,,
244,2024-09-09 23:05:27,seo_specialist_interview.txt,2,0,0.013215859030837,0.0,0.0105726872246696,0.0932360892572018,,,,,,,,,,
244,2024-09-09 23:05:27,seo_specialist_interview.txt,3,0,0.0148975791433892,0.0,0.0111731843575419,0.0865650233847453,,,,,,,,,,
244,2024-09-09 23:05:27,procurement_specialist_interview.txt,1,0,0.018308631211857,0.004359197907585,0.00871839581517,0.0820547616151097,,,,,,,,,,
244,2024-09-09 23:05:27,procurement_specialist_interview.txt,2,0,0.0264550264550264,0.001763668430335,0.0105820105820105,0.0879651586943624,,,,,,,,,,
244,2024-09-09 23:05:27,procurement_specialist_interview.txt,3,0,0.019367991845056,0.0020387359836901,0.0142711518858307,0.0537498263473456,,,,,,,,,,
244,2024-09-09 23:05:27,aerospace_engineer_interview.txt,-999,0,0.0280533119538641,0.005064736041361,0.0104327557668469,0.1025073746646915,0.0068761561300687,64.30695159821826,0.003177416385263,-6.753332084188372,0.0041947225434123,-21.127493067224123,0.0153250710999695,35.94637758415885,13.0,9.0
244,2024-09-09 23:05:27,agricultural_engineer_interview.txt,-999,0,0.0232931504861478,0.0009596928982725,0.0113157291557372,0.0919864171928361,0.0026112041690079,36.4269058780539,0.001662236859471,-82.33112954839493,0.0027247575548698,-14.452140332713752,0.0139115712815323,21.993371161993693,38.0,33.0
244,2024-09-09 23:05:27,ai_ethicist_interview.txt,-999,0,0.0201741367034745,0.0170148285697914,0.0089917299554578,0.1179552629637349,0.0028598247333692,18.15898630168856,0.0049635093054464,213.25937942966323,0.0015070791268698,-32.02176883089895,0.0218264127015313,56.4335324103279,64.0,2.0
244,2024-09-09 23:05:27,ai_professor_interview.txt,-999,0,0.0247492973678579,0.0054617333409472,0.0140708734122088,0.0969464605645411,0.0046845798725961,44.95549086675379,0.0071123876672574,0.5557705137894118,0.0012957053230011,6.376980881827393,0.0232889064326958,28.5714337769937,31.0,19.0
244,2024-09-09 23:05:27,ai_software_developer_interview.txt,-999,0,0.0263776479902425,0.0040734249671596,0.0114645683564903,0.0792124377728218,0.0054568751335921,54.49266520599326,0.0039589261203292,-25.004323603281463,0.0009214403427258,-13.326903515555728,0.0209159818545921,5.052382914406621,21.0,79.0
244,2024-09-09 23:05:27,architect_interview.txt,-999,0,0.022835689888106,0.0052596376658633,0.0117006303559115,0.0751253195155271,0.0047019162542896,33.7475802973826,0.0025589305683972,-3.165005484776401,0.0014476250948729,-11.542255038968634,0.0075077458396777,-0.3679970695193475,44.0,84.0
244,2024-09-09 23:05:27,astronomer_interview.txt,-999,0,0.0275096032027664,0.0044586332029224,0.0090593725600022,0.0851113248597085,0.0058698122583215,61.12247457115424,0.0069224034667512,-17.912269023283557,0.0034931579105193,-31.510385078119867,0.0092130743963219,12.875550114458209,15.0,58.0
244,2024-09-09 23:05:27,backend_developer_interview.txt,-999,0,0.0292203681426374,0.0018640049477735,0.0099656334940784,0.0745731648988028,0.0072950205673129,71.14234575904098,0.002475601151235,-65.68187385501795,0.0013763300991744,-24.658976552581564,0.0332967247021897,-1.100270432831735,8.0,86.0
244,2024-09-09 23:05:27,barista_interview.txt,-999,0,0.0137550634942761,0.0,0.0102802507177628,0.1081038737038332,0.0052729181656543,-19.437228819852663,0.0,-100.0,0.0023844547072426,-22.280444004635456,0.0065492068217079,43.36851451833783,96.0,5.0
244,2024-09-09 23:05:27,bartender_interview.txt,-999,0,0.0125269742054372,0.0003100775193798,0.0072846956596776,0.0756264795930084,0.0032782077543981,-26.63009102704524,0.0005370700178508,-94.2911742602876,0.0016488638520125,-44.92709100438095,0.0051938477282362,0.2966467899711489,98.0,82.0
244,2024-09-09 23:05:27,biologist_interview.txt,-999,0,0.0243223091545443,0.007335880571665,0.0104689514879642,0.0805700528889101,0.0037714421082969,42.45464063511969,0.0083320364309554,35.06062585490258,0.0009905717454762,-20.853850385600765,0.0344940188524706,6.852866614134783,33.0,76.0
244,2024-09-09 23:05:27,biomedical_engineer_interview.txt,-999,0,0.0258345809296925,0.0044052783867482,0.009240545023907,0.0838068311396699,0.0014311004388645,51.31194653081113,0.0030578336018793,-18.89458257030286,0.0024027834751486,-30.140706084888933,0.0314770515473011,11.145516578816329,25.0,65.0
244,2024-09-09 23:05:27,business_analyst_interview.txt,-999,0,0.0179533058719587,0.0011968880909634,0.0098928712653717,0.0956247980180336,0.0002459355911291,5.151682759711207,0.0020730709845228,-77.96413762947637,0.001281554501072,-25.20906509259657,0.0184495439743455,26.818630759902632,82.0,25.0
244,2024-09-09 23:05:27,business_intelligence_analyst_interview.txt,-999,0,0.0239505917477557,0.003239165765229,0.011067203680138,0.0868817840083266,0.0036582076745717,40.2775089628995,0.0035586477549545,-40.36383891125487,0.0012742131743684,-16.331013732535354,0.0490671326960367,15.223551989471346,36.0,49.0
244,2024-09-09 23:05:27,chef_interview.txt,-999,0,0.0178483213845029,0.0029316915860451,0.0080780260677736,0.0957001549586762,0.0014935996037944,4.536793468659568,0.0050778387791523,-46.02473465091618,0.0028854230699263,-38.9294467087696,0.0187452121253923,26.918569941251363,83.0,24.0
244,2024-09-09 23:05:27,chemical_engineer_interview.txt,-999,0,0.0279260766464203,0.0012895898754295,0.0106167548349502,0.0797034463009043,0.0027679187655899,63.56174028284397,0.0015232844959242,-76.25740850465701,0.0033301535037074,-19.736444709635293,0.0155596517104443,5.703563680415826,14.0,78.0
244,2024-09-09 23:05:27,chemist_interview.txt,-999,0,0.0218842875332724,0.0006011421701232,0.0116434331199881,0.0707187185732691,0.0062753884896213,28.17526067525893,0.0010412087812256,-88.93239374176586,0.0018224819984374,-11.974670930582064,0.0133284366859107,-6.212078410188582,53.0,93.0
244,2024-09-09 23:05:27,civil_engineer_interview.txt,-999,0,0.0274096020012605,0.0028557675036821,0.0108022873415695,0.1013073674070092,0.0017710202959306,60.53677215560333,0.0035207893877344,-47.422570122913,0.0007780041312529,-18.33380342849921,0.012382204100537,34.35491511338307,16.0,12.0
244,2024-09-09 23:05:27,cloud_architect_interview.txt,-999,0,0.026459812763905,0.0051908201267667,0.0138774414007792,0.102492758987559,0.0016378653756493,54.97390048799687,0.0023700583415414,-4.432002651562755,0.0010246325066469,4.914618683050719,0.013411103378357,35.92699411669014,20.0,10.0
244,2024-09-09 23:05:27,computer_vision_engineer_interview.txt,-999,0,0.0352369167353327,0.0003118178983473,0.0123280311856476,0.094262750533114,0.0006565227546028,106.3809928048542,0.0005400844426469,-94.2591322074922,0.0027275083609309,-6.799052245873511,0.0253533220119147,25.01226880518364,1.0,28.0
244,2024-09-09 23:05:27,construction_manager_interview.txt,-999,0,0.022965196202595,0.0023825638629954,0.0101468901760971,0.0887280067953459,0.0028858536921253,34.50609279606357,0.0022520740940149,-56.134704848064935,0.0022968356201166,-23.288660863359738,0.0332309753915224,17.672032412754035,43.0,43.0
244,2024-09-09 23:05:27,content_writer_interview.txt,-999,0,0.0169456362581293,0.0,0.0074992391434709,0.0881895785352999,0.0048324237250037,-0.7501915978961478,0.0,-100.0,0.002927184526663,-43.3051243072741,0.0242450752114638,16.957963090604068,89.0,45.0
244,2024-09-09 23:05:27,cto_of_a_fintec_interview.txt,-999,0,0.0289537092805596,0.0055396421492754,0.0098460765281905,0.0687605447080645,0.0052302979016951,69.5805371277921,0.0004946719108475,1.9901467021185653,0.001614998773998,-25.56283722291608,0.02281005580737,-8.809029551755842,10.0,95.0
244,2024-09-09 23:05:27,customer_service_representative_interview.txt,-999,0,0.0215001747548835,0.0010796221322537,0.0075843956744097,0.1053392068518815,0.0014088621859403,25.92552988444183,0.0018699603860392,-80.12311685768152,0.0009922105263573,-42.66133380484705,0.0094309424723547,39.70198374453503,55.0,8.0
244,2024-09-09 23:05:27,cybersecurity_specialist_interview.txt,-999,0,0.0190029742472402,0.0083640213270908,0.0115357701085006,0.084385368882174,0.0044718872923239,11.299541922122785,0.0019548483686691,53.98968727270892,0.001133264850519,-12.7886123099953,0.0310264334687831,11.912779525959508,75.0,64.0
244,2024-09-09 23:05:27,data_engineer_interview.txt,-999,0,0.0297822265083881,0.0009090909090909,0.011829203824303,0.0789580074462892,0.0028204672693924,74.4331242403226,0.0015745916432444,-83.26276089947956,0.0011861569135944,-10.570228854927535,0.0123743098154009,4.71495469177583,6.0,80.0
244,2024-09-09 23:05:27,data_scientist_interview.txt,-999,0,0.0312476491723757,0.0058513346104635,0.0101212086629071,0.0865446693040294,0.000640479128943,83.01603705713069,0.0077497631693293,7.728705075727731,0.0020434173115088,-23.482815252899087,0.0155390638432553,14.7764668599432,4.0,51.0
244,2024-09-09 23:05:27,database_administrator_interview.txt,-999,0,0.0263584632233203,0.0058411327581869,0.0095230111278322,0.0938691357090386,0.0043942192137396,54.38030091277599,0.0033676753547043,7.540879150823173,0.0023827823643986,-28.00523869372148,0.0216123913660027,24.49025261199253,22.0,29.0
244,2024-09-09 23:05:27,dentist_interview.txt,-999,0,0.0191348945214438,0.0030176769537922,0.0081856465426823,0.1140032249131567,0.0020158747183176,12.072192871288893,0.0026165656853759,-44.4416612258732,0.0024194207198376,-38.11582690945223,0.0023445223219434,51.19229724253344,71.0,3.0
244,2024-09-09 23:05:27,devops_engineer_interview.txt,-999,0,0.02666721842932,0.0071420202969377,0.0077312097624001,0.0879006775048261,0.004706611136954,56.18866588484471,0.0064306030955217,31.49147150767874,0.0025874876755447,-41.55140700969977,0.0101545080926358,16.574819451410036,18.0,46.0
244,2024-09-09 23:05:27,digital_marketing_specialist_interview.txt,-999,0,0.017227398528752,0.0,0.0103193626891503,0.0932735592497438,0.0056209963377617,0.9000769991792623,0.0,-100.0,0.0009220658374241,-21.98475422684774,0.0078102635269288,23.70039273624826,86.0,31.0
244,2024-09-09 23:05:27,doctor_interview.txt,-999,0,0.0226598384113886,0.0022111268538595,0.0106532268431624,0.0828706137956309,0.0028491557216007,32.71762632542354,0.0030389543017296,-59.29102528190898,0.0025307384869135,-19.46071327444615,0.0182426869734303,9.903895115288575,46.0,68.0
244,2024-09-09 23:05:27,electrical_engineer_interview.txt,-999,0,0.0248192849145001,0.006837650787858,0.0099936069914853,0.0706589505301916,0.0022624078526185,45.3654046928832,0.0022466190432197,25.887735734465792,0.0023655138048751,-24.44749457049899,0.0040323014427839,-6.291343428712906,30.0,94.0
244,2024-09-09 23:05:27,environmental_engineer_interview.txt,-999,0,0.0251217083164785,0.0011500663041969,0.0086945475395287,0.0852440732749394,0.0049156735574996,47.13668458143096,0.0012994585226466,-78.82617181372379,0.0030699497479327,-34.26849277273176,0.0273671292582081,13.05160248376049,27.0,57.0
244,2024-09-09 23:05:27,environmental_scientist_interview.txt,-999,0,0.0196025326207328,0.0041869292374853,0.0111775161699327,0.0825818393304695,0.0019703399940862,14.81112760640005,0.0010810874411633,-22.914600680772665,0.0029313420108036,-15.497042075329432,0.0164803860732329,9.520919328366716,68.0,71.0
244,2024-09-09 23:05:27,event_planner_interview.txt,-999,0,0.0181273016512033,0.0018018018018018,0.0090054029225261,0.0966803570921091,0.0057621955050645,6.170767997334934,0.0031208122658898,-66.82709367464416,0.0011820903555284,-31.918400055285773,0.0200058954150291,28.218524503314256,81.0,20.0
244,2024-09-09 23:05:27,financial_analyst_interview.txt,-999,0,0.0232136743756099,0.0067586061824565,0.009027722057275,0.0902115028008583,0.0054300617091803,35.96141797171194,0.0025074399467343,24.432448428234,0.0020379839419708,-31.749665528229187,0.0096898837097696,19.63946069554521,39.0,41.0
244,2024-09-09 23:05:27,fire_protection_engineer_interview.txt,-999,0,0.0244514796118318,0.0063058237393117,0.0102522336537607,0.0949718330489381,0.0027218855404857,43.21118603369368,0.0014373113509581,16.09628761565915,0.0003535639396928,-22.49225535382506,0.0358734649334731,25.952661628137832,32.0,26.0
244,2024-09-09 23:05:27,frontend_developer_interview.txt,-999,0,0.0198565568357215,0.0005976740273531,0.0112732715255015,0.0860465916102581,0.0020884395413158,16.298935693572332,0.000517645969018,-88.996245590021,0.0033500768143127,-14.773123571462037,0.0126005704574645,14.115910890724678,67.0,55.0
244,2024-09-09 23:05:27,full_stack_developer_interview.txt,-999,0,0.0225638303270873,0.0033231214097578,0.0099220689058832,0.0827291650578816,0.0043693287816491,32.155311412793566,0.0020861845213997,-38.81813464530638,0.0021031484844704,-24.988328486168854,0.0223602374663592,9.716304285128572,47.0,69.0
244,2024-09-09 23:05:27,game_developer_interview.txt,-999,0,0.0183817852253967,0.0008835400007429,0.011125245094417,0.106519362837845,0.0025141661824272,7.661266530139187,0.0008971577203472,-83.73317772796125,0.0035874727467352,-15.892215781887089,0.013186715860755,41.26711924625676,78.0,7.0
244,2024-09-09 23:05:27,gardener_interview.txt,-999,0,0.0181522374733559,0.0023011310480098,0.0090851321151905,0.0874384012442455,0.0015410472672618,6.316815955245318,0.0031747044882061,-57.63396139261058,0.001036216582874,-31.31564068454017,0.0274278169015045,15.96174372613028,80.0,48.0
244,2024-09-09 23:05:27,geneticist_interview.txt,-999,0,0.0214866150549016,0.0052631578947368,0.0127369177137086,0.0810854156543992,0.0020750068257013,25.84611134832461,0.0091160568819414,-3.100194681197422,0.001191853282281,-3.707835865471495,0.0151495976208574,7.536346230495752,57.0,75.0
244,2024-09-09 23:05:27,geologist_interview.txt,-999,0,0.0298414647127585,0.000343997248022,0.0099753907016513,0.0990328987655558,0.0046303229342831,74.78007966555916,0.000595820711238,-93.66667939092794,0.0038285192741241,-24.58521124654581,0.014488426299925,31.33849045373495,5.0,16.0
244,2024-09-09 23:05:27,geotechnical_engineer_interview.txt,-999,0,0.0231098240254701,0.0050093168517807,0.0102854779075753,0.0958598049634815,0.0016355487418161,35.3531712705047,0.0027450665238121,-7.773652733627799,0.0023816287774833,-22.240926012080337,0.0341322851794573,27.130299486618824,40.0,23.0
244,2024-09-09 23:05:27,graphic_designer_interview.txt,-999,0,0.0122811532709609,0.0,0.0105672066072398,0.1239518622546109,0.0019583219099391,-28.069852879380235,0.0,-100.0,0.0031859058924725,-20.111033458852987,0.0034625596105846,64.3862865812834,99.0,1.0
244,2024-09-09 23:05:27,hotel_manager_interview.txt,-999,0,0.0205252629778124,0.0010590415673815,0.0091101315098477,0.0907377879861883,0.00494435885506,20.21551666278762,0.0018343138020321,-80.50202487628013,0.0032282254423604,-31.12664316820998,0.0056244611949705,20.337425742019647,63.0,37.0
244,2024-09-09 23:05:27,human_resources_manager_interview.txt,-999,0,0.0220610878530847,0.0033444617167936,0.0128521162777297,0.0783967674609238,0.0067479165037284,29.210771977372616,0.0018307065690149,-38.42523904183596,0.0006946006354298,-2.836925078095746,0.0143540486990595,3.970632215316016,52.0,81.0
244,2024-09-09 23:05:27,industrial_engineer_interview.txt,-999,0,0.0282970131636295,0.0026542254521529,0.0120816713030255,0.0878549764837055,0.0065821417332741,65.73429832088718,0.0037359221745955,-51.13315337869267,0.0015630169368122,-8.661553581504947,0.0157877070097924,16.514210267987252,11.0,47.0
244,2024-09-09 23:05:27,it_manager_interview.txt,-999,0,0.0313575752721079,0.0054413934993596,0.0101652484807431,0.0936448855508126,0.0103605205464985,83.6598691429034,0.0037305251870224,0.1812944426795297,0.0012292825818648,-23.149870543446056,0.0142899128732049,24.19284965163753,3.0,30.0
244,2024-09-09 23:05:27,logistics_coordinator_interview.txt,-999,0,0.0201055167639376,0.0014017381553125,0.0112682705272731,0.0740949481578603,0.005074635532818,17.757082487169413,0.0024278817039092,-74.19265067203183,0.0024662097543644,-14.810931536706534,0.0067459546251565,-1.7344865938044904,65.0,90.0
244,2024-09-09 23:05:27,lorry_driver_interview.txt,-999,0,0.0191621958949433,0.0050711328716588,0.0080482299222936,0.1003951553684473,0.0042436994980212,12.232095754111157,0.0028104132136883,-6.635560278190582,0.0029868283992228,-39.15470806286064,0.0319036196102638,33.14512974294695,69.0,14.0
244,2024-09-09 23:05:27,machine_learning_engineer_interview.txt,-999,0,0.0290080501780145,0.0069030518301443,0.010253529368306,0.0845778538470064,0.0009962343541889,69.89880925275986,0.0043747533170642,27.091831904852043,0.001929778022427,-22.482459643397377,0.0029477349237119,12.168055146801166,9.0,63.0
244,2024-09-09 23:05:27,manufacturing_engineer_interview.txt,-999,0,0.0250207807568083,0.0046307917071441,0.0120184294822995,0.0605642835549842,0.0101936761324896,46.54555652892438,0.0010582263145283,-14.742665170102626,0.0015692012286186,-9.13966704022323,0.0057109600040333,-19.678998830940102,28.0,99.0
244,2024-09-09 23:05:27,marine_engineer_interview.txt,-999,0,0.029511910204202,0.0061855108459031,0.0084619015017729,0.0709135880846968,0.0064526286468193,72.84989413967821,0.001900278520929,13.881211385417744,0.0016989317550828,-36.02731629317517,0.026784595682474,-5.953640378126494,7.0,92.0
244,2024-09-09 23:05:27,marketing_manager_interview.txt,-999,0,0.0190437423946279,0.0002955082742316,0.0095967060287894,0.0962183138888916,0.0051752245927619,11.538319077226577,0.0005118353450262,-94.55940809380246,0.0009186419720946,-27.44809907341795,0.0053999784009353,27.60575786120431,74.0,21.0
244,2024-09-09 23:05:27,materials_engineer_interview.txt,-999,0,0.0249754746692466,0.0015752993068683,0.0099441204780481,0.0712677350263921,0.0037772494446184,46.2802008679474,0.0027284984366239,-70.99722273066716,0.0008252839023811,-24.821616754645103,0.0139826108437407,-5.483966913037193,29.0,91.0
244,2024-09-09 23:05:27,mechanical_engineer_interview.txt,-999,0,0.0214885739236479,0.0017513134851138,0.0135048788760724,0.0864663997069283,0.0015811025261427,25.857584352040547,0.0030333639361976,-67.75663220565238,0.0023210156482748,2.098014808721757,0.0102467542761062,14.672664882420278,56.0,53.0
244,2024-09-09 23:05:27,meteorologist_interview.txt,-999,0,0.0262266560029709,0.0032163197294138,0.0091757517174985,0.0850677107824735,0.0124703403162173,53.60831211480908,0.0029412734035166,-40.78445643158777,0.0021996118796459,-30.63054890524343,0.014378894271474,12.817708658356494,23.0,59.0
244,2024-09-09 23:05:27,microbiologist_interview.txt,-999,0,0.0185367258211133,0.0003150598613736,0.0116248319305284,0.0744604695979755,0.0021136223239925,8.568746438496476,0.0005456996873247,-94.19944454613344,0.0019402259379965,-12.115297480019066,0.0306430706381454,-1.249728147150762,77.0,87.0
244,2024-09-09 23:05:27,mining_engineer_interview.txt,-999,0,0.0255813196895977,0.0078193479001278,0.0107815317931752,0.0825823291689255,0.0061262903259491,49.828607152330704,0.0028780969112476,43.961724956051626,0.005053972462611,-18.490717111825973,0.0210015668996487,9.521568957370576,26.0,70.0
244,2024-09-09 23:05:27,mobile_app_developer_interview.txt,-999,0,0.020717367710082,0.0024783147459727,0.0115268833269473,0.1021198892102644,0.0027884868902528,21.340665201353247,0.0042925670571719,-54.37183888333955,0.0029280082464099,-12.855797122459007,0.0221539898027532,35.43249022660788,61.0,11.0
244,2024-09-09 23:05:27,natural_language_processing_engineer_interview.txt,-999,0,0.0314790608414593,0.001838990382795,0.0142286214989795,0.086491011678953,0.0038481947597602,84.37140450800092,0.0008769698550499,-66.14241608556237,0.0017231171534411,7.569569623048423,0.0206840137626214,14.705305543181566,2.0,52.0
244,2024-09-09 23:05:27,network_administrator_interview.txt,-999,0,0.0229718210908717,0.0036923194694453,0.0109334297743406,0.0895950368106645,0.003041027698439,34.54489446052344,0.0016927009943128,-32.020842824825394,0.0014644231173854,-17.342355658698622,0.0145784144506879,18.82189690030781,42.0,42.0
244,2024-09-09 23:05:27,neuroscientist_interview.txt,-999,0,0.0217929372734569,0.0024731486715658,0.0129470213905568,0.0821462066597913,0.0005642243195821,27.640226425375232,0.0035632122874887,-54.466951288154526,0.0001603381275734,-2.1194344805304866,0.031940857350433,8.943178617225328,54.0,73.0
244,2024-09-09 23:05:27,no_persona_interview.txt,-999,0,0.0170737218851599,0.0054315464075711,0.0132273667625893,0.0754027996084216,0.0031732689000958,0.0,0.0010284840311784,0.0,0.0003333475653023,0.0,0.0048231291858083,0.0,87.0,83.0
244,2024-09-09 23:05:27,nuclear_engineer_interview.txt,-999,0,0.0224298715303209,0.0064812300674601,0.0105121950399697,0.0906226655911832,0.0051960549171333,31.37072093119013,0.0015142494674612,19.32568703501821,0.0029074056911514,-20.526925512482805,0.0027553014533707,20.1847491894209,49.0,38.0
244,2024-09-09 23:05:27,nurse_interview.txt,-999,0,0.0181909781520423,0.0062409482266717,0.0102563514309134,0.0960752752537177,0.0069512789325062,6.543718319867665,0.0020294047384251,14.901866952152162,0.0037285061063044,-22.4611246138484,0.0175069188565697,27.41605849206057,79.0,22.0
244,2024-09-09 23:05:27,occupational_therapist_interview.txt,-999,0,0.0236658076929832,0.0049373853393953,0.0101163170733041,0.0849434160231781,0.0074047767712333,38.609541915714544,0.0050274230629024,-9.09798114744858,0.0021765075820251,-23.519796079776786,0.0145550023610586,12.652867618049186,37.0,61.0
244,2024-09-09 23:05:27,operations_manager_interview.txt,-999,0,0.0228294030889863,0.0017361835581491,0.010887072006799,0.0613420540891849,0.0052440180796135,33.71075880549,0.0007718399512375,-68.03518873135114,0.0009997973919025,-17.692824261963295,0.0241924530386096,-18.647511222734835,45.0,98.0
244,2024-09-09 23:05:27,petroleum_engineer_interview.txt,-999,0,0.0280849927162079,0.0079065452653625,0.0085842757038116,0.0635643075496997,0.0047800363515069,64.49250435910392,0.0015015847887422,45.56711242200612,0.002095536495736,-35.102157081707645,0.003697363331847,-15.700334894992068,12.0,97.0
244,2024-09-09 23:05:27,pharmacist_interview.txt,-999,0,0.022111140009435,0.0044588185386672,0.0112418065459463,0.08495480688877,0.0043151317434404,29.50392514389896,0.001814354850814,-17.908856813741664,0.002225159994624,-15.011001450861215,0.0190121105,12.667974305932075,51.0,60.0
244,2024-09-09 23:05:27,physical_therapist_interview.txt,-999,0,0.0169557331079226,0.0015460729746444,0.0091358323949853,0.0909777704159974,0.0015797181138623,-0.6910548152940095,0.0026778769442932,-71.53530765217612,0.0009922217622031,-30.93234232512588,0.0116673219097358,20.65569300935641,88.0,36.0
244,2024-09-09 23:05:27,physicist_interview.txt,-999,0,0.0265002796721381,0.0039919014597929,0.0107140424097698,0.0985863661290366,0.0053023454432123,55.21091329929416,0.0019030287159094,-26.505249881901733,0.0025219533158309,-19.00094249996802,0.0057582577616427,30.74629409121513,19.0,18.0
244,2024-09-09 23:05:27,procurement_specialist_interview.txt,-999,0,0.0213772165039798,0.0027205341072034,0.0111905194276704,0.0745899155522725,0.0044292975359535,25.205369091553536,0.0014257734138838,-49.91234718327727,0.0028259489125778,-15.39873635831792,0.018288389403132,-1.0780555368905738,58.0,85.0
244,2024-09-09 23:05:27,product_manager_interview.txt,-999,0,0.0191352645095474,0.0006529546196539,0.0102640172403709,0.0987656333018748,0.0080897296323804,12.074359874511842,0.0011309505762774,-87.978476649969,0.0025944444603681,-22.40317045263748,0.0048618382821969,30.98404013482255,70.0,17.0
244,2024-09-09 23:05:27,professor_of_classics_interview.txt,-999,0,0.0136528160579939,0.0024466946133142,0.010035503943948,0.1068358461195059,0.0013828442943697,-20.036087328676444,0.0027237427120176,-54.95399597610418,0.0037151372395087,-24.130750102649188,0.0204820155897788,41.68684276223286,97.0,6.0
244,2024-09-09 23:05:27,project_manager_interview.txt,-999,0,0.0187791241263188,0.0029821223591654,0.0110595145798984,0.0847611890476325,0.0031410728889885,9.988462109373144,0.003737512105424,-45.09625555240431,0.0021749502110313,-16.389143974008263,0.0102437931673036,12.411196252407606,76.0,62.0
244,2024-09-09 23:05:27,psychologist_interview.txt,-999,0,0.0190789279949058,0.0029921926079766,0.0139549215661503,0.083429158585379,0.0040863058489659,11.744399511912064,0.0030907318157466,-44.91085257403409,0.0029620170687443,5.5003752191913975,0.0134873981269323,10.644643194469497,73.0,67.0
244,2024-09-09 23:05:27,public_relations_specialist_interview.txt,-999,0,0.0190932150518321,0.0003153579312519,0.0110273089794043,0.0798895934002297,0.0097171670091192,11.828078144036482,0.0005462159594982,-94.1939567926293,0.0028482094427765,-16.632621009703655,0.0214632738571803,5.950433956177619,72.0,77.0
244,2024-09-09 23:05:27,quality_control_engineer_interview.txt,-999,0,0.0224436699554305,0.0029910269192422,0.0117687307301235,0.0906182489902157,0.0074251556081403,31.45153766934692,0.0051806105909338,-44.93231402620391,0.0021319360781538,-11.027410509182175,0.0080414599666698,20.17889184593973,48.0,39.0
244,2024-09-09 23:05:27,restaurant_manager_interview.txt,-999,0,0.0166182176245498,0.0,0.0097334960726041,0.0677277468472879,0.0059620385537581,-2.6678674027481293,0.0,-100.0,0.0022182167125534,-26.41395489136077,0.0110584706193895,-10.178737130440012,91.0,96.0
244,2024-09-09 23:05:27,retail_manager_interview.txt,-999,0,0.0176461629178153,0.00136878169167,0.0085212946930703,0.1011406455039909,0.0063649930444391,3.3527606722527,0.0015916068793348,-74.79941090511315,0.0017008136649831,-35.578298795109305,0.0126408547286888,34.13380674090331,85.0,13.0
244,2024-09-09 23:05:27,robotics_engineer_interview.txt,-999,0,0.0222901617265766,0.002761181936086,0.0106068121822085,0.07415291948467,0.0036661611190007,30.552447067506137,0.0033068131986568,-49.1639815092594,0.0005423742547563,-19.811611996671147,0.0223791398613211,-1.6576043996277008,50.0,89.0
244,2024-09-09 23:05:27,safety_engineer_interview.txt,-999,0,0.023077773244368,0.0080963858443156,0.0103077767209507,0.0859398563951382,0.0052376100353014,35.165451326852946,0.0015120049146817,49.06226029901811,0.0016158430820001,-22.072345116308625,0.0154373066465196,13.974357505871282,41.0,56.0
244,2024-09-09 23:05:27,sales_manager_interview.txt,-999,0,0.0151520746874011,0.0026642984014209,0.0092369407234108,0.086749935223508,0.0020943518440987,-11.254998826173008,0.0046147001977856,-50.9477006823113,0.0007269409027394,-30.16795489835945,0.0118796002339695,15.048692719652038,94.0,50.0
244,2024-09-09 23:05:27,seo_specialist_interview.txt,-999,0,0.017712821066417,0.0,0.0102516268637401,0.0912622161655762,0.0063881367145241,3.743174367931076,0.0,-100.0,0.0011172392542868,-22.496842737175825,0.0040851110836638,21.0329280073352,84.0,35.0
244,2024-09-09 23:05:27,shop_assistant_interview.txt,-999,0,0.0164547964214671,0.0012602394454946,0.0074838852571085,0.110568514350193,0.0071739370411287,-3.625017836507766,0.0021827987492991,-76.79777818453373,0.0016975963054205,-43.42120097346168,0.0185315029467789,46.63714732661427,93.0,4.0
244,2024-09-09 23:05:27,social_media_manager_interview.txt,-999,0,0.0165791233684623,0.0017094017094017,0.0102189674137335,0.0945209156150918,0.0079718111142365,-2.896840653867571,0.0029607706112288,-68.52826835799574,0.0013275276157944,-22.74375091317792,0.0308071517995253,25.354650100465136,92.0,27.0
244,2024-09-09 23:05:27,software_quality_assurance_tester_interview.txt,-999,0,0.0141878138627427,0.0047385617275905,0.0105706626429909,0.0824761093156928,0.0007170885232117,-16.902629911791763,0.0035124361633167,-12.758515310015396,0.0003435001916342,-20.084905539266444,0.0039898362540234,9.3806990509689,95.0,72.0
244,2024-09-09 23:05:27,speech_therapist_interview.txt,-999,0,0.019882575808155,0.001561918578374,0.0127255614034483,0.0743476333114456,0.0050959846963063,16.451327612619053,0.0019978508992341,-71.24357482802957,0.0016025308464587,-3.793690521685832,0.0318881801421964,-1.3993728382177435,66.0,88.0
244,2024-09-09 23:05:27,structural_engineer_interview.txt,-999,0,0.0259536903265495,0.0016307893020221,0.0112301131757513,0.0863027381603683,0.005338980242495,52.00956476342645,0.0028246099275422,-69.97559848243233,0.0038978871679468,-15.099404308398192,0.0277011440594384,14.455615187435583,24.0,54.0
244,2024-09-09 23:05:27,supply_chain_manager_interview.txt,-999,0,0.0205991238057798,0.0038506905708858,0.0092525942815,0.0920543284055311,0.0029915162269549,20.64811611863068,0.000202805087567,-29.105078334261265,0.0027489946872023,-30.04961268883163,0.0070967865876595,22.083435739234417,62.0,32.0
244,2024-09-09 23:05:27,system_administrator_interview.txt,-999,0,0.0240343983395633,0.0055065678137907,0.0106643246746858,0.0903945694398014,0.0029512614333009,40.76836029790033,0.0020195130659452,1.3812163349104625,0.0022992411679719,-19.37681273911957,0.0163693358970157,19.88224563177276,35.0,40.0
244,2024-09-09 23:05:27,transportation_engineer_interview.txt,-999,0,0.0241250637138403,0.0045208939573072,0.0080938797127155,0.0913256235673592,0.0047098666451434,41.29938320483748,0.0010888715207167,-16.765988577296056,0.0016704914857118,-38.80959182588588,0.005659233390672,21.11701958233286,34.0,34.0
244,2024-09-09 23:05:27,travel_agent_interview.txt,-999,0,0.0209546224326055,0.0009225092250922,0.0075608032457946,0.0837946857317791,0.0050411668881252,22.730255146177328,0.0015978328483107,-83.01571677991467,0.0011833280371428,-42.83969454012075,0.0156088201637522,11.129409208859386,60.0,66.0
244,2024-09-09 23:05:27,veterinarian_interview.txt,-999,0,0.0167447772910872,0.0007047216349541,0.0076390754471141,0.0815666379515866,0.0033141345978521,-1.9266132849368065,0.0012206136769336,-87.02539604610818,0.0014116326051009,-42.247950145908334,0.0320331128142359,8.174548392333918,90.0,74.0
244,2024-09-09 23:05:27,warehouse_manager_interview.txt,-999,0,0.0212289226325175,0.0003129890453834,0.0107404973857999,0.0993504733388852,0.0041396323928633,24.3368187399678,0.0005421129288165,-94.2375702627316,0.0013833336119486,-18.800940666610416,0.0122744278533938,31.759661252403788,59.0,15.0
244,2024-09-09 23:05:27,water_resources_engineer_interview.txt,-999,0,0.0267205619091325,0.005961722340624,0.0105061688987479,0.0885753083030891,0.0033452474596344,56.50109618077727,0.0068185544629494,9.761049492533845,0.0014162739345967,-20.572483644573254,0.025965473728917,17.469522037741726,17.0,44.0
245,2024-09-09 23:14:29,no_persona_interview.txt,1,0,0.0162671232876712,0.0042808219178082,0.0128424657534246,0.0794851619763919,,,,,,,,,,
245,2024-09-09 23:14:29,no_persona_interview.txt,2,0,0.0143815915627996,0.0057526366251198,0.0134228187919463,0.0700808695365404,,,,,,,,,,
245,2024-09-09 23:14:29,no_persona_interview.txt,3,0,0.0205724508050089,0.0062611806797853,0.0134168157423971,0.0766423673123326,,,,,,,,,,
245,2024-09-09 23:14:29,no_persona_interview.txt,-999,0,0.0170737218851599,0.0054315464075711,0.0132273667625893,0.0754027996084216,0.0031732689000958,0.0,0.0010284840311784,0.0,0.0003333475653023,0.0,0.0048231291858083,0.0,1.0,1.0
246,2024-09-10 08:50:59,restaurant_manager_interview.txt,1,0,0.010462074978204,0.0,0.011333914559721,0.0814971774829979,,,,,,,,,,
246,2024-09-10 08:50:59,restaurant_manager_interview.txt,2,0,0.0106269925611052,0.0,0.0106269925611052,0.1423776351625572,,,,,,,,,,
246,2024-09-10 08:50:59,restaurant_manager_interview.txt,3,0,0.0128342245989304,0.0,0.0096256684491978,0.120739095985258,,,,,,,,,,
246,2024-09-10 08:50:59,customer_service_representative_interview.txt,1,0,0.0154211150652431,0.0130486358244365,0.0118623962040332,0.0735900779258351,,,,,,,,,,
246,2024-09-10 08:50:59,customer_service_representative_interview.txt,2,0,0.0094786729857819,0.0009478672985781,0.0113744075829383,0.0770808904415008,,,,,,,,,,
246,2024-09-10 08:50:59,customer_service_representative_interview.txt,3,0,0.0137575236457437,0.0,0.0128976784178847,0.0793779200328082,,,,,,,,,,
246,2024-09-10 08:50:59,construction_manager_interview.txt,1,0,0.024340770791075,0.0,0.0101419878296146,0.1115254462242579,,,,,,,,,,
246,2024-09-10 08:50:59,construction_manager_interview.txt,2,0,0.0222419928825622,0.0,0.0071174377224199,0.1091345609754004,,,,,,,,,,
246,2024-09-10 08:50:59,construction_manager_interview.txt,3,0,0.025305410122164,0.0034904013961605,0.0104712041884816,0.0880302011330668,,,,,,,,,,
246,2024-09-10 08:50:59,human_resources_manager_interview.txt,1,0,0.0232974910394265,0.010752688172043,0.0098566308243727,0.0733895753984074,,,,,,,,,,
246,2024-09-10 08:50:59,human_resources_manager_interview.txt,2,0,0.020446096654275,0.0018587360594795,0.0148698884758364,0.0482638618546471,,,,,,,,,,
246,2024-09-10 08:50:59,human_resources_manager_interview.txt,3,0,0.0168421052631578,0.0010526315789473,0.0168421052631578,0.0925354976984047,,,,,,,,,,
246,2024-09-10 08:50:59,water_resources_engineer_interview.txt,1,0,0.0245554614733276,0.0101608806096528,0.0110076206604572,0.0967380759181097,,,,,,,,,,
246,2024-09-10 08:50:59,water_resources_engineer_interview.txt,2,0,0.0313364055299539,0.0,0.0110599078341013,0.086418780954691,,,,,,,,,,
246,2024-09-10 08:50:59,water_resources_engineer_interview.txt,3,0,0.0277777777777777,0.0,0.010752688172043,0.0499618371360756,,,,,,,,,,
246,2024-09-10 08:50:59,project_manager_interview.txt,1,0,0.0164835164835164,0.0087912087912087,0.0142857142857142,0.101449822918952,,,,,,,,,,
246,2024-09-10 08:50:59,project_manager_interview.txt,2,0,0.014014014014014,0.0,0.013013013013013,0.1023335186874038,,,,,,,,,,
246,2024-09-10 08:50:59,project_manager_interview.txt,3,0,0.0151209677419354,0.0,0.0151209677419354,0.0778217413951666,,,,,,,,,,
246,2024-09-10 08:50:59,biologist_interview.txt,1,0,0.0274463007159904,0.0011933174224343,0.0095465393794749,0.1338257842620565,,,,,,,,,,
246,2024-09-10 08:50:59,biologist_interview.txt,2,0,0.0244100895036615,0.0089503661513425,0.0056956875508543,0.0841211267283136,,,,,,,,,,
246,2024-09-10 08:50:59,biologist_interview.txt,3,0,0.0158730158730158,0.0,0.0084033613445378,0.0836383944491676,,,,,,,,,,
246,2024-09-10 08:50:59,network_administrator_interview.txt,1,0,0.0202774813233724,0.0032017075773745,0.0181430096051227,0.089593192415987,,,,,,,,,,
246,2024-09-10 08:50:59,network_administrator_interview.txt,2,0,0.0259301014656144,0.0045095828635851,0.0112739571589627,0.0941809811020629,,,,,,,,,,
246,2024-09-10 08:50:59,network_administrator_interview.txt,3,0,0.0274135876042908,0.0047675804529201,0.0095351609058402,0.1277462969204902,,,,,,,,,,
246,2024-09-10 08:50:59,retail_manager_interview.txt,1,0,0.0175438596491228,0.0,0.0110803324099723,0.0755304954901235,,,,,,,,,,
246,2024-09-10 08:50:59,retail_manager_interview.txt,2,0,0.0171945701357466,0.0027149321266968,0.0090497737556561,0.0897167877660183,,,,,,,,,,
246,2024-09-10 08:50:59,retail_manager_interview.txt,3,0,0.0177902621722846,0.0065543071161048,0.0093632958801498,0.0857245178204834,,,,,,,,,,
246,2024-09-10 08:50:59,agricultural_engineer_interview.txt,1,0,0.0166358595194085,0.0036968576709796,0.011090573012939,0.0994231419613369,,,,,,,,,,
246,2024-09-10 08:50:59,agricultural_engineer_interview.txt,2,0,0.0168697282099343,0.0,0.0084348641049671,0.0700959119827873,,,,,,,,,,
246,2024-09-10 08:50:59,agricultural_engineer_interview.txt,3,0,0.0250223413762287,0.002680965147453,0.0071492403932082,0.0870565417256863,,,,,,,,,,
246,2024-09-10 08:50:59,electrical_engineer_interview.txt,1,0,0.0251196172248803,0.0035885167464114,0.0131578947368421,0.1056712537908632,,,,,,,,,,
246,2024-09-10 08:50:59,electrical_engineer_interview.txt,2,0,0.0274579273693534,0.0008857395925597,0.0070859167404783,0.115659059592213,,,,,,,,,,
246,2024-09-10 08:50:59,electrical_engineer_interview.txt,3,0,0.0277185501066098,0.0042643923240938,0.0117270788912579,0.0743704702036847,,,,,,,,,,
246,2024-09-10 08:50:59,quality_control_engineer_interview.txt,1,0,0.0155642023346303,0.0,0.0126459143968871,0.102217044196494,,,,,,,,,,
246,2024-09-10 08:50:59,quality_control_engineer_interview.txt,2,0,0.0269687162891046,0.0,0.0107874865156418,0.0865243885868608,,,,,,,,,,
246,2024-09-10 08:50:59,quality_control_engineer_interview.txt,3,0,0.0196656833824975,0.0058997050147492,0.015732546705998,0.0818664216334927,,,,,,,,,,
246,2024-09-10 08:50:59,machine_learning_engineer_interview.txt,1,0,0.0439077936333699,0.0,0.0153677277716794,0.1563000533502245,,,,,,,,,,
246,2024-09-10 08:50:59,machine_learning_engineer_interview.txt,2,0,0.0287179487179487,0.0,0.0102564102564102,0.1425064417524086,,,,,,,,,,
246,2024-09-10 08:50:59,machine_learning_engineer_interview.txt,3,0,0.0274725274725274,0.0036630036630036,0.0119047619047619,0.0881963239666915,,,,,,,,,,
246,2024-09-10 08:50:59,geologist_interview.txt,1,0,0.0279720279720279,0.0008741258741258,0.0139860139860139,0.1059940117158293,,,,,,,,,,
246,2024-09-10 08:50:59,geologist_interview.txt,2,0,0.0230607966457023,0.0010482180293501,0.0125786163522012,0.0586069417145707,,,,,,,,,,
246,2024-09-10 08:50:59,geologist_interview.txt,3,0,0.0352187833511205,0.0032017075773745,0.0138740661686232,0.0858995210667538,,,,,,,,,,
246,2024-09-10 08:50:59,chemical_engineer_interview.txt,1,0,0.0218181818181818,0.0054545454545454,0.0072727272727272,0.085317773024806,,,,,,,,,,
246,2024-09-10 08:50:59,chemical_engineer_interview.txt,2,0,0.0274111675126903,0.0,0.0131979695431472,0.0535734082114602,,,,,,,,,,
246,2024-09-10 08:50:59,chemical_engineer_interview.txt,3,0,0.0244173140954495,0.0,0.0122086570477247,0.0995035591195166,,,,,,,,,,
246,2024-09-10 08:50:59,no_persona_interview.txt,1,0,0.0162671232876712,0.0042808219178082,0.0128424657534246,0.0794851619763919,,,,,,,,,,
246,2024-09-10 08:50:59,no_persona_interview.txt,2,0,0.0143815915627996,0.0057526366251198,0.0134228187919463,0.0700808695365404,,,,,,,,,,
246,2024-09-10 08:50:59,no_persona_interview.txt,3,0,0.0214669051878354,0.0062611806797853,0.0134168157423971,0.0766423673123326,,,,,,,,,,
246,2024-09-10 08:50:59,financial_analyst_interview.txt,1,0,0.0285412262156448,0.0052854122621564,0.0095137420718816,0.0707827331240954,,,,,,,,,,
246,2024-09-10 08:50:59,financial_analyst_interview.txt,2,0,0.0378710337768679,0.0061412487205731,0.0061412487205731,0.0898497063617448,,,,,,,,,,
246,2024-09-10 08:50:59,financial_analyst_interview.txt,3,0,0.0230326295585412,0.0038387715930902,0.0115163147792706,0.1184514335719271,,,,,,,,,,
246,2024-09-10 08:50:59,civil_engineer_interview.txt,1,0,0.024,0.0,0.015,0.0718426104825856,,,,,,,,,,
246,2024-09-10 08:50:59,civil_engineer_interview.txt,2,0,0.0187393526405451,0.0,0.0102214650766609,0.1142857951310034,,,,,,,,,,
246,2024-09-10 08:50:59,civil_engineer_interview.txt,3,0,0.0229540918163672,0.0,0.0139720558882235,0.1233256887615342,,,,,,,,,,
246,2024-09-10 08:50:59,meteorologist_interview.txt,1,0,0.019367991845056,0.0,0.0132517838939857,0.0882487106228991,,,,,,,,,,
246,2024-09-10 08:50:59,meteorologist_interview.txt,2,0,0.0228260869565217,0.0065217391304347,0.0130434782608695,0.1094760153228075,,,,,,,,,,
246,2024-09-10 08:50:59,meteorologist_interview.txt,3,0,0.0190657769304099,0.0095328884652049,0.0104861773117254,0.0707906785111206,,,,,,,,,,
246,2024-09-10 08:50:59,shop_assistant_interview.txt,1,0,0.0213723284589426,0.0,0.0134983127109111,0.0805733106885031,,,,,,,,,,
246,2024-09-10 08:50:59,shop_assistant_interview.txt,2,0,0.0200445434298441,0.0,0.0133630289532293,0.0777410538121617,,,,,,,,,,
246,2024-09-10 08:50:59,shop_assistant_interview.txt,3,0,0.0125523012552301,0.0010460251046025,0.0125523012552301,0.0817814920906232,,,,,,,,,,
246,2024-09-10 08:50:59,social_media_manager_interview.txt,1,0,0.0185512367491166,0.0017667844522968,0.0079505300353356,0.1015521739733136,,,,,,,,,,
246,2024-09-10 08:50:59,social_media_manager_interview.txt,2,0,0.0128424657534246,0.0,0.0128424657534246,0.0773885718005031,,,,,,,,,,
246,2024-09-10 08:50:59,social_media_manager_interview.txt,3,0,0.0127462340672074,0.0,0.0139049826187717,0.0839126907514007,,,,,,,,,,
246,2024-09-10 08:50:59,marine_engineer_interview.txt,1,0,0.0280455740578439,0.0061349693251533,0.0078878177037686,0.0731716707768866,,,,,,,,,,
246,2024-09-10 08:50:59,marine_engineer_interview.txt,2,0,0.0224032586558044,0.0091649694501018,0.0122199592668024,0.0912553576282185,,,,,,,,,,
246,2024-09-10 08:50:59,marine_engineer_interview.txt,3,0,0.0252100840336134,0.007469654528478,0.0046685340802987,0.0577178223065263,,,,,,,,,,
246,2024-09-10 08:50:59,warehouse_manager_interview.txt,1,0,0.0233265720081135,0.0050709939148073,0.0121703853955375,0.0965844573938373,,,,,,,,,,
246,2024-09-10 08:50:59,warehouse_manager_interview.txt,2,0,0.027689030883919,0.0,0.0159744408945686,0.1184276518365309,,,,,,,,,,
246,2024-09-10 08:50:59,warehouse_manager_interview.txt,3,0,0.0319148936170212,0.0,0.0096711798839458,0.1266145847663599,,,,,,,,,,
246,2024-09-10 08:50:59,business_intelligence_analyst_interview.txt,1,0,0.0337972166998011,0.0,0.0109343936381709,0.0491953735936551,,,,,,,,,,
246,2024-09-10 08:50:59,business_intelligence_analyst_interview.txt,2,0,0.0167014613778705,0.0104384133611691,0.0073068893528183,0.1126248012979026,,,,,,,,,,
246,2024-09-10 08:50:59,business_intelligence_analyst_interview.txt,3,0,0.0255152109911678,0.0058881256133464,0.0078508341511285,0.0888575942890054,,,,,,,,,,
246,2024-09-10 08:50:59,full_stack_developer_interview.txt,1,0,0.0220588235294117,0.0,0.0105042016806722,0.0871462512811923,,,,,,,,,,
246,2024-09-10 08:50:59,full_stack_developer_interview.txt,2,0,0.0294388224471021,0.0045998160073597,0.0101195952161913,0.0920855742080969,,,,,,,,,,
246,2024-09-10 08:50:59,full_stack_developer_interview.txt,3,0,0.0253292806484295,0.0030395136778115,0.0131712259371833,0.0939062814386072,,,,,,,,,,
246,2024-09-10 08:50:59,travel_agent_interview.txt,1,0,0.0206398348813209,0.0,0.0103199174406604,0.125771413548644,,,,,,,,,,
246,2024-09-10 08:50:59,travel_agent_interview.txt,2,0,0.0185840707964601,0.0044247787610619,0.0070796460176991,0.0672696950302999,,,,,,,,,,
246,2024-09-10 08:50:59,travel_agent_interview.txt,3,0,0.0201342281879194,0.0,0.012464046021093,0.0779414003485252,,,,,,,,,,
246,2024-09-10 08:50:59,robotics_engineer_interview.txt,1,0,0.03003003003003,0.002002002002002,0.013013013013013,0.0728151644609244,,,,,,,,,,
246,2024-09-10 08:50:59,robotics_engineer_interview.txt,2,0,0.0327510917030567,0.0,0.0141921397379912,0.0990048380293816,,,,,,,,,,
246,2024-09-10 08:50:59,robotics_engineer_interview.txt,3,0,0.0245139475908706,0.0008453085376162,0.0109890109890109,0.0588537346386318,,,,,,,,,,
246,2024-09-10 08:50:59,biomedical_engineer_interview.txt,1,0,0.0294117647058823,0.0,0.0107843137254901,0.0674251573745066,,,,,,,,,,
246,2024-09-10 08:50:59,biomedical_engineer_interview.txt,2,0,0.0221052631578947,0.0021052631578947,0.0084210526315789,0.0831557537923468,,,,,,,,,,
246,2024-09-10 08:50:59,biomedical_engineer_interview.txt,3,0,0.0257466529351184,0.0030895983522142,0.0051493305870236,0.0928420075536183,,,,,,,,,,
246,2024-09-10 08:50:59,marketing_manager_interview.txt,1,0,0.0132924335378323,0.0,0.0081799591002045,0.1018467412082878,,,,,,,,,,
246,2024-09-10 08:50:59,marketing_manager_interview.txt,2,0,0.0130841121495327,0.0,0.0074766355140186,0.1004386315578809,,,,,,,,,,
246,2024-09-10 08:50:59,marketing_manager_interview.txt,3,0,0.0114394661582459,0.0,0.0085795996186844,0.0873851352765428,,,,,,,,,,
246,2024-09-10 08:50:59,professor_of_classics_interview.txt,1,0,0.0146654445462878,0.0009165902841429,0.0091659028414298,0.0942882863095154,,,,,,,,,,
246,2024-09-10 08:50:59,professor_of_classics_interview.txt,2,0,0.0168598524762908,0.0,0.0105374077976817,0.0976336650364999,,,,,,,,,,
246,2024-09-10 08:50:59,professor_of_classics_interview.txt,3,0,0.0144927536231884,0.0,0.0119352088661551,0.1064520524290018,,,,,,,,,,
246,2024-09-10 08:50:59,environmental_engineer_interview.txt,1,0,0.0251572327044025,0.0020964360587002,0.0052410901467505,0.1386641636459077,,,,,,,,,,
246,2024-09-10 08:50:59,environmental_engineer_interview.txt,2,0,0.0258697591436217,0.0053523639607493,0.0098126672613737,0.1227089535013687,,,,,,,,,,
246,2024-09-10 08:50:59,environmental_engineer_interview.txt,3,0,0.0225563909774436,0.0032223415682062,0.0150375939849624,0.1213419236884954,,,,,,,,,,
246,2024-09-10 08:50:59,astronomer_interview.txt,1,0,0.0303030303030303,0.0011223344556677,0.0078563411896745,0.1040216901891343,,,,,,,,,,
246,2024-09-10 08:50:59,astronomer_interview.txt,2,0,0.0286006128702757,0.0,0.0051072522982635,0.066160935812193,,,,,,,,,,
246,2024-09-10 08:50:59,astronomer_interview.txt,3,0,0.0186084142394822,0.0,0.0088996763754045,0.0676042318400002,,,,,,,,,,
246,2024-09-10 08:50:59,ai_professor_interview.txt,1,0,0.0193929173693086,0.0016863406408094,0.0109612141652613,0.100284683857549,,,,,,,,,,
246,2024-09-10 08:50:59,ai_professor_interview.txt,2,0,0.023486901535682,0.004516711833785,0.005420054200542,0.0664720440152279,,,,,,,,,,
246,2024-09-10 08:50:59,ai_professor_interview.txt,3,0,0.0170068027210884,0.0034013605442176,0.0147392290249433,0.0875912636525537,,,,,,,,,,
246,2024-09-10 08:50:59,game_developer_interview.txt,1,0,0.0198537095088819,0.0,0.0146290491118077,0.0884944026122132,,,,,,,,,,
246,2024-09-10 08:50:59,game_developer_interview.txt,2,0,0.0187667560321715,0.001787310098302,0.0089365504915102,0.1173435485376671,,,,,,,,,,
246,2024-09-10 08:50:59,game_developer_interview.txt,3,0,0.0265588914549653,0.0,0.0127020785219399,0.0891592174878559,,,,,,,,,,
246,2024-09-10 08:50:59,fire_protection_engineer_interview.txt,1,0,0.0221238938053097,0.0106194690265486,0.0097345132743362,0.0963801547223116,,,,,,,,,,
246,2024-09-10 08:50:59,fire_protection_engineer_interview.txt,2,0,0.0299145299145299,0.0111111111111111,0.0068376068376068,0.0742757053441736,,,,,,,,,,
246,2024-09-10 08:50:59,fire_protection_engineer_interview.txt,3,0,0.0252572497661365,0.0056127221702525,0.0084190832553788,0.0636914021110854,,,,,,,,,,
246,2024-09-10 08:50:59,safety_engineer_interview.txt,1,0,0.0227655986509274,0.0084317032040472,0.0092748735244519,0.1119140969618309,,,,,,,,,,
246,2024-09-10 08:50:59,safety_engineer_interview.txt,2,0,0.0251865671641791,0.0046641791044776,0.0102611940298507,0.0969963277507818,,,,,,,,,,
246,2024-09-10 08:50:59,safety_engineer_interview.txt,3,0,0.0254841997961264,0.0081549439347604,0.0122324159021406,0.0820585329886059,,,,,,,,,,
246,2024-09-10 08:50:59,environmental_scientist_interview.txt,1,0,0.0164251207729468,0.0,0.0125603864734299,0.1120898514050759,,,,,,,,,,
246,2024-09-10 08:50:59,environmental_scientist_interview.txt,2,0,0.0222693531283138,0.0,0.0137857900318133,0.1197515229748227,,,,,,,,,,
246,2024-09-10 08:50:59,environmental_scientist_interview.txt,3,0,0.0251572327044025,0.0073375262054507,0.0062893081761006,0.1071153655067242,,,,,,,,,,
246,2024-09-10 08:50:59,operations_manager_interview.txt,1,0,0.0217391304347826,0.0018115942028985,0.0135869565217391,0.0997896968349406,,,,,,,,,,
246,2024-09-10 08:50:59,operations_manager_interview.txt,2,0,0.0178731009830205,0.000893655049151,0.0116175156389633,0.0768314946145523,,,,,,,,,,
246,2024-09-10 08:50:59,operations_manager_interview.txt,3,0,0.0147441457068516,0.0017346053772766,0.01040763226366,0.0798393786900252,,,,,,,,,,
246,2024-09-10 08:50:59,backend_developer_interview.txt,1,0,0.0257611241217798,0.0035128805620608,0.0152224824355971,0.122139921627983,,,,,,,,,,
246,2024-09-10 08:50:59,backend_developer_interview.txt,2,0,0.0233426704014939,0.0,0.0130718954248366,0.0919713627342618,,,,,,,,,,
246,2024-09-10 08:50:59,backend_developer_interview.txt,3,0,0.0291164658634538,0.0100401606425702,0.0120481927710843,0.0939789977446722,,,,,,,,,,
246,2024-09-10 08:50:59,digital_marketing_specialist_interview.txt,1,0,0.0130010834236186,0.0043336944745395,0.0097508125677139,0.0603589478345086,,,,,,,,,,
246,2024-09-10 08:50:59,digital_marketing_specialist_interview.txt,2,0,0.0112676056338028,0.0,0.0103286384976525,0.0818004613102172,,,,,,,,,,
246,2024-09-10 08:50:59,digital_marketing_specialist_interview.txt,3,0,0.0194264569842738,0.0,0.0083256244218316,0.0802330317533402,,,,,,,,,,
246,2024-09-10 08:50:59,mechanical_engineer_interview.txt,1,0,0.0238611713665943,0.0,0.0140997830802603,0.087548645365675,,,,,,,,,,
246,2024-09-10 08:50:59,mechanical_engineer_interview.txt,2,0,0.024390243902439,0.0053022269353128,0.0116648992576882,0.0941953519357782,,,,,,,,,,
246,2024-09-10 08:50:59,mechanical_engineer_interview.txt,3,0,0.0283882783882783,0.0018315018315018,0.01007326007326,0.0912802508516414,,,,,,,,,,
246,2024-09-10 08:50:59,software_quality_assurance_tester_interview.txt,1,0,0.0311804008908685,0.0055679287305122,0.010022271714922,0.1269443031378924,,,,,,,,,,
246,2024-09-10 08:50:59,software_quality_assurance_tester_interview.txt,2,0,0.0167597765363128,0.0065176908752327,0.0111731843575419,0.0952146085862209,,,,,,,,,,
246,2024-09-10 08:50:59,software_quality_assurance_tester_interview.txt,3,0,0.0263157894736842,0.0025466893039049,0.0101867572156196,0.0799308042314031,,,,,,,,,,
246,2024-09-10 08:50:59,cybersecurity_specialist_interview.txt,1,0,0.0193610842207163,0.0038722168441432,0.0125847047434656,0.0739913621180536,,,,,,,,,,
246,2024-09-10 08:50:59,cybersecurity_specialist_interview.txt,2,0,0.0177975528364849,0.0088987764182424,0.0166852057842046,0.0977342262895443,,,,,,,,,,
246,2024-09-10 08:50:59,cybersecurity_specialist_interview.txt,3,0,0.0222016651248843,0.001850138760407,0.0101757631822386,0.0508137434410253,,,,,,,,,,
246,2024-09-10 08:50:59,product_manager_interview.txt,1,0,0.0140721196130167,0.0,0.0149516270888302,0.0942757211716873,,,,,,,,,,
246,2024-09-10 08:50:59,product_manager_interview.txt,2,0,0.0168818272095332,0.0,0.009930486593843,0.0615134685723892,,,,,,,,,,
246,2024-09-10 08:50:59,product_manager_interview.txt,3,0,0.0155109489051094,0.0,0.0127737226277372,0.0807003582271891,,,,,,,,,,
246,2024-09-10 08:50:59,microbiologist_interview.txt,1,0,0.0288461538461538,0.0,0.0117521367521367,0.0957393833258439,,,,,,,,,,
246,2024-09-10 08:50:59,microbiologist_interview.txt,2,0,0.0255885363357216,0.0112589559877175,0.0122824974411463,0.117091868466902,,,,,,,,,,
246,2024-09-10 08:50:59,microbiologist_interview.txt,3,0,0.0224719101123595,0.0037453183520599,0.0056179775280898,0.0916915489198681,,,,,,,,,,
246,2024-09-10 08:50:59,it_manager_interview.txt,1,0,0.0217391304347826,0.0037807183364839,0.0122873345935727,0.0793412951326244,,,,,,,,,,
246,2024-09-10 08:50:59,it_manager_interview.txt,2,0,0.0185633575464083,0.0016142050040355,0.0088781275221953,0.0695957690002913,,,,,,,,,,
246,2024-09-10 08:50:59,it_manager_interview.txt,3,0,0.0272373540856031,0.0009727626459143,0.0116731517509727,0.083290038377852,,,,,,,,,,
246,2024-09-10 08:50:59,industrial_engineer_interview.txt,1,0,0.0253807106598984,0.0008460236886632,0.0076142131979695,0.0820253623829112,,,,,,,,,,
246,2024-09-10 08:50:59,industrial_engineer_interview.txt,2,0,0.0210526315789473,0.0008771929824561,0.0140350877192982,0.0801346352059568,,,,,,,,,,
246,2024-09-10 08:50:59,industrial_engineer_interview.txt,3,0,0.0252479711451758,0.0027051397655545,0.011722272317403,0.1033823885580657,,,,,,,,,,
246,2024-09-10 08:50:59,barista_interview.txt,1,0,0.015495867768595,0.0,0.0113636363636363,0.0884466001397815,,,,,,,,,,
246,2024-09-10 08:50:59,barista_interview.txt,2,0,0.0110599078341013,0.0,0.0101382488479262,0.0903088393497191,,,,,,,,,,
246,2024-09-10 08:50:59,barista_interview.txt,3,0,0.015267175572519,0.0021810250817884,0.0119956379498364,0.0669141427626387,,,,,,,,,,
246,2024-09-10 08:50:59,petroleum_engineer_interview.txt,1,0,0.0203045685279187,0.0010152284263959,0.0071065989847715,0.0919331198887735,,,,,,,,,,
246,2024-09-10 08:50:59,petroleum_engineer_interview.txt,2,0,0.0154291224686595,0.0067502410800385,0.0077145612343297,0.0892173358838656,,,,,,,,,,
246,2024-09-10 08:50:59,petroleum_engineer_interview.txt,3,0,0.0313901345291479,0.0033632286995515,0.0089686098654708,0.0871079697315147,,,,,,,,,,
246,2024-09-10 08:50:59,business_analyst_interview.txt,1,0,0.0244969378827646,0.0043744531933508,0.0113735783027121,0.0892260275493582,,,,,,,,,,
246,2024-09-10 08:50:59,business_analyst_interview.txt,2,0,0.0165118679050567,0.0,0.0144478844169246,0.1236020111141206,,,,,,,,,,
246,2024-09-10 08:50:59,business_analyst_interview.txt,3,0,0.0204280155642023,0.0038910505836575,0.0126459143968871,0.1181281741451343,,,,,,,,,,
246,2024-09-10 08:50:59,data_engineer_interview.txt,1,0,0.0260475651189127,0.001132502831257,0.015855039637599,0.1112774998351303,,,,,,,,,,
246,2024-09-10 08:50:59,data_engineer_interview.txt,2,0,0.0248287671232876,0.0077054794520547,0.0102739726027397,0.0859684494005172,,,,,,,,,,
246,2024-09-10 08:50:59,data_engineer_interview.txt,3,0,0.0305480682839173,0.0035938903863432,0.0143755615453728,0.0778391880497241,,,,,,,,,,
246,2024-09-10 08:50:59,aerospace_engineer_interview.txt,1,0,0.0268456375838926,0.0057526366251198,0.0115052732502396,0.1062281086279365,,,,,,,,,,
246,2024-09-10 08:50:59,aerospace_engineer_interview.txt,2,0,0.0244786944696282,0.0099728014505893,0.0090661831368993,0.070320539612949,,,,,,,,,,
246,2024-09-10 08:50:59,aerospace_engineer_interview.txt,3,0,0.0216110019646365,0.0108055009823182,0.0108055009823182,0.0961493110557554,,,,,,,,,,
246,2024-09-10 08:50:59,bartender_interview.txt,1,0,0.0220125786163522,0.0062893081761006,0.0062893081761006,0.0876458048678939,,,,,,,,,,
246,2024-09-10 08:50:59,bartender_interview.txt,2,0,0.0134146341463414,0.0,0.0134146341463414,0.1053704855778047,,,,,,,,,,
246,2024-09-10 08:50:59,bartender_interview.txt,3,0,0.0145681581685744,0.0031217481789802,0.0052029136316337,0.088940534886738,,,,,,,,,,
246,2024-09-10 08:50:59,natural_language_processing_engineer_interview.txt,1,0,0.0276923076923076,0.003076923076923,0.0102564102564102,0.1011641280088247,,,,,,,,,,
246,2024-09-10 08:50:59,natural_language_processing_engineer_interview.txt,2,0,0.029642545771578,0.002615518744551,0.010462074978204,0.0776889835879054,,,,,,,,,,
246,2024-09-10 08:50:59,natural_language_processing_engineer_interview.txt,3,0,0.0391595033428844,0.0076408787010506,0.0105062082139446,0.0576877035535066,,,,,,,,,,
246,2024-09-10 08:50:59,cto_of_a_fintec_interview.txt,1,0,0.0180275715800636,0.0042417815482502,0.0106044538706256,0.0993694322195733,,,,,,,,,,
246,2024-09-10 08:50:59,cto_of_a_fintec_interview.txt,2,0,0.0209324452901998,0.0028544243577545,0.0085632730732635,0.0932072301943169,,,,,,,,,,
246,2024-09-10 08:50:59,cto_of_a_fintec_interview.txt,3,0,0.0238095238095238,0.0139573070607553,0.0106732348111658,0.0844119315559213,,,,,,,,,,
246,2024-09-10 08:50:59,database_administrator_interview.txt,1,0,0.0230460921843687,0.001002004008016,0.0100200400801603,0.0868153102395595,,,,,,,,,,
246,2024-09-10 08:50:59,database_administrator_interview.txt,2,0,0.0278099652375434,0.0115874855156431,0.0104287369640787,0.093052666983361,,,,,,,,,,
246,2024-09-10 08:50:59,database_administrator_interview.txt,3,0,0.0283687943262411,0.0070921985815602,0.0115248226950354,0.0878756830628261,,,,,,,,,,
246,2024-09-10 08:50:59,nuclear_engineer_interview.txt,1,0,0.0334773218142548,0.0086393088552915,0.0075593952483801,0.0876838841479678,,,,,,,,,,
246,2024-09-10 08:50:59,nuclear_engineer_interview.txt,2,0,0.0184645286686103,0.0048590864917395,0.0087463556851311,0.0725303189130886,,,,,,,,,,
246,2024-09-10 08:50:59,nuclear_engineer_interview.txt,3,0,0.0304568527918781,0.0143824027072758,0.0109983079526226,0.1106991729391424,,,,,,,,,,
246,2024-09-10 08:50:59,chef_interview.txt,1,0,0.0121608980355472,0.0018709073900841,0.0056127221702525,0.0850760140738818,,,,,,,,,,
246,2024-09-10 08:50:59,chef_interview.txt,2,0,0.0123595505617977,0.0,0.0101123595505617,0.096046693762161,,,,,,,,,,
246,2024-09-10 08:50:59,chef_interview.txt,3,0,0.0109561752988047,0.0,0.0109561752988047,0.08231255847063,,,,,,,,,,
246,2024-09-10 08:50:59,hotel_manager_interview.txt,1,0,0.0158898305084745,0.0,0.0127118644067796,0.0945490272866787,,,,,,,,,,
246,2024-09-10 08:50:59,hotel_manager_interview.txt,2,0,0.0186092066601371,0.0,0.0107737512242899,0.1325823116007499,,,,,,,,,,
246,2024-09-10 08:50:59,hotel_manager_interview.txt,3,0,0.0226781857451403,0.0032397408207343,0.0107991360691144,0.1019521789512803,,,,,,,,,,
246,2024-09-10 08:50:59,mobile_app_developer_interview.txt,1,0,0.0214446952595936,0.0,0.010158013544018,0.1544825338979565,,,,,,,,,,
246,2024-09-10 08:50:59,mobile_app_developer_interview.txt,2,0,0.0204841713221601,0.0,0.0065176908752327,0.115980526666356,,,,,,,,,,
246,2024-09-10 08:50:59,mobile_app_developer_interview.txt,3,0,0.014014014014014,0.004004004004004,0.013013013013013,0.0888545545023979,,,,,,,,,,
246,2024-09-10 08:50:59,graphic_designer_interview.txt,1,0,0.0109051254089422,0.0,0.0141766630316248,0.0973947750204865,,,,,,,,,,
246,2024-09-10 08:50:59,graphic_designer_interview.txt,2,0,0.0100446428571428,0.0,0.0145089285714285,0.0985489033096572,,,,,,,,,,
246,2024-09-10 08:50:59,graphic_designer_interview.txt,3,0,0.0138121546961325,0.0,0.0101289134438305,0.1364836044920524,,,,,,,,,,
246,2024-09-10 08:50:59,geotechnical_engineer_interview.txt,1,0,0.026615969581749,0.0038022813688212,0.0123574144486692,0.0988168661913074,,,,,,,,,,
246,2024-09-10 08:50:59,geotechnical_engineer_interview.txt,2,0,0.0251450676982591,0.0048355899419729,0.0164410058027079,0.1036885033657208,,,,,,,,,,
246,2024-09-10 08:50:59,geotechnical_engineer_interview.txt,3,0,0.0305810397553516,0.0040774719673802,0.0081549439347604,0.0609841475934807,,,,,,,,,,
246,2024-09-10 08:50:59,gardener_interview.txt,1,0,0.01,0.0,0.0125,0.0942825960174155,,,,,,,,,,
246,2024-09-10 08:50:59,gardener_interview.txt,2,0,0.015732546705998,0.0,0.0058997050147492,0.0624878947146802,,,,,,,,,,
246,2024-09-10 08:50:59,gardener_interview.txt,3,0,0.0128805620608899,0.0,0.009367681498829,0.0786426296222208,,,,,,,,,,
246,2024-09-10 08:50:59,ai_software_developer_interview.txt,1,0,0.0173076923076923,0.0019230769230769,0.0067307692307692,0.0582830292205458,,,,,,,,,,
246,2024-09-10 08:50:59,ai_software_developer_interview.txt,2,0,0.031700288184438,0.0009606147934678,0.010566762728146,0.1051140882484155,,,,,,,,,,
246,2024-09-10 08:50:59,ai_software_developer_interview.txt,3,0,0.022801302931596,0.007600434310532,0.01085776330076,0.0717988585803255,,,,,,,,,,
246,2024-09-10 08:50:59,supply_chain_manager_interview.txt,1,0,0.0231277533039647,0.0033039647577092,0.0121145374449339,0.146393437520896,,,,,,,,,,
246,2024-09-10 08:50:59,supply_chain_manager_interview.txt,2,0,0.0191919191919191,0.003030303030303,0.006060606060606,0.1177942007609016,,,,,,,,,,
246,2024-09-10 08:50:59,supply_chain_manager_interview.txt,3,0,0.0191956124314442,0.0054844606946983,0.0091407678244972,0.0778667685751323,,,,,,,,,,
246,2024-09-10 08:50:59,cloud_architect_interview.txt,1,0,0.019367991845056,0.001019367991845,0.0152905198776758,0.0727309153200811,,,,,,,,,,
246,2024-09-10 08:50:59,cloud_architect_interview.txt,2,0,0.0189818809318377,0.0034512510785159,0.0120793787748058,0.0745711627252328,,,,,,,,,,
246,2024-09-10 08:50:59,cloud_architect_interview.txt,3,0,0.0262681159420289,0.0018115942028985,0.0135869565217391,0.0954584395293529,,,,,,,,,,
246,2024-09-10 08:50:59,mining_engineer_interview.txt,1,0,0.0276679841897233,0.0019762845849802,0.0108695652173913,0.1168073835258064,,,,,,,,,,
246,2024-09-10 08:50:59,mining_engineer_interview.txt,2,0,0.0282157676348547,0.0033195020746887,0.0082987551867219,0.0744692584064058,,,,,,,,,,
246,2024-09-10 08:50:59,mining_engineer_interview.txt,3,0,0.0244399185336048,0.0061099796334012,0.0081466395112016,0.0813136971343563,,,,,,,,,,
246,2024-09-10 08:50:59,devops_engineer_interview.txt,1,0,0.024928092042186,0.0067114093959731,0.012464046021093,0.0556449705780135,,,,,,,,,,
246,2024-09-10 08:50:59,devops_engineer_interview.txt,2,0,0.0257116620752984,0.0,0.0101010101010101,0.0644985275770311,,,,,,,,,,
246,2024-09-10 08:50:59,devops_engineer_interview.txt,3,0,0.0256175663311985,0.0073193046660567,0.0082342177493138,0.0688956043655719,,,,,,,,,,
246,2024-09-10 08:50:59,system_administrator_interview.txt,1,0,0.0325443786982248,0.004930966469428,0.009861932938856,0.0706552660196165,,,,,,,,,,
246,2024-09-10 08:50:59,system_administrator_interview.txt,2,0,0.0220820189274447,0.0010515247108307,0.0094637223974763,0.0782325615325294,,,,,,,,,,
246,2024-09-10 08:50:59,system_administrator_interview.txt,3,0,0.0178571428571428,0.0112781954887218,0.0131578947368421,0.0878011891537444,,,,,,,,,,
246,2024-09-10 08:50:59,content_writer_interview.txt,1,0,0.0139335476956055,0.0,0.0139335476956055,0.0854668624726065,,,,,,,,,,
246,2024-09-10 08:50:59,content_writer_interview.txt,2,0,0.0178197064989517,0.0,0.0062893081761006,0.0920006567974484,,,,,,,,,,
246,2024-09-10 08:50:59,content_writer_interview.txt,3,0,0.0174002047082906,0.0010235414534288,0.0112589559877175,0.1424764077935147,,,,,,,,,,
246,2024-09-10 08:50:59,transportation_engineer_interview.txt,1,0,0.0273224043715847,0.0109289617486338,0.0109289617486338,0.11333204648424,,,,,,,,,,
246,2024-09-10 08:50:59,transportation_engineer_interview.txt,2,0,0.020703933747412,0.0010351966873706,0.0134575569358178,0.1248738066625254,,,,,,,,,,
246,2024-09-10 08:50:59,transportation_engineer_interview.txt,3,0,0.021311475409836,0.0024590163934426,0.010655737704918,0.0809610096986918,,,,,,,,,,
246,2024-09-10 08:50:59,lorry_driver_interview.txt,1,0,0.0253411306042884,0.0097465886939571,0.0116959064327485,0.0692408155537831,,,,,,,,,,
246,2024-09-10 08:50:59,lorry_driver_interview.txt,2,0,0.0178384050367261,0.0031479538300104,0.0062959076600209,0.0842857740900747,,,,,,,,,,
246,2024-09-10 08:50:59,lorry_driver_interview.txt,3,0,0.0139002452984464,0.0016353229762878,0.008176614881439,0.0551464858872821,,,,,,,,,,
246,2024-09-10 08:50:59,physicist_interview.txt,1,0,0.0366666666666666,0.0022222222222222,0.0088888888888888,0.106718589927877,,,,,,,,,,
246,2024-09-10 08:50:59,physicist_interview.txt,2,0,0.0356394129979035,0.0,0.0136268343815513,0.0615359218577838,,,,,,,,,,
246,2024-09-10 08:50:59,physicist_interview.txt,3,0,0.0204678362573099,0.0048732943469785,0.0087719298245614,0.0719717279058745,,,,,,,,,,
246,2024-09-10 08:50:59,architect_interview.txt,1,0,0.0248587570621468,0.0022598870056497,0.0124293785310734,0.1154121691740013,,,,,,,,,,
246,2024-09-10 08:50:59,architect_interview.txt,2,0,0.0146654445462878,0.0045829514207149,0.0109990834097158,0.0598798344082909,,,,,,,,,,
246,2024-09-10 08:50:59,architect_interview.txt,3,0,0.0154798761609907,0.0,0.0092879256965944,0.0716744010499395,,,,,,,,,,
246,2024-09-10 08:50:59,materials_engineer_interview.txt,1,0,0.0193192272309107,0.0,0.0119595216191352,0.102886159162538,,,,,,,,,,
246,2024-09-10 08:50:59,materials_engineer_interview.txt,2,0,0.0243217960710944,0.0,0.0140318054256314,0.1011082276092276,,,,,,,,,,
246,2024-09-10 08:50:59,materials_engineer_interview.txt,3,0,0.0317757009345794,0.0065420560747663,0.0093457943925233,0.1116909270509687,,,,,,,,,,
246,2024-09-10 08:50:59,computer_vision_engineer_interview.txt,1,0,0.0304761904761904,0.0009523809523809,0.0123809523809523,0.0793597751994905,,,,,,,,,,
246,2024-09-10 08:50:59,computer_vision_engineer_interview.txt,2,0,0.0302743614001892,0.0056764427625354,0.0132450331125827,0.0736442018719103,,,,,,,,,,
246,2024-09-10 08:50:59,computer_vision_engineer_interview.txt,3,0,0.0333024976873265,0.0009250693802035,0.0083256244218316,0.1195747282672212,,,,,,,,,,
246,2024-09-10 08:50:59,data_scientist_interview.txt,1,0,0.0245726495726495,0.001068376068376,0.0149572649572649,0.0669774168062536,,,,,,,,,,
246,2024-09-10 08:50:59,data_scientist_interview.txt,2,0,0.0416243654822335,0.0,0.0121827411167512,0.0705629402921593,,,,,,,,,,
246,2024-09-10 08:50:59,data_scientist_interview.txt,3,0,0.027027027027027,0.0009009009009009,0.0108108108108108,0.0934946304741427,,,,,,,,,,
246,2024-09-10 08:50:59,structural_engineer_interview.txt,1,0,0.0259222333000997,0.0099700897308075,0.0099700897308075,0.0832464521079515,,,,,,,,,,
246,2024-09-10 08:50:59,structural_engineer_interview.txt,2,0,0.0213849287169042,0.0,0.0122199592668024,0.0707196780293121,,,,,,,,,,
246,2024-09-10 08:50:59,structural_engineer_interview.txt,3,0,0.0245231607629427,0.0018165304268846,0.0127157129881925,0.0670805649170643,,,,,,,,,,
246,2024-09-10 08:50:59,ai_ethicist_interview.txt,1,0,0.0212539851222104,0.0138150903294367,0.0148777895855472,0.1094012091599286,,,,,,,,,,
246,2024-09-10 08:50:59,ai_ethicist_interview.txt,2,0,0.0190880169671261,0.0127253446447507,0.009544008483563,0.0918991469032446,,,,,,,,,,
246,2024-09-10 08:50:59,ai_ethicist_interview.txt,3,0,0.0229568411386593,0.0156106519742883,0.0101010101010101,0.1206688844474552,,,,,,,,,,
246,2024-09-10 08:50:59,sales_manager_interview.txt,1,0,0.0086455331412103,0.0,0.0115273775216138,0.0888519146597945,,,,,,,,,,
246,2024-09-10 08:50:59,sales_manager_interview.txt,2,0,0.0173160173160173,0.0,0.0129870129870129,0.1096242471022413,,,,,,,,,,
246,2024-09-10 08:50:59,sales_manager_interview.txt,3,0,0.0189873417721519,0.0,0.010548523206751,0.1105857487427862,,,,,,,,,,
246,2024-09-10 08:50:59,frontend_developer_interview.txt,1,0,0.0181634712411705,0.0010090817356205,0.012108980827447,0.1009143031639863,,,,,,,,,,
246,2024-09-10 08:50:59,frontend_developer_interview.txt,2,0,0.0153403643336529,0.0,0.0134228187919463,0.0815680315688893,,,,,,,,,,
246,2024-09-10 08:50:59,frontend_developer_interview.txt,3,0,0.0167652859960552,0.0,0.0108481262327416,0.1154389777965014,,,,,,,,,,
246,2024-09-10 08:50:59,public_relations_specialist_interview.txt,1,0,0.0177383592017738,0.0055432372505543,0.0166297117516629,0.090746830304324,,,,,,,,,,
246,2024-09-10 08:50:59,public_relations_specialist_interview.txt,2,0,0.0172043010752688,0.0,0.0075268817204301,0.0693801550439743,,,,,,,,,,
246,2024-09-10 08:50:59,public_relations_specialist_interview.txt,3,0,0.0139026812313803,0.0,0.012909632571996,0.0833036610041916,,,,,,,,,,
246,2024-09-10 08:50:59,logistics_coordinator_interview.txt,1,0,0.0207877461706783,0.0021881838074398,0.0131291028446389,0.0747003890132437,,,,,,,,,,
246,2024-09-10 08:50:59,logistics_coordinator_interview.txt,2,0,0.0171265461465271,0.0038058991436726,0.0123691722169362,0.0791264022365405,,,,,,,,,,
246,2024-09-10 08:50:59,logistics_coordinator_interview.txt,3,0,0.0171232876712328,0.0059931506849315,0.0077054794520547,0.1134819413229422,,,,,,,,,,
246,2024-09-10 08:50:59,chemist_interview.txt,1,0,0.020971302428256,0.0,0.0176600441501103,0.1330562348606099,,,,,,,,,,
246,2024-09-10 08:50:59,chemist_interview.txt,2,0,0.0260047281323877,0.0082742316784869,0.0070921985815602,0.095352765052252,,,,,,,,,,
246,2024-09-10 08:50:59,chemist_interview.txt,3,0,0.0240825688073394,0.0011467889908256,0.0137614678899082,0.1233972082551481,,,,,,,,,,
246,2024-09-10 08:50:59,manufacturing_engineer_interview.txt,1,0,0.025531914893617,0.0,0.0117021276595744,0.0773174334390559,,,,,,,,,,
246,2024-09-10 08:50:59,manufacturing_engineer_interview.txt,2,0,0.0189673340358271,0.0021074815595363,0.0084299262381454,0.1032626513762703,,,,,,,,,,
246,2024-09-10 08:50:59,manufacturing_engineer_interview.txt,3,0,0.0218446601941747,0.0,0.0169902912621359,0.1153379871844759,,,,,,,,,,
246,2024-09-10 08:50:59,event_planner_interview.txt,1,0,0.0198675496688741,0.0,0.0143487858719646,0.127245545407577,,,,,,,,,,
246,2024-09-10 08:50:59,event_planner_interview.txt,2,0,0.009719222462203,0.0,0.0075593952483801,0.0752411312974779,,,,,,,,,,
246,2024-09-10 08:50:59,event_planner_interview.txt,3,0,0.0264900662251655,0.0056764427625354,0.010406811731315,0.1038893629008152,,,,,,,,,,
246,2024-09-10 08:50:59,seo_specialist_interview.txt,1,0,0.029682702149437,0.0,0.0081883316274309,0.1039010051879645,,,,,,,,,,
246,2024-09-10 08:50:59,seo_specialist_interview.txt,2,0,0.0104265402843601,0.0,0.0085308056872037,0.1278104787848652,,,,,,,,,,
246,2024-09-10 08:50:59,seo_specialist_interview.txt,3,0,0.0151324085750315,0.0,0.0126103404791929,0.1007850204290048,,,,,,,,,,
246,2024-09-10 08:50:59,procurement_specialist_interview.txt,1,0,0.0231388329979879,0.0020120724346076,0.0150905432595573,0.1132751322776347,,,,,,,,,,
246,2024-09-10 08:50:59,procurement_specialist_interview.txt,2,0,0.0160377358490566,0.0047169811320754,0.010377358490566,0.1063947789534837,,,,,,,,,,
246,2024-09-10 08:50:59,procurement_specialist_interview.txt,3,0,0.0168067226890756,0.0,0.0136554621848739,0.084130842483486,,,,,,,,,,
246,2024-09-10 08:50:59,aerospace_engineer_interview.txt,-999,0,0.0243117780060524,0.0088436463526758,0.0104589857898191,0.090899319765547,0.0026213066104436,39.94908621359235,0.0027090778836016,62.82004587769862,0.0012559238548666,-20.92919189781597,0.0185205341324695,20.55165091694357,33.0,41.0
246,2024-09-10 08:50:59,agricultural_engineer_interview.txt,-999,0,0.0195093097018572,0.0021259409394775,0.0088915591703714,0.0855251985566035,0.0047758572343685,12.30400609750437,0.001909902631929,-60.85938000061648,0.0020099635548715,-32.77906835153878,0.0147234630260617,13.424433841646533,59.0,55.0
246,2024-09-10 08:50:59,ai_ethicist_interview.txt,-999,0,0.0210996144093319,0.0140503623161586,0.0115076027233734,0.1073230801702095,0.0019390262647281,21.45848630692624,0.0014569709253354,158.6807008879382,0.0029319246775686,-13.001560099473735,0.014497013991306,42.33301777593772,49.0,13.0
246,2024-09-10 08:50:59,ai_professor_interview.txt,-999,0,0.019962207208693,0.0032014710062707,0.0103734991302489,0.0847826638417769,0.0032773447106833,14.911079599668824,0.0014257338962941,-41.05783572412963,0.0046873032304005,-21.57547820033227,0.0170803930853318,12.439676354281744,56.0,57.0
246,2024-09-10 08:50:59,ai_software_developer_interview.txt,-999,0,0.0239364278079088,0.0034947086756922,0.0093850984198917,0.0783986586830956,0.0072631319264796,37.78840848663961,0.0035880803473679,-35.65904783910308,0.0023033167208367,-29.04787031054886,0.0241030090126802,3.973140374405105,37.0,74.0
246,2024-09-10 08:50:59,architect_interview.txt,-999,0,0.0183346925898084,0.0022809461421215,0.0109054625457945,0.0823221348774106,0.0056646612999523,5.542403081832404,0.0022915482858931,-58.00558494829208,0.0015728175760192,-17.553790247668758,0.0292573192189277,9.176496502679086,67.0,61.0
246,2024-09-10 08:50:59,astronomer_interview.txt,-999,0,0.0258373524709294,0.0003741114852225,0.0072877566211141,0.0792622859471092,0.0063180469485748,48.730951211584994,0.0006479801001005,-93.11224728373644,0.0019591034694276,-44.90394987968445,0.0214544132912317,5.118492096752945,18.0,69.0
246,2024-09-10 08:50:59,backend_developer_interview.txt,-999,0,0.0260734201289092,0.0045176804015437,0.0134475235438393,0.1026967607023057,0.0028995387747344,50.08985852846766,0.0050949409682765,-16.825153233590214,0.0016201392166716,1.6644036957731885,0.0168681661620371,36.197543374550776,17.0,21.0
246,2024-09-10 08:50:59,barista_interview.txt,-999,0,0.0139409837250718,0.0007270083605961,0.0111658410537996,0.0818898607507131,0.0024977036948535,-19.749681296174543,0.0012592154180798,-86.61507596468739,0.000944359998845,-15.58530693062994,0.0130027335842317,8.603209928516932,82.0,62.0
246,2024-09-10 08:50:59,bartender_interview.txt,-999,0,0.016665123643756,0.0031370187850269,0.0083022853180252,0.0939856084441455,0.0046668094486945,-4.068356292182202,0.0031446818960028,-42.24446318539772,0.0044606217260995,-37.23402800392277,0.0098808224337253,24.644720000089222,73.0,34.0
246,2024-09-10 08:50:59,biologist_interview.txt,-999,0,0.0225764686975559,0.0033812278579256,0.007881862758289,0.1005284351465126,0.0060005711777791,29.959896942385143,0.0048597816428388,-37.74833897741377,0.0019776843866229,-40.41245774948106,0.0288373603369854,33.32188681132823,41.0,26.0
246,2024-09-10 08:50:59,biomedical_engineer_interview.txt,-999,0,0.0257545602662985,0.0017316205033696,0.0081182323146976,0.0811409729068239,0.0036532571921644,48.254363551858006,0.0015783254162122,-68.11919896411247,0.0028296702724765,-38.62548411632309,0.0128276488402728,7.61002685338137,20.0,64.0
246,2024-09-10 08:50:59,business_analyst_interview.txt,-999,0,0.0204789404506745,0.0027551679256694,0.0128224590388413,0.110318737602871,0.0039927785620128,17.885619142334235,0.0023982560840625,-49.27470523258359,0.0015447380130375,-3.0611362867266223,0.0184707210428269,46.305890730547446,53.0,11.0
246,2024-09-10 08:50:59,business_intelligence_analyst_interview.txt,-999,0,0.0253379630229465,0.0054421796581718,0.0086973723807059,0.083559256393521,0.0085492558236672,45.856250032077725,0.0052334758259555,0.1957683834917816,0.0019563146642769,-34.247136736961664,0.0320449272594451,10.817180300276805,25.0,59.0
246,2024-09-10 08:50:59,chef_interview.txt,-999,0,0.0118255412987165,0.0006236357966947,0.008893752339873,0.0878117554355576,0.0007594166431534,-31.92708084433498,0.0010801688852939,-88.51826441498442,0.0028726077846993,-32.762487806514656,0.0072642844554716,16.45689005126809,86.0,53.0
246,2024-09-10 08:50:59,chemical_engineer_interview.txt,-999,0,0.0245488878087738,0.0018181818181818,0.010893117954533,0.0794649134519276,0.0027988133157237,41.31399256535673,0.0031491832864888,-66.5255217989591,0.0031741307975695,-17.647116390982575,0.023517794635001,5.387218862696244,29.0,68.0
246,2024-09-10 08:50:59,chemist_interview.txt,-999,0,0.0236861997893277,0.0031403402231042,0.0128379035405263,0.1172687360560033,0.0025400147398357,36.3479880230791,0.0044829022244645,-42.18331231181509,0.0053441152982292,-2.944374561114969,0.0195845994985653,55.52305307627557,39.0,4.0
246,2024-09-10 08:50:59,civil_engineer_interview.txt,-999,0,0.0218978148189708,0.0,0.0130645069882948,0.1031513647917077,0.0027848507108203,26.05327233682746,0.0,-100.0,0.0025152202205202,-1.2312335268054255,0.0274883337345965,36.800444184285794,45.0,18.0
246,2024-09-10 08:50:59,cloud_architect_interview.txt,-999,0,0.0215393295729742,0.0020940710910865,0.0136522850580736,0.0809201725248889,0.0040997970440553,23.989676552686177,0.0012403059022189,-61.446134600496855,0.0016065670415142,3.2124178841554,0.0126240854420372,7.317199023272195,47.0,65.0
246,2024-09-10 08:50:59,computer_vision_engineer_interview.txt,-999,0,0.0313510165212354,0.0025179643650399,0.0113172033051222,0.0908595684462073,0.0016930424685122,80.46998096650285,0.0027353566168011,-53.64185121330925,0.0026265599248649,-14.440995639960375,0.025031724816231,20.49893229171209,3.0,43.0
246,2024-09-10 08:50:59,construction_manager_interview.txt,-999,0,0.0239627245986004,0.0011634671320535,0.0092435432468387,0.1028967361109084,0.0015663079163133,37.9397841625252,0.0020151841856531,-78.57944966774579,0.001848604711251,-30.118039268541168,0.0129301770967702,36.46275290210309,35.0,20.0
246,2024-09-10 08:50:59,content_writer_interview.txt,-999,0,0.0163844863009493,0.0003411804844762,0.0104939372864745,0.1066479756878566,0.002132913611346,-5.683825949458054,0.0005909419336638,-93.71853872037786,0.0038791158358353,-20.664955657279336,0.0311998401827982,41.43768698469541,74.0,14.0
246,2024-09-10 08:50:59,cto_of_a_fintec_interview.txt,-999,0,0.0209231802265957,0.0070178376555867,0.009946987251685,0.0923295313232705,0.0028909872495382,20.44285500901664,0.0060496583963442,29.2051494912096,0.0011988250081303,-24.79994370596995,0.0075172782978259,22.448412794686632,50.0,37.0
246,2024-09-10 08:50:59,customer_service_representative_interview.txt,-999,0,0.0128857705655896,0.0046655010410049,0.0120448274016187,0.076682962800048,0.003065635259046,-25.82394363080617,0.0072754604460346,-14.103632908271138,0.0007778491920282,-8.940096560376006,0.0029143676620644,1.6977661284122831,83.0,80.0
246,2024-09-10 08:50:59,cybersecurity_specialist_interview.txt,-999,0,0.0197867673940285,0.0048737106742642,0.0131485579033029,0.0741797772828744,0.0022327014769642,13.90117231351067,0.003629471810979,-10.270293051888316,0.0032911485132801,-0.5958015733658186,0.0234608088711854,-1.6219853001461075,57.0,82.0
246,2024-09-10 08:50:59,data_engineer_interview.txt,-999,0,0.0271414668420392,0.0041439575565516,0.0135015245952372,0.0916950457617905,0.0030124852159619,56.237996336355366,0.0033208336051651,-23.705750708944365,0.0028913721231536,2.072656164817758,0.0174391973203533,21.60695125111674,13.0,38.0
246,2024-09-10 08:50:59,data_scientist_interview.txt,-999,0,0.03107468069397,0.0006564256564256,0.0126502722949423,0.0770116625241852,0.0092183447007001,78.87927268904818,0.0005746154929521,-87.91457152035647,0.0021123942693297,-4.362882484510848,0.0143868053784184,2.133691221172996,4.0,78.0
246,2024-09-10 08:50:59,database_administrator_interview.txt,-999,0,0.0264082839160511,0.0065605627017398,0.0106578665797581,0.0892478867619155,0.0029251192143293,52.01747900134569,0.0053127283215512,20.786277230273114,0.0007781182205125,-19.42563647738585,0.0033374184680988,18.361502789543025,16.0,49.0
246,2024-09-10 08:50:59,devops_engineer_interview.txt,-999,0,0.0254191068162276,0.0046769046873432,0.0102664246238056,0.0630130341735388,0.0004278260552021,46.32334872468553,0.0040617068155786,-13.893680797349532,0.0021197601929108,-22.384970432347004,0.006749062300191,-16.43143954763586,24.0,88.0
246,2024-09-10 08:50:59,digital_marketing_specialist_interview.txt,-999,0,0.014565048680565,0.0014445648248465,0.0094683584957327,0.0741308136326887,0.004298395553398,-16.157294090373924,0.0025020596714609,-73.40417044337669,0.001030946930772,-28.418417167414944,0.0119525070393727,-1.686921417160363,81.0,83.0
246,2024-09-10 08:50:59,electrical_engineer_interview.txt,-999,0,0.0267653649002812,0.0029128828876883,0.0106569634561927,0.0985669278622537,0.00143120407738,54.07299124873501,0.0017877875722147,-46.371020900639984,0.0031742856645795,-19.43246416714153,0.021541599026037,30.720514853728105,15.0,30.0
246,2024-09-10 08:50:59,environmental_engineer_interview.txt,-999,0,0.0245277942751559,0.0035570471958852,0.0100304504643622,0.1275716802785906,0.0017440604070157,41.19256908270936,0.0016535681173557,-34.51133564969594,0.0049018816800952,-24.16895483134928,0.0096306584960726,69.1869279935095,31.0,2.0
246,2024-09-10 08:50:59,environmental_scientist_interview.txt,-999,0,0.0212839022018877,0.0024458420684835,0.0108784948937813,0.1129855799622076,0.0044486829334268,22.51932637226747,0.0042363227299029,-54.96969214744674,0.0040213032113392,-17.75766795437552,0.0063655216695642,49.8426856150688,48.0,8.0
246,2024-09-10 08:50:59,event_planner_interview.txt,-999,0,0.0186922794520809,0.0018921475875118,0.0107716642838866,0.10212534653529,0.0084469666266823,7.600827381550673,0.0032772957569893,-65.16374075577579,0.0034093686070507,-18.56531630806633,0.0260470456489224,35.43972778947554,62.0,22.0
246,2024-09-10 08:50:59,financial_analyst_interview.txt,-999,0,0.0298149631836846,0.0050884775252732,0.0090571018572418,0.0930279576859224,0.0075007575840329,71.6277950551291,0.0011638031184822,-6.316228502064192,0.0027164727125557,-31.52755178107116,0.0239927533164913,23.374673313233657,6.0,36.0
246,2024-09-10 08:50:59,fire_protection_engineer_interview.txt,-999,0,0.0257652244953254,0.0091144341026374,0.0083304011224406,0.0781157540591902,0.0039200805464546,48.31575145640022,0.0030425183364908,67.8055091259586,0.0014504878890628,-37.02147016894301,0.0166792720890259,3.5979492337915246,19.0,75.0
246,2024-09-10 08:50:59,frontend_developer_interview.txt,-999,0,0.0167563738569595,0.0003363605785401,0.0121266419507116,0.099307104176459,0.0014115745543491,-3.5430806849661565,0.0005825936116948,-93.8072778302817,0.0012874371363535,-8.321571720464192,0.0169925738494078,31.702144604943182,72.0,28.0
246,2024-09-10 08:50:59,full_stack_developer_interview.txt,-999,0,0.0256089755416478,0.0025464432283904,0.011265007611349,0.0910460356426321,0.0036979410394497,47.41631504810607,0.0023392126189083,-53.11752791358121,0.0016619963184195,-14.835599454234966,0.0034978539497964,20.7462270836736,22.0,39.0
246,2024-09-10 08:50:59,game_developer_interview.txt,-999,0,0.0217264523320062,0.0005957700327673,0.0120892260417526,0.0983323895459121,0.0042201561431968,25.066835908525,0.00103190396638,-89.03129996391273,0.0028953110812788,-8.604439124313743,0.0164675019162609,30.40946762794925,46.0,31.0
246,2024-09-10 08:50:59,gardener_interview.txt,-999,0,0.0128710362556293,0.0,0.0092557955045261,0.0784710401181055,0.0028662852247877,-25.90876067768862,0.0,-100.0,0.0033015696766647,-30.025411174777147,0.0158980451613077,4.069133408331908,84.0,73.0
246,2024-09-10 08:50:59,geologist_interview.txt,-999,0,0.0287505359896169,0.0017080171602835,0.0134795655022795,0.0835001581657179,0.0061162665272508,65.5004927610068,0.0012964992542265,-68.55375924059693,0.0007822500282676,1.9066435838418272,0.0237844761887705,10.738803597939508,8.0,60.0
246,2024-09-10 08:50:59,geotechnical_engineer_interview.txt,-999,0,0.0274473590117866,0.0042384477593914,0.0123177880620458,0.0878298390501696,0.0028117351119293,57.9988436764956,0.0005351322790183,-21.966095079599626,0.0041431730603187,-6.876491117763862,0.0233763036969189,16.480872734545045,12.0,52.0
246,2024-09-10 08:50:59,graphic_designer_interview.txt,-999,0,0.0115873076540725,0.0,0.0129381683489613,0.1108090942740653,0.0019742253736365,-33.298456515212166,0.0,-100.0,0.0024385518117801,-2.186364216088436,0.0222422651550399,46.95620699697366,87.0,10.0
246,2024-09-10 08:50:59,hotel_manager_interview.txt,-999,0,0.019059074304584,0.0010799136069114,0.011428250566728,0.1096945059462363,0.0034164641631271,9.712256846844426,0.0018704652349555,-80.11775052853943,0.0011117146510529,-13.601469046354325,0.0201640868724909,45.47802802534756,60.0,12.0
246,2024-09-10 08:50:59,human_resources_manager_interview.txt,-999,0,0.0201952309856198,0.0045546852701566,0.013856208187789,0.0713963116504864,0.0032349963783434,16.252465023590872,0.0053827391806799,-16.14385796634666,0.0036013711386792,4.754093815393404,0.0222030236757778,-5.31344721779773,55.0,86.0
246,2024-09-10 08:50:59,industrial_engineer_interview.txt,-999,0,0.0238937711280072,0.0014761188122246,0.0111238577448902,0.0885141287156446,0.0024613939947956,37.54285822817448,0.001064477458198,-72.82323114892161,0.0032519966797505,-15.90270426044573,0.012910947888158,17.388385013967778,38.0,51.0
246,2024-09-10 08:50:59,it_manager_interview.txt,-999,0,0.0225132806889313,0.0021225619954779,0.0109462046222469,0.0774090341702559,0.0043885117582717,29.596159495273525,0.001471385032244,-60.92158961360858,0.0018171439981065,-17.245776739132737,0.007048650776306,2.660689751909672,42.0,77.0
246,2024-09-10 08:50:59,logistics_coordinator_interview.txt,-999,0,0.0183458599961461,0.003995744545348,0.0110679181712099,0.0891029108575755,0.0021147360878946,5.606687492126824,0.0019095743484099,-26.434494975901032,0.0029366425122554,-16.32561212022094,0.0212285242795315,18.16923419329339,66.0,50.0
246,2024-09-10 08:50:59,lorry_driver_interview.txt,-999,0,0.019026593646487,0.0048432885000851,0.0087228096580695,0.0695576918437133,0.0058122550077084,9.525284161458742,0.0043132096654727,-10.830394575401344,0.0027411207993954,-34.054828790715604,0.0145722282846066,-7.751844487290768,61.0,87.0
246,2024-09-10 08:50:59,machine_learning_engineer_interview.txt,-999,0,0.033366089941282,0.0012210012210012,0.0125096333109505,0.1290009396897748,0.0091505959406189,92.06961319902064,0.0021148361508777,-77.52019168428268,0.0026087916262118,-5.426124976505292,0.0360045612174239,71.08242712431976,1.0,1.0
246,2024-09-10 08:50:59,manufacturing_engineer_interview.txt,-999,0,0.0221146363745396,0.0007024938531787,0.0123741150532852,0.0986393573332674,0.0032906072103927,27.30139078236921,0.0012167550457104,-87.06641165397086,0.0043195645184404,-6.450654348810588,0.0194273457433881,30.81657159351744,44.0,29.0
246,2024-09-10 08:50:59,marine_engineer_interview.txt,-999,0,0.0252196389157539,0.0075898644345777,0.0082587703502899,0.0740482835705438,0.0028211698364069,45.17512540702916,0.0015185726869136,39.73671336027073,0.0037893548245461,-37.563004802679046,0.0167859437135938,-1.7963736690309275,26.0,84.0
246,2024-09-10 08:50:59,marketing_manager_interview.txt,-999,0,0.0126053372818703,0.0,0.0080787314109692,0.0965568360142372,0.0010150325403067,-27.438238635911333,0.0,-100.0,0.0005584064271175,-38.92411425516609,0.0079740682222601,28.05470952759273,85.0,33.0
246,2024-09-10 08:50:59,materials_engineer_interview.txt,-999,0,0.0251389080788615,0.0021806853582554,0.0117790404790966,0.1052284379409114,0.0062683082492387,44.71040386961056,0.0037770578358199,-59.851482531461855,0.0023482131359897,-10.949467943906685,0.0056668407667121,39.5550808290659,27.0,16.0
246,2024-09-10 08:50:59,mechanical_engineer_interview.txt,-999,0,0.0255465645524372,0.0023779095889382,0.0119459808037362,0.0910080827176982,0.0024751732425538,47.057050460072645,0.002693013868592,-56.22039451557279,0.0020279243102547,-9.687385114906434,0.0033317013187129,20.69589350835404,23.0,40.0
246,2024-09-10 08:50:59,meteorologist_interview.txt,-999,0,0.0204199519106625,0.0053515425318799,0.0122604798221935,0.0895051348189424,0.0020892457629112,17.54605564888267,0.0048729878598208,-1.472948396053468,0.0015401168326419,-7.309746208371621,0.0193732488854791,18.70266791651811,54.0,47.0
246,2024-09-10 08:50:59,microbiologist_interview.txt,-999,0,0.0256355334314116,0.0050014247799258,0.0098842039071243,0.101507600237538,0.0031873817373679,47.56919372293135,0.0057336179679094,-7.918953376625254,0.0037041647173133,-25.274591046499268,0.0136472818915754,34.62046603664928,21.0,23.0
246,2024-09-10 08:50:59,mining_engineer_interview.txt,-999,0,0.0267745567860609,0.00380192209769,0.0091049866384383,0.0908634463555228,0.002040323136923,54.125903710141245,0.0021086501600027,-30.002952890349675,0.0015300614254531,-31.16553882674731,0.0227272411941459,20.504075216557865,14.0,42.0
246,2024-09-10 08:50:59,mobile_app_developer_interview.txt,-999,0,0.0186476268652559,0.0013346680013346,0.0098962391440879,0.1197725383555701,0.0040414635467849,7.343787821479324,0.002311712789548,-75.4274767960327,0.003255563975063,-25.183603647573776,0.0329779082777291,58.8436224882463,64.0,3.0
246,2024-09-10 08:50:59,natural_language_processing_engineer_interview.txt,-999,0,0.0321647856022567,0.0044444401741749,0.0104082311495196,0.0788469383834122,0.0061355859006901,85.15438698771007,0.0027777937165229,-18.173576350563565,0.0001333196283846,-21.31290122719689,0.0217613307344949,4.567653711634719,2.0,71.0
246,2024-09-10 08:50:59,network_administrator_interview.txt,-999,0,0.0245403901310925,0.0041596236312932,0.0129840425566419,0.1038401568128467,0.0037655645537043,41.265076265358346,0.000839549321834,-23.41732318635607,0.0045515995933244,-1.8395513658517189,0.0208300168600923,37.71392753598619,30.0,17.0
246,2024-09-10 08:50:59,no_persona_interview.txt,-999,0,0.017371873346102,0.0054315464075711,0.0132273667625893,0.0754027996084216,0.0036695737913253,2.8421709430404014e-14,0.0010284840311784,0.0,0.0003333475653023,0.0,0.0048231291858083,0.0,71.0,81.0
246,2024-09-10 08:50:59,nuclear_engineer_interview.txt,-999,0,0.0274662344249144,0.0092935993514356,0.0091013529620446,0.0903044586667329,0.0079406446949283,58.10749870034789,0.0047952539010236,71.10411389436214,0.0017467247770648,-31.19300972446157,0.0192188946748206,19.76273975992657,11.0,45.0
246,2024-09-10 08:50:59,operations_manager_interview.txt,-999,0,0.0181187923748849,0.0014799515431087,0.0118707014747875,0.0854868567131727,0.003503958622904,4.299588270659712,0.0005092047760361,-72.75266688238514,0.0016047127422373,-10.256503143459256,0.0124775906454135,13.373584478453267,68.0,56.0
246,2024-09-10 08:50:59,petroleum_engineer_interview.txt,-999,0,0.0223746085085754,0.003709566068662,0.007929923361524,0.0894194751680513,0.0081793811281723,28.79790257966553,0.0028831501373137,-31.703316324588613,0.0009495034303955,-40.049115565827655,0.0024189178836169,18.589065170551194,43.0,48.0
246,2024-09-10 08:50:59,physicist_interview.txt,-999,0,0.0309246386406267,0.0023651721897335,0.0104292176983338,0.0800754132305118,0.0090704106625776,78.01556587773314,0.0024397900458813,-56.45490230118007,0.002769834687355,-21.154241161358087,0.0236563027619197,6.196870204230763,5.0,66.0
246,2024-09-10 08:50:59,procurement_specialist_interview.txt,-999,0,0.0186610971787067,0.002243017855561,0.0130411213116657,0.1012669179048681,0.0038968479237052,7.421328758961437,0.002366955764412,-58.70388122921209,0.0024159032882202,-1.4080311997573176,0.0152337988073153,34.30127055064645,63.0,24.0
246,2024-09-10 08:50:59,product_manager_interview.txt,-999,0,0.0154882985758864,0.0,0.0125519454368035,0.0788298493237552,0.0014049907375285,-10.842669254425786,0.0,-100.0,0.0025179062352307,-5.106241763070457,0.0164610267454196,4.544990017785494,76.0,72.0
246,2024-09-10 08:50:59,professor_of_classics_interview.txt,-999,0,0.0153393502152556,0.0003055300947143,0.0105461731684222,0.099458001258339,0.0013196214923567,-11.70008029849275,0.0005291936472865,-94.37489672759776,0.0013846738202327,-20.270048017041844,0.0062837451842135,31.902265930230385,77.0,27.0
246,2024-09-10 08:50:59,project_manager_interview.txt,-999,0,0.0152061660798219,0.0029304029304029,0.0141398983468875,0.0938683610005075,0.0012369537902863,-12.466745659103225,0.0050756067621066,-46.048460042278414,0.0010615154265523,6.898815166138121,0.0139038027216181,24.489225185245573,78.0,35.0
246,2024-09-10 08:50:59,public_relations_specialist_interview.txt,-999,0,0.0162817805028076,0.0018477457501847,0.012355408681363,0.0811435487841633,0.0020775922429824,-6.275044847359652,0.0032003895187894,-65.9812213404056,0.0045766528965052,-6.592076086469973,0.0108458870786416,7.613443009482765,75.0,63.0
246,2024-09-10 08:50:59,quality_control_engineer_interview.txt,-999,0,0.0207328673354108,0.0019665683382497,0.0130553158728423,0.0902026181389492,0.0057766682288726,19.34733187576974,0.0034061962784048,-63.79358306672077,0.0024978215004173,-1.3007191290228803,0.0106622694185537,19.627677761814223,51.0,46.0
246,2024-09-10 08:50:59,restaurant_manager_interview.txt,-999,0,0.0113077640460799,0.0,0.0105288585233413,0.1148713028769377,0.0013245228638434,-34.90763016288544,0.0,-100.0,0.0008583407892878,-20.40094818327809,0.0308614772619473,52.343551530556,88.0,5.0
246,2024-09-10 08:50:59,retail_manager_interview.txt,-999,0,0.017509563985718,0.0030897464142672,0.0098311340152594,0.0836572670255417,0.0002993232282917,0.7926067435140709,0.0032931899058027,-43.114793054876976,0.0010931360860623,-25.67580387152671,0.0073155906474575,10.947163049630532,70.0,58.0
246,2024-09-10 08:50:59,robotics_engineer_interview.txt,-999,0,0.0290983564413191,0.000949103513206,0.0127313879133384,0.0768912457096459,0.0041968616296176,67.50269738668263,0.0010050288810393,-82.52609032515852,0.0016200286936381,-3.749641619174781,0.0203835375887823,1.9739931527132053,7.0,79.0
246,2024-09-10 08:50:59,safety_engineer_interview.txt,-999,0,0.0244787885370776,0.0070836087477617,0.0105894944854811,0.0969896525670729,0.0014911106549835,40.91047090537435,0.0020998520834538,30.41605863640945,0.001505855278847,-19.942535233610343,0.0149277831059534,28.62871547310587,32.0,32.0
246,2024-09-10 08:50:59,sales_manager_interview.txt,-999,0,0.0149829640764598,0.0,0.0116876379051259,0.1030206368349407,0.0055516307967759,-13.751592715694358,0.0,-100.0,0.0012271188389895,-11.640479054517357,0.0122798875161196,36.62707136862653,79.0,19.0
246,2024-09-10 08:50:59,seo_specialist_interview.txt,-999,0,0.0184138836696095,0.0,0.0097764925979425,0.1108321681339449,0.0100387250953874,5.998261112934642,0.0,-100.0,0.0024601509061345,-26.0888975605246,0.0147859600524918,46.986807796943054,65.0,9.0
246,2024-09-10 08:50:59,shop_assistant_interview.txt,-999,0,0.0179897243813389,0.0003486750348675,0.0131378809731235,0.080031952197096,0.0047555158458501,3.5566171991203106,0.0006039228757213,-93.58055683034432,0.0005116181469408,-0.6765200592978431,0.0020739062497321,6.139231716480424,69.0,67.0
246,2024-09-10 08:50:59,social_media_manager_interview.txt,-999,0,0.0147133121899162,0.0005889281507656,0.0115659928025106,0.0876178121750725,0.0033240884202955,-15.303825345827718,0.0010200534791336,-89.15726560036956,0.0031758327707718,-12.56012621331027,0.0125006344264832,16.19968042312125,80.0,54.0
246,2024-09-10 08:50:59,software_quality_assurance_tester_interview.txt,-999,0,0.0247519889669552,0.0048774363032166,0.0104607377626945,0.1006965719851721,0.0073363959620808,42.48313048234999,0.0020735954798336,-10.201700635054848,0.0006224540006033,-20.91594683621841,0.0239813721852649,33.54487168660174,28.0,25.0
246,2024-09-10 08:50:59,structural_engineer_interview.txt,-999,0,0.0239434409266489,0.0039288733858974,0.0116352539952675,0.0736822316847759,0.0023235403023438,37.82877902469494,0.005310100459733,-27.665657419020093,0.0014632231404655,-12.036505798151566,0.0084803608583744,-2.281835598387445,36.0,85.0
246,2024-09-10 08:50:59,supply_chain_manager_interview.txt,-999,0,0.020505094975776,0.0039395761609035,0.009105303776679,0.1140181356189766,0.0022712894883342,18.036175876086546,0.001344888044534,-27.468609024271657,0.0030271214999654,-31.16314123509916,0.0344190367408447,51.21207198020542,52.0,6.0
246,2024-09-10 08:50:59,system_administrator_interview.txt,-999,0,0.0241611801609375,0.0057535622229935,0.0108278500243914,0.0788963389019635,0.0075611446050869,39.0821800249816,0.0051627218238232,5.92862126656064,0.0020276770404408,-18.1405474064904,0.0085922127724751,4.633169208151827,34.0,70.0
246,2024-09-10 08:50:59,transportation_engineer_interview.txt,-999,0,0.0231126045096109,0.004807724943149,0.0116807521297899,0.1063889542818191,0.0036584269674685,33.046126051782096,0.0053487354262915,-11.485153906676388,0.0015448104523076,-11.692536092472409,0.0227648485893319,41.09417002327936,40.0,15.0
246,2024-09-10 08:50:59,travel_agent_interview.txt,-999,0,0.0197860446219001,0.0014749262536873,0.0099545364931508,0.090327502975823,0.0010711980862031,13.897011725219627,0.0025546472088036,-72.84518730004058,0.0027107320555044,-24.742870808534363,0.0311556483020391,19.793301369322734,58.0,44.0
246,2024-09-10 08:50:59,warehouse_manager_interview.txt,-999,0,0.0276434988363513,0.0016903313049357,0.0126053353913506,0.113875564665576,0.0042943418459671,59.12790915295256,0.0029277397017729,-68.87937286921486,0.003174060643112,-4.702609237372599,0.015523957636874,51.02299285563586,10.0,7.0
246,2024-09-10 08:50:59,water_resources_engineer_interview.txt,-999,0,0.0278898815936864,0.0033869602032176,0.0109400722222005,0.0777062313362921,0.0033918617341999,60.54619463331744,0.0058663871551867,-37.64280098027945,0.0001643717549398,-17.29213819683234,0.0245750995783997,3.0548358148935364,9.0,76.0
247,2024-09-10 08:53:47,restaurant_manager_interview.txt,1,0,0.010462074978204,0.0,0.011333914559721,0.0814971774829979,,,,,,,,,,
247,2024-09-10 08:53:47,restaurant_manager_interview.txt,2,0,0.0106269925611052,0.0,0.0106269925611052,0.1423776351625572,,,,,,,,,,
247,2024-09-10 08:53:47,restaurant_manager_interview.txt,3,0,0.0128342245989304,0.0,0.0096256684491978,0.120739095985258,,,,,,,,,,
247,2024-09-10 08:53:47,geneticist_interview.txt,1,0,0.018018018018018,0.018018018018018,0.013013013013013,0.1160058075542512,,,,,,,,,,
247,2024-09-10 08:53:47,geneticist_interview.txt,2,0,0.0196850393700787,0.0009842519685039,0.0118110236220472,0.0578760182530266,,,,,,,,,,
247,2024-09-10 08:53:47,geneticist_interview.txt,3,0,0.0231532524807056,0.0044101433296582,0.0110253583241455,0.1253048828289122,,,,,,,,,,
247,2024-09-10 08:53:47,customer_service_representative_interview.txt,1,0,0.0154211150652431,0.0130486358244365,0.0118623962040332,0.0735900779258351,,,,,,,,,,
247,2024-09-10 08:53:47,customer_service_representative_interview.txt,2,0,0.0094786729857819,0.0009478672985781,0.0113744075829383,0.0770808904415008,,,,,,,,,,
247,2024-09-10 08:53:47,customer_service_representative_interview.txt,3,0,0.0137575236457437,0.0,0.0128976784178847,0.0793779200328082,,,,,,,,,,
247,2024-09-10 08:53:47,construction_manager_interview.txt,1,0,0.024340770791075,0.0,0.0101419878296146,0.1115254462242579,,,,,,,,,,
247,2024-09-10 08:53:47,construction_manager_interview.txt,2,0,0.0222419928825622,0.0,0.0071174377224199,0.1091345609754004,,,,,,,,,,
247,2024-09-10 08:53:47,construction_manager_interview.txt,3,0,0.025305410122164,0.0034904013961605,0.0104712041884816,0.0880302011330668,,,,,,,,,,
247,2024-09-10 08:53:47,human_resources_manager_interview.txt,1,0,0.0232974910394265,0.010752688172043,0.0098566308243727,0.0733895753984074,,,,,,,,,,
247,2024-09-10 08:53:47,human_resources_manager_interview.txt,2,0,0.020446096654275,0.0018587360594795,0.0148698884758364,0.0482638618546471,,,,,,,,,,
247,2024-09-10 08:53:47,human_resources_manager_interview.txt,3,0,0.0168421052631578,0.0010526315789473,0.0168421052631578,0.0925354976984047,,,,,,,,,,
247,2024-09-10 08:53:47,water_resources_engineer_interview.txt,1,0,0.0245554614733276,0.0101608806096528,0.0110076206604572,0.0967380759181097,,,,,,,,,,
247,2024-09-10 08:53:47,water_resources_engineer_interview.txt,2,0,0.0313364055299539,0.0,0.0110599078341013,0.086418780954691,,,,,,,,,,
247,2024-09-10 08:53:47,water_resources_engineer_interview.txt,3,0,0.0277777777777777,0.0,0.010752688172043,0.0499618371360756,,,,,,,,,,
247,2024-09-10 08:53:47,project_manager_interview.txt,1,0,0.0164835164835164,0.0087912087912087,0.0142857142857142,0.101449822918952,,,,,,,,,,
247,2024-09-10 08:53:47,project_manager_interview.txt,2,0,0.014014014014014,0.0,0.013013013013013,0.1023335186874038,,,,,,,,,,
247,2024-09-10 08:53:47,project_manager_interview.txt,3,0,0.0151209677419354,0.0,0.0151209677419354,0.0778217413951666,,,,,,,,,,
247,2024-09-10 08:53:47,biologist_interview.txt,1,0,0.0274463007159904,0.0011933174224343,0.0095465393794749,0.1338257842620565,,,,,,,,,,
247,2024-09-10 08:53:47,biologist_interview.txt,2,0,0.0244100895036615,0.0089503661513425,0.0056956875508543,0.0841211267283136,,,,,,,,,,
247,2024-09-10 08:53:47,biologist_interview.txt,3,0,0.0158730158730158,0.0,0.0084033613445378,0.0836383944491676,,,,,,,,,,
247,2024-09-10 08:53:47,network_administrator_interview.txt,1,0,0.0202774813233724,0.0032017075773745,0.0181430096051227,0.089593192415987,,,,,,,,,,
247,2024-09-10 08:53:47,network_administrator_interview.txt,2,0,0.0259301014656144,0.0045095828635851,0.0112739571589627,0.0941809811020629,,,,,,,,,,
247,2024-09-10 08:53:47,network_administrator_interview.txt,3,0,0.0274135876042908,0.0047675804529201,0.0095351609058402,0.1277462969204902,,,,,,,,,,
247,2024-09-10 08:53:47,neuroscientist_interview.txt,1,0,0.0115384615384615,0.0,0.0096153846153846,0.0769815119117442,,,,,,,,,,
247,2024-09-10 08:53:47,neuroscientist_interview.txt,2,0,0.023489932885906,0.0,0.0089485458612975,0.1072026681976046,,,,,,,,,,
247,2024-09-10 08:53:47,neuroscientist_interview.txt,3,0,0.0151821862348178,0.0,0.0172064777327935,0.119098204552835,,,,,,,,,,
247,2024-09-10 08:53:47,retail_manager_interview.txt,1,0,0.0175438596491228,0.0,0.0110803324099723,0.0755304954901235,,,,,,,,,,
247,2024-09-10 08:53:47,retail_manager_interview.txt,2,0,0.0171945701357466,0.0027149321266968,0.0090497737556561,0.0897167877660183,,,,,,,,,,
247,2024-09-10 08:53:47,retail_manager_interview.txt,3,0,0.0177902621722846,0.0065543071161048,0.0093632958801498,0.0857245178204834,,,,,,,,,,
247,2024-09-10 08:53:47,agricultural_engineer_interview.txt,1,0,0.0166358595194085,0.0036968576709796,0.011090573012939,0.0994231419613369,,,,,,,,,,
247,2024-09-10 08:53:47,agricultural_engineer_interview.txt,2,0,0.0168697282099343,0.0,0.0084348641049671,0.0700959119827873,,,,,,,,,,
247,2024-09-10 08:53:47,agricultural_engineer_interview.txt,3,0,0.0250223413762287,0.002680965147453,0.0071492403932082,0.0870565417256863,,,,,,,,,,
247,2024-09-10 08:53:47,electrical_engineer_interview.txt,1,0,0.0251196172248803,0.0035885167464114,0.0131578947368421,0.1056712537908632,,,,,,,,,,
247,2024-09-10 08:53:47,electrical_engineer_interview.txt,2,0,0.0274579273693534,0.0008857395925597,0.0070859167404783,0.115659059592213,,,,,,,,,,
247,2024-09-10 08:53:47,electrical_engineer_interview.txt,3,0,0.0277185501066098,0.0042643923240938,0.0117270788912579,0.0743704702036847,,,,,,,,,,
247,2024-09-10 08:53:47,quality_control_engineer_interview.txt,1,0,0.0155642023346303,0.0,0.0126459143968871,0.102217044196494,,,,,,,,,,
247,2024-09-10 08:53:47,quality_control_engineer_interview.txt,2,0,0.0269687162891046,0.0,0.0107874865156418,0.0865243885868608,,,,,,,,,,
247,2024-09-10 08:53:47,quality_control_engineer_interview.txt,3,0,0.0196656833824975,0.0058997050147492,0.015732546705998,0.0818664216334927,,,,,,,,,,
247,2024-09-10 08:53:47,machine_learning_engineer_interview.txt,1,0,0.0439077936333699,0.0,0.0153677277716794,0.1563000533502245,,,,,,,,,,
247,2024-09-10 08:53:47,machine_learning_engineer_interview.txt,2,0,0.0287179487179487,0.0,0.0102564102564102,0.1425064417524086,,,,,,,,,,
247,2024-09-10 08:53:47,machine_learning_engineer_interview.txt,3,0,0.0274725274725274,0.0036630036630036,0.0119047619047619,0.0881963239666915,,,,,,,,,,
247,2024-09-10 08:53:47,geologist_interview.txt,1,0,0.0279720279720279,0.0008741258741258,0.0139860139860139,0.1059940117158293,,,,,,,,,,
247,2024-09-10 08:53:47,geologist_interview.txt,2,0,0.0230607966457023,0.0010482180293501,0.0125786163522012,0.0586069417145707,,,,,,,,,,
247,2024-09-10 08:53:47,geologist_interview.txt,3,0,0.0352187833511205,0.0032017075773745,0.0138740661686232,0.0858995210667538,,,,,,,,,,
247,2024-09-10 08:53:47,chemical_engineer_interview.txt,1,0,0.0218181818181818,0.0054545454545454,0.0072727272727272,0.085317773024806,,,,,,,,,,
247,2024-09-10 08:53:47,chemical_engineer_interview.txt,2,0,0.0274111675126903,0.0,0.0131979695431472,0.0535734082114602,,,,,,,,,,
247,2024-09-10 08:53:47,chemical_engineer_interview.txt,3,0,0.0244173140954495,0.0,0.0122086570477247,0.0995035591195166,,,,,,,,,,
247,2024-09-10 08:53:47,no_persona_interview.txt,1,0,0.0162671232876712,0.0042808219178082,0.0128424657534246,0.0794851619763919,,,,,,,,,,
247,2024-09-10 08:53:47,no_persona_interview.txt,2,0,0.0143815915627996,0.0057526366251198,0.0134228187919463,0.0700808695365404,,,,,,,,,,
247,2024-09-10 08:53:47,no_persona_interview.txt,3,0,0.0214669051878354,0.0062611806797853,0.0134168157423971,0.0766423673123326,,,,,,,,,,
247,2024-09-10 08:53:47,financial_analyst_interview.txt,1,0,0.0285412262156448,0.0052854122621564,0.0095137420718816,0.0707827331240954,,,,,,,,,,
247,2024-09-10 08:53:47,financial_analyst_interview.txt,2,0,0.0378710337768679,0.0061412487205731,0.0061412487205731,0.0898497063617448,,,,,,,,,,
247,2024-09-10 08:53:47,financial_analyst_interview.txt,3,0,0.0230326295585412,0.0038387715930902,0.0115163147792706,0.1184514335719271,,,,,,,,,,
247,2024-09-10 08:53:47,civil_engineer_interview.txt,1,0,0.024,0.0,0.015,0.0718426104825856,,,,,,,,,,
247,2024-09-10 08:53:47,civil_engineer_interview.txt,2,0,0.0187393526405451,0.0,0.0102214650766609,0.1142857951310034,,,,,,,,,,
247,2024-09-10 08:53:47,civil_engineer_interview.txt,3,0,0.0229540918163672,0.0,0.0139720558882235,0.1233256887615342,,,,,,,,,,
247,2024-09-10 08:53:47,meteorologist_interview.txt,1,0,0.019367991845056,0.0,0.0132517838939857,0.0882487106228991,,,,,,,,,,
247,2024-09-10 08:53:47,meteorologist_interview.txt,2,0,0.0228260869565217,0.0065217391304347,0.0130434782608695,0.1094760153228075,,,,,,,,,,
247,2024-09-10 08:53:47,meteorologist_interview.txt,3,0,0.0190657769304099,0.0095328884652049,0.0104861773117254,0.0707906785111206,,,,,,,,,,
247,2024-09-10 08:53:47,shop_assistant_interview.txt,1,0,0.0213723284589426,0.0,0.0134983127109111,0.0805733106885031,,,,,,,,,,
247,2024-09-10 08:53:47,shop_assistant_interview.txt,2,0,0.0200445434298441,0.0,0.0133630289532293,0.0777410538121617,,,,,,,,,,
247,2024-09-10 08:53:47,shop_assistant_interview.txt,3,0,0.0125523012552301,0.0010460251046025,0.0125523012552301,0.0817814920906232,,,,,,,,,,
247,2024-09-10 08:53:47,social_media_manager_interview.txt,1,0,0.0185512367491166,0.0017667844522968,0.0079505300353356,0.1015521739733136,,,,,,,,,,
247,2024-09-10 08:53:47,social_media_manager_interview.txt,2,0,0.0128424657534246,0.0,0.0128424657534246,0.0773885718005031,,,,,,,,,,
247,2024-09-10 08:53:47,social_media_manager_interview.txt,3,0,0.0127462340672074,0.0,0.0139049826187717,0.0839126907514007,,,,,,,,,,
247,2024-09-10 08:53:47,marine_engineer_interview.txt,1,0,0.0280455740578439,0.0061349693251533,0.0078878177037686,0.0731716707768866,,,,,,,,,,
247,2024-09-10 08:53:47,marine_engineer_interview.txt,2,0,0.0224032586558044,0.0091649694501018,0.0122199592668024,0.0912553576282185,,,,,,,,,,
247,2024-09-10 08:53:47,marine_engineer_interview.txt,3,0,0.0252100840336134,0.007469654528478,0.0046685340802987,0.0577178223065263,,,,,,,,,,
247,2024-09-10 08:53:47,warehouse_manager_interview.txt,1,0,0.0233265720081135,0.0050709939148073,0.0121703853955375,0.0965844573938373,,,,,,,,,,
247,2024-09-10 08:53:47,warehouse_manager_interview.txt,2,0,0.027689030883919,0.0,0.0159744408945686,0.1184276518365309,,,,,,,,,,
247,2024-09-10 08:53:47,warehouse_manager_interview.txt,3,0,0.0319148936170212,0.0,0.0096711798839458,0.1266145847663599,,,,,,,,,,
247,2024-09-10 08:53:47,business_intelligence_analyst_interview.txt,1,0,0.0337972166998011,0.0,0.0109343936381709,0.0491953735936551,,,,,,,,,,
247,2024-09-10 08:53:47,business_intelligence_analyst_interview.txt,2,0,0.0167014613778705,0.0104384133611691,0.0073068893528183,0.1126248012979026,,,,,,,,,,
247,2024-09-10 08:53:47,business_intelligence_analyst_interview.txt,3,0,0.0255152109911678,0.0058881256133464,0.0078508341511285,0.0888575942890054,,,,,,,,,,
247,2024-09-10 08:53:47,full_stack_developer_interview.txt,1,0,0.0220588235294117,0.0,0.0105042016806722,0.0871462512811923,,,,,,,,,,
247,2024-09-10 08:53:47,full_stack_developer_interview.txt,2,0,0.0294388224471021,0.0045998160073597,0.0101195952161913,0.0920855742080969,,,,,,,,,,
247,2024-09-10 08:53:47,full_stack_developer_interview.txt,3,0,0.0253292806484295,0.0030395136778115,0.0131712259371833,0.0939062814386072,,,,,,,,,,
247,2024-09-10 08:53:47,travel_agent_interview.txt,1,0,0.0206398348813209,0.0,0.0103199174406604,0.125771413548644,,,,,,,,,,
247,2024-09-10 08:53:47,travel_agent_interview.txt,2,0,0.0185840707964601,0.0044247787610619,0.0070796460176991,0.0672696950302999,,,,,,,,,,
247,2024-09-10 08:53:47,travel_agent_interview.txt,3,0,0.0201342281879194,0.0,0.012464046021093,0.0779414003485252,,,,,,,,,,
247,2024-09-10 08:53:47,robotics_engineer_interview.txt,1,0,0.03003003003003,0.002002002002002,0.013013013013013,0.0728151644609244,,,,,,,,,,
247,2024-09-10 08:53:47,robotics_engineer_interview.txt,2,0,0.0327510917030567,0.0,0.0141921397379912,0.0990048380293816,,,,,,,,,,
247,2024-09-10 08:53:47,robotics_engineer_interview.txt,3,0,0.0245139475908706,0.0008453085376162,0.0109890109890109,0.0588537346386318,,,,,,,,,,
247,2024-09-10 08:53:47,biomedical_engineer_interview.txt,1,0,0.0294117647058823,0.0,0.0107843137254901,0.0674251573745066,,,,,,,,,,
247,2024-09-10 08:53:47,biomedical_engineer_interview.txt,2,0,0.0221052631578947,0.0021052631578947,0.0084210526315789,0.0831557537923468,,,,,,,,,,
247,2024-09-10 08:53:47,biomedical_engineer_interview.txt,3,0,0.0257466529351184,0.0030895983522142,0.0051493305870236,0.0928420075536183,,,,,,,,,,
247,2024-09-10 08:53:47,marketing_manager_interview.txt,1,0,0.0132924335378323,0.0,0.0081799591002045,0.1018467412082878,,,,,,,,,,
247,2024-09-10 08:53:47,marketing_manager_interview.txt,2,0,0.0130841121495327,0.0,0.0074766355140186,0.1004386315578809,,,,,,,,,,
247,2024-09-10 08:53:47,marketing_manager_interview.txt,3,0,0.0114394661582459,0.0,0.0085795996186844,0.0873851352765428,,,,,,,,,,
247,2024-09-10 08:53:47,professor_of_classics_interview.txt,1,0,0.0146654445462878,0.0009165902841429,0.0091659028414298,0.0942882863095154,,,,,,,,,,
247,2024-09-10 08:53:47,professor_of_classics_interview.txt,2,0,0.0168598524762908,0.0,0.0105374077976817,0.0976336650364999,,,,,,,,,,
247,2024-09-10 08:53:47,professor_of_classics_interview.txt,3,0,0.0144927536231884,0.0,0.0119352088661551,0.1064520524290018,,,,,,,,,,
247,2024-09-10 08:53:47,environmental_engineer_interview.txt,1,0,0.0251572327044025,0.0020964360587002,0.0052410901467505,0.1386641636459077,,,,,,,,,,
247,2024-09-10 08:53:47,environmental_engineer_interview.txt,2,0,0.0258697591436217,0.0053523639607493,0.0098126672613737,0.1227089535013687,,,,,,,,,,
247,2024-09-10 08:53:47,environmental_engineer_interview.txt,3,0,0.0225563909774436,0.0032223415682062,0.0150375939849624,0.1213419236884954,,,,,,,,,,
247,2024-09-10 08:53:47,astronomer_interview.txt,1,0,0.0303030303030303,0.0011223344556677,0.0078563411896745,0.1040216901891343,,,,,,,,,,
247,2024-09-10 08:53:47,astronomer_interview.txt,2,0,0.0286006128702757,0.0,0.0051072522982635,0.066160935812193,,,,,,,,,,
247,2024-09-10 08:53:47,astronomer_interview.txt,3,0,0.0186084142394822,0.0,0.0088996763754045,0.0676042318400002,,,,,,,,,,
247,2024-09-10 08:53:47,ai_professor_interview.txt,1,0,0.0193929173693086,0.0016863406408094,0.0109612141652613,0.100284683857549,,,,,,,,,,
247,2024-09-10 08:53:47,ai_professor_interview.txt,2,0,0.023486901535682,0.004516711833785,0.005420054200542,0.0664720440152279,,,,,,,,,,
247,2024-09-10 08:53:47,ai_professor_interview.txt,3,0,0.0170068027210884,0.0034013605442176,0.0147392290249433,0.0875912636525537,,,,,,,,,,
247,2024-09-10 08:53:47,game_developer_interview.txt,1,0,0.0198537095088819,0.0,0.0146290491118077,0.0884944026122132,,,,,,,,,,
247,2024-09-10 08:53:47,game_developer_interview.txt,2,0,0.0187667560321715,0.001787310098302,0.0089365504915102,0.1173435485376671,,,,,,,,,,
247,2024-09-10 08:53:47,game_developer_interview.txt,3,0,0.0265588914549653,0.0,0.0127020785219399,0.0891592174878559,,,,,,,,,,
247,2024-09-10 08:53:47,fire_protection_engineer_interview.txt,1,0,0.0221238938053097,0.0106194690265486,0.0097345132743362,0.0963801547223116,,,,,,,,,,
247,2024-09-10 08:53:47,fire_protection_engineer_interview.txt,2,0,0.0299145299145299,0.0111111111111111,0.0068376068376068,0.0742757053441736,,,,,,,,,,
247,2024-09-10 08:53:47,fire_protection_engineer_interview.txt,3,0,0.0252572497661365,0.0056127221702525,0.0084190832553788,0.0636914021110854,,,,,,,,,,
247,2024-09-10 08:53:47,safety_engineer_interview.txt,1,0,0.0227655986509274,0.0084317032040472,0.0092748735244519,0.1119140969618309,,,,,,,,,,
247,2024-09-10 08:53:47,safety_engineer_interview.txt,2,0,0.0251865671641791,0.0046641791044776,0.0102611940298507,0.0969963277507818,,,,,,,,,,
247,2024-09-10 08:53:47,safety_engineer_interview.txt,3,0,0.0254841997961264,0.0081549439347604,0.0122324159021406,0.0820585329886059,,,,,,,,,,
247,2024-09-10 08:53:47,environmental_scientist_interview.txt,1,0,0.0164251207729468,0.0,0.0125603864734299,0.1120898514050759,,,,,,,,,,
247,2024-09-10 08:53:47,environmental_scientist_interview.txt,2,0,0.0222693531283138,0.0,0.0137857900318133,0.1197515229748227,,,,,,,,,,
247,2024-09-10 08:53:47,environmental_scientist_interview.txt,3,0,0.0251572327044025,0.0073375262054507,0.0062893081761006,0.1071153655067242,,,,,,,,,,
247,2024-09-10 08:53:47,operations_manager_interview.txt,1,0,0.0217391304347826,0.0018115942028985,0.0135869565217391,0.0997896968349406,,,,,,,,,,
247,2024-09-10 08:53:47,operations_manager_interview.txt,2,0,0.0178731009830205,0.000893655049151,0.0116175156389633,0.0768314946145523,,,,,,,,,,
247,2024-09-10 08:53:47,operations_manager_interview.txt,3,0,0.0147441457068516,0.0017346053772766,0.01040763226366,0.0798393786900252,,,,,,,,,,
247,2024-09-10 08:53:47,backend_developer_interview.txt,1,0,0.0257611241217798,0.0035128805620608,0.0152224824355971,0.122139921627983,,,,,,,,,,
247,2024-09-10 08:53:47,backend_developer_interview.txt,2,0,0.0233426704014939,0.0,0.0130718954248366,0.0919713627342618,,,,,,,,,,
247,2024-09-10 08:53:47,backend_developer_interview.txt,3,0,0.0291164658634538,0.0100401606425702,0.0120481927710843,0.0939789977446722,,,,,,,,,,
247,2024-09-10 08:53:47,digital_marketing_specialist_interview.txt,1,0,0.0130010834236186,0.0043336944745395,0.0097508125677139,0.0603589478345086,,,,,,,,,,
247,2024-09-10 08:53:47,digital_marketing_specialist_interview.txt,2,0,0.0112676056338028,0.0,0.0103286384976525,0.0818004613102172,,,,,,,,,,
247,2024-09-10 08:53:47,digital_marketing_specialist_interview.txt,3,0,0.0194264569842738,0.0,0.0083256244218316,0.0802330317533402,,,,,,,,,,
247,2024-09-10 08:53:47,mechanical_engineer_interview.txt,1,0,0.0238611713665943,0.0,0.0140997830802603,0.087548645365675,,,,,,,,,,
247,2024-09-10 08:53:47,mechanical_engineer_interview.txt,2,0,0.024390243902439,0.0053022269353128,0.0116648992576882,0.0941953519357782,,,,,,,,,,
247,2024-09-10 08:53:47,mechanical_engineer_interview.txt,3,0,0.0283882783882783,0.0018315018315018,0.01007326007326,0.0912802508516414,,,,,,,,,,
247,2024-09-10 08:53:47,software_quality_assurance_tester_interview.txt,1,0,0.0311804008908685,0.0055679287305122,0.010022271714922,0.1269443031378924,,,,,,,,,,
247,2024-09-10 08:53:47,software_quality_assurance_tester_interview.txt,2,0,0.0167597765363128,0.0065176908752327,0.0111731843575419,0.0952146085862209,,,,,,,,,,
247,2024-09-10 08:53:47,software_quality_assurance_tester_interview.txt,3,0,0.0263157894736842,0.0025466893039049,0.0101867572156196,0.0799308042314031,,,,,,,,,,
247,2024-09-10 08:53:47,cybersecurity_specialist_interview.txt,1,0,0.0193610842207163,0.0038722168441432,0.0125847047434656,0.0739913621180536,,,,,,,,,,
247,2024-09-10 08:53:47,cybersecurity_specialist_interview.txt,2,0,0.0177975528364849,0.0088987764182424,0.0166852057842046,0.0977342262895443,,,,,,,,,,
247,2024-09-10 08:53:47,cybersecurity_specialist_interview.txt,3,0,0.0222016651248843,0.001850138760407,0.0101757631822386,0.0508137434410253,,,,,,,,,,
247,2024-09-10 08:53:47,product_manager_interview.txt,1,0,0.0140721196130167,0.0,0.0149516270888302,0.0942757211716873,,,,,,,,,,
247,2024-09-10 08:53:47,product_manager_interview.txt,2,0,0.0168818272095332,0.0,0.009930486593843,0.0615134685723892,,,,,,,,,,
247,2024-09-10 08:53:47,product_manager_interview.txt,3,0,0.0155109489051094,0.0,0.0127737226277372,0.0807003582271891,,,,,,,,,,
247,2024-09-10 08:53:47,microbiologist_interview.txt,1,0,0.0288461538461538,0.0,0.0117521367521367,0.0957393833258439,,,,,,,,,,
247,2024-09-10 08:53:47,microbiologist_interview.txt,2,0,0.0255885363357216,0.0112589559877175,0.0122824974411463,0.117091868466902,,,,,,,,,,
247,2024-09-10 08:53:47,microbiologist_interview.txt,3,0,0.0224719101123595,0.0037453183520599,0.0056179775280898,0.0916915489198681,,,,,,,,,,
247,2024-09-10 08:53:47,it_manager_interview.txt,1,0,0.0217391304347826,0.0037807183364839,0.0122873345935727,0.0793412951326244,,,,,,,,,,
247,2024-09-10 08:53:47,it_manager_interview.txt,2,0,0.0185633575464083,0.0016142050040355,0.0088781275221953,0.0695957690002913,,,,,,,,,,
247,2024-09-10 08:53:47,it_manager_interview.txt,3,0,0.0272373540856031,0.0009727626459143,0.0116731517509727,0.083290038377852,,,,,,,,,,
247,2024-09-10 08:53:47,industrial_engineer_interview.txt,1,0,0.0253807106598984,0.0008460236886632,0.0076142131979695,0.0820253623829112,,,,,,,,,,
247,2024-09-10 08:53:47,industrial_engineer_interview.txt,2,0,0.0210526315789473,0.0008771929824561,0.0140350877192982,0.0801346352059568,,,,,,,,,,
247,2024-09-10 08:53:47,industrial_engineer_interview.txt,3,0,0.0252479711451758,0.0027051397655545,0.011722272317403,0.1033823885580657,,,,,,,,,,
247,2024-09-10 08:53:47,barista_interview.txt,1,0,0.015495867768595,0.0,0.0113636363636363,0.0884466001397815,,,,,,,,,,
247,2024-09-10 08:53:47,barista_interview.txt,2,0,0.0110599078341013,0.0,0.0101382488479262,0.0903088393497191,,,,,,,,,,
247,2024-09-10 08:53:47,barista_interview.txt,3,0,0.015267175572519,0.0021810250817884,0.0119956379498364,0.0669141427626387,,,,,,,,,,
247,2024-09-10 08:53:47,petroleum_engineer_interview.txt,1,0,0.0203045685279187,0.0010152284263959,0.0071065989847715,0.0919331198887735,,,,,,,,,,
247,2024-09-10 08:53:47,petroleum_engineer_interview.txt,2,0,0.0154291224686595,0.0067502410800385,0.0077145612343297,0.0892173358838656,,,,,,,,,,
247,2024-09-10 08:53:47,petroleum_engineer_interview.txt,3,0,0.0313901345291479,0.0033632286995515,0.0089686098654708,0.0871079697315147,,,,,,,,,,
247,2024-09-10 08:53:47,business_analyst_interview.txt,1,0,0.0244969378827646,0.0043744531933508,0.0113735783027121,0.0892260275493582,,,,,,,,,,
247,2024-09-10 08:53:47,business_analyst_interview.txt,2,0,0.0165118679050567,0.0,0.0144478844169246,0.1236020111141206,,,,,,,,,,
247,2024-09-10 08:53:47,business_analyst_interview.txt,3,0,0.0204280155642023,0.0038910505836575,0.0126459143968871,0.1181281741451343,,,,,,,,,,
247,2024-09-10 08:53:47,data_engineer_interview.txt,1,0,0.0260475651189127,0.001132502831257,0.015855039637599,0.1112774998351303,,,,,,,,,,
247,2024-09-10 08:53:47,data_engineer_interview.txt,2,0,0.0248287671232876,0.0077054794520547,0.0102739726027397,0.0859684494005172,,,,,,,,,,
247,2024-09-10 08:53:47,data_engineer_interview.txt,3,0,0.0305480682839173,0.0035938903863432,0.0143755615453728,0.0778391880497241,,,,,,,,,,
247,2024-09-10 08:53:47,aerospace_engineer_interview.txt,1,0,0.0268456375838926,0.0057526366251198,0.0115052732502396,0.1062281086279365,,,,,,,,,,
247,2024-09-10 08:53:47,aerospace_engineer_interview.txt,2,0,0.0244786944696282,0.0099728014505893,0.0090661831368993,0.070320539612949,,,,,,,,,,
247,2024-09-10 08:53:47,aerospace_engineer_interview.txt,3,0,0.0216110019646365,0.0108055009823182,0.0108055009823182,0.0961493110557554,,,,,,,,,,
247,2024-09-10 08:53:47,bartender_interview.txt,1,0,0.0220125786163522,0.0062893081761006,0.0062893081761006,0.0876458048678939,,,,,,,,,,
247,2024-09-10 08:53:47,bartender_interview.txt,2,0,0.0134146341463414,0.0,0.0134146341463414,0.1053704855778047,,,,,,,,,,
247,2024-09-10 08:53:47,bartender_interview.txt,3,0,0.0145681581685744,0.0031217481789802,0.0052029136316337,0.088940534886738,,,,,,,,,,
247,2024-09-10 08:53:47,natural_language_processing_engineer_interview.txt,1,0,0.0276923076923076,0.003076923076923,0.0102564102564102,0.1011641280088247,,,,,,,,,,
247,2024-09-10 08:53:47,natural_language_processing_engineer_interview.txt,2,0,0.029642545771578,0.002615518744551,0.010462074978204,0.0776889835879054,,,,,,,,,,
247,2024-09-10 08:53:47,natural_language_processing_engineer_interview.txt,3,0,0.0391595033428844,0.0076408787010506,0.0105062082139446,0.0576877035535066,,,,,,,,,,
247,2024-09-10 08:53:47,cto_of_a_fintec_interview.txt,1,0,0.0180275715800636,0.0042417815482502,0.0106044538706256,0.0993694322195733,,,,,,,,,,
247,2024-09-10 08:53:47,cto_of_a_fintec_interview.txt,2,0,0.0209324452901998,0.0028544243577545,0.0085632730732635,0.0932072301943169,,,,,,,,,,
247,2024-09-10 08:53:47,cto_of_a_fintec_interview.txt,3,0,0.0238095238095238,0.0139573070607553,0.0106732348111658,0.0844119315559213,,,,,,,,,,
247,2024-09-10 08:53:47,database_administrator_interview.txt,1,0,0.0230460921843687,0.001002004008016,0.0100200400801603,0.0868153102395595,,,,,,,,,,
247,2024-09-10 08:53:47,database_administrator_interview.txt,2,0,0.0278099652375434,0.0115874855156431,0.0104287369640787,0.093052666983361,,,,,,,,,,
247,2024-09-10 08:53:47,database_administrator_interview.txt,3,0,0.0283687943262411,0.0070921985815602,0.0115248226950354,0.0878756830628261,,,,,,,,,,
247,2024-09-10 08:53:47,nuclear_engineer_interview.txt,1,0,0.0334773218142548,0.0086393088552915,0.0075593952483801,0.0876838841479678,,,,,,,,,,
247,2024-09-10 08:53:47,nuclear_engineer_interview.txt,2,0,0.0184645286686103,0.0048590864917395,0.0087463556851311,0.0725303189130886,,,,,,,,,,
247,2024-09-10 08:53:47,nuclear_engineer_interview.txt,3,0,0.0304568527918781,0.0143824027072758,0.0109983079526226,0.1106991729391424,,,,,,,,,,
247,2024-09-10 08:53:47,pharmacist_interview.txt,1,0,0.0229166666666666,0.0010416666666666,0.0052083333333333,0.0992322330656435,,,,,,,,,,
247,2024-09-10 08:53:47,pharmacist_interview.txt,2,0,0.018418201516793,0.0054171180931744,0.008667388949079,0.1008151419118737,,,,,,,,,,
247,2024-09-10 08:53:47,pharmacist_interview.txt,3,0,0.0188284518828451,0.0031380753138075,0.0115062761506276,0.1403885000391332,,,,,,,,,,
247,2024-09-10 08:53:47,chef_interview.txt,1,0,0.0121608980355472,0.0018709073900841,0.0056127221702525,0.0850760140738818,,,,,,,,,,
247,2024-09-10 08:53:47,chef_interview.txt,2,0,0.0123595505617977,0.0,0.0101123595505617,0.096046693762161,,,,,,,,,,
247,2024-09-10 08:53:47,chef_interview.txt,3,0,0.0109561752988047,0.0,0.0109561752988047,0.08231255847063,,,,,,,,,,
247,2024-09-10 08:53:47,hotel_manager_interview.txt,1,0,0.0158898305084745,0.0,0.0127118644067796,0.0945490272866787,,,,,,,,,,
247,2024-09-10 08:53:47,hotel_manager_interview.txt,2,0,0.0186092066601371,0.0,0.0107737512242899,0.1325823116007499,,,,,,,,,,
247,2024-09-10 08:53:47,hotel_manager_interview.txt,3,0,0.0226781857451403,0.0032397408207343,0.0107991360691144,0.1019521789512803,,,,,,,,,,
247,2024-09-10 08:53:47,mobile_app_developer_interview.txt,1,0,0.0214446952595936,0.0,0.010158013544018,0.1544825338979565,,,,,,,,,,
247,2024-09-10 08:53:47,mobile_app_developer_interview.txt,2,0,0.0204841713221601,0.0,0.0065176908752327,0.115980526666356,,,,,,,,,,
247,2024-09-10 08:53:47,mobile_app_developer_interview.txt,3,0,0.014014014014014,0.004004004004004,0.013013013013013,0.0888545545023979,,,,,,,,,,
247,2024-09-10 08:53:47,graphic_designer_interview.txt,1,0,0.0109051254089422,0.0,0.0141766630316248,0.0973947750204865,,,,,,,,,,
247,2024-09-10 08:53:47,graphic_designer_interview.txt,2,0,0.0100446428571428,0.0,0.0145089285714285,0.0985489033096572,,,,,,,,,,
247,2024-09-10 08:53:47,graphic_designer_interview.txt,3,0,0.0138121546961325,0.0,0.0101289134438305,0.1364836044920524,,,,,,,,,,
247,2024-09-10 08:53:47,geotechnical_engineer_interview.txt,1,0,0.026615969581749,0.0038022813688212,0.0123574144486692,0.0988168661913074,,,,,,,,,,
247,2024-09-10 08:53:47,geotechnical_engineer_interview.txt,2,0,0.0251450676982591,0.0048355899419729,0.0164410058027079,0.1036885033657208,,,,,,,,,,
247,2024-09-10 08:53:47,geotechnical_engineer_interview.txt,3,0,0.0305810397553516,0.0040774719673802,0.0081549439347604,0.0609841475934807,,,,,,,,,,
247,2024-09-10 08:53:47,gardener_interview.txt,1,0,0.01,0.0,0.0125,0.0942825960174155,,,,,,,,,,
247,2024-09-10 08:53:47,gardener_interview.txt,2,0,0.015732546705998,0.0,0.0058997050147492,0.0624878947146802,,,,,,,,,,
247,2024-09-10 08:53:47,gardener_interview.txt,3,0,0.0128805620608899,0.0,0.009367681498829,0.0786426296222208,,,,,,,,,,
247,2024-09-10 08:53:47,ai_software_developer_interview.txt,1,0,0.0173076923076923,0.0019230769230769,0.0067307692307692,0.0582830292205458,,,,,,,,,,
247,2024-09-10 08:53:47,ai_software_developer_interview.txt,2,0,0.031700288184438,0.0009606147934678,0.010566762728146,0.1051140882484155,,,,,,,,,,
247,2024-09-10 08:53:47,ai_software_developer_interview.txt,3,0,0.022801302931596,0.007600434310532,0.01085776330076,0.0717988585803255,,,,,,,,,,
247,2024-09-10 08:53:47,supply_chain_manager_interview.txt,1,0,0.0231277533039647,0.0033039647577092,0.0121145374449339,0.146393437520896,,,,,,,,,,
247,2024-09-10 08:53:47,supply_chain_manager_interview.txt,2,0,0.0191919191919191,0.003030303030303,0.006060606060606,0.1177942007609016,,,,,,,,,,
247,2024-09-10 08:53:47,supply_chain_manager_interview.txt,3,0,0.0191956124314442,0.0054844606946983,0.0091407678244972,0.0778667685751323,,,,,,,,,,
247,2024-09-10 08:53:47,cloud_architect_interview.txt,1,0,0.019367991845056,0.001019367991845,0.0152905198776758,0.0727309153200811,,,,,,,,,,
247,2024-09-10 08:53:47,cloud_architect_interview.txt,2,0,0.0189818809318377,0.0034512510785159,0.0120793787748058,0.0745711627252328,,,,,,,,,,
247,2024-09-10 08:53:47,cloud_architect_interview.txt,3,0,0.0262681159420289,0.0018115942028985,0.0135869565217391,0.0954584395293529,,,,,,,,,,
247,2024-09-10 08:53:47,mining_engineer_interview.txt,1,0,0.0276679841897233,0.0019762845849802,0.0108695652173913,0.1168073835258064,,,,,,,,,,
247,2024-09-10 08:53:47,mining_engineer_interview.txt,2,0,0.0282157676348547,0.0033195020746887,0.0082987551867219,0.0744692584064058,,,,,,,,,,
247,2024-09-10 08:53:47,mining_engineer_interview.txt,3,0,0.0244399185336048,0.0061099796334012,0.0081466395112016,0.0813136971343563,,,,,,,,,,
247,2024-09-10 08:53:47,devops_engineer_interview.txt,1,0,0.024928092042186,0.0067114093959731,0.012464046021093,0.0556449705780135,,,,,,,,,,
247,2024-09-10 08:53:47,devops_engineer_interview.txt,2,0,0.0257116620752984,0.0,0.0101010101010101,0.0644985275770311,,,,,,,,,,
247,2024-09-10 08:53:47,devops_engineer_interview.txt,3,0,0.0256175663311985,0.0073193046660567,0.0082342177493138,0.0688956043655719,,,,,,,,,,
247,2024-09-10 08:53:47,system_administrator_interview.txt,1,0,0.0325443786982248,0.004930966469428,0.009861932938856,0.0706552660196165,,,,,,,,,,
247,2024-09-10 08:53:47,system_administrator_interview.txt,2,0,0.0220820189274447,0.0010515247108307,0.0094637223974763,0.0782325615325294,,,,,,,,,,
247,2024-09-10 08:53:47,system_administrator_interview.txt,3,0,0.0178571428571428,0.0112781954887218,0.0131578947368421,0.0878011891537444,,,,,,,,,,
247,2024-09-10 08:53:47,content_writer_interview.txt,1,0,0.0139335476956055,0.0,0.0139335476956055,0.0854668624726065,,,,,,,,,,
247,2024-09-10 08:53:47,content_writer_interview.txt,2,0,0.0178197064989517,0.0,0.0062893081761006,0.0920006567974484,,,,,,,,,,
247,2024-09-10 08:53:47,content_writer_interview.txt,3,0,0.0174002047082906,0.0010235414534288,0.0112589559877175,0.1424764077935147,,,,,,,,,,
247,2024-09-10 08:53:47,transportation_engineer_interview.txt,1,0,0.0273224043715847,0.0109289617486338,0.0109289617486338,0.11333204648424,,,,,,,,,,
247,2024-09-10 08:53:47,transportation_engineer_interview.txt,2,0,0.020703933747412,0.0010351966873706,0.0134575569358178,0.1248738066625254,,,,,,,,,,
247,2024-09-10 08:53:47,transportation_engineer_interview.txt,3,0,0.021311475409836,0.0024590163934426,0.010655737704918,0.0809610096986918,,,,,,,,,,
247,2024-09-10 08:53:47,lorry_driver_interview.txt,1,0,0.0253411306042884,0.0097465886939571,0.0116959064327485,0.0692408155537831,,,,,,,,,,
247,2024-09-10 08:53:47,lorry_driver_interview.txt,2,0,0.0178384050367261,0.0031479538300104,0.0062959076600209,0.0842857740900747,,,,,,,,,,
247,2024-09-10 08:53:47,lorry_driver_interview.txt,3,0,0.0139002452984464,0.0016353229762878,0.008176614881439,0.0551464858872821,,,,,,,,,,
247,2024-09-10 08:53:47,physicist_interview.txt,1,0,0.0366666666666666,0.0022222222222222,0.0088888888888888,0.106718589927877,,,,,,,,,,
247,2024-09-10 08:53:47,physicist_interview.txt,2,0,0.0356394129979035,0.0,0.0136268343815513,0.0615359218577838,,,,,,,,,,
247,2024-09-10 08:53:47,physicist_interview.txt,3,0,0.0204678362573099,0.0048732943469785,0.0087719298245614,0.0719717279058745,,,,,,,,,,
247,2024-09-10 08:53:47,architect_interview.txt,1,0,0.0248587570621468,0.0022598870056497,0.0124293785310734,0.1154121691740013,,,,,,,,,,
247,2024-09-10 08:53:47,architect_interview.txt,2,0,0.0146654445462878,0.0045829514207149,0.0109990834097158,0.0598798344082909,,,,,,,,,,
247,2024-09-10 08:53:47,architect_interview.txt,3,0,0.0154798761609907,0.0,0.0092879256965944,0.0716744010499395,,,,,,,,,,
247,2024-09-10 08:53:47,materials_engineer_interview.txt,1,0,0.0193192272309107,0.0,0.0119595216191352,0.102886159162538,,,,,,,,,,
247,2024-09-10 08:53:47,materials_engineer_interview.txt,2,0,0.0243217960710944,0.0,0.0140318054256314,0.1011082276092276,,,,,,,,,,
247,2024-09-10 08:53:47,materials_engineer_interview.txt,3,0,0.0317757009345794,0.0065420560747663,0.0093457943925233,0.1116909270509687,,,,,,,,,,
247,2024-09-10 08:53:47,computer_vision_engineer_interview.txt,1,0,0.0304761904761904,0.0009523809523809,0.0123809523809523,0.0793597751994905,,,,,,,,,,
247,2024-09-10 08:53:47,computer_vision_engineer_interview.txt,2,0,0.0302743614001892,0.0056764427625354,0.0132450331125827,0.0736442018719103,,,,,,,,,,
247,2024-09-10 08:53:47,computer_vision_engineer_interview.txt,3,0,0.0333024976873265,0.0009250693802035,0.0083256244218316,0.1195747282672212,,,,,,,,,,
247,2024-09-10 08:53:47,data_scientist_interview.txt,1,0,0.0245726495726495,0.001068376068376,0.0149572649572649,0.0669774168062536,,,,,,,,,,
247,2024-09-10 08:53:47,data_scientist_interview.txt,2,0,0.0416243654822335,0.0,0.0121827411167512,0.0705629402921593,,,,,,,,,,
247,2024-09-10 08:53:47,data_scientist_interview.txt,3,0,0.027027027027027,0.0009009009009009,0.0108108108108108,0.0934946304741427,,,,,,,,,,
247,2024-09-10 08:53:47,structural_engineer_interview.txt,1,0,0.0259222333000997,0.0099700897308075,0.0099700897308075,0.0832464521079515,,,,,,,,,,
247,2024-09-10 08:53:47,structural_engineer_interview.txt,2,0,0.0213849287169042,0.0,0.0122199592668024,0.0707196780293121,,,,,,,,,,
247,2024-09-10 08:53:47,structural_engineer_interview.txt,3,0,0.0245231607629427,0.0018165304268846,0.0127157129881925,0.0670805649170643,,,,,,,,,,
247,2024-09-10 08:53:47,ai_ethicist_interview.txt,1,0,0.0212539851222104,0.0138150903294367,0.0148777895855472,0.1094012091599286,,,,,,,,,,
247,2024-09-10 08:53:47,ai_ethicist_interview.txt,2,0,0.0190880169671261,0.0127253446447507,0.009544008483563,0.0918991469032446,,,,,,,,,,
247,2024-09-10 08:53:47,ai_ethicist_interview.txt,3,0,0.0229568411386593,0.0156106519742883,0.0101010101010101,0.1206688844474552,,,,,,,,,,
247,2024-09-10 08:53:47,sales_manager_interview.txt,1,0,0.0086455331412103,0.0,0.0115273775216138,0.0888519146597945,,,,,,,,,,
247,2024-09-10 08:53:47,sales_manager_interview.txt,2,0,0.0173160173160173,0.0,0.0129870129870129,0.1096242471022413,,,,,,,,,,
247,2024-09-10 08:53:47,sales_manager_interview.txt,3,0,0.0189873417721519,0.0,0.010548523206751,0.1105857487427862,,,,,,,,,,
247,2024-09-10 08:53:47,frontend_developer_interview.txt,1,0,0.0181634712411705,0.0010090817356205,0.012108980827447,0.1009143031639863,,,,,,,,,,
247,2024-09-10 08:53:47,frontend_developer_interview.txt,2,0,0.0153403643336529,0.0,0.0134228187919463,0.0815680315688893,,,,,,,,,,
247,2024-09-10 08:53:47,frontend_developer_interview.txt,3,0,0.0167652859960552,0.0,0.0108481262327416,0.1154389777965014,,,,,,,,,,
247,2024-09-10 08:53:47,public_relations_specialist_interview.txt,1,0,0.0177383592017738,0.0055432372505543,0.0166297117516629,0.090746830304324,,,,,,,,,,
247,2024-09-10 08:53:47,public_relations_specialist_interview.txt,2,0,0.0172043010752688,0.0,0.0075268817204301,0.0693801550439743,,,,,,,,,,
247,2024-09-10 08:53:47,public_relations_specialist_interview.txt,3,0,0.0139026812313803,0.0,0.012909632571996,0.0833036610041916,,,,,,,,,,
247,2024-09-10 08:53:47,logistics_coordinator_interview.txt,1,0,0.0207877461706783,0.0021881838074398,0.0131291028446389,0.0747003890132437,,,,,,,,,,
247,2024-09-10 08:53:47,logistics_coordinator_interview.txt,2,0,0.0171265461465271,0.0038058991436726,0.0123691722169362,0.0791264022365405,,,,,,,,,,
247,2024-09-10 08:53:47,logistics_coordinator_interview.txt,3,0,0.0171232876712328,0.0059931506849315,0.0077054794520547,0.1134819413229422,,,,,,,,,,
247,2024-09-10 08:53:47,chemist_interview.txt,1,0,0.020971302428256,0.0,0.0176600441501103,0.1330562348606099,,,,,,,,,,
247,2024-09-10 08:53:47,chemist_interview.txt,2,0,0.0260047281323877,0.0082742316784869,0.0070921985815602,0.095352765052252,,,,,,,,,,
247,2024-09-10 08:53:47,chemist_interview.txt,3,0,0.0240825688073394,0.0011467889908256,0.0137614678899082,0.1233972082551481,,,,,,,,,,
247,2024-09-10 08:53:47,manufacturing_engineer_interview.txt,1,0,0.025531914893617,0.0,0.0117021276595744,0.0773174334390559,,,,,,,,,,
247,2024-09-10 08:53:47,manufacturing_engineer_interview.txt,2,0,0.0189673340358271,0.0021074815595363,0.0084299262381454,0.1032626513762703,,,,,,,,,,
247,2024-09-10 08:53:47,manufacturing_engineer_interview.txt,3,0,0.0218446601941747,0.0,0.0169902912621359,0.1153379871844759,,,,,,,,,,
247,2024-09-10 08:53:47,event_planner_interview.txt,1,0,0.0198675496688741,0.0,0.0143487858719646,0.127245545407577,,,,,,,,,,
247,2024-09-10 08:53:47,event_planner_interview.txt,2,0,0.009719222462203,0.0,0.0075593952483801,0.0752411312974779,,,,,,,,,,
247,2024-09-10 08:53:47,event_planner_interview.txt,3,0,0.0264900662251655,0.0056764427625354,0.010406811731315,0.1038893629008152,,,,,,,,,,
247,2024-09-10 08:53:47,seo_specialist_interview.txt,1,0,0.029682702149437,0.0,0.0081883316274309,0.1039010051879645,,,,,,,,,,
247,2024-09-10 08:53:47,seo_specialist_interview.txt,2,0,0.0104265402843601,0.0,0.0085308056872037,0.1278104787848652,,,,,,,,,,
247,2024-09-10 08:53:47,seo_specialist_interview.txt,3,0,0.0151324085750315,0.0,0.0126103404791929,0.1007850204290048,,,,,,,,,,
247,2024-09-10 08:53:47,procurement_specialist_interview.txt,1,0,0.0231388329979879,0.0020120724346076,0.0150905432595573,0.1132751322776347,,,,,,,,,,
247,2024-09-10 08:53:47,procurement_specialist_interview.txt,2,0,0.0160377358490566,0.0047169811320754,0.010377358490566,0.1063947789534837,,,,,,,,,,
247,2024-09-10 08:53:47,procurement_specialist_interview.txt,3,0,0.0168067226890756,0.0,0.0136554621848739,0.084130842483486,,,,,,,,,,
247,2024-09-10 08:53:47,aerospace_engineer_interview.txt,-999,0,0.0243117780060524,0.0088436463526758,0.0104589857898191,0.090899319765547,0.0026213066104436,39.94908621359235,0.0027090778836016,62.82004587769862,0.0012559238548666,-20.92919189781597,0.0185205341324695,20.55165091694357,33.0,44.0
247,2024-09-10 08:53:47,agricultural_engineer_interview.txt,-999,0,0.0195093097018572,0.0021259409394775,0.0088915591703714,0.0855251985566035,0.0047758572343685,12.30400609750437,0.001909902631929,-60.85938000061648,0.0020099635548715,-32.77906835153878,0.0147234630260617,13.424433841646533,61.0,58.0
247,2024-09-10 08:53:47,ai_ethicist_interview.txt,-999,0,0.0210996144093319,0.0140503623161586,0.0115076027233734,0.1073230801702095,0.0019390262647281,21.45848630692624,0.0014569709253354,158.6807008879382,0.0029319246775686,-13.001560099473735,0.014497013991306,42.33301777593772,49.0,14.0
247,2024-09-10 08:53:47,ai_professor_interview.txt,-999,0,0.019962207208693,0.0032014710062707,0.0103734991302489,0.0847826638417769,0.0032773447106833,14.911079599668824,0.0014257338962941,-41.05783572412963,0.0046873032304005,-21.57547820033227,0.0170803930853318,12.439676354281744,58.0,60.0
247,2024-09-10 08:53:47,ai_software_developer_interview.txt,-999,0,0.0239364278079088,0.0034947086756922,0.0093850984198917,0.0783986586830956,0.0072631319264796,37.78840848663961,0.0035880803473679,-35.65904783910308,0.0023033167208367,-29.04787031054886,0.0241030090126802,3.973140374405105,37.0,77.0
247,2024-09-10 08:53:47,architect_interview.txt,-999,0,0.0183346925898084,0.0022809461421215,0.0109054625457945,0.0823221348774106,0.0056646612999523,5.542403081832404,0.0022915482858931,-58.00558494829208,0.0015728175760192,-17.553790247668758,0.0292573192189277,9.176496502679086,69.0,64.0
247,2024-09-10 08:53:47,astronomer_interview.txt,-999,0,0.0258373524709294,0.0003741114852225,0.0072877566211141,0.0792622859471092,0.0063180469485748,48.730951211584994,0.0006479801001005,-93.11224728373644,0.0019591034694276,-44.90394987968445,0.0214544132912317,5.118492096752945,18.0,72.0
247,2024-09-10 08:53:47,backend_developer_interview.txt,-999,0,0.0260734201289092,0.0045176804015437,0.0134475235438393,0.1026967607023057,0.0028995387747344,50.08985852846766,0.0050949409682765,-16.825153233590214,0.0016201392166716,1.6644036957731885,0.0168681661620371,36.197543374550776,17.0,22.0
247,2024-09-10 08:53:47,barista_interview.txt,-999,0,0.0139409837250718,0.0007270083605961,0.0111658410537996,0.0818898607507131,0.0024977036948535,-19.749681296174543,0.0012592154180798,-86.61507596468739,0.000944359998845,-15.58530693062994,0.0130027335842317,8.603209928516932,85.0,65.0
247,2024-09-10 08:53:47,bartender_interview.txt,-999,0,0.016665123643756,0.0031370187850269,0.0083022853180252,0.0939856084441455,0.0046668094486945,-4.068356292182202,0.0031446818960028,-42.24446318539772,0.0044606217260995,-37.23402800392277,0.0098808224337253,24.644720000089222,76.0,37.0
247,2024-09-10 08:53:47,biologist_interview.txt,-999,0,0.0225764686975559,0.0033812278579256,0.007881862758289,0.1005284351465126,0.0060005711777791,29.959896942385143,0.0048597816428388,-37.74833897741377,0.0019776843866229,-40.41245774948106,0.0288373603369854,33.32188681132823,41.0,28.0
247,2024-09-10 08:53:47,biomedical_engineer_interview.txt,-999,0,0.0257545602662985,0.0017316205033696,0.0081182323146976,0.0811409729068239,0.0036532571921644,48.254363551858006,0.0015783254162122,-68.11919896411247,0.0028296702724765,-38.62548411632309,0.0128276488402728,7.61002685338137,20.0,67.0
247,2024-09-10 08:53:47,business_analyst_interview.txt,-999,0,0.0204789404506745,0.0027551679256694,0.0128224590388413,0.110318737602871,0.0039927785620128,17.885619142334235,0.0023982560840625,-49.27470523258359,0.0015447380130375,-3.0611362867266223,0.0184707210428269,46.305890730547446,53.0,12.0
247,2024-09-10 08:53:47,business_intelligence_analyst_interview.txt,-999,0,0.0253379630229465,0.0054421796581718,0.0086973723807059,0.083559256393521,0.0085492558236672,45.856250032077725,0.0052334758259555,0.1957683834917816,0.0019563146642769,-34.247136736961664,0.0320449272594451,10.817180300276805,25.0,62.0
247,2024-09-10 08:53:47,chef_interview.txt,-999,0,0.0118255412987165,0.0006236357966947,0.008893752339873,0.0878117554355576,0.0007594166431534,-31.92708084433498,0.0010801688852939,-88.51826441498442,0.0028726077846993,-32.762487806514656,0.0072642844554716,16.45689005126809,89.0,56.0
247,2024-09-10 08:53:47,chemical_engineer_interview.txt,-999,0,0.0245488878087738,0.0018181818181818,0.010893117954533,0.0794649134519276,0.0027988133157237,41.31399256535673,0.0031491832864888,-66.5255217989591,0.0031741307975695,-17.647116390982575,0.023517794635001,5.387218862696244,29.0,71.0
247,2024-09-10 08:53:47,chemist_interview.txt,-999,0,0.0236861997893277,0.0031403402231042,0.0128379035405263,0.1172687360560033,0.0025400147398357,36.3479880230791,0.0044829022244645,-42.18331231181509,0.0053441152982292,-2.944374561114969,0.0195845994985653,55.52305307627557,39.0,4.0
247,2024-09-10 08:53:47,civil_engineer_interview.txt,-999,0,0.0218978148189708,0.0,0.0130645069882948,0.1031513647917077,0.0027848507108203,26.05327233682746,0.0,-100.0,0.0025152202205202,-1.2312335268054255,0.0274883337345965,36.800444184285794,45.0,19.0
247,2024-09-10 08:53:47,cloud_architect_interview.txt,-999,0,0.0215393295729742,0.0020940710910865,0.0136522850580736,0.0809201725248889,0.0040997970440553,23.989676552686177,0.0012403059022189,-61.446134600496855,0.0016065670415142,3.2124178841554,0.0126240854420372,7.317199023272195,47.0,68.0
247,2024-09-10 08:53:47,computer_vision_engineer_interview.txt,-999,0,0.0313510165212354,0.0025179643650399,0.0113172033051222,0.0908595684462073,0.0016930424685122,80.46998096650285,0.0027353566168011,-53.64185121330925,0.0026265599248649,-14.440995639960375,0.025031724816231,20.49893229171209,3.0,46.0
247,2024-09-10 08:53:47,construction_manager_interview.txt,-999,0,0.0239627245986004,0.0011634671320535,0.0092435432468387,0.1028967361109084,0.0015663079163133,37.9397841625252,0.0020151841856531,-78.57944966774579,0.001848604711251,-30.118039268541168,0.0129301770967702,36.46275290210309,35.0,21.0
247,2024-09-10 08:53:47,content_writer_interview.txt,-999,0,0.0163844863009493,0.0003411804844762,0.0104939372864745,0.1066479756878566,0.002132913611346,-5.683825949458054,0.0005909419336638,-93.71853872037786,0.0038791158358353,-20.664955657279336,0.0311998401827982,41.43768698469541,77.0,15.0
247,2024-09-10 08:53:47,cto_of_a_fintec_interview.txt,-999,0,0.0209231802265957,0.0070178376555867,0.009946987251685,0.0923295313232705,0.0028909872495382,20.44285500901664,0.0060496583963442,29.2051494912096,0.0011988250081303,-24.79994370596995,0.0075172782978259,22.448412794686632,50.0,40.0
247,2024-09-10 08:53:47,customer_service_representative_interview.txt,-999,0,0.0128857705655896,0.0046655010410049,0.0120448274016187,0.076682962800048,0.003065635259046,-25.82394363080617,0.0072754604460346,-14.103632908271138,0.0007778491920282,-8.940096560376006,0.0029143676620644,1.6977661284122831,86.0,83.0
247,2024-09-10 08:53:47,cybersecurity_specialist_interview.txt,-999,0,0.0197867673940285,0.0048737106742642,0.0131485579033029,0.0741797772828744,0.0022327014769642,13.90117231351067,0.003629471810979,-10.270293051888316,0.0032911485132801,-0.5958015733658186,0.0234608088711854,-1.6219853001461075,59.0,85.0
247,2024-09-10 08:53:47,data_engineer_interview.txt,-999,0,0.0271414668420392,0.0041439575565516,0.0135015245952372,0.0916950457617905,0.0030124852159619,56.237996336355366,0.0033208336051651,-23.705750708944365,0.0028913721231536,2.072656164817758,0.0174391973203533,21.60695125111674,13.0,41.0
247,2024-09-10 08:53:47,data_scientist_interview.txt,-999,0,0.03107468069397,0.0006564256564256,0.0126502722949423,0.0770116625241852,0.0092183447007001,78.87927268904818,0.0005746154929521,-87.91457152035647,0.0021123942693297,-4.362882484510848,0.0143868053784184,2.133691221172996,4.0,81.0
247,2024-09-10 08:53:47,database_administrator_interview.txt,-999,0,0.0264082839160511,0.0065605627017398,0.0106578665797581,0.0892478867619155,0.0029251192143293,52.01747900134569,0.0053127283215512,20.786277230273114,0.0007781182205125,-19.42563647738585,0.0033374184680988,18.361502789543025,16.0,52.0
247,2024-09-10 08:53:47,devops_engineer_interview.txt,-999,0,0.0254191068162276,0.0046769046873432,0.0102664246238056,0.0630130341735388,0.0004278260552021,46.32334872468553,0.0040617068155786,-13.893680797349532,0.0021197601929108,-22.384970432347004,0.006749062300191,-16.43143954763586,24.0,91.0
247,2024-09-10 08:53:47,digital_marketing_specialist_interview.txt,-999,0,0.014565048680565,0.0014445648248465,0.0094683584957327,0.0741308136326887,0.004298395553398,-16.157294090373924,0.0025020596714609,-73.40417044337669,0.001030946930772,-28.418417167414944,0.0119525070393727,-1.686921417160363,84.0,86.0
247,2024-09-10 08:53:47,electrical_engineer_interview.txt,-999,0,0.0267653649002812,0.0029128828876883,0.0106569634561927,0.0985669278622537,0.00143120407738,54.07299124873501,0.0017877875722147,-46.371020900639984,0.0031742856645795,-19.43246416714153,0.021541599026037,30.720514853728105,15.0,33.0
247,2024-09-10 08:53:47,environmental_engineer_interview.txt,-999,0,0.0245277942751559,0.0035570471958852,0.0100304504643622,0.1275716802785906,0.0017440604070157,41.19256908270936,0.0016535681173557,-34.51133564969594,0.0049018816800952,-24.16895483134928,0.0096306584960726,69.1869279935095,31.0,2.0
247,2024-09-10 08:53:47,environmental_scientist_interview.txt,-999,0,0.0212839022018877,0.0024458420684835,0.0108784948937813,0.1129855799622076,0.0044486829334268,22.51932637226747,0.0042363227299029,-54.96969214744674,0.0040213032113392,-17.75766795437552,0.0063655216695642,49.8426856150688,48.0,9.0
247,2024-09-10 08:53:47,event_planner_interview.txt,-999,0,0.0186922794520809,0.0018921475875118,0.0107716642838866,0.10212534653529,0.0084469666266823,7.600827381550673,0.0032772957569893,-65.16374075577579,0.0034093686070507,-18.56531630806633,0.0260470456489224,35.43972778947554,64.0,23.0
247,2024-09-10 08:53:47,financial_analyst_interview.txt,-999,0,0.0298149631836846,0.0050884775252732,0.0090571018572418,0.0930279576859224,0.0075007575840329,71.6277950551291,0.0011638031184822,-6.316228502064192,0.0027164727125557,-31.52755178107116,0.0239927533164913,23.374673313233657,6.0,39.0
247,2024-09-10 08:53:47,fire_protection_engineer_interview.txt,-999,0,0.0257652244953254,0.0091144341026374,0.0083304011224406,0.0781157540591902,0.0039200805464546,48.31575145640022,0.0030425183364908,67.8055091259586,0.0014504878890628,-37.02147016894301,0.0166792720890259,3.5979492337915246,19.0,78.0
247,2024-09-10 08:53:47,frontend_developer_interview.txt,-999,0,0.0167563738569595,0.0003363605785401,0.0121266419507116,0.099307104176459,0.0014115745543491,-3.5430806849661565,0.0005825936116948,-93.8072778302817,0.0012874371363535,-8.321571720464192,0.0169925738494078,31.702144604943182,74.0,31.0
247,2024-09-10 08:53:47,full_stack_developer_interview.txt,-999,0,0.0256089755416478,0.0025464432283904,0.011265007611349,0.0910460356426321,0.0036979410394497,47.41631504810607,0.0023392126189083,-53.11752791358121,0.0016619963184195,-14.835599454234966,0.0034978539497964,20.7462270836736,22.0,42.0
247,2024-09-10 08:53:47,game_developer_interview.txt,-999,0,0.0217264523320062,0.0005957700327673,0.0120892260417526,0.0983323895459121,0.0042201561431968,25.066835908525,0.00103190396638,-89.03129996391273,0.0028953110812788,-8.604439124313743,0.0164675019162609,30.40946762794925,46.0,34.0
247,2024-09-10 08:53:47,gardener_interview.txt,-999,0,0.0128710362556293,0.0,0.0092557955045261,0.0784710401181055,0.0028662852247877,-25.90876067768862,0.0,-100.0,0.0033015696766647,-30.025411174777147,0.0158980451613077,4.069133408331908,87.0,76.0
247,2024-09-10 08:53:47,geneticist_interview.txt,-999,0,0.0202854366229341,0.00780413777206,0.0119497983197352,0.09972890287873,0.0026197358440539,16.771727601190392,0.0090098110503875,43.6816918508093,0.0010010677315162,-9.65852437438582,0.036542662243743,32.2615385590953,55.0,29.0
247,2024-09-10 08:53:47,geologist_interview.txt,-999,0,0.0287505359896169,0.0017080171602835,0.0134795655022795,0.0835001581657179,0.0061162665272508,65.5004927610068,0.0012964992542265,-68.55375924059693,0.0007822500282676,1.9066435838418272,0.0237844761887705,10.738803597939508,8.0,63.0
247,2024-09-10 08:53:47,geotechnical_engineer_interview.txt,-999,0,0.0274473590117866,0.0042384477593914,0.0123177880620458,0.0878298390501696,0.0028117351119293,57.9988436764956,0.0005351322790183,-21.966095079599626,0.0041431730603187,-6.876491117763862,0.0233763036969189,16.480872734545045,12.0,55.0
247,2024-09-10 08:53:47,graphic_designer_interview.txt,-999,0,0.0115873076540725,0.0,0.0129381683489613,0.1108090942740653,0.0019742253736365,-33.298456515212166,0.0,-100.0,0.0024385518117801,-2.186364216088436,0.0222422651550399,46.95620699697366,90.0,11.0
247,2024-09-10 08:53:47,hotel_manager_interview.txt,-999,0,0.019059074304584,0.0010799136069114,0.011428250566728,0.1096945059462363,0.0034164641631271,9.712256846844426,0.0018704652349555,-80.11775052853943,0.0011117146510529,-13.601469046354325,0.0201640868724909,45.47802802534756,62.0,13.0
247,2024-09-10 08:53:47,human_resources_manager_interview.txt,-999,0,0.0201952309856198,0.0045546852701566,0.013856208187789,0.0713963116504864,0.0032349963783434,16.252465023590872,0.0053827391806799,-16.14385796634666,0.0036013711386792,4.754093815393404,0.0222030236757778,-5.31344721779773,56.0,89.0
247,2024-09-10 08:53:47,industrial_engineer_interview.txt,-999,0,0.0238937711280072,0.0014761188122246,0.0111238577448902,0.0885141287156446,0.0024613939947956,37.54285822817448,0.001064477458198,-72.82323114892161,0.0032519966797505,-15.90270426044573,0.012910947888158,17.388385013967778,38.0,54.0
247,2024-09-10 08:53:47,it_manager_interview.txt,-999,0,0.0225132806889313,0.0021225619954779,0.0109462046222469,0.0774090341702559,0.0043885117582717,29.596159495273525,0.001471385032244,-60.92158961360858,0.0018171439981065,-17.245776739132737,0.007048650776306,2.660689751909672,42.0,80.0
247,2024-09-10 08:53:47,logistics_coordinator_interview.txt,-999,0,0.0183458599961461,0.003995744545348,0.0110679181712099,0.0891029108575755,0.0021147360878946,5.606687492126824,0.0019095743484099,-26.434494975901032,0.0029366425122554,-16.32561212022094,0.0212285242795315,18.16923419329339,68.0,53.0
247,2024-09-10 08:53:47,lorry_driver_interview.txt,-999,0,0.019026593646487,0.0048432885000851,0.0087228096580695,0.0695576918437133,0.0058122550077084,9.525284161458742,0.0043132096654727,-10.830394575401344,0.0027411207993954,-34.054828790715604,0.0145722282846066,-7.751844487290768,63.0,90.0
247,2024-09-10 08:53:47,machine_learning_engineer_interview.txt,-999,0,0.033366089941282,0.0012210012210012,0.0125096333109505,0.1290009396897748,0.0091505959406189,92.06961319902064,0.0021148361508777,-77.52019168428268,0.0026087916262118,-5.426124976505292,0.0360045612174239,71.08242712431976,1.0,1.0
247,2024-09-10 08:53:47,manufacturing_engineer_interview.txt,-999,0,0.0221146363745396,0.0007024938531787,0.0123741150532852,0.0986393573332674,0.0032906072103927,27.30139078236921,0.0012167550457104,-87.06641165397086,0.0043195645184404,-6.450654348810588,0.0194273457433881,30.81657159351744,44.0,32.0
247,2024-09-10 08:53:47,marine_engineer_interview.txt,-999,0,0.0252196389157539,0.0075898644345777,0.0082587703502899,0.0740482835705438,0.0028211698364069,45.17512540702916,0.0015185726869136,39.73671336027073,0.0037893548245461,-37.563004802679046,0.0167859437135938,-1.7963736690309275,26.0,87.0
247,2024-09-10 08:53:47,marketing_manager_interview.txt,-999,0,0.0126053372818703,0.0,0.0080787314109692,0.0965568360142372,0.0010150325403067,-27.438238635911333,0.0,-100.0,0.0005584064271175,-38.92411425516609,0.0079740682222601,28.05470952759273,88.0,36.0
247,2024-09-10 08:53:47,materials_engineer_interview.txt,-999,0,0.0251389080788615,0.0021806853582554,0.0117790404790966,0.1052284379409114,0.0062683082492387,44.71040386961056,0.0037770578358199,-59.851482531461855,0.0023482131359897,-10.949467943906685,0.0056668407667121,39.5550808290659,27.0,17.0
247,2024-09-10 08:53:47,mechanical_engineer_interview.txt,-999,0,0.0255465645524372,0.0023779095889382,0.0119459808037362,0.0910080827176982,0.0024751732425538,47.057050460072645,0.002693013868592,-56.22039451557279,0.0020279243102547,-9.687385114906434,0.0033317013187129,20.69589350835404,23.0,43.0
247,2024-09-10 08:53:47,meteorologist_interview.txt,-999,0,0.0204199519106625,0.0053515425318799,0.0122604798221935,0.0895051348189424,0.0020892457629112,17.54605564888267,0.0048729878598208,-1.472948396053468,0.0015401168326419,-7.309746208371621,0.0193732488854791,18.70266791651811,54.0,50.0
247,2024-09-10 08:53:47,microbiologist_interview.txt,-999,0,0.0256355334314116,0.0050014247799258,0.0098842039071243,0.101507600237538,0.0031873817373679,47.56919372293135,0.0057336179679094,-7.918953376625254,0.0037041647173133,-25.274591046499268,0.0136472818915754,34.62046603664928,21.0,24.0
247,2024-09-10 08:53:47,mining_engineer_interview.txt,-999,0,0.0267745567860609,0.00380192209769,0.0091049866384383,0.0908634463555228,0.002040323136923,54.125903710141245,0.0021086501600027,-30.002952890349675,0.0015300614254531,-31.16553882674731,0.0227272411941459,20.504075216557865,14.0,45.0
247,2024-09-10 08:53:47,mobile_app_developer_interview.txt,-999,0,0.0186476268652559,0.0013346680013346,0.0098962391440879,0.1197725383555701,0.0040414635467849,7.343787821479324,0.002311712789548,-75.4274767960327,0.003255563975063,-25.183603647573776,0.0329779082777291,58.8436224882463,66.0,3.0
247,2024-09-10 08:53:47,natural_language_processing_engineer_interview.txt,-999,0,0.0321647856022567,0.0044444401741749,0.0104082311495196,0.0788469383834122,0.0061355859006901,85.15438698771007,0.0027777937165229,-18.173576350563565,0.0001333196283846,-21.31290122719689,0.0217613307344949,4.567653711634719,2.0,74.0
247,2024-09-10 08:53:47,network_administrator_interview.txt,-999,0,0.0245403901310925,0.0041596236312932,0.0129840425566419,0.1038401568128467,0.0037655645537043,41.265076265358346,0.000839549321834,-23.41732318635607,0.0045515995933244,-1.8395513658517189,0.0208300168600923,37.71392753598619,30.0,18.0
247,2024-09-10 08:53:47,neuroscientist_interview.txt,-999,0,0.0167368602197284,0.0,0.0119234694031585,0.1010941282207279,0.0061255346902711,-3.6554096021895504,0.0,-100.0,0.0045873523125254,-9.857573187723103,0.0217126609433955,34.07211502188949,75.0,26.0
247,2024-09-10 08:53:47,no_persona_interview.txt,-999,0,0.017371873346102,0.0054315464075711,0.0132273667625893,0.0754027996084216,0.0036695737913253,2.8421709430404014e-14,0.0010284840311784,0.0,0.0003333475653023,0.0,0.0048231291858083,0.0,73.0,84.0
247,2024-09-10 08:53:47,nuclear_engineer_interview.txt,-999,0,0.0274662344249144,0.0092935993514356,0.0091013529620446,0.0903044586667329,0.0079406446949283,58.10749870034789,0.0047952539010236,71.10411389436214,0.0017467247770648,-31.19300972446157,0.0192188946748206,19.76273975992657,11.0,48.0
247,2024-09-10 08:53:47,operations_manager_interview.txt,-999,0,0.0181187923748849,0.0014799515431087,0.0118707014747875,0.0854868567131727,0.003503958622904,4.299588270659712,0.0005092047760361,-72.75266688238514,0.0016047127422373,-10.256503143459256,0.0124775906454135,13.373584478453267,70.0,59.0
247,2024-09-10 08:53:47,petroleum_engineer_interview.txt,-999,0,0.0223746085085754,0.003709566068662,0.007929923361524,0.0894194751680513,0.0081793811281723,28.79790257966553,0.0028831501373137,-31.703316324588613,0.0009495034303955,-40.049115565827655,0.0024189178836169,18.589065170551194,43.0,51.0
247,2024-09-10 08:53:47,pharmacist_interview.txt,-999,0,0.0200544400221016,0.0031989533578828,0.0084606661443466,0.1134786250055501,0.0024872338780973,15.442011477717044,0.0021883608931389,-41.1041880554717,0.0031540563836073,-36.03665569873081,0.0233180709074778,50.49656722941603,57.0,8.0
247,2024-09-10 08:53:47,physicist_interview.txt,-999,0,0.0309246386406267,0.0023651721897335,0.0104292176983338,0.0800754132305118,0.0090704106625776,78.01556587773314,0.0024397900458813,-56.45490230118007,0.002769834687355,-21.154241161358087,0.0236563027619197,6.196870204230763,5.0,69.0
247,2024-09-10 08:53:47,procurement_specialist_interview.txt,-999,0,0.0186610971787067,0.002243017855561,0.0130411213116657,0.1012669179048681,0.0038968479237052,7.421328758961437,0.002366955764412,-58.70388122921209,0.0024159032882202,-1.4080311997573176,0.0152337988073153,34.30127055064645,65.0,25.0
247,2024-09-10 08:53:47,product_manager_interview.txt,-999,0,0.0154882985758864,0.0,0.0125519454368035,0.0788298493237552,0.0014049907375285,-10.842669254425786,0.0,-100.0,0.0025179062352307,-5.106241763070457,0.0164610267454196,4.544990017785494,79.0,75.0
247,2024-09-10 08:53:47,professor_of_classics_interview.txt,-999,0,0.0153393502152556,0.0003055300947143,0.0105461731684222,0.099458001258339,0.0013196214923567,-11.70008029849275,0.0005291936472865,-94.37489672759776,0.0013846738202327,-20.270048017041844,0.0062837451842135,31.902265930230385,80.0,30.0
247,2024-09-10 08:53:47,project_manager_interview.txt,-999,0,0.0152061660798219,0.0029304029304029,0.0141398983468875,0.0938683610005075,0.0012369537902863,-12.466745659103225,0.0050756067621066,-46.048460042278414,0.0010615154265523,6.898815166138121,0.0139038027216181,24.489225185245573,81.0,38.0
247,2024-09-10 08:53:47,public_relations_specialist_interview.txt,-999,0,0.0162817805028076,0.0018477457501847,0.012355408681363,0.0811435487841633,0.0020775922429824,-6.275044847359652,0.0032003895187894,-65.9812213404056,0.0045766528965052,-6.592076086469973,0.0108458870786416,7.613443009482765,78.0,66.0
247,2024-09-10 08:53:47,quality_control_engineer_interview.txt,-999,0,0.0207328673354108,0.0019665683382497,0.0130553158728423,0.0902026181389492,0.0057766682288726,19.34733187576974,0.0034061962784048,-63.79358306672077,0.0024978215004173,-1.3007191290228803,0.0106622694185537,19.627677761814223,51.0,49.0
247,2024-09-10 08:53:47,restaurant_manager_interview.txt,-999,0,0.0113077640460799,0.0,0.0105288585233413,0.1148713028769377,0.0013245228638434,-34.90763016288544,0.0,-100.0,0.0008583407892878,-20.40094818327809,0.0308614772619473,52.343551530556,91.0,5.0
247,2024-09-10 08:53:47,retail_manager_interview.txt,-999,0,0.017509563985718,0.0030897464142672,0.0098311340152594,0.0836572670255417,0.0002993232282917,0.7926067435140709,0.0032931899058027,-43.114793054876976,0.0010931360860623,-25.67580387152671,0.0073155906474575,10.947163049630532,72.0,61.0
247,2024-09-10 08:53:47,robotics_engineer_interview.txt,-999,0,0.0290983564413191,0.000949103513206,0.0127313879133384,0.0768912457096459,0.0041968616296176,67.50269738668263,0.0010050288810393,-82.52609032515852,0.0016200286936381,-3.749641619174781,0.0203835375887823,1.9739931527132053,7.0,82.0
247,2024-09-10 08:53:47,safety_engineer_interview.txt,-999,0,0.0244787885370776,0.0070836087477617,0.0105894944854811,0.0969896525670729,0.0014911106549835,40.91047090537435,0.0020998520834538,30.41605863640945,0.001505855278847,-19.942535233610343,0.0149277831059534,28.62871547310587,32.0,35.0
247,2024-09-10 08:53:47,sales_manager_interview.txt,-999,0,0.0149829640764598,0.0,0.0116876379051259,0.1030206368349407,0.0055516307967759,-13.751592715694358,0.0,-100.0,0.0012271188389895,-11.640479054517357,0.0122798875161196,36.62707136862653,82.0,20.0
247,2024-09-10 08:53:47,seo_specialist_interview.txt,-999,0,0.0184138836696095,0.0,0.0097764925979425,0.1108321681339449,0.0100387250953874,5.998261112934642,0.0,-100.0,0.0024601509061345,-26.0888975605246,0.0147859600524918,46.986807796943054,67.0,10.0
247,2024-09-10 08:53:47,shop_assistant_interview.txt,-999,0,0.0179897243813389,0.0003486750348675,0.0131378809731235,0.080031952197096,0.0047555158458501,3.5566171991203106,0.0006039228757213,-93.58055683034432,0.0005116181469408,-0.6765200592978431,0.0020739062497321,6.139231716480424,71.0,70.0
247,2024-09-10 08:53:47,social_media_manager_interview.txt,-999,0,0.0147133121899162,0.0005889281507656,0.0115659928025106,0.0876178121750725,0.0033240884202955,-15.303825345827718,0.0010200534791336,-89.15726560036956,0.0031758327707718,-12.56012621331027,0.0125006344264832,16.19968042312125,83.0,57.0
247,2024-09-10 08:53:47,software_quality_assurance_tester_interview.txt,-999,0,0.0247519889669552,0.0048774363032166,0.0104607377626945,0.1006965719851721,0.0073363959620808,42.48313048234999,0.0020735954798336,-10.201700635054848,0.0006224540006033,-20.91594683621841,0.0239813721852649,33.54487168660174,28.0,27.0
247,2024-09-10 08:53:47,structural_engineer_interview.txt,-999,0,0.0239434409266489,0.0039288733858974,0.0116352539952675,0.0736822316847759,0.0023235403023438,37.82877902469494,0.005310100459733,-27.665657419020093,0.0014632231404655,-12.036505798151566,0.0084803608583744,-2.281835598387445,36.0,88.0
247,2024-09-10 08:53:47,supply_chain_manager_interview.txt,-999,0,0.020505094975776,0.0039395761609035,0.009105303776679,0.1140181356189766,0.0022712894883342,18.036175876086546,0.001344888044534,-27.468609024271657,0.0030271214999654,-31.16314123509916,0.0344190367408447,51.21207198020542,52.0,6.0
247,2024-09-10 08:53:47,system_administrator_interview.txt,-999,0,0.0241611801609375,0.0057535622229935,0.0108278500243914,0.0788963389019635,0.0075611446050869,39.0821800249816,0.0051627218238232,5.92862126656064,0.0020276770404408,-18.1405474064904,0.0085922127724751,4.633169208151827,34.0,73.0
247,2024-09-10 08:53:47,transportation_engineer_interview.txt,-999,0,0.0231126045096109,0.004807724943149,0.0116807521297899,0.1063889542818191,0.0036584269674685,33.046126051782096,0.0053487354262915,-11.485153906676388,0.0015448104523076,-11.692536092472409,0.0227648485893319,41.09417002327936,40.0,16.0
247,2024-09-10 08:53:47,travel_agent_interview.txt,-999,0,0.0197860446219001,0.0014749262536873,0.0099545364931508,0.090327502975823,0.0010711980862031,13.897011725219627,0.0025546472088036,-72.84518730004058,0.0027107320555044,-24.742870808534363,0.0311556483020391,19.793301369322734,60.0,47.0
247,2024-09-10 08:53:47,warehouse_manager_interview.txt,-999,0,0.0276434988363513,0.0016903313049357,0.0126053353913506,0.113875564665576,0.0042943418459671,59.12790915295256,0.0029277397017729,-68.87937286921486,0.003174060643112,-4.702609237372599,0.015523957636874,51.02299285563586,10.0,7.0
247,2024-09-10 08:53:47,water_resources_engineer_interview.txt,-999,0,0.0278898815936864,0.0033869602032176,0.0109400722222005,0.0777062313362921,0.0033918617341999,60.54619463331744,0.0058663871551867,-37.64280098027945,0.0001643717549398,-17.29213819683234,0.0245750995783997,3.0548358148935364,9.0,79.0
248,2024-09-10 09:22:53,restaurant_manager_interview.txt,1,0,0.010462074978204,0.0,0.011333914559721,0.0814971774829979,,,,,,,,,,
248,2024-09-10 09:22:53,restaurant_manager_interview.txt,2,0,0.0106269925611052,0.0,0.0106269925611052,0.1423776351625572,,,,,,,,,,
248,2024-09-10 09:22:53,restaurant_manager_interview.txt,3,0,0.0128342245989304,0.0,0.0096256684491978,0.120739095985258,,,,,,,,,,
248,2024-09-10 09:22:53,geneticist_interview.txt,1,0,0.018018018018018,0.018018018018018,0.013013013013013,0.1160058075542512,,,,,,,,,,
248,2024-09-10 09:22:53,geneticist_interview.txt,2,0,0.0196850393700787,0.0009842519685039,0.0118110236220472,0.0578760182530266,,,,,,,,,,
248,2024-09-10 09:22:53,geneticist_interview.txt,3,0,0.0231532524807056,0.0044101433296582,0.0110253583241455,0.1253048828289122,,,,,,,,,,
248,2024-09-10 09:22:53,speech_therapist_interview.txt,1,0,0.0205761316872428,0.0010288065843621,0.0133744855967078,0.0754342296031642,,,,,,,,,,
248,2024-09-10 09:22:53,speech_therapist_interview.txt,2,0,0.0138613861386138,0.0,0.0118811881188118,0.0863711417216784,,,,,,,,,,
248,2024-09-10 09:22:53,speech_therapist_interview.txt,3,0,0.0132013201320132,0.0,0.0121012101210121,0.0534208410964021,,,,,,,,,,
248,2024-09-10 09:22:53,customer_service_representative_interview.txt,1,0,0.0154211150652431,0.0130486358244365,0.0118623962040332,0.0735900779258351,,,,,,,,,,
248,2024-09-10 09:22:53,customer_service_representative_interview.txt,2,0,0.0094786729857819,0.0009478672985781,0.0113744075829383,0.0770808904415008,,,,,,,,,,
248,2024-09-10 09:22:53,customer_service_representative_interview.txt,3,0,0.0137575236457437,0.0,0.0128976784178847,0.0793779200328082,,,,,,,,,,
248,2024-09-10 09:22:53,construction_manager_interview.txt,1,0,0.024340770791075,0.0,0.0101419878296146,0.1115254462242579,,,,,,,,,,
248,2024-09-10 09:22:53,construction_manager_interview.txt,2,0,0.0222419928825622,0.0,0.0071174377224199,0.1091345609754004,,,,,,,,,,
248,2024-09-10 09:22:53,construction_manager_interview.txt,3,0,0.025305410122164,0.0034904013961605,0.0104712041884816,0.0880302011330668,,,,,,,,,,
248,2024-09-10 09:22:53,doctor_interview.txt,1,0,0.0230010952902519,0.0054764512595837,0.0109529025191675,0.0917075432586494,,,,,,,,,,
248,2024-09-10 09:22:53,doctor_interview.txt,2,0,0.0157232704402515,0.0010482180293501,0.0083857442348008,0.046852392515403,,,,,,,,,,
248,2024-09-10 09:22:53,doctor_interview.txt,3,0,0.0234933605720122,0.0010214504596527,0.0143003064351378,0.1333716820614446,,,,,,,,,,
248,2024-09-10 09:22:53,human_resources_manager_interview.txt,1,0,0.0232974910394265,0.010752688172043,0.0098566308243727,0.0733895753984074,,,,,,,,,,
248,2024-09-10 09:22:53,human_resources_manager_interview.txt,2,0,0.020446096654275,0.0018587360594795,0.0148698884758364,0.0482638618546471,,,,,,,,,,
248,2024-09-10 09:22:53,human_resources_manager_interview.txt,3,0,0.0168421052631578,0.0010526315789473,0.0168421052631578,0.0925354976984047,,,,,,,,,,
248,2024-09-10 09:22:53,water_resources_engineer_interview.txt,1,0,0.0245554614733276,0.0101608806096528,0.0110076206604572,0.0967380759181097,,,,,,,,,,
248,2024-09-10 09:22:53,water_resources_engineer_interview.txt,2,0,0.0313364055299539,0.0,0.0110599078341013,0.086418780954691,,,,,,,,,,
248,2024-09-10 09:22:53,water_resources_engineer_interview.txt,3,0,0.0277777777777777,0.0,0.010752688172043,0.0499618371360756,,,,,,,,,,
248,2024-09-10 09:22:53,project_manager_interview.txt,1,0,0.0164835164835164,0.0087912087912087,0.0142857142857142,0.101449822918952,,,,,,,,,,
248,2024-09-10 09:22:53,project_manager_interview.txt,2,0,0.014014014014014,0.0,0.013013013013013,0.1023335186874038,,,,,,,,,,
248,2024-09-10 09:22:53,project_manager_interview.txt,3,0,0.0151209677419354,0.0,0.0151209677419354,0.0778217413951666,,,,,,,,,,
248,2024-09-10 09:22:53,biologist_interview.txt,1,0,0.0274463007159904,0.0011933174224343,0.0095465393794749,0.1338257842620565,,,,,,,,,,
248,2024-09-10 09:22:53,biologist_interview.txt,2,0,0.0244100895036615,0.0089503661513425,0.0056956875508543,0.0841211267283136,,,,,,,,,,
248,2024-09-10 09:22:53,biologist_interview.txt,3,0,0.0158730158730158,0.0,0.0084033613445378,0.0836383944491676,,,,,,,,,,
248,2024-09-10 09:22:53,occupational_therapist_interview.txt,1,0,0.0130576713819368,0.0,0.0108813928182807,0.1341264452505567,,,,,,,,,,
248,2024-09-10 09:22:53,occupational_therapist_interview.txt,2,0,0.019047619047619,0.0009523809523809,0.0133333333333333,0.0776830231682959,,,,,,,,,,
248,2024-09-10 09:22:53,occupational_therapist_interview.txt,3,0,0.0153846153846153,0.0,0.0164102564102564,0.0650383127912912,,,,,,,,,,
248,2024-09-10 09:22:53,network_administrator_interview.txt,1,0,0.0202774813233724,0.0032017075773745,0.0181430096051227,0.089593192415987,,,,,,,,,,
248,2024-09-10 09:22:53,network_administrator_interview.txt,2,0,0.0259301014656144,0.0045095828635851,0.0112739571589627,0.0941809811020629,,,,,,,,,,
248,2024-09-10 09:22:53,network_administrator_interview.txt,3,0,0.0274135876042908,0.0047675804529201,0.0095351609058402,0.1277462969204902,,,,,,,,,,
248,2024-09-10 09:22:53,neuroscientist_interview.txt,1,0,0.0115384615384615,0.0,0.0096153846153846,0.0769815119117442,,,,,,,,,,
248,2024-09-10 09:22:53,neuroscientist_interview.txt,2,0,0.023489932885906,0.0,0.0089485458612975,0.1072026681976046,,,,,,,,,,
248,2024-09-10 09:22:53,neuroscientist_interview.txt,3,0,0.0151821862348178,0.0,0.0172064777327935,0.119098204552835,,,,,,,,,,
248,2024-09-10 09:22:53,retail_manager_interview.txt,1,0,0.0175438596491228,0.0,0.0110803324099723,0.0755304954901235,,,,,,,,,,
248,2024-09-10 09:22:53,retail_manager_interview.txt,2,0,0.0171945701357466,0.0027149321266968,0.0090497737556561,0.0897167877660183,,,,,,,,,,
248,2024-09-10 09:22:53,retail_manager_interview.txt,3,0,0.0177902621722846,0.0065543071161048,0.0093632958801498,0.0857245178204834,,,,,,,,,,
248,2024-09-10 09:22:53,agricultural_engineer_interview.txt,1,0,0.0166358595194085,0.0036968576709796,0.011090573012939,0.0994231419613369,,,,,,,,,,
248,2024-09-10 09:22:53,agricultural_engineer_interview.txt,2,0,0.0168697282099343,0.0,0.0084348641049671,0.0700959119827873,,,,,,,,,,
248,2024-09-10 09:22:53,agricultural_engineer_interview.txt,3,0,0.0250223413762287,0.002680965147453,0.0071492403932082,0.0870565417256863,,,,,,,,,,
248,2024-09-10 09:22:53,electrical_engineer_interview.txt,1,0,0.0251196172248803,0.0035885167464114,0.0131578947368421,0.1056712537908632,,,,,,,,,,
248,2024-09-10 09:22:53,electrical_engineer_interview.txt,2,0,0.0274579273693534,0.0008857395925597,0.0070859167404783,0.115659059592213,,,,,,,,,,
248,2024-09-10 09:22:53,electrical_engineer_interview.txt,3,0,0.0277185501066098,0.0042643923240938,0.0117270788912579,0.0743704702036847,,,,,,,,,,
248,2024-09-10 09:22:53,quality_control_engineer_interview.txt,1,0,0.0155642023346303,0.0,0.0126459143968871,0.102217044196494,,,,,,,,,,
248,2024-09-10 09:22:53,quality_control_engineer_interview.txt,2,0,0.0269687162891046,0.0,0.0107874865156418,0.0865243885868608,,,,,,,,,,
248,2024-09-10 09:22:53,quality_control_engineer_interview.txt,3,0,0.0196656833824975,0.0058997050147492,0.015732546705998,0.0818664216334927,,,,,,,,,,
248,2024-09-10 09:22:53,machine_learning_engineer_interview.txt,1,0,0.0439077936333699,0.0,0.0153677277716794,0.1563000533502245,,,,,,,,,,
248,2024-09-10 09:22:53,machine_learning_engineer_interview.txt,2,0,0.0287179487179487,0.0,0.0102564102564102,0.1425064417524086,,,,,,,,,,
248,2024-09-10 09:22:53,machine_learning_engineer_interview.txt,3,0,0.0274725274725274,0.0036630036630036,0.0119047619047619,0.0881963239666915,,,,,,,,,,
248,2024-09-10 09:22:53,psychologist_interview.txt,1,0,0.0144032921810699,0.0,0.0113168724279835,0.07974845233885,,,,,,,,,,
248,2024-09-10 09:22:53,psychologist_interview.txt,2,0,0.0164439876670092,0.0,0.0113052415210688,0.0758969666213547,,,,,,,,,,
248,2024-09-10 09:22:53,psychologist_interview.txt,3,0,0.0130784708249496,0.0020120724346076,0.0080482897384305,0.1146381675063687,,,,,,,,,,
248,2024-09-10 09:22:53,geologist_interview.txt,1,0,0.0279720279720279,0.0008741258741258,0.0139860139860139,0.1059940117158293,,,,,,,,,,
248,2024-09-10 09:22:53,geologist_interview.txt,2,0,0.0230607966457023,0.0010482180293501,0.0125786163522012,0.0586069417145707,,,,,,,,,,
248,2024-09-10 09:22:53,geologist_interview.txt,3,0,0.0352187833511205,0.0032017075773745,0.0138740661686232,0.0858995210667538,,,,,,,,,,
248,2024-09-10 09:22:53,chemical_engineer_interview.txt,1,0,0.0218181818181818,0.0054545454545454,0.0072727272727272,0.085317773024806,,,,,,,,,,
248,2024-09-10 09:22:53,chemical_engineer_interview.txt,2,0,0.0274111675126903,0.0,0.0131979695431472,0.0535734082114602,,,,,,,,,,
248,2024-09-10 09:22:53,chemical_engineer_interview.txt,3,0,0.0244173140954495,0.0,0.0122086570477247,0.0995035591195166,,,,,,,,,,
248,2024-09-10 09:22:53,no_persona_interview.txt,1,0,0.0162671232876712,0.0042808219178082,0.0128424657534246,0.0794851619763919,,,,,,,,,,
248,2024-09-10 09:22:53,no_persona_interview.txt,2,0,0.0143815915627996,0.0057526366251198,0.0134228187919463,0.0700808695365404,,,,,,,,,,
248,2024-09-10 09:22:53,no_persona_interview.txt,3,0,0.0214669051878354,0.0062611806797853,0.0134168157423971,0.0766423673123326,,,,,,,,,,
248,2024-09-10 09:22:53,financial_analyst_interview.txt,1,0,0.0285412262156448,0.0052854122621564,0.0095137420718816,0.0707827331240954,,,,,,,,,,
248,2024-09-10 09:22:53,financial_analyst_interview.txt,2,0,0.0378710337768679,0.0061412487205731,0.0061412487205731,0.0898497063617448,,,,,,,,,,
248,2024-09-10 09:22:53,financial_analyst_interview.txt,3,0,0.0230326295585412,0.0038387715930902,0.0115163147792706,0.1184514335719271,,,,,,,,,,
248,2024-09-10 09:22:53,civil_engineer_interview.txt,1,0,0.024,0.0,0.015,0.0718426104825856,,,,,,,,,,
248,2024-09-10 09:22:53,civil_engineer_interview.txt,2,0,0.0187393526405451,0.0,0.0102214650766609,0.1142857951310034,,,,,,,,,,
248,2024-09-10 09:22:53,civil_engineer_interview.txt,3,0,0.0229540918163672,0.0,0.0139720558882235,0.1233256887615342,,,,,,,,,,
248,2024-09-10 09:22:53,meteorologist_interview.txt,1,0,0.019367991845056,0.0,0.0132517838939857,0.0882487106228991,,,,,,,,,,
248,2024-09-10 09:22:53,meteorologist_interview.txt,2,0,0.0228260869565217,0.0065217391304347,0.0130434782608695,0.1094760153228075,,,,,,,,,,
248,2024-09-10 09:22:53,meteorologist_interview.txt,3,0,0.0190657769304099,0.0095328884652049,0.0104861773117254,0.0707906785111206,,,,,,,,,,
248,2024-09-10 09:22:53,shop_assistant_interview.txt,1,0,0.0213723284589426,0.0,0.0134983127109111,0.0805733106885031,,,,,,,,,,
248,2024-09-10 09:22:53,shop_assistant_interview.txt,2,0,0.0200445434298441,0.0,0.0133630289532293,0.0777410538121617,,,,,,,,,,
248,2024-09-10 09:22:53,shop_assistant_interview.txt,3,0,0.0125523012552301,0.0010460251046025,0.0125523012552301,0.0817814920906232,,,,,,,,,,
248,2024-09-10 09:22:53,social_media_manager_interview.txt,1,0,0.0185512367491166,0.0017667844522968,0.0079505300353356,0.1015521739733136,,,,,,,,,,
248,2024-09-10 09:22:53,social_media_manager_interview.txt,2,0,0.0128424657534246,0.0,0.0128424657534246,0.0773885718005031,,,,,,,,,,
248,2024-09-10 09:22:53,social_media_manager_interview.txt,3,0,0.0127462340672074,0.0,0.0139049826187717,0.0839126907514007,,,,,,,,,,
248,2024-09-10 09:22:53,marine_engineer_interview.txt,1,0,0.0280455740578439,0.0061349693251533,0.0078878177037686,0.0731716707768866,,,,,,,,,,
248,2024-09-10 09:22:53,marine_engineer_interview.txt,2,0,0.0224032586558044,0.0091649694501018,0.0122199592668024,0.0912553576282185,,,,,,,,,,
248,2024-09-10 09:22:53,marine_engineer_interview.txt,3,0,0.0252100840336134,0.007469654528478,0.0046685340802987,0.0577178223065263,,,,,,,,,,
248,2024-09-10 09:22:53,warehouse_manager_interview.txt,1,0,0.0233265720081135,0.0050709939148073,0.0121703853955375,0.0965844573938373,,,,,,,,,,
248,2024-09-10 09:22:53,warehouse_manager_interview.txt,2,0,0.027689030883919,0.0,0.0159744408945686,0.1184276518365309,,,,,,,,,,
248,2024-09-10 09:22:53,warehouse_manager_interview.txt,3,0,0.0319148936170212,0.0,0.0096711798839458,0.1266145847663599,,,,,,,,,,
248,2024-09-10 09:22:53,business_intelligence_analyst_interview.txt,1,0,0.0337972166998011,0.0,0.0109343936381709,0.0491953735936551,,,,,,,,,,
248,2024-09-10 09:22:53,business_intelligence_analyst_interview.txt,2,0,0.0167014613778705,0.0104384133611691,0.0073068893528183,0.1126248012979026,,,,,,,,,,
248,2024-09-10 09:22:53,business_intelligence_analyst_interview.txt,3,0,0.0255152109911678,0.0058881256133464,0.0078508341511285,0.0888575942890054,,,,,,,,,,
248,2024-09-10 09:22:53,full_stack_developer_interview.txt,1,0,0.0220588235294117,0.0,0.0105042016806722,0.0871462512811923,,,,,,,,,,
248,2024-09-10 09:22:53,full_stack_developer_interview.txt,2,0,0.0294388224471021,0.0045998160073597,0.0101195952161913,0.0920855742080969,,,,,,,,,,
248,2024-09-10 09:22:53,full_stack_developer_interview.txt,3,0,0.0253292806484295,0.0030395136778115,0.0131712259371833,0.0939062814386072,,,,,,,,,,
248,2024-09-10 09:22:53,travel_agent_interview.txt,1,0,0.0206398348813209,0.0,0.0103199174406604,0.125771413548644,,,,,,,,,,
248,2024-09-10 09:22:53,travel_agent_interview.txt,2,0,0.0185840707964601,0.0044247787610619,0.0070796460176991,0.0672696950302999,,,,,,,,,,
248,2024-09-10 09:22:53,travel_agent_interview.txt,3,0,0.0201342281879194,0.0,0.012464046021093,0.0779414003485252,,,,,,,,,,
248,2024-09-10 09:22:53,robotics_engineer_interview.txt,1,0,0.03003003003003,0.002002002002002,0.013013013013013,0.0728151644609244,,,,,,,,,,
248,2024-09-10 09:22:53,robotics_engineer_interview.txt,2,0,0.0327510917030567,0.0,0.0141921397379912,0.0990048380293816,,,,,,,,,,
248,2024-09-10 09:22:53,robotics_engineer_interview.txt,3,0,0.0245139475908706,0.0008453085376162,0.0109890109890109,0.0588537346386318,,,,,,,,,,
248,2024-09-10 09:22:53,biomedical_engineer_interview.txt,1,0,0.0294117647058823,0.0,0.0107843137254901,0.0674251573745066,,,,,,,,,,
248,2024-09-10 09:22:53,biomedical_engineer_interview.txt,2,0,0.0221052631578947,0.0021052631578947,0.0084210526315789,0.0831557537923468,,,,,,,,,,
248,2024-09-10 09:22:53,biomedical_engineer_interview.txt,3,0,0.0257466529351184,0.0030895983522142,0.0051493305870236,0.0928420075536183,,,,,,,,,,
248,2024-09-10 09:22:53,marketing_manager_interview.txt,1,0,0.0132924335378323,0.0,0.0081799591002045,0.1018467412082878,,,,,,,,,,
248,2024-09-10 09:22:53,marketing_manager_interview.txt,2,0,0.0130841121495327,0.0,0.0074766355140186,0.1004386315578809,,,,,,,,,,
248,2024-09-10 09:22:53,marketing_manager_interview.txt,3,0,0.0114394661582459,0.0,0.0085795996186844,0.0873851352765428,,,,,,,,,,
248,2024-09-10 09:22:53,professor_of_classics_interview.txt,1,0,0.0146654445462878,0.0009165902841429,0.0091659028414298,0.0942882863095154,,,,,,,,,,
248,2024-09-10 09:22:53,professor_of_classics_interview.txt,2,0,0.0168598524762908,0.0,0.0105374077976817,0.0976336650364999,,,,,,,,,,
248,2024-09-10 09:22:53,professor_of_classics_interview.txt,3,0,0.0144927536231884,0.0,0.0119352088661551,0.1064520524290018,,,,,,,,,,
248,2024-09-10 09:22:53,environmental_engineer_interview.txt,1,0,0.0251572327044025,0.0020964360587002,0.0052410901467505,0.1386641636459077,,,,,,,,,,
248,2024-09-10 09:22:53,environmental_engineer_interview.txt,2,0,0.0258697591436217,0.0053523639607493,0.0098126672613737,0.1227089535013687,,,,,,,,,,
248,2024-09-10 09:22:53,environmental_engineer_interview.txt,3,0,0.0225563909774436,0.0032223415682062,0.0150375939849624,0.1213419236884954,,,,,,,,,,
248,2024-09-10 09:22:53,physical_therapist_interview.txt,1,0,0.0207900207900207,0.0031185031185031,0.0103950103950103,0.1269515761118383,,,,,,,,,,
248,2024-09-10 09:22:53,physical_therapist_interview.txt,2,0,0.0153321976149914,0.0008517887563884,0.0093696763202725,0.0768855723910718,,,,,,,,,,
248,2024-09-10 09:22:53,physical_therapist_interview.txt,3,0,0.0190657769304099,0.0009532888465204,0.0133460438512869,0.0905556500435336,,,,,,,,,,
248,2024-09-10 09:22:53,astronomer_interview.txt,1,0,0.0303030303030303,0.0011223344556677,0.0078563411896745,0.1040216901891343,,,,,,,,,,
248,2024-09-10 09:22:53,astronomer_interview.txt,2,0,0.0286006128702757,0.0,0.0051072522982635,0.066160935812193,,,,,,,,,,
248,2024-09-10 09:22:53,astronomer_interview.txt,3,0,0.0186084142394822,0.0,0.0088996763754045,0.0676042318400002,,,,,,,,,,
248,2024-09-10 09:22:53,ai_professor_interview.txt,1,0,0.0193929173693086,0.0016863406408094,0.0109612141652613,0.100284683857549,,,,,,,,,,
248,2024-09-10 09:22:53,ai_professor_interview.txt,2,0,0.023486901535682,0.004516711833785,0.005420054200542,0.0664720440152279,,,,,,,,,,
248,2024-09-10 09:22:53,ai_professor_interview.txt,3,0,0.0170068027210884,0.0034013605442176,0.0147392290249433,0.0875912636525537,,,,,,,,,,
248,2024-09-10 09:22:53,game_developer_interview.txt,1,0,0.0198537095088819,0.0,0.0146290491118077,0.0884944026122132,,,,,,,,,,
248,2024-09-10 09:22:53,game_developer_interview.txt,2,0,0.0187667560321715,0.001787310098302,0.0089365504915102,0.1173435485376671,,,,,,,,,,
248,2024-09-10 09:22:53,game_developer_interview.txt,3,0,0.0265588914549653,0.0,0.0127020785219399,0.0891592174878559,,,,,,,,,,
248,2024-09-10 09:22:53,fire_protection_engineer_interview.txt,1,0,0.0221238938053097,0.0106194690265486,0.0097345132743362,0.0963801547223116,,,,,,,,,,
248,2024-09-10 09:22:53,fire_protection_engineer_interview.txt,2,0,0.0299145299145299,0.0111111111111111,0.0068376068376068,0.0742757053441736,,,,,,,,,,
248,2024-09-10 09:22:53,fire_protection_engineer_interview.txt,3,0,0.0252572497661365,0.0056127221702525,0.0084190832553788,0.0636914021110854,,,,,,,,,,
248,2024-09-10 09:22:53,safety_engineer_interview.txt,1,0,0.0227655986509274,0.0084317032040472,0.0092748735244519,0.1119140969618309,,,,,,,,,,
248,2024-09-10 09:22:53,safety_engineer_interview.txt,2,0,0.0251865671641791,0.0046641791044776,0.0102611940298507,0.0969963277507818,,,,,,,,,,
248,2024-09-10 09:22:53,safety_engineer_interview.txt,3,0,0.0254841997961264,0.0081549439347604,0.0122324159021406,0.0820585329886059,,,,,,,,,,
248,2024-09-10 09:22:53,environmental_scientist_interview.txt,1,0,0.0164251207729468,0.0,0.0125603864734299,0.1120898514050759,,,,,,,,,,
248,2024-09-10 09:22:53,environmental_scientist_interview.txt,2,0,0.0222693531283138,0.0,0.0137857900318133,0.1197515229748227,,,,,,,,,,
248,2024-09-10 09:22:53,environmental_scientist_interview.txt,3,0,0.0251572327044025,0.0073375262054507,0.0062893081761006,0.1071153655067242,,,,,,,,,,
248,2024-09-10 09:22:53,operations_manager_interview.txt,1,0,0.0217391304347826,0.0018115942028985,0.0135869565217391,0.0997896968349406,,,,,,,,,,
248,2024-09-10 09:22:53,operations_manager_interview.txt,2,0,0.0178731009830205,0.000893655049151,0.0116175156389633,0.0768314946145523,,,,,,,,,,
248,2024-09-10 09:22:53,operations_manager_interview.txt,3,0,0.0147441457068516,0.0017346053772766,0.01040763226366,0.0798393786900252,,,,,,,,,,
248,2024-09-10 09:22:53,backend_developer_interview.txt,1,0,0.0257611241217798,0.0035128805620608,0.0152224824355971,0.122139921627983,,,,,,,,,,
248,2024-09-10 09:22:53,backend_developer_interview.txt,2,0,0.0233426704014939,0.0,0.0130718954248366,0.0919713627342618,,,,,,,,,,
248,2024-09-10 09:22:53,backend_developer_interview.txt,3,0,0.0291164658634538,0.0100401606425702,0.0120481927710843,0.0939789977446722,,,,,,,,,,
248,2024-09-10 09:22:53,digital_marketing_specialist_interview.txt,1,0,0.0130010834236186,0.0043336944745395,0.0097508125677139,0.0603589478345086,,,,,,,,,,
248,2024-09-10 09:22:53,digital_marketing_specialist_interview.txt,2,0,0.0112676056338028,0.0,0.0103286384976525,0.0818004613102172,,,,,,,,,,
248,2024-09-10 09:22:53,digital_marketing_specialist_interview.txt,3,0,0.0194264569842738,0.0,0.0083256244218316,0.0802330317533402,,,,,,,,,,
248,2024-09-10 09:22:53,mechanical_engineer_interview.txt,1,0,0.0238611713665943,0.0,0.0140997830802603,0.087548645365675,,,,,,,,,,
248,2024-09-10 09:22:53,mechanical_engineer_interview.txt,2,0,0.024390243902439,0.0053022269353128,0.0116648992576882,0.0941953519357782,,,,,,,,,,
248,2024-09-10 09:22:53,mechanical_engineer_interview.txt,3,0,0.0283882783882783,0.0018315018315018,0.01007326007326,0.0912802508516414,,,,,,,,,,
248,2024-09-10 09:22:53,software_quality_assurance_tester_interview.txt,1,0,0.0311804008908685,0.0055679287305122,0.010022271714922,0.1269443031378924,,,,,,,,,,
248,2024-09-10 09:22:53,software_quality_assurance_tester_interview.txt,2,0,0.0167597765363128,0.0065176908752327,0.0111731843575419,0.0952146085862209,,,,,,,,,,
248,2024-09-10 09:22:53,software_quality_assurance_tester_interview.txt,3,0,0.0263157894736842,0.0025466893039049,0.0101867572156196,0.0799308042314031,,,,,,,,,,
248,2024-09-10 09:22:53,cybersecurity_specialist_interview.txt,1,0,0.0193610842207163,0.0038722168441432,0.0125847047434656,0.0739913621180536,,,,,,,,,,
248,2024-09-10 09:22:53,cybersecurity_specialist_interview.txt,2,0,0.0177975528364849,0.0088987764182424,0.0166852057842046,0.0977342262895443,,,,,,,,,,
248,2024-09-10 09:22:53,cybersecurity_specialist_interview.txt,3,0,0.0222016651248843,0.001850138760407,0.0101757631822386,0.0508137434410253,,,,,,,,,,
248,2024-09-10 09:22:53,product_manager_interview.txt,1,0,0.0140721196130167,0.0,0.0149516270888302,0.0942757211716873,,,,,,,,,,
248,2024-09-10 09:22:53,product_manager_interview.txt,2,0,0.0168818272095332,0.0,0.009930486593843,0.0615134685723892,,,,,,,,,,
248,2024-09-10 09:22:53,product_manager_interview.txt,3,0,0.0155109489051094,0.0,0.0127737226277372,0.0807003582271891,,,,,,,,,,
248,2024-09-10 09:22:53,microbiologist_interview.txt,1,0,0.0288461538461538,0.0,0.0117521367521367,0.0957393833258439,,,,,,,,,,
248,2024-09-10 09:22:53,microbiologist_interview.txt,2,0,0.0255885363357216,0.0112589559877175,0.0122824974411463,0.117091868466902,,,,,,,,,,
248,2024-09-10 09:22:53,microbiologist_interview.txt,3,0,0.0224719101123595,0.0037453183520599,0.0056179775280898,0.0916915489198681,,,,,,,,,,
248,2024-09-10 09:22:53,it_manager_interview.txt,1,0,0.0217391304347826,0.0037807183364839,0.0122873345935727,0.0793412951326244,,,,,,,,,,
248,2024-09-10 09:22:53,it_manager_interview.txt,2,0,0.0185633575464083,0.0016142050040355,0.0088781275221953,0.0695957690002913,,,,,,,,,,
248,2024-09-10 09:22:53,it_manager_interview.txt,3,0,0.0272373540856031,0.0009727626459143,0.0116731517509727,0.083290038377852,,,,,,,,,,
248,2024-09-10 09:22:53,industrial_engineer_interview.txt,1,0,0.0253807106598984,0.0008460236886632,0.0076142131979695,0.0820253623829112,,,,,,,,,,
248,2024-09-10 09:22:53,industrial_engineer_interview.txt,2,0,0.0210526315789473,0.0008771929824561,0.0140350877192982,0.0801346352059568,,,,,,,,,,
248,2024-09-10 09:22:53,industrial_engineer_interview.txt,3,0,0.0252479711451758,0.0027051397655545,0.011722272317403,0.1033823885580657,,,,,,,,,,
248,2024-09-10 09:22:53,barista_interview.txt,1,0,0.015495867768595,0.0,0.0113636363636363,0.0884466001397815,,,,,,,,,,
248,2024-09-10 09:22:53,barista_interview.txt,2,0,0.0110599078341013,0.0,0.0101382488479262,0.0903088393497191,,,,,,,,,,
248,2024-09-10 09:22:53,barista_interview.txt,3,0,0.015267175572519,0.0021810250817884,0.0119956379498364,0.0669141427626387,,,,,,,,,,
248,2024-09-10 09:22:53,petroleum_engineer_interview.txt,1,0,0.0203045685279187,0.0010152284263959,0.0071065989847715,0.0919331198887735,,,,,,,,,,
248,2024-09-10 09:22:53,petroleum_engineer_interview.txt,2,0,0.0154291224686595,0.0067502410800385,0.0077145612343297,0.0892173358838656,,,,,,,,,,
248,2024-09-10 09:22:53,petroleum_engineer_interview.txt,3,0,0.0313901345291479,0.0033632286995515,0.0089686098654708,0.0871079697315147,,,,,,,,,,
248,2024-09-10 09:22:53,business_analyst_interview.txt,1,0,0.0244969378827646,0.0043744531933508,0.0113735783027121,0.0892260275493582,,,,,,,,,,
248,2024-09-10 09:22:53,business_analyst_interview.txt,2,0,0.0165118679050567,0.0,0.0144478844169246,0.1236020111141206,,,,,,,,,,
248,2024-09-10 09:22:53,business_analyst_interview.txt,3,0,0.0204280155642023,0.0038910505836575,0.0126459143968871,0.1181281741451343,,,,,,,,,,
248,2024-09-10 09:22:53,data_engineer_interview.txt,1,0,0.0260475651189127,0.001132502831257,0.015855039637599,0.1112774998351303,,,,,,,,,,
248,2024-09-10 09:22:53,data_engineer_interview.txt,2,0,0.0248287671232876,0.0077054794520547,0.0102739726027397,0.0859684494005172,,,,,,,,,,
248,2024-09-10 09:22:53,data_engineer_interview.txt,3,0,0.0305480682839173,0.0035938903863432,0.0143755615453728,0.0778391880497241,,,,,,,,,,
248,2024-09-10 09:22:53,aerospace_engineer_interview.txt,1,0,0.0268456375838926,0.0057526366251198,0.0115052732502396,0.1062281086279365,,,,,,,,,,
248,2024-09-10 09:22:53,aerospace_engineer_interview.txt,2,0,0.0244786944696282,0.0099728014505893,0.0090661831368993,0.070320539612949,,,,,,,,,,
248,2024-09-10 09:22:53,aerospace_engineer_interview.txt,3,0,0.0216110019646365,0.0108055009823182,0.0108055009823182,0.0961493110557554,,,,,,,,,,
248,2024-09-10 09:22:53,bartender_interview.txt,1,0,0.0220125786163522,0.0062893081761006,0.0062893081761006,0.0876458048678939,,,,,,,,,,
248,2024-09-10 09:22:53,bartender_interview.txt,2,0,0.0134146341463414,0.0,0.0134146341463414,0.1053704855778047,,,,,,,,,,
248,2024-09-10 09:22:53,bartender_interview.txt,3,0,0.0145681581685744,0.0031217481789802,0.0052029136316337,0.088940534886738,,,,,,,,,,
248,2024-09-10 09:22:53,natural_language_processing_engineer_interview.txt,1,0,0.0276923076923076,0.003076923076923,0.0102564102564102,0.1011641280088247,,,,,,,,,,
248,2024-09-10 09:22:53,natural_language_processing_engineer_interview.txt,2,0,0.029642545771578,0.002615518744551,0.010462074978204,0.0776889835879054,,,,,,,,,,
248,2024-09-10 09:22:53,natural_language_processing_engineer_interview.txt,3,0,0.0391595033428844,0.0076408787010506,0.0105062082139446,0.0576877035535066,,,,,,,,,,
248,2024-09-10 09:22:53,cto_of_a_fintec_interview.txt,1,0,0.0180275715800636,0.0042417815482502,0.0106044538706256,0.0993694322195733,,,,,,,,,,
248,2024-09-10 09:22:53,cto_of_a_fintec_interview.txt,2,0,0.0209324452901998,0.0028544243577545,0.0085632730732635,0.0932072301943169,,,,,,,,,,
248,2024-09-10 09:22:53,cto_of_a_fintec_interview.txt,3,0,0.0238095238095238,0.0139573070607553,0.0106732348111658,0.0844119315559213,,,,,,,,,,
248,2024-09-10 09:22:53,database_administrator_interview.txt,1,0,0.0230460921843687,0.001002004008016,0.0100200400801603,0.0868153102395595,,,,,,,,,,
248,2024-09-10 09:22:53,database_administrator_interview.txt,2,0,0.0278099652375434,0.0115874855156431,0.0104287369640787,0.093052666983361,,,,,,,,,,
248,2024-09-10 09:22:53,database_administrator_interview.txt,3,0,0.0283687943262411,0.0070921985815602,0.0115248226950354,0.0878756830628261,,,,,,,,,,
248,2024-09-10 09:22:53,nuclear_engineer_interview.txt,1,0,0.0334773218142548,0.0086393088552915,0.0075593952483801,0.0876838841479678,,,,,,,,,,
248,2024-09-10 09:22:53,nuclear_engineer_interview.txt,2,0,0.0184645286686103,0.0048590864917395,0.0087463556851311,0.0725303189130886,,,,,,,,,,
248,2024-09-10 09:22:53,nuclear_engineer_interview.txt,3,0,0.0304568527918781,0.0143824027072758,0.0109983079526226,0.1106991729391424,,,,,,,,,,
248,2024-09-10 09:22:53,pharmacist_interview.txt,1,0,0.0229166666666666,0.0010416666666666,0.0052083333333333,0.0992322330656435,,,,,,,,,,
248,2024-09-10 09:22:53,pharmacist_interview.txt,2,0,0.018418201516793,0.0054171180931744,0.008667388949079,0.1008151419118737,,,,,,,,,,
248,2024-09-10 09:22:53,pharmacist_interview.txt,3,0,0.0188284518828451,0.0031380753138075,0.0115062761506276,0.1403885000391332,,,,,,,,,,
248,2024-09-10 09:22:53,chef_interview.txt,1,0,0.0121608980355472,0.0018709073900841,0.0056127221702525,0.0850760140738818,,,,,,,,,,
248,2024-09-10 09:22:53,chef_interview.txt,2,0,0.0123595505617977,0.0,0.0101123595505617,0.096046693762161,,,,,,,,,,
248,2024-09-10 09:22:53,chef_interview.txt,3,0,0.0109561752988047,0.0,0.0109561752988047,0.08231255847063,,,,,,,,,,
248,2024-09-10 09:22:53,hotel_manager_interview.txt,1,0,0.0158898305084745,0.0,0.0127118644067796,0.0945490272866787,,,,,,,,,,
248,2024-09-10 09:22:53,hotel_manager_interview.txt,2,0,0.0186092066601371,0.0,0.0107737512242899,0.1325823116007499,,,,,,,,,,
248,2024-09-10 09:22:53,hotel_manager_interview.txt,3,0,0.0226781857451403,0.0032397408207343,0.0107991360691144,0.1019521789512803,,,,,,,,,,
248,2024-09-10 09:22:53,mobile_app_developer_interview.txt,1,0,0.0214446952595936,0.0,0.010158013544018,0.1544825338979565,,,,,,,,,,
248,2024-09-10 09:22:53,mobile_app_developer_interview.txt,2,0,0.0204841713221601,0.0,0.0065176908752327,0.115980526666356,,,,,,,,,,
248,2024-09-10 09:22:53,mobile_app_developer_interview.txt,3,0,0.014014014014014,0.004004004004004,0.013013013013013,0.0888545545023979,,,,,,,,,,
248,2024-09-10 09:22:53,graphic_designer_interview.txt,1,0,0.0109051254089422,0.0,0.0141766630316248,0.0973947750204865,,,,,,,,,,
248,2024-09-10 09:22:53,graphic_designer_interview.txt,2,0,0.0100446428571428,0.0,0.0145089285714285,0.0985489033096572,,,,,,,,,,
248,2024-09-10 09:22:53,graphic_designer_interview.txt,3,0,0.0138121546961325,0.0,0.0101289134438305,0.1364836044920524,,,,,,,,,,
248,2024-09-10 09:22:53,geotechnical_engineer_interview.txt,1,0,0.026615969581749,0.0038022813688212,0.0123574144486692,0.0988168661913074,,,,,,,,,,
248,2024-09-10 09:22:53,geotechnical_engineer_interview.txt,2,0,0.0251450676982591,0.0048355899419729,0.0164410058027079,0.1036885033657208,,,,,,,,,,
248,2024-09-10 09:22:53,geotechnical_engineer_interview.txt,3,0,0.0305810397553516,0.0040774719673802,0.0081549439347604,0.0609841475934807,,,,,,,,,,
248,2024-09-10 09:22:53,gardener_interview.txt,1,0,0.01,0.0,0.0125,0.0942825960174155,,,,,,,,,,
248,2024-09-10 09:22:53,gardener_interview.txt,2,0,0.015732546705998,0.0,0.0058997050147492,0.0624878947146802,,,,,,,,,,
248,2024-09-10 09:22:53,gardener_interview.txt,3,0,0.0128805620608899,0.0,0.009367681498829,0.0786426296222208,,,,,,,,,,
248,2024-09-10 09:22:53,ai_software_developer_interview.txt,1,0,0.0173076923076923,0.0019230769230769,0.0067307692307692,0.0582830292205458,,,,,,,,,,
248,2024-09-10 09:22:53,ai_software_developer_interview.txt,2,0,0.031700288184438,0.0009606147934678,0.010566762728146,0.1051140882484155,,,,,,,,,,
248,2024-09-10 09:22:53,ai_software_developer_interview.txt,3,0,0.022801302931596,0.007600434310532,0.01085776330076,0.0717988585803255,,,,,,,,,,
248,2024-09-10 09:22:53,supply_chain_manager_interview.txt,1,0,0.0231277533039647,0.0033039647577092,0.0121145374449339,0.146393437520896,,,,,,,,,,
248,2024-09-10 09:22:53,supply_chain_manager_interview.txt,2,0,0.0191919191919191,0.003030303030303,0.006060606060606,0.1177942007609016,,,,,,,,,,
248,2024-09-10 09:22:53,supply_chain_manager_interview.txt,3,0,0.0191956124314442,0.0054844606946983,0.0091407678244972,0.0778667685751323,,,,,,,,,,
248,2024-09-10 09:22:53,cloud_architect_interview.txt,1,0,0.019367991845056,0.001019367991845,0.0152905198776758,0.0727309153200811,,,,,,,,,,
248,2024-09-10 09:22:53,cloud_architect_interview.txt,2,0,0.0189818809318377,0.0034512510785159,0.0120793787748058,0.0745711627252328,,,,,,,,,,
248,2024-09-10 09:22:53,cloud_architect_interview.txt,3,0,0.0262681159420289,0.0018115942028985,0.0135869565217391,0.0954584395293529,,,,,,,,,,
248,2024-09-10 09:22:53,mining_engineer_interview.txt,1,0,0.0276679841897233,0.0019762845849802,0.0108695652173913,0.1168073835258064,,,,,,,,,,
248,2024-09-10 09:22:53,mining_engineer_interview.txt,2,0,0.0282157676348547,0.0033195020746887,0.0082987551867219,0.0744692584064058,,,,,,,,,,
248,2024-09-10 09:22:53,mining_engineer_interview.txt,3,0,0.0244399185336048,0.0061099796334012,0.0081466395112016,0.0813136971343563,,,,,,,,,,
248,2024-09-10 09:22:53,devops_engineer_interview.txt,1,0,0.024928092042186,0.0067114093959731,0.012464046021093,0.0556449705780135,,,,,,,,,,
248,2024-09-10 09:22:53,devops_engineer_interview.txt,2,0,0.0257116620752984,0.0,0.0101010101010101,0.0644985275770311,,,,,,,,,,
248,2024-09-10 09:22:53,devops_engineer_interview.txt,3,0,0.0256175663311985,0.0073193046660567,0.0082342177493138,0.0688956043655719,,,,,,,,,,
248,2024-09-10 09:22:53,system_administrator_interview.txt,1,0,0.0325443786982248,0.004930966469428,0.009861932938856,0.0706552660196165,,,,,,,,,,
248,2024-09-10 09:22:53,system_administrator_interview.txt,2,0,0.0220820189274447,0.0010515247108307,0.0094637223974763,0.0782325615325294,,,,,,,,,,
248,2024-09-10 09:22:53,system_administrator_interview.txt,3,0,0.0178571428571428,0.0112781954887218,0.0131578947368421,0.0878011891537444,,,,,,,,,,
248,2024-09-10 09:22:53,content_writer_interview.txt,1,0,0.0139335476956055,0.0,0.0139335476956055,0.0854668624726065,,,,,,,,,,
248,2024-09-10 09:22:53,content_writer_interview.txt,2,0,0.0178197064989517,0.0,0.0062893081761006,0.0920006567974484,,,,,,,,,,
248,2024-09-10 09:22:53,content_writer_interview.txt,3,0,0.0174002047082906,0.0010235414534288,0.0112589559877175,0.1424764077935147,,,,,,,,,,
248,2024-09-10 09:22:53,transportation_engineer_interview.txt,1,0,0.0273224043715847,0.0109289617486338,0.0109289617486338,0.11333204648424,,,,,,,,,,
248,2024-09-10 09:22:53,transportation_engineer_interview.txt,2,0,0.020703933747412,0.0010351966873706,0.0134575569358178,0.1248738066625254,,,,,,,,,,
248,2024-09-10 09:22:53,transportation_engineer_interview.txt,3,0,0.021311475409836,0.0024590163934426,0.010655737704918,0.0809610096986918,,,,,,,,,,
248,2024-09-10 09:22:53,lorry_driver_interview.txt,1,0,0.0253411306042884,0.0097465886939571,0.0116959064327485,0.0692408155537831,,,,,,,,,,
248,2024-09-10 09:22:53,lorry_driver_interview.txt,2,0,0.0178384050367261,0.0031479538300104,0.0062959076600209,0.0842857740900747,,,,,,,,,,
248,2024-09-10 09:22:53,lorry_driver_interview.txt,3,0,0.0139002452984464,0.0016353229762878,0.008176614881439,0.0551464858872821,,,,,,,,,,
248,2024-09-10 09:22:53,dentist_interview.txt,1,0,0.0129729729729729,0.0,0.0108108108108108,0.1035424606173572,,,,,,,,,,
248,2024-09-10 09:22:53,dentist_interview.txt,2,0,0.013215859030837,0.0033039647577092,0.0033039647577092,0.0544341917589352,,,,,,,,,,
248,2024-09-10 09:22:53,dentist_interview.txt,3,0,0.0195503421309872,0.0,0.0087976539589442,0.1314565184429195,,,,,,,,,,
248,2024-09-10 09:22:53,physicist_interview.txt,1,0,0.0366666666666666,0.0022222222222222,0.0088888888888888,0.106718589927877,,,,,,,,,,
248,2024-09-10 09:22:53,physicist_interview.txt,2,0,0.0356394129979035,0.0,0.0136268343815513,0.0615359218577838,,,,,,,,,,
248,2024-09-10 09:22:53,physicist_interview.txt,3,0,0.0204678362573099,0.0048732943469785,0.0087719298245614,0.0719717279058745,,,,,,,,,,
248,2024-09-10 09:22:53,architect_interview.txt,1,0,0.0248587570621468,0.0022598870056497,0.0124293785310734,0.1154121691740013,,,,,,,,,,
248,2024-09-10 09:22:53,architect_interview.txt,2,0,0.0146654445462878,0.0045829514207149,0.0109990834097158,0.0598798344082909,,,,,,,,,,
248,2024-09-10 09:22:53,architect_interview.txt,3,0,0.0154798761609907,0.0,0.0092879256965944,0.0716744010499395,,,,,,,,,,
248,2024-09-10 09:22:53,materials_engineer_interview.txt,1,0,0.0193192272309107,0.0,0.0119595216191352,0.102886159162538,,,,,,,,,,
248,2024-09-10 09:22:53,materials_engineer_interview.txt,2,0,0.0243217960710944,0.0,0.0140318054256314,0.1011082276092276,,,,,,,,,,
248,2024-09-10 09:22:53,materials_engineer_interview.txt,3,0,0.0317757009345794,0.0065420560747663,0.0093457943925233,0.1116909270509687,,,,,,,,,,
248,2024-09-10 09:22:53,computer_vision_engineer_interview.txt,1,0,0.0304761904761904,0.0009523809523809,0.0123809523809523,0.0793597751994905,,,,,,,,,,
248,2024-09-10 09:22:53,computer_vision_engineer_interview.txt,2,0,0.0302743614001892,0.0056764427625354,0.0132450331125827,0.0736442018719103,,,,,,,,,,
248,2024-09-10 09:22:53,computer_vision_engineer_interview.txt,3,0,0.0333024976873265,0.0009250693802035,0.0083256244218316,0.1195747282672212,,,,,,,,,,
248,2024-09-10 09:22:53,data_scientist_interview.txt,1,0,0.0245726495726495,0.001068376068376,0.0149572649572649,0.0669774168062536,,,,,,,,,,
248,2024-09-10 09:22:53,data_scientist_interview.txt,2,0,0.0416243654822335,0.0,0.0121827411167512,0.0705629402921593,,,,,,,,,,
248,2024-09-10 09:22:53,data_scientist_interview.txt,3,0,0.027027027027027,0.0009009009009009,0.0108108108108108,0.0934946304741427,,,,,,,,,,
248,2024-09-10 09:22:53,structural_engineer_interview.txt,1,0,0.0259222333000997,0.0099700897308075,0.0099700897308075,0.0832464521079515,,,,,,,,,,
248,2024-09-10 09:22:53,structural_engineer_interview.txt,2,0,0.0213849287169042,0.0,0.0122199592668024,0.0707196780293121,,,,,,,,,,
248,2024-09-10 09:22:53,structural_engineer_interview.txt,3,0,0.0245231607629427,0.0018165304268846,0.0127157129881925,0.0670805649170643,,,,,,,,,,
248,2024-09-10 09:22:53,ai_ethicist_interview.txt,1,0,0.0212539851222104,0.0138150903294367,0.0148777895855472,0.1094012091599286,,,,,,,,,,
248,2024-09-10 09:22:53,ai_ethicist_interview.txt,2,0,0.0190880169671261,0.0127253446447507,0.009544008483563,0.0918991469032446,,,,,,,,,,
248,2024-09-10 09:22:53,ai_ethicist_interview.txt,3,0,0.0229568411386593,0.0156106519742883,0.0101010101010101,0.1206688844474552,,,,,,,,,,
248,2024-09-10 09:22:53,sales_manager_interview.txt,1,0,0.0086455331412103,0.0,0.0115273775216138,0.0888519146597945,,,,,,,,,,
248,2024-09-10 09:22:53,sales_manager_interview.txt,2,0,0.0173160173160173,0.0,0.0129870129870129,0.1096242471022413,,,,,,,,,,
248,2024-09-10 09:22:53,sales_manager_interview.txt,3,0,0.0189873417721519,0.0,0.010548523206751,0.1105857487427862,,,,,,,,,,
248,2024-09-10 09:22:53,frontend_developer_interview.txt,1,0,0.0181634712411705,0.0010090817356205,0.012108980827447,0.1009143031639863,,,,,,,,,,
248,2024-09-10 09:22:53,frontend_developer_interview.txt,2,0,0.0153403643336529,0.0,0.0134228187919463,0.0815680315688893,,,,,,,,,,
248,2024-09-10 09:22:53,frontend_developer_interview.txt,3,0,0.0167652859960552,0.0,0.0108481262327416,0.1154389777965014,,,,,,,,,,
248,2024-09-10 09:22:53,public_relations_specialist_interview.txt,1,0,0.0177383592017738,0.0055432372505543,0.0166297117516629,0.090746830304324,,,,,,,,,,
248,2024-09-10 09:22:53,public_relations_specialist_interview.txt,2,0,0.0172043010752688,0.0,0.0075268817204301,0.0693801550439743,,,,,,,,,,
248,2024-09-10 09:22:53,public_relations_specialist_interview.txt,3,0,0.0139026812313803,0.0,0.012909632571996,0.0833036610041916,,,,,,,,,,
248,2024-09-10 09:22:53,logistics_coordinator_interview.txt,1,0,0.0207877461706783,0.0021881838074398,0.0131291028446389,0.0747003890132437,,,,,,,,,,
248,2024-09-10 09:22:53,logistics_coordinator_interview.txt,2,0,0.0171265461465271,0.0038058991436726,0.0123691722169362,0.0791264022365405,,,,,,,,,,
248,2024-09-10 09:22:53,logistics_coordinator_interview.txt,3,0,0.0171232876712328,0.0059931506849315,0.0077054794520547,0.1134819413229422,,,,,,,,,,
248,2024-09-10 09:22:53,nurse_interview.txt,1,0,0.0195177956371986,0.0022962112514351,0.0091848450057405,0.1056626779438528,,,,,,,,,,
248,2024-09-10 09:22:53,nurse_interview.txt,2,0,0.0164439876670092,0.0,0.014388489208633,0.1318385266122085,,,,,,,,,,
248,2024-09-10 09:22:53,nurse_interview.txt,3,0,0.0314533622559652,0.0043383947939262,0.0151843817787418,0.0946027700182373,,,,,,,,,,
248,2024-09-10 09:22:53,chemist_interview.txt,1,0,0.020971302428256,0.0,0.0176600441501103,0.1330562348606099,,,,,,,,,,
248,2024-09-10 09:22:53,chemist_interview.txt,2,0,0.0260047281323877,0.0082742316784869,0.0070921985815602,0.095352765052252,,,,,,,,,,
248,2024-09-10 09:22:53,chemist_interview.txt,3,0,0.0240825688073394,0.0011467889908256,0.0137614678899082,0.1233972082551481,,,,,,,,,,
248,2024-09-10 09:22:53,manufacturing_engineer_interview.txt,1,0,0.025531914893617,0.0,0.0117021276595744,0.0773174334390559,,,,,,,,,,
248,2024-09-10 09:22:53,manufacturing_engineer_interview.txt,2,0,0.0189673340358271,0.0021074815595363,0.0084299262381454,0.1032626513762703,,,,,,,,,,
248,2024-09-10 09:22:53,manufacturing_engineer_interview.txt,3,0,0.0218446601941747,0.0,0.0169902912621359,0.1153379871844759,,,,,,,,,,
248,2024-09-10 09:22:53,veterinarian_interview.txt,1,0,0.0122549019607843,0.0,0.0098039215686274,0.1014674570029166,,,,,,,,,,
248,2024-09-10 09:22:53,veterinarian_interview.txt,2,0,0.015432098765432,0.0,0.0123456790123456,0.107115565450946,,,,,,,,,,
248,2024-09-10 09:22:53,veterinarian_interview.txt,3,0,0.0166840458811261,0.0052137643378519,0.008342022940563,0.1210333421656618,,,,,,,,,,
248,2024-09-10 09:22:53,event_planner_interview.txt,1,0,0.0198675496688741,0.0,0.0143487858719646,0.127245545407577,,,,,,,,,,
248,2024-09-10 09:22:53,event_planner_interview.txt,2,0,0.009719222462203,0.0,0.0075593952483801,0.0752411312974779,,,,,,,,,,
248,2024-09-10 09:22:53,event_planner_interview.txt,3,0,0.0264900662251655,0.0056764427625354,0.010406811731315,0.1038893629008152,,,,,,,,,,
248,2024-09-10 09:22:53,seo_specialist_interview.txt,1,0,0.029682702149437,0.0,0.0081883316274309,0.1039010051879645,,,,,,,,,,
248,2024-09-10 09:22:53,seo_specialist_interview.txt,2,0,0.0104265402843601,0.0,0.0085308056872037,0.1278104787848652,,,,,,,,,,
248,2024-09-10 09:22:53,seo_specialist_interview.txt,3,0,0.0151324085750315,0.0,0.0126103404791929,0.1007850204290048,,,,,,,,,,
248,2024-09-10 09:22:53,procurement_specialist_interview.txt,1,0,0.0231388329979879,0.0020120724346076,0.0150905432595573,0.1132751322776347,,,,,,,,,,
248,2024-09-10 09:22:53,procurement_specialist_interview.txt,2,0,0.0160377358490566,0.0047169811320754,0.010377358490566,0.1063947789534837,,,,,,,,,,
248,2024-09-10 09:22:53,procurement_specialist_interview.txt,3,0,0.0168067226890756,0.0,0.0136554621848739,0.084130842483486,,,,,,,,,,
248,2024-09-10 09:22:53,aerospace_engineer_interview.txt,-999,0,0.0243117780060524,0.0088436463526758,0.0104589857898191,0.090899319765547,0.0026213066104436,39.94908621359235,0.0027090778836016,62.82004587769862,0.0012559238548666,-20.92919189781597,0.0185205341324695,20.55165091694357,33.0,49.0
248,2024-09-10 09:22:53,agricultural_engineer_interview.txt,-999,0,0.0195093097018572,0.0021259409394775,0.0088915591703714,0.0855251985566035,0.0047758572343685,12.30400609750437,0.001909902631929,-60.85938000061648,0.0020099635548715,-32.77906835153878,0.0147234630260617,13.424433841646533,63.0,65.0
248,2024-09-10 09:22:53,ai_ethicist_interview.txt,-999,0,0.0210996144093319,0.0140503623161586,0.0115076027233734,0.1073230801702095,0.0019390262647281,21.45848630692624,0.0014569709253354,158.6807008879382,0.0029319246775686,-13.001560099473735,0.014497013991306,42.33301777593772,50.0,16.0
248,2024-09-10 09:22:53,ai_professor_interview.txt,-999,0,0.019962207208693,0.0032014710062707,0.0103734991302489,0.0847826638417769,0.0032773447106833,14.911079599668824,0.0014257338962941,-41.05783572412963,0.0046873032304005,-21.57547820033227,0.0170803930853318,12.439676354281744,60.0,67.0
248,2024-09-10 09:22:53,ai_software_developer_interview.txt,-999,0,0.0239364278079088,0.0034947086756922,0.0093850984198917,0.0783986586830956,0.0072631319264796,37.78840848663961,0.0035880803473679,-35.65904783910308,0.0023033167208367,-29.04787031054886,0.0241030090126802,3.973140374405105,37.0,84.0
248,2024-09-10 09:22:53,architect_interview.txt,-999,0,0.0183346925898084,0.0022809461421215,0.0109054625457945,0.0823221348774106,0.0056646612999523,5.542403081832404,0.0022915482858931,-58.00558494829208,0.0015728175760192,-17.553790247668758,0.0292573192189277,9.176496502679086,72.0,71.0
248,2024-09-10 09:22:53,astronomer_interview.txt,-999,0,0.0258373524709294,0.0003741114852225,0.0072877566211141,0.0792622859471092,0.0063180469485748,48.730951211584994,0.0006479801001005,-93.11224728373644,0.0019591034694276,-44.90394987968445,0.0214544132912317,5.118492096752945,18.0,79.0
248,2024-09-10 09:22:53,backend_developer_interview.txt,-999,0,0.0260734201289092,0.0045176804015437,0.0134475235438393,0.1026967607023057,0.0028995387747344,50.08985852846766,0.0050949409682765,-16.825153233590214,0.0016201392166716,1.6644036957731885,0.0168681661620371,36.197543374550776,17.0,24.0
248,2024-09-10 09:22:53,barista_interview.txt,-999,0,0.0139409837250718,0.0007270083605961,0.0111658410537996,0.0818898607507131,0.0024977036948535,-19.749681296174543,0.0012592154180798,-86.61507596468739,0.000944359998845,-15.58530693062994,0.0130027335842317,8.603209928516932,93.0,72.0
248,2024-09-10 09:22:53,bartender_interview.txt,-999,0,0.016665123643756,0.0031370187850269,0.0083022853180252,0.0939856084441455,0.0046668094486945,-4.068356292182202,0.0031446818960028,-42.24446318539772,0.0044606217260995,-37.23402800392277,0.0098808224337253,24.644720000089222,79.0,41.0
248,2024-09-10 09:22:53,biologist_interview.txt,-999,0,0.0225764686975559,0.0033812278579256,0.007881862758289,0.1005284351465126,0.0060005711777791,29.959896942385143,0.0048597816428388,-37.74833897741377,0.0019776843866229,-40.41245774948106,0.0288373603369854,33.32188681132823,41.0,30.0
248,2024-09-10 09:22:53,biomedical_engineer_interview.txt,-999,0,0.0257545602662985,0.0017316205033696,0.0081182323146976,0.0811409729068239,0.0036532571921644,48.254363551858006,0.0015783254162122,-68.11919896411247,0.0028296702724765,-38.62548411632309,0.0128276488402728,7.61002685338137,20.0,74.0
248,2024-09-10 09:22:53,business_analyst_interview.txt,-999,0,0.0204789404506745,0.0027551679256694,0.0128224590388413,0.110318737602871,0.0039927785620128,17.885619142334235,0.0023982560840625,-49.27470523258359,0.0015447380130375,-3.0611362867266223,0.0184707210428269,46.305890730547446,55.0,13.0
248,2024-09-10 09:22:53,business_intelligence_analyst_interview.txt,-999,0,0.0253379630229465,0.0054421796581718,0.0086973723807059,0.083559256393521,0.0085492558236672,45.856250032077725,0.0052334758259555,0.1957683834917816,0.0019563146642769,-34.247136736961664,0.0320449272594451,10.817180300276805,25.0,69.0
248,2024-09-10 09:22:53,chef_interview.txt,-999,0,0.0118255412987165,0.0006236357966947,0.008893752339873,0.0878117554355576,0.0007594166431534,-31.92708084433498,0.0010801688852939,-88.51826441498442,0.0028726077846993,-32.762487806514656,0.0072642844554716,16.45689005126809,97.0,63.0
248,2024-09-10 09:22:53,chemical_engineer_interview.txt,-999,0,0.0245488878087738,0.0018181818181818,0.010893117954533,0.0794649134519276,0.0027988133157237,41.31399256535673,0.0031491832864888,-66.5255217989591,0.0031741307975695,-17.647116390982575,0.023517794635001,5.387218862696244,29.0,78.0
248,2024-09-10 09:22:53,chemist_interview.txt,-999,0,0.0236861997893277,0.0031403402231042,0.0128379035405263,0.1172687360560033,0.0025400147398357,36.3479880230791,0.0044829022244645,-42.18331231181509,0.0053441152982292,-2.944374561114969,0.0195845994985653,55.52305307627557,39.0,4.0
248,2024-09-10 09:22:53,civil_engineer_interview.txt,-999,0,0.0218978148189708,0.0,0.0130645069882948,0.1031513647917077,0.0027848507108203,26.05327233682746,0.0,-100.0,0.0025152202205202,-1.2312335268054255,0.0274883337345965,36.800444184285794,46.0,21.0
248,2024-09-10 09:22:53,cloud_architect_interview.txt,-999,0,0.0215393295729742,0.0020940710910865,0.0136522850580736,0.0809201725248889,0.0040997970440553,23.989676552686177,0.0012403059022189,-61.446134600496855,0.0016065670415142,3.2124178841554,0.0126240854420372,7.317199023272195,48.0,75.0
248,2024-09-10 09:22:53,computer_vision_engineer_interview.txt,-999,0,0.0313510165212354,0.0025179643650399,0.0113172033051222,0.0908595684462073,0.0016930424685122,80.46998096650285,0.0027353566168011,-53.64185121330925,0.0026265599248649,-14.440995639960375,0.025031724816231,20.49893229171209,3.0,51.0
248,2024-09-10 09:22:53,construction_manager_interview.txt,-999,0,0.0239627245986004,0.0011634671320535,0.0092435432468387,0.1028967361109084,0.0015663079163133,37.9397841625252,0.0020151841856531,-78.57944966774579,0.001848604711251,-30.118039268541168,0.0129301770967702,36.46275290210309,35.0,23.0
248,2024-09-10 09:22:53,content_writer_interview.txt,-999,0,0.0163844863009493,0.0003411804844762,0.0104939372864745,0.1066479756878566,0.002132913611346,-5.683825949458054,0.0005909419336638,-93.71853872037786,0.0038791158358353,-20.664955657279336,0.0311998401827982,41.43768698469541,80.0,17.0
248,2024-09-10 09:22:53,cto_of_a_fintec_interview.txt,-999,0,0.0209231802265957,0.0070178376555867,0.009946987251685,0.0923295313232705,0.0028909872495382,20.44285500901664,0.0060496583963442,29.2051494912096,0.0011988250081303,-24.79994370596995,0.0075172782978259,22.448412794686632,51.0,44.0
248,2024-09-10 09:22:53,customer_service_representative_interview.txt,-999,0,0.0128857705655896,0.0046655010410049,0.0120448274016187,0.076682962800048,0.003065635259046,-25.82394363080617,0.0072754604460346,-14.103632908271138,0.0007778491920282,-8.940096560376006,0.0029143676620644,1.6977661284122831,94.0,90.0
248,2024-09-10 09:22:53,cybersecurity_specialist_interview.txt,-999,0,0.0197867673940285,0.0048737106742642,0.0131485579033029,0.0741797772828744,0.0022327014769642,13.90117231351067,0.003629471810979,-10.270293051888316,0.0032911485132801,-0.5958015733658186,0.0234608088711854,-1.6219853001461075,61.0,92.0
248,2024-09-10 09:22:53,data_engineer_interview.txt,-999,0,0.0271414668420392,0.0041439575565516,0.0135015245952372,0.0916950457617905,0.0030124852159619,56.237996336355366,0.0033208336051651,-23.705750708944365,0.0028913721231536,2.072656164817758,0.0174391973203533,21.60695125111674,13.0,46.0
248,2024-09-10 09:22:53,data_scientist_interview.txt,-999,0,0.03107468069397,0.0006564256564256,0.0126502722949423,0.0770116625241852,0.0092183447007001,78.87927268904818,0.0005746154929521,-87.91457152035647,0.0021123942693297,-4.362882484510848,0.0143868053784184,2.133691221172996,4.0,88.0
248,2024-09-10 09:22:53,database_administrator_interview.txt,-999,0,0.0264082839160511,0.0065605627017398,0.0106578665797581,0.0892478867619155,0.0029251192143293,52.01747900134569,0.0053127283215512,20.786277230273114,0.0007781182205125,-19.42563647738585,0.0033374184680988,18.361502789543025,16.0,59.0
248,2024-09-10 09:22:53,dentist_interview.txt,-999,0,0.0152463913782657,0.001101321585903,0.0076374765091547,0.096477723606404,0.0037293085780966,-12.23519148159832,0.0019075449422564,-79.72360901919329,0.0038855750156819,-42.26003825072979,0.0389941352478683,27.94978980545501,86.0,40.0
248,2024-09-10 09:22:53,devops_engineer_interview.txt,-999,0,0.0254191068162276,0.0046769046873432,0.0102664246238056,0.0630130341735388,0.0004278260552021,46.32334872468553,0.0040617068155786,-13.893680797349532,0.0021197601929108,-22.384970432347004,0.006749062300191,-16.43143954763586,24.0,99.0
248,2024-09-10 09:22:53,digital_marketing_specialist_interview.txt,-999,0,0.014565048680565,0.0014445648248465,0.0094683584957327,0.0741308136326887,0.004298395553398,-16.157294090373924,0.0025020596714609,-73.40417044337669,0.001030946930772,-28.418417167414944,0.0119525070393727,-1.686921417160363,92.0,93.0
248,2024-09-10 09:22:53,doctor_interview.txt,-999,0,0.0207392421008385,0.0025153732495288,0.0112129843963687,0.0906438726118324,0.0043509263440979,19.384027776670763,0.0025644037049419,-53.6895561451405,0.0029658461596229,-15.228899314395832,0.04326945125977,20.21287416721921,52.0,52.0
248,2024-09-10 09:22:53,electrical_engineer_interview.txt,-999,0,0.0267653649002812,0.0029128828876883,0.0106569634561927,0.0985669278622537,0.00143120407738,54.07299124873501,0.0017877875722147,-46.371020900639984,0.0031742856645795,-19.43246416714153,0.021541599026037,30.720514853728105,15.0,35.0
248,2024-09-10 09:22:53,environmental_engineer_interview.txt,-999,0,0.0245277942751559,0.0035570471958852,0.0100304504643622,0.1275716802785906,0.0017440604070157,41.19256908270936,0.0016535681173557,-34.51133564969594,0.0049018816800952,-24.16895483134928,0.0096306584960726,69.1869279935095,31.0,2.0
248,2024-09-10 09:22:53,environmental_scientist_interview.txt,-999,0,0.0212839022018877,0.0024458420684835,0.0108784948937813,0.1129855799622076,0.0044486829334268,22.51932637226747,0.0042363227299029,-54.96969214744674,0.0040213032113392,-17.75766795437552,0.0063655216695642,49.8426856150688,49.0,9.0
248,2024-09-10 09:22:53,event_planner_interview.txt,-999,0,0.0186922794520809,0.0018921475875118,0.0107716642838866,0.10212534653529,0.0084469666266823,7.600827381550673,0.0032772957569893,-65.16374075577579,0.0034093686070507,-18.56531630806633,0.0260470456489224,35.43972778947554,66.0,25.0
248,2024-09-10 09:22:53,financial_analyst_interview.txt,-999,0,0.0298149631836846,0.0050884775252732,0.0090571018572418,0.0930279576859224,0.0075007575840329,71.6277950551291,0.0011638031184822,-6.316228502064192,0.0027164727125557,-31.52755178107116,0.0239927533164913,23.374673313233657,6.0,43.0
248,2024-09-10 09:22:53,fire_protection_engineer_interview.txt,-999,0,0.0257652244953254,0.0091144341026374,0.0083304011224406,0.0781157540591902,0.0039200805464546,48.31575145640022,0.0030425183364908,67.8055091259586,0.0014504878890628,-37.02147016894301,0.0166792720890259,3.5979492337915246,19.0,85.0
248,2024-09-10 09:22:53,frontend_developer_interview.txt,-999,0,0.0167563738569595,0.0003363605785401,0.0121266419507116,0.099307104176459,0.0014115745543491,-3.5430806849661565,0.0005825936116948,-93.8072778302817,0.0012874371363535,-8.321571720464192,0.0169925738494078,31.702144604943182,77.0,33.0
248,2024-09-10 09:22:53,full_stack_developer_interview.txt,-999,0,0.0256089755416478,0.0025464432283904,0.011265007611349,0.0910460356426321,0.0036979410394497,47.41631504810607,0.0023392126189083,-53.11752791358121,0.0016619963184195,-14.835599454234966,0.0034978539497964,20.7462270836736,22.0,47.0
248,2024-09-10 09:22:53,game_developer_interview.txt,-999,0,0.0217264523320062,0.0005957700327673,0.0120892260417526,0.0983323895459121,0.0042201561431968,25.066835908525,0.00103190396638,-89.03129996391273,0.0028953110812788,-8.604439124313743,0.0164675019162609,30.40946762794925,47.0,36.0
248,2024-09-10 09:22:53,gardener_interview.txt,-999,0,0.0128710362556293,0.0,0.0092557955045261,0.0784710401181055,0.0028662852247877,-25.90876067768862,0.0,-100.0,0.0033015696766647,-30.025411174777147,0.0158980451613077,4.069133408331908,95.0,83.0
248,2024-09-10 09:22:53,geneticist_interview.txt,-999,0,0.0202854366229341,0.00780413777206,0.0119497983197352,0.09972890287873,0.0026197358440539,16.771727601190392,0.0090098110503875,43.6816918508093,0.0010010677315162,-9.65852437438582,0.036542662243743,32.2615385590953,57.0,31.0
248,2024-09-10 09:22:53,geologist_interview.txt,-999,0,0.0287505359896169,0.0017080171602835,0.0134795655022795,0.0835001581657179,0.0061162665272508,65.5004927610068,0.0012964992542265,-68.55375924059693,0.0007822500282676,1.9066435838418272,0.0237844761887705,10.738803597939508,8.0,70.0
248,2024-09-10 09:22:53,geotechnical_engineer_interview.txt,-999,0,0.0274473590117866,0.0042384477593914,0.0123177880620458,0.0878298390501696,0.0028117351119293,57.9988436764956,0.0005351322790183,-21.966095079599626,0.0041431730603187,-6.876491117763862,0.0233763036969189,16.480872734545045,12.0,62.0
248,2024-09-10 09:22:53,graphic_designer_interview.txt,-999,0,0.0115873076540725,0.0,0.0129381683489613,0.1108090942740653,0.0019742253736365,-33.298456515212166,0.0,-100.0,0.0024385518117801,-2.186364216088436,0.0222422651550399,46.95620699697366,98.0,11.0
248,2024-09-10 09:22:53,hotel_manager_interview.txt,-999,0,0.019059074304584,0.0010799136069114,0.011428250566728,0.1096945059462363,0.0034164641631271,9.712256846844426,0.0018704652349555,-80.11775052853943,0.0011117146510529,-13.601469046354325,0.0201640868724909,45.47802802534756,64.0,15.0
248,2024-09-10 09:22:53,human_resources_manager_interview.txt,-999,0,0.0201952309856198,0.0045546852701566,0.013856208187789,0.0713963116504864,0.0032349963783434,16.252465023590872,0.0053827391806799,-16.14385796634666,0.0036013711386792,4.754093815393404,0.0222030236757778,-5.31344721779773,58.0,97.0
248,2024-09-10 09:22:53,industrial_engineer_interview.txt,-999,0,0.0238937711280072,0.0014761188122246,0.0111238577448902,0.0885141287156446,0.0024613939947956,37.54285822817448,0.001064477458198,-72.82323114892161,0.0032519966797505,-15.90270426044573,0.012910947888158,17.388385013967778,38.0,61.0
248,2024-09-10 09:22:53,it_manager_interview.txt,-999,0,0.0225132806889313,0.0021225619954779,0.0109462046222469,0.0774090341702559,0.0043885117582717,29.596159495273525,0.001471385032244,-60.92158961360858,0.0018171439981065,-17.245776739132737,0.007048650776306,2.660689751909672,42.0,87.0
248,2024-09-10 09:22:53,logistics_coordinator_interview.txt,-999,0,0.0183458599961461,0.003995744545348,0.0110679181712099,0.0891029108575755,0.0021147360878946,5.606687492126824,0.0019095743484099,-26.434494975901032,0.0029366425122554,-16.32561212022094,0.0212285242795315,18.16923419329339,71.0,60.0
248,2024-09-10 09:22:53,lorry_driver_interview.txt,-999,0,0.019026593646487,0.0048432885000851,0.0087228096580695,0.0695576918437133,0.0058122550077084,9.525284161458742,0.0043132096654727,-10.830394575401344,0.0027411207993954,-34.054828790715604,0.0145722282846066,-7.751844487290768,65.0,98.0
248,2024-09-10 09:22:53,machine_learning_engineer_interview.txt,-999,0,0.033366089941282,0.0012210012210012,0.0125096333109505,0.1290009396897748,0.0091505959406189,92.06961319902064,0.0021148361508777,-77.52019168428268,0.0026087916262118,-5.426124976505292,0.0360045612174239,71.08242712431976,1.0,1.0
248,2024-09-10 09:22:53,manufacturing_engineer_interview.txt,-999,0,0.0221146363745396,0.0007024938531787,0.0123741150532852,0.0986393573332674,0.0032906072103927,27.30139078236921,0.0012167550457104,-87.06641165397086,0.0043195645184404,-6.450654348810588,0.0194273457433881,30.81657159351744,45.0,34.0
248,2024-09-10 09:22:53,marine_engineer_interview.txt,-999,0,0.0252196389157539,0.0075898644345777,0.0082587703502899,0.0740482835705438,0.0028211698364069,45.17512540702916,0.0015185726869136,39.73671336027073,0.0037893548245461,-37.563004802679046,0.0167859437135938,-1.7963736690309275,26.0,94.0
248,2024-09-10 09:22:53,marketing_manager_interview.txt,-999,0,0.0126053372818703,0.0,0.0080787314109692,0.0965568360142372,0.0010150325403067,-27.438238635911333,0.0,-100.0,0.0005584064271175,-38.92411425516609,0.0079740682222601,28.05470952759273,96.0,39.0
248,2024-09-10 09:22:53,materials_engineer_interview.txt,-999,0,0.0251389080788615,0.0021806853582554,0.0117790404790966,0.1052284379409114,0.0062683082492387,44.71040386961056,0.0037770578358199,-59.851482531461855,0.0023482131359897,-10.949467943906685,0.0056668407667121,39.5550808290659,27.0,19.0
248,2024-09-10 09:22:53,mechanical_engineer_interview.txt,-999,0,0.0255465645524372,0.0023779095889382,0.0119459808037362,0.0910080827176982,0.0024751732425538,47.057050460072645,0.002693013868592,-56.22039451557279,0.0020279243102547,-9.687385114906434,0.0033317013187129,20.69589350835404,23.0,48.0
248,2024-09-10 09:22:53,meteorologist_interview.txt,-999,0,0.0204199519106625,0.0053515425318799,0.0122604798221935,0.0895051348189424,0.0020892457629112,17.54605564888267,0.0048729878598208,-1.472948396053468,0.0015401168326419,-7.309746208371621,0.0193732488854791,18.70266791651811,56.0,57.0
248,2024-09-10 09:22:53,microbiologist_interview.txt,-999,0,0.0256355334314116,0.0050014247799258,0.0098842039071243,0.101507600237538,0.0031873817373679,47.56919372293135,0.0057336179679094,-7.918953376625254,0.0037041647173133,-25.274591046499268,0.0136472818915754,34.62046603664928,21.0,26.0
248,2024-09-10 09:22:53,mining_engineer_interview.txt,-999,0,0.0267745567860609,0.00380192209769,0.0091049866384383,0.0908634463555228,0.002040323136923,54.125903710141245,0.0021086501600027,-30.002952890349675,0.0015300614254531,-31.16553882674731,0.0227272411941459,20.504075216557865,14.0,50.0
248,2024-09-10 09:22:53,mobile_app_developer_interview.txt,-999,0,0.0186476268652559,0.0013346680013346,0.0098962391440879,0.1197725383555701,0.0040414635467849,7.343787821479324,0.002311712789548,-75.4274767960327,0.003255563975063,-25.183603647573776,0.0329779082777291,58.8436224882463,68.0,3.0
248,2024-09-10 09:22:53,natural_language_processing_engineer_interview.txt,-999,0,0.0321647856022567,0.0044444401741749,0.0104082311495196,0.0788469383834122,0.0061355859006901,85.15438698771007,0.0027777937165229,-18.173576350563565,0.0001333196283846,-21.31290122719689,0.0217613307344949,4.567653711634719,2.0,81.0
248,2024-09-10 09:22:53,network_administrator_interview.txt,-999,0,0.0245403901310925,0.0041596236312932,0.0129840425566419,0.1038401568128467,0.0037655645537043,41.265076265358346,0.000839549321834,-23.41732318635607,0.0045515995933244,-1.8395513658517189,0.0208300168600923,37.71392753598619,30.0,20.0
248,2024-09-10 09:22:53,neuroscientist_interview.txt,-999,0,0.0167368602197284,0.0,0.0119234694031585,0.1010941282207279,0.0061255346902711,-3.6554096021895504,0.0,-100.0,0.0045873523125254,-9.857573187723103,0.0217126609433955,34.07211502188949,78.0,28.0
248,2024-09-10 09:22:53,no_persona_interview.txt,-999,0,0.017371873346102,0.0054315464075711,0.0132273667625893,0.0754027996084216,0.0036695737913253,2.8421709430404014e-14,0.0010284840311784,0.0,0.0003333475653023,0.0,0.0048231291858083,0.0,76.0,91.0
248,2024-09-10 09:22:53,nuclear_engineer_interview.txt,-999,0,0.0274662344249144,0.0092935993514356,0.0091013529620446,0.0903044586667329,0.0079406446949283,58.10749870034789,0.0047952539010236,71.10411389436214,0.0017467247770648,-31.19300972446157,0.0192188946748206,19.76273975992657,11.0,54.0
248,2024-09-10 09:22:53,nurse_interview.txt,-999,0,0.0224717151867243,0.0022115353484537,0.0129192386643718,0.1107013248580995,0.0079287175455241,29.35689052652808,0.0021704365582529,-59.28350450304368,0.0032584709978773,-2.3294742162061084,0.0191224047736209,46.81328204388771,43.0,12.0
248,2024-09-10 09:22:53,occupational_therapist_interview.txt,-999,0,0.0158299686047237,0.0003174603174603,0.0135416608539568,0.0922825937367146,0.0030197057600697,-8.87586911704193,0.0005498573992282,-94.1552498379135,0.0027703128743077,2.376089640580404,0.0367852294714051,22.3861636649466,83.0,45.0
248,2024-09-10 09:22:53,operations_manager_interview.txt,-999,0,0.0181187923748849,0.0014799515431087,0.0118707014747875,0.0854868567131727,0.003503958622904,4.299588270659712,0.0005092047760361,-72.75266688238514,0.0016047127422373,-10.256503143459256,0.0124775906454135,13.373584478453267,73.0,66.0
248,2024-09-10 09:22:53,petroleum_engineer_interview.txt,-999,0,0.0223746085085754,0.003709566068662,0.007929923361524,0.0894194751680513,0.0081793811281723,28.79790257966553,0.0028831501373137,-31.703316324588613,0.0009495034303955,-40.049115565827655,0.0024189178836169,18.589065170551194,44.0,58.0
248,2024-09-10 09:22:53,pharmacist_interview.txt,-999,0,0.0200544400221016,0.0031989533578828,0.0084606661443466,0.1134786250055501,0.0024872338780973,15.442011477717044,0.0021883608931389,-41.1041880554717,0.0031540563836073,-36.03665569873081,0.0233180709074778,50.49656722941603,59.0,8.0
248,2024-09-10 09:22:53,physical_therapist_interview.txt,-999,0,0.0183959984451407,0.001641193573804,0.0110369101888566,0.0981309328488146,0.0027898764967232,5.895306042329835,0.0012803937617852,-69.7840458195051,0.0020644372585358,-16.560035062518594,0.0258783667244851,30.142293599738508,70.0,37.0
248,2024-09-10 09:22:53,physicist_interview.txt,-999,0,0.0309246386406267,0.0023651721897335,0.0104292176983338,0.0800754132305118,0.0090704106625776,78.01556587773314,0.0024397900458813,-56.45490230118007,0.002769834687355,-21.154241161358087,0.0236563027619197,6.196870204230763,5.0,76.0
248,2024-09-10 09:22:53,procurement_specialist_interview.txt,-999,0,0.0186610971787067,0.002243017855561,0.0130411213116657,0.1012669179048681,0.0038968479237052,7.421328758961437,0.002366955764412,-58.70388122921209,0.0024159032882202,-1.4080311997573176,0.0152337988073153,34.30127055064645,67.0,27.0
248,2024-09-10 09:22:53,product_manager_interview.txt,-999,0,0.0154882985758864,0.0,0.0125519454368035,0.0788298493237552,0.0014049907375285,-10.842669254425786,0.0,-100.0,0.0025179062352307,-5.106241763070457,0.0164610267454196,4.544990017785494,84.0,82.0
248,2024-09-10 09:22:53,professor_of_classics_interview.txt,-999,0,0.0153393502152556,0.0003055300947143,0.0105461731684222,0.099458001258339,0.0013196214923567,-11.70008029849275,0.0005291936472865,-94.37489672759776,0.0013846738202327,-20.270048017041844,0.0062837451842135,31.902265930230385,85.0,32.0
248,2024-09-10 09:22:53,project_manager_interview.txt,-999,0,0.0152061660798219,0.0029304029304029,0.0141398983468875,0.0938683610005075,0.0012369537902863,-12.466745659103225,0.0050756067621066,-46.048460042278414,0.0010615154265523,6.898815166138121,0.0139038027216181,24.489225185245573,87.0,42.0
248,2024-09-10 09:22:53,psychologist_interview.txt,-999,0,0.0146419168910096,0.0006706908115358,0.0102234678958276,0.0900945288221911,0.0016954003119298,-15.7148074977475,0.0011616705617497,-87.65193627728203,0.001883768518638,-22.709726891807065,0.0213424725712043,19.484328552873208,91.0,56.0
248,2024-09-10 09:22:53,public_relations_specialist_interview.txt,-999,0,0.0162817805028076,0.0018477457501847,0.012355408681363,0.0811435487841633,0.0020775922429824,-6.275044847359652,0.0032003895187894,-65.9812213404056,0.0045766528965052,-6.592076086469973,0.0108458870786416,7.613443009482765,81.0,73.0
248,2024-09-10 09:22:53,quality_control_engineer_interview.txt,-999,0,0.0207328673354108,0.0019665683382497,0.0130553158728423,0.0902026181389492,0.0057766682288726,19.34733187576974,0.0034061962784048,-63.79358306672077,0.0024978215004173,-1.3007191290228803,0.0106622694185537,19.627677761814223,53.0,55.0
248,2024-09-10 09:22:53,restaurant_manager_interview.txt,-999,0,0.0113077640460799,0.0,0.0105288585233413,0.1148713028769377,0.0013245228638434,-34.90763016288544,0.0,-100.0,0.0008583407892878,-20.40094818327809,0.0308614772619473,52.343551530556,99.0,5.0
248,2024-09-10 09:22:53,retail_manager_interview.txt,-999,0,0.017509563985718,0.0030897464142672,0.0098311340152594,0.0836572670255417,0.0002993232282917,0.7926067435140709,0.0032931899058027,-43.114793054876976,0.0010931360860623,-25.67580387152671,0.0073155906474575,10.947163049630532,75.0,68.0
248,2024-09-10 09:22:53,robotics_engineer_interview.txt,-999,0,0.0290983564413191,0.000949103513206,0.0127313879133384,0.0768912457096459,0.0041968616296176,67.50269738668263,0.0010050288810393,-82.52609032515852,0.0016200286936381,-3.749641619174781,0.0203835375887823,1.9739931527132053,7.0,89.0
248,2024-09-10 09:22:53,safety_engineer_interview.txt,-999,0,0.0244787885370776,0.0070836087477617,0.0105894944854811,0.0969896525670729,0.0014911106549835,40.91047090537435,0.0020998520834538,30.41605863640945,0.001505855278847,-19.942535233610343,0.0149277831059534,28.62871547310587,32.0,38.0
248,2024-09-10 09:22:53,sales_manager_interview.txt,-999,0,0.0149829640764598,0.0,0.0116876379051259,0.1030206368349407,0.0055516307967759,-13.751592715694358,0.0,-100.0,0.0012271188389895,-11.640479054517357,0.0122798875161196,36.62707136862653,88.0,22.0
248,2024-09-10 09:22:53,seo_specialist_interview.txt,-999,0,0.0184138836696095,0.0,0.0097764925979425,0.1108321681339449,0.0100387250953874,5.998261112934642,0.0,-100.0,0.0024601509061345,-26.0888975605246,0.0147859600524918,46.986807796943054,69.0,10.0
248,2024-09-10 09:22:53,shop_assistant_interview.txt,-999,0,0.0179897243813389,0.0003486750348675,0.0131378809731235,0.080031952197096,0.0047555158458501,3.5566171991203106,0.0006039228757213,-93.58055683034432,0.0005116181469408,-0.6765200592978431,0.0020739062497321,6.139231716480424,74.0,77.0
248,2024-09-10 09:22:53,social_media_manager_interview.txt,-999,0,0.0147133121899162,0.0005889281507656,0.0115659928025106,0.0876178121750725,0.0033240884202955,-15.303825345827718,0.0010200534791336,-89.15726560036956,0.0031758327707718,-12.56012621331027,0.0125006344264832,16.19968042312125,90.0,64.0
248,2024-09-10 09:22:53,software_quality_assurance_tester_interview.txt,-999,0,0.0247519889669552,0.0048774363032166,0.0104607377626945,0.1006965719851721,0.0073363959620808,42.48313048234999,0.0020735954798336,-10.201700635054848,0.0006224540006033,-20.91594683621841,0.0239813721852649,33.54487168660174,28.0,29.0
248,2024-09-10 09:22:53,speech_therapist_interview.txt,-999,0,0.0158796126526232,0.0003429355281207,0.0124522946121772,0.0717420708070816,0.0040806727466405,-8.590096552906516,0.0005939817584255,-93.6862266767584,0.0008061821005983,-5.859610339105544,0.0167825684939951,-4.854897723096215,82.0,96.0
248,2024-09-10 09:22:53,structural_engineer_interview.txt,-999,0,0.0239434409266489,0.0039288733858974,0.0116352539952675,0.0736822316847759,0.0023235403023438,37.82877902469494,0.005310100459733,-27.665657419020093,0.0014632231404655,-12.036505798151566,0.0084803608583744,-2.281835598387445,36.0,95.0
248,2024-09-10 09:22:53,supply_chain_manager_interview.txt,-999,0,0.020505094975776,0.0039395761609035,0.009105303776679,0.1140181356189766,0.0022712894883342,18.036175876086546,0.001344888044534,-27.468609024271657,0.0030271214999654,-31.16314123509916,0.0344190367408447,51.21207198020542,54.0,6.0
248,2024-09-10 09:22:53,system_administrator_interview.txt,-999,0,0.0241611801609375,0.0057535622229935,0.0108278500243914,0.0788963389019635,0.0075611446050869,39.0821800249816,0.0051627218238232,5.92862126656064,0.0020276770404408,-18.1405474064904,0.0085922127724751,4.633169208151827,34.0,80.0
248,2024-09-10 09:22:53,transportation_engineer_interview.txt,-999,0,0.0231126045096109,0.004807724943149,0.0116807521297899,0.1063889542818191,0.0036584269674685,33.046126051782096,0.0053487354262915,-11.485153906676388,0.0015448104523076,-11.692536092472409,0.0227648485893319,41.09417002327936,40.0,18.0
248,2024-09-10 09:22:53,travel_agent_interview.txt,-999,0,0.0197860446219001,0.0014749262536873,0.0099545364931508,0.090327502975823,0.0010711980862031,13.897011725219627,0.0025546472088036,-72.84518730004058,0.0027107320555044,-24.742870808534363,0.0311556483020391,19.793301369322734,62.0,53.0
248,2024-09-10 09:22:53,veterinarian_interview.txt,-999,0,0.0147903488691141,0.0017379214459506,0.0101638745071787,0.1098721215398415,0.0022832457519599,-14.860368974352085,0.00301016824395,-68.00319254332206,0.0020259541144258,-23.16025789860933,0.0100700008269042,45.71358372689647,89.0,14.0
248,2024-09-10 09:22:53,warehouse_manager_interview.txt,-999,0,0.0276434988363513,0.0016903313049357,0.0126053353913506,0.113875564665576,0.0042943418459671,59.12790915295256,0.0029277397017729,-68.87937286921486,0.003174060643112,-4.702609237372599,0.015523957636874,51.02299285563586,10.0,7.0
248,2024-09-10 09:22:53,water_resources_engineer_interview.txt,-999,0,0.0278898815936864,0.0033869602032176,0.0109400722222005,0.0777062313362921,0.0033918617341999,60.54619463331744,0.0058663871551867,-37.64280098027945,0.0001643717549398,-17.29213819683234,0.0245750995783997,3.0548358148935364,9.0,86.0
249,2024-09-10 11:39:15,restaurant_manager_interview.txt,1,0,0.0239923224568138,0.0057581573896353,0.0095969289827255,0.1057629815230147,,,,,,,,,,
249,2024-09-10 11:39:15,restaurant_manager_interview.txt,2,0,0.0137254901960784,0.0,0.0068627450980392,0.0782344388231906,,,,,,,,,,
249,2024-09-10 11:39:15,restaurant_manager_interview.txt,3,0,0.0174291938997821,0.0,0.0108932461873638,0.0703430835417351,,,,,,,,,,
249,2024-09-10 11:39:15,customer_service_representative_interview.txt,1,0,0.0111008325624421,0.0009250693802035,0.0074005550416281,0.1378448303089362,,,,,,,,,,
249,2024-09-10 11:39:15,customer_service_representative_interview.txt,2,0,0.0151785714285714,0.0,0.0080357142857142,0.0739264790793847,,,,,,,,,,
249,2024-09-10 11:39:15,customer_service_representative_interview.txt,3,0,0.0199840127897681,0.0039968025579536,0.0063948840927258,0.0935881926720966,,,,,,,,,,
249,2024-09-10 11:39:15,construction_manager_interview.txt,1,0,0.0274361400189214,0.0028382213812677,0.0132450331125827,0.1046852646185726,,,,,,,,,,
249,2024-09-10 11:39:15,construction_manager_interview.txt,2,0,0.0201649862511457,0.0,0.0100824931255728,0.0678131415835667,,,,,,,,,,
249,2024-09-10 11:39:15,construction_manager_interview.txt,3,0,0.0231481481481481,0.0009259259259259,0.0111111111111111,0.1070342616897255,,,,,,,,,,
249,2024-09-10 11:39:15,human_resources_manager_interview.txt,1,0,0.0187007874015748,0.0,0.0137795275590551,0.1147380468883236,,,,,,,,,,
249,2024-09-10 11:39:15,human_resources_manager_interview.txt,2,0,0.0176174496644295,0.0067114093959731,0.0125838926174496,0.0839706665150605,,,,,,,,,,
249,2024-09-10 11:39:15,human_resources_manager_interview.txt,3,0,0.0179754020813623,0.0028382213812677,0.0151371807000946,0.096789014356918,,,,,,,,,,
249,2024-09-10 11:39:15,water_resources_engineer_interview.txt,1,0,0.0219981668194317,0.0009165902841429,0.0091659028414298,0.0859478358544372,,,,,,,,,,
249,2024-09-10 11:39:15,water_resources_engineer_interview.txt,2,0,0.0160337552742616,0.0,0.0059071729957805,0.0596373786774617,,,,,,,,,,
249,2024-09-10 11:39:15,water_resources_engineer_interview.txt,3,0,0.032258064516129,0.0,0.0110599078341013,0.0793373715070314,,,,,,,,,,
249,2024-09-10 11:39:15,project_manager_interview.txt,1,0,0.0175438596491228,0.0,0.0136452241715399,0.0954968932903933,,,,,,,,,,
249,2024-09-10 11:39:15,project_manager_interview.txt,2,0,0.0129740518962075,0.0,0.0159680638722554,0.0862548877749709,,,,,,,,,,
249,2024-09-10 11:39:15,project_manager_interview.txt,3,0,0.0222016651248843,0.0074005550416281,0.0111008325624421,0.093388361320513,,,,,,,,,,
249,2024-09-10 11:39:15,biologist_interview.txt,1,0,0.0257270693512304,0.0011185682326621,0.0156599552572706,0.1192934369153189,,,,,,,,,,
249,2024-09-10 11:39:15,biologist_interview.txt,2,0,0.023469387755102,0.0112244897959183,0.0071428571428571,0.1186784467534034,,,,,,,,,,
249,2024-09-10 11:39:15,biologist_interview.txt,3,0,0.0254065040650406,0.008130081300813,0.0091463414634146,0.0838430968295604,,,,,,,,,,
249,2024-09-10 11:39:15,network_administrator_interview.txt,1,0,0.0237467018469656,0.0087950747581354,0.0070360598065083,0.1317918950397302,,,,,,,,,,
249,2024-09-10 11:39:15,network_administrator_interview.txt,2,0,0.0214876033057851,0.0049586776859504,0.0107438016528925,0.084875395522647,,,,,,,,,,
249,2024-09-10 11:39:15,network_administrator_interview.txt,3,0,0.0135396518375241,0.0038684719535783,0.0135396518375241,0.0628679910069587,,,,,,,,,,
249,2024-09-10 11:39:15,retail_manager_interview.txt,1,0,0.0169779286926994,0.0,0.0101867572156196,0.1122733756676339,,,,,,,,,,
249,2024-09-10 11:39:15,retail_manager_interview.txt,2,0,0.0219341974077766,0.0029910269192422,0.0099700897308075,0.066617940601372,,,,,,,,,,
249,2024-09-10 11:39:15,retail_manager_interview.txt,3,0,0.0182516810758885,0.0019212295869356,0.0096061479346781,0.0849769029247658,,,,,,,,,,
249,2024-09-10 11:39:15,agricultural_engineer_interview.txt,1,0,0.0199637023593466,0.0,0.0127041742286751,0.0502855370767155,,,,,,,,,,
249,2024-09-10 11:39:15,agricultural_engineer_interview.txt,2,0,0.0234309623430962,0.00418410041841,0.009205020920502,0.0735084664910434,,,,,,,,,,
249,2024-09-10 11:39:15,agricultural_engineer_interview.txt,3,0,0.0230708035003977,0.0,0.011137629276054,0.0762863818743307,,,,,,,,,,
249,2024-09-10 11:39:15,electrical_engineer_interview.txt,1,0,0.0290697674418604,0.002906976744186,0.0125968992248062,0.0685499941317443,,,,,,,,,,
249,2024-09-10 11:39:15,electrical_engineer_interview.txt,2,0,0.0337954939341421,0.0069324090121317,0.011265164644714,0.0660814595625991,,,,,,,,,,
249,2024-09-10 11:39:15,electrical_engineer_interview.txt,3,0,0.0357737104825291,0.0066555740432612,0.0116472545757071,0.0849967058362392,,,,,,,,,,
249,2024-09-10 11:39:15,quality_control_engineer_interview.txt,1,0,0.0208333333333333,0.0083333333333333,0.0125,0.1030926002022468,,,,,,,,,,
249,2024-09-10 11:39:15,quality_control_engineer_interview.txt,2,0,0.0220994475138121,0.0031570639305445,0.0063141278610891,0.0868449072180144,,,,,,,,,,
249,2024-09-10 11:39:15,quality_control_engineer_interview.txt,3,0,0.0286278381046396,0.0078973346495557,0.0098716683119447,0.0778757334662224,,,,,,,,,,
249,2024-09-10 11:39:15,machine_learning_engineer_interview.txt,1,0,0.0248888888888888,0.0017777777777777,0.0115555555555555,0.0866385559193132,,,,,,,,,,
249,2024-09-10 11:39:15,machine_learning_engineer_interview.txt,2,0,0.0278810408921933,0.0055762081784386,0.0083643122676579,0.1005582652336592,,,,,,,,,,
249,2024-09-10 11:39:15,machine_learning_engineer_interview.txt,3,0,0.0227272727272727,0.0092592592592592,0.0092592592592592,0.098462157176909,,,,,,,,,,
249,2024-09-10 11:39:15,geologist_interview.txt,1,0,0.034090909090909,0.0,0.0087412587412587,0.0685066289105544,,,,,,,,,,
249,2024-09-10 11:39:15,geologist_interview.txt,2,0,0.0260950605778192,0.0018639328984156,0.0111835973904939,0.0676511267530602,,,,,,,,,,
249,2024-09-10 11:39:15,geologist_interview.txt,3,0,0.0243462578899909,0.0,0.0099188458070333,0.0827403541389718,,,,,,,,,,
249,2024-09-10 11:39:15,chemical_engineer_interview.txt,1,0,0.0216637781629116,0.0,0.011265164644714,0.0750403338180104,,,,,,,,,,
249,2024-09-10 11:39:15,chemical_engineer_interview.txt,2,0,0.0288624787775891,0.0025466893039049,0.0110356536502546,0.0573147208464427,,,,,,,,,,
249,2024-09-10 11:39:15,chemical_engineer_interview.txt,3,0,0.0180094786729857,0.0,0.0094786729857819,0.0607935626914412,,,,,,,,,,
249,2024-09-10 11:39:15,no_persona_interview.txt,1,0,0.0162671232876712,0.0042808219178082,0.0128424657534246,0.0794851619763919,,,,,,,,,,
249,2024-09-10 11:39:15,no_persona_interview.txt,2,0,0.0143815915627996,0.0057526366251198,0.0134228187919463,0.0700808695365404,,,,,,,,,,
249,2024-09-10 11:39:15,no_persona_interview.txt,3,0,0.0214669051878354,0.0062611806797853,0.0134168157423971,0.0766423673123326,,,,,,,,,,
249,2024-09-10 11:39:15,financial_analyst_interview.txt,1,0,0.0348101265822784,0.010548523206751,0.010548523206751,0.0957892245677808,,,,,,,,,,
249,2024-09-10 11:39:15,financial_analyst_interview.txt,2,0,0.0146654445462878,0.0,0.0073327222731439,0.0736220428785167,,,,,,,,,,
249,2024-09-10 11:39:15,financial_analyst_interview.txt,3,0,0.0275735294117647,0.0027573529411764,0.0073529411764705,0.0698527994806981,,,,,,,,,,
249,2024-09-10 11:39:15,civil_engineer_interview.txt,1,0,0.0175925925925925,0.0064814814814814,0.0111111111111111,0.0819329565382011,,,,,,,,,,
249,2024-09-10 11:39:15,civil_engineer_interview.txt,2,0,0.0218905472636815,0.0,0.0129353233830845,0.1074595250231967,,,,,,,,,,
249,2024-09-10 11:39:15,civil_engineer_interview.txt,3,0,0.028028028028028,0.002002002002002,0.007007007007007,0.1081368115263441,,,,,,,,,,
249,2024-09-10 11:39:15,meteorologist_interview.txt,1,0,0.0300820419325433,0.0018231540565177,0.0091157702825888,0.1042560228579623,,,,,,,,,,
249,2024-09-10 11:39:15,meteorologist_interview.txt,2,0,0.0289330922242314,0.0054249547920434,0.0081374321880651,0.0999312700696255,,,,,,,,,,
249,2024-09-10 11:39:15,meteorologist_interview.txt,3,0,0.0305755395683453,0.0026978417266187,0.0080935251798561,0.0817925174286459,,,,,,,,,,
249,2024-09-10 11:39:15,shop_assistant_interview.txt,1,0,0.0252100840336134,0.0046685340802987,0.011204481792717,0.128094806811465,,,,,,,,,,
249,2024-09-10 11:39:15,shop_assistant_interview.txt,2,0,0.020368574199806,0.0048496605237633,0.0067895247332686,0.0590014258170395,,,,,,,,,,
249,2024-09-10 11:39:15,shop_assistant_interview.txt,3,0,0.0108695652173913,0.0,0.0097826086956521,0.083129508017942,,,,,,,,,,
249,2024-09-10 11:39:15,social_media_manager_interview.txt,1,0,0.0166994106090373,0.0,0.0098231827111984,0.0858671092693353,,,,,,,,,,
249,2024-09-10 11:39:15,social_media_manager_interview.txt,2,0,0.019180470793374,0.0,0.014821272885789,0.077362773742314,,,,,,,,,,
249,2024-09-10 11:39:15,social_media_manager_interview.txt,3,0,0.0126582278481012,0.0,0.0067510548523206,0.0691085618032232,,,,,,,,,,
249,2024-09-10 11:39:15,marine_engineer_interview.txt,1,0,0.0217770034843205,0.0078397212543554,0.009581881533101,0.0816832560582103,,,,,,,,,,
249,2024-09-10 11:39:15,marine_engineer_interview.txt,2,0,0.0217573221757322,0.001673640167364,0.006694560669456,0.0688409940405418,,,,,,,,,,
249,2024-09-10 11:39:15,marine_engineer_interview.txt,3,0,0.0164203612479474,0.0049261083743842,0.0131362889983579,0.0775212753397053,,,,,,,,,,
249,2024-09-10 11:39:15,warehouse_manager_interview.txt,1,0,0.029520295202952,0.0027675276752767,0.0138376383763837,0.1091093694030684,,,,,,,,,,
249,2024-09-10 11:39:15,warehouse_manager_interview.txt,2,0,0.0240963855421686,0.0046339202965708,0.0074142724745134,0.0811600697578301,,,,,,,,,,
249,2024-09-10 11:39:15,warehouse_manager_interview.txt,3,0,0.0224508886810102,0.000935453695042,0.0093545369504209,0.1011621239964213,,,,,,,,,,
249,2024-09-10 11:39:15,business_intelligence_analyst_interview.txt,1,0,0.0205831903945111,0.0008576329331046,0.0094339622641509,0.0916627150260503,,,,,,,,,,
249,2024-09-10 11:39:15,business_intelligence_analyst_interview.txt,2,0,0.0230692076228686,0.0,0.0140421263791374,0.0690622405514743,,,,,,,,,,
249,2024-09-10 11:39:15,business_intelligence_analyst_interview.txt,3,0,0.0248015873015873,0.0,0.0099206349206349,0.094953503827516,,,,,,,,,,
249,2024-09-10 11:39:15,full_stack_developer_interview.txt,1,0,0.0356164383561643,0.0082191780821917,0.0073059360730593,0.0906058622444095,,,,,,,,,,
249,2024-09-10 11:39:15,full_stack_developer_interview.txt,2,0,0.0199044585987261,0.0023885350318471,0.0103503184713375,0.0716739230664871,,,,,,,,,,
249,2024-09-10 11:39:15,full_stack_developer_interview.txt,3,0,0.0281195079086115,0.0096660808435852,0.0114235500878734,0.0834711473354699,,,,,,,,,,
249,2024-09-10 11:39:15,travel_agent_interview.txt,1,0,0.014,0.0,0.009,0.1186250517585936,,,,,,,,,,
249,2024-09-10 11:39:15,travel_agent_interview.txt,2,0,0.0229312063808574,0.0,0.0089730807577268,0.1394970316807259,,,,,,,,,,
249,2024-09-10 11:39:15,travel_agent_interview.txt,3,0,0.0145985401459854,0.0,0.0156412930135557,0.0879438068038122,,,,,,,,,,
249,2024-09-10 11:39:15,robotics_engineer_interview.txt,1,0,0.0197368421052631,0.0037593984962406,0.0112781954887218,0.1351645616093166,,,,,,,,,,
249,2024-09-10 11:39:15,robotics_engineer_interview.txt,2,0,0.0229147571035747,0.0045829514207149,0.0073327222731439,0.0893227801804036,,,,,,,,,,
249,2024-09-10 11:39:15,robotics_engineer_interview.txt,3,0,0.0257548845470692,0.0026642984014209,0.0106571936056838,0.0721452694041495,,,,,,,,,,
249,2024-09-10 11:39:15,biomedical_engineer_interview.txt,1,0,0.0345768880800727,0.0009099181073703,0.013648771610555,0.0938869859348825,,,,,,,,,,
249,2024-09-10 11:39:15,biomedical_engineer_interview.txt,2,0,0.0223255813953488,0.0130232558139534,0.0102325581395348,0.0680972534709194,,,,,,,,,,
249,2024-09-10 11:39:15,biomedical_engineer_interview.txt,3,0,0.0217013888888888,0.0,0.0121527777777777,0.0948757935592089,,,,,,,,,,
249,2024-09-10 11:39:15,marketing_manager_interview.txt,1,0,0.0200400801603206,0.0,0.0100200400801603,0.0553095534050344,,,,,,,,,,
249,2024-09-10 11:39:15,marketing_manager_interview.txt,2,0,0.0198840099420049,0.0,0.0091135045567522,0.1000207957681361,,,,,,,,,,
249,2024-09-10 11:39:15,marketing_manager_interview.txt,3,0,0.0170502983802216,0.0,0.0093776641091219,0.08766459937238,,,,,,,,,,
249,2024-09-10 11:39:15,professor_of_classics_interview.txt,1,0,0.0181818181818181,0.0,0.0153110047846889,0.1016191712938867,,,,,,,,,,
249,2024-09-10 11:39:15,professor_of_classics_interview.txt,2,0,0.0155535224153705,0.0,0.0100640439158279,0.078822047587429,,,,,,,,,,
249,2024-09-10 11:39:15,professor_of_classics_interview.txt,3,0,0.0225352112676056,0.0,0.012206572769953,0.1263996436481983,,,,,,,,,,
249,2024-09-10 11:39:15,environmental_engineer_interview.txt,1,0,0.0300272975432211,0.005459508644222,0.005459508644222,0.06610955597003,,,,,,,,,,
249,2024-09-10 11:39:15,environmental_engineer_interview.txt,2,0,0.0288548241659152,0.0009017132551848,0.0090171325518485,0.1189026174558744,,,,,,,,,,
249,2024-09-10 11:39:15,environmental_engineer_interview.txt,3,0,0.0220306513409961,0.003831417624521,0.0095785440613026,0.1102672408053994,,,,,,,,,,
249,2024-09-10 11:39:15,astronomer_interview.txt,1,0,0.0187192118226601,0.0009852216748768,0.0118226600985221,0.09203994574328,,,,,,,,,,
249,2024-09-10 11:39:15,astronomer_interview.txt,2,0,0.0280592361652377,0.0007794232268121,0.010132501948558,0.0398372675757884,,,,,,,,,,
249,2024-09-10 11:39:15,astronomer_interview.txt,3,0,0.0298372513562386,0.0072332730560578,0.0099457504520795,0.0953705220459097,,,,,,,,,,
249,2024-09-10 11:39:15,ai_professor_interview.txt,1,0,0.0141509433962264,0.0,0.0122641509433962,0.0601429355605888,,,,,,,,,,
249,2024-09-10 11:39:15,ai_professor_interview.txt,2,0,0.0272975432211101,0.005459508644222,0.010919017288444,0.0393075565166714,,,,,,,,,,
249,2024-09-10 11:39:15,ai_professor_interview.txt,3,0,0.0256410256410256,0.0064102564102564,0.0096153846153846,0.101369183442609,,,,,,,,,,
249,2024-09-10 11:39:15,game_developer_interview.txt,1,0,0.0199818346957311,0.0018165304268846,0.0099909173478655,0.1013608132783366,,,,,,,,,,
249,2024-09-10 11:39:15,game_developer_interview.txt,2,0,0.0201931518876207,0.0,0.0105355575065847,0.0958578995267009,,,,,,,,,,
249,2024-09-10 11:39:15,game_developer_interview.txt,3,0,0.0149122807017543,0.0,0.0070175438596491,0.1501769663144986,,,,,,,,,,
249,2024-09-10 11:39:15,fire_protection_engineer_interview.txt,1,0,0.0142131979695431,0.0071065989847715,0.0071065989847715,0.0743507239783683,,,,,,,,,,
249,2024-09-10 11:39:15,fire_protection_engineer_interview.txt,2,0,0.035528596187175,0.0043327556325823,0.0077989601386481,0.0576613760913527,,,,,,,,,,
249,2024-09-10 11:39:15,fire_protection_engineer_interview.txt,3,0,0.0254163014899211,0.0061349693251533,0.0087642418930762,0.0791526486583317,,,,,,,,,,
249,2024-09-10 11:39:15,safety_engineer_interview.txt,1,0,0.0233812949640287,0.0089928057553956,0.0116906474820143,0.1058433355791223,,,,,,,,,,
249,2024-09-10 11:39:15,safety_engineer_interview.txt,2,0,0.0234578627280625,0.0060816681146828,0.0139009556907037,0.1075439784120389,,,,,,,,,,
249,2024-09-10 11:39:15,safety_engineer_interview.txt,3,0,0.022944550669216,0.0076481835564053,0.0095602294455066,0.1168815683147805,,,,,,,,,,
249,2024-09-10 11:39:15,environmental_scientist_interview.txt,1,0,0.03125,0.0035714285714285,0.0080357142857142,0.058570621834317,,,,,,,,,,
249,2024-09-10 11:39:15,environmental_scientist_interview.txt,2,0,0.0228628230616302,0.0019880715705765,0.0099403578528827,0.1066543437362954,,,,,,,,,,
249,2024-09-10 11:39:15,environmental_scientist_interview.txt,3,0,0.0187553282182438,0.0059676044330775,0.0085251491901108,0.0916999317926977,,,,,,,,,,
249,2024-09-10 11:39:15,operations_manager_interview.txt,1,0,0.0176174496644295,0.0008389261744966,0.0075503355704697,0.10021192878489,,,,,,,,,,
249,2024-09-10 11:39:15,operations_manager_interview.txt,2,0,0.0131348511383537,0.0,0.0122591943957968,0.0723297473171914,,,,,,,,,,
249,2024-09-10 11:39:15,operations_manager_interview.txt,3,0,0.0193277310924369,0.0050420168067226,0.0109243697478991,0.082167821058171,,,,,,,,,,
249,2024-09-10 11:39:15,backend_developer_interview.txt,1,0,0.0255057167985927,0.0043975373790677,0.0096745822339489,0.0710765988321342,,,,,,,,,,
249,2024-09-10 11:39:15,backend_developer_interview.txt,2,0,0.0272108843537414,0.0019436345966958,0.0068027210884353,0.0693210882696061,,,,,,,,,,
249,2024-09-10 11:39:15,backend_developer_interview.txt,3,0,0.0251121076233183,0.010762331838565,0.0116591928251121,0.0757250035595338,,,,,,,,,,
249,2024-09-10 11:39:15,digital_marketing_specialist_interview.txt,1,0,0.0137931034482758,0.0,0.0108374384236453,0.0627275733823134,,,,,,,,,,
249,2024-09-10 11:39:15,digital_marketing_specialist_interview.txt,2,0,0.0145413870246085,0.0011185682326621,0.0100671140939597,0.0847957715053036,,,,,,,,,,
249,2024-09-10 11:39:15,digital_marketing_specialist_interview.txt,3,0,0.0117117117117117,0.0,0.0117117117117117,0.0826512665406971,,,,,,,,,,
249,2024-09-10 11:39:15,mechanical_engineer_interview.txt,1,0,0.0232793522267206,0.0,0.0080971659919028,0.1108590139428217,,,,,,,,,,
249,2024-09-10 11:39:15,mechanical_engineer_interview.txt,2,0,0.0242844752818733,0.0,0.007805724197745,0.0937738031114204,,,,,,,,,,
249,2024-09-10 11:39:15,mechanical_engineer_interview.txt,3,0,0.0260223048327137,0.0018587360594795,0.0074349442379182,0.1022924445516683,,,,,,,,,,
249,2024-09-10 11:39:15,software_quality_assurance_tester_interview.txt,1,0,0.0173010380622837,0.0034602076124567,0.0103806228373702,0.084262516055966,,,,,,,,,,
249,2024-09-10 11:39:15,software_quality_assurance_tester_interview.txt,2,0,0.0403825717321997,0.0106269925611052,0.0095642933049946,0.1053413605404287,,,,,,,,,,
249,2024-09-10 11:39:15,software_quality_assurance_tester_interview.txt,3,0,0.0277520814061054,0.005550416281221,0.0101757631822386,0.0641000585193333,,,,,,,,,,
249,2024-09-10 11:39:15,cybersecurity_specialist_interview.txt,1,0,0.0149516270888302,0.0105540897097625,0.0087950747581354,0.1030953394808563,,,,,,,,,,
249,2024-09-10 11:39:15,cybersecurity_specialist_interview.txt,2,0,0.0202774813233724,0.0064034151547491,0.0128068303094983,0.0499573224795238,,,,,,,,,,
249,2024-09-10 11:39:15,cybersecurity_specialist_interview.txt,3,0,0.0240213523131672,0.0053380782918149,0.0115658362989323,0.1097387317164578,,,,,,,,,,
249,2024-09-10 11:39:15,product_manager_interview.txt,1,0,0.018018018018018,0.0,0.0126126126126126,0.0517465283874674,,,,,,,,,,
249,2024-09-10 11:39:15,product_manager_interview.txt,2,0,0.015625,0.0,0.0078125,0.0808392401667146,,,,,,,,,,
249,2024-09-10 11:39:15,product_manager_interview.txt,3,0,0.0258373205741626,0.0076555023923444,0.0095693779904306,0.0820020933090667,,,,,,,,,,
249,2024-09-10 11:39:15,microbiologist_interview.txt,1,0,0.0340466926070038,0.0,0.0116731517509727,0.1203278908985207,,,,,,,,,,
249,2024-09-10 11:39:15,microbiologist_interview.txt,2,0,0.0213815789473684,0.0008223684210526,0.0106907894736842,0.0714252875801029,,,,,,,,,,
249,2024-09-10 11:39:15,microbiologist_interview.txt,3,0,0.0200956937799043,0.0019138755980861,0.0153110047846889,0.0831752965518944,,,,,,,,,,
249,2024-09-10 11:39:15,it_manager_interview.txt,1,0,0.0205338809034907,0.0051334702258726,0.0143737166324435,0.0632081516088137,,,,,,,,,,
249,2024-09-10 11:39:15,it_manager_interview.txt,2,0,0.025949953660797,0.0009267840593141,0.0074142724745134,0.0911518538495718,,,,,,,,,,
249,2024-09-10 11:39:15,it_manager_interview.txt,3,0,0.022944550669216,0.0038240917782026,0.0152963671128107,0.0435359127953467,,,,,,,,,,
249,2024-09-10 11:39:15,industrial_engineer_interview.txt,1,0,0.0199240986717267,0.0009487666034155,0.0113851992409867,0.1198699163897179,,,,,,,,,,
249,2024-09-10 11:39:15,industrial_engineer_interview.txt,2,0,0.0225711481844946,0.0068694798822374,0.0117762512266928,0.0939524482237977,,,,,,,,,,
249,2024-09-10 11:39:15,industrial_engineer_interview.txt,3,0,0.0259965337954939,0.0,0.0069324090121317,0.074622009149986,,,,,,,,,,
249,2024-09-10 11:39:15,barista_interview.txt,1,0,0.0175631174533479,0.0,0.0087815587266739,0.0972856629254058,,,,,,,,,,
249,2024-09-10 11:39:15,barista_interview.txt,2,0,0.0116845180136319,0.0,0.0077896786757546,0.0995950773536112,,,,,,,,,,
249,2024-09-10 11:39:15,barista_interview.txt,3,0,0.0203892493049119,0.0037071362372567,0.0074142724745134,0.08367434735766,,,,,,,,,,
249,2024-09-10 11:39:15,petroleum_engineer_interview.txt,1,0,0.0220653133274492,0.0,0.0088261253309797,0.0982485693994563,,,,,,,,,,
249,2024-09-10 11:39:15,petroleum_engineer_interview.txt,2,0,0.0278035217794253,0.0037071362372567,0.0101946246524559,0.0794921929473486,,,,,,,,,,
249,2024-09-10 11:39:15,petroleum_engineer_interview.txt,3,0,0.021838034576888,0.002729754322111,0.008189262966333,0.0575625920659613,,,,,,,,,,
249,2024-09-10 11:39:15,business_analyst_interview.txt,1,0,0.0169491525423728,0.0017841213202497,0.0142729705619982,0.1056831379933552,,,,,,,,,,
249,2024-09-10 11:39:15,business_analyst_interview.txt,2,0,0.0251121076233183,0.0,0.0098654708520179,0.0897254811914731,,,,,,,,,,
249,2024-09-10 11:39:15,business_analyst_interview.txt,3,0,0.0201834862385321,0.0055045871559633,0.010091743119266,0.0630224902066058,,,,,,,,,,
249,2024-09-10 11:39:15,data_engineer_interview.txt,1,0,0.0296570898980537,0.0,0.0148285449490268,0.0706960894119932,,,,,,,,,,
249,2024-09-10 11:39:15,data_engineer_interview.txt,2,0,0.0379867046533713,0.0037986704653371,0.0123456790123456,0.1060864216547384,,,,,,,,,,
249,2024-09-10 11:39:15,data_engineer_interview.txt,3,0,0.0279329608938547,0.0022346368715083,0.0145251396648044,0.0855614413162279,,,,,,,,,,
249,2024-09-10 11:39:15,aerospace_engineer_interview.txt,1,0,0.0153139356814701,0.0038284839203675,0.0084226646248085,0.1164082107562727,,,,,,,,,,
249,2024-09-10 11:39:15,aerospace_engineer_interview.txt,2,0,0.0232774674115456,0.0027932960893854,0.0111731843575419,0.1203593636594934,,,,,,,,,,
249,2024-09-10 11:39:15,aerospace_engineer_interview.txt,3,0,0.036,0.012,0.012,0.0962480381772544,,,,,,,,,,
249,2024-09-10 11:39:15,bartender_interview.txt,1,0,0.0126091173617846,0.0038797284190106,0.005819592628516,0.1109969179949552,,,,,,,,,,
249,2024-09-10 11:39:15,bartender_interview.txt,2,0,0.0106761565836298,0.0,0.0088967971530249,0.0757162048766409,,,,,,,,,,
249,2024-09-10 11:39:15,bartender_interview.txt,3,0,0.0137994480220791,0.0,0.0101195952161913,0.0862312429443177,,,,,,,,,,
249,2024-09-10 11:39:15,natural_language_processing_engineer_interview.txt,1,0,0.0418006430868167,0.0010718113612004,0.0128617363344051,0.102665342598796,,,,,,,,,,
249,2024-09-10 11:39:15,natural_language_processing_engineer_interview.txt,2,0,0.033434650455927,0.0030395136778115,0.0121580547112462,0.074502270672476,,,,,,,,,,
249,2024-09-10 11:39:15,natural_language_processing_engineer_interview.txt,3,0,0.0352177942539388,0.0,0.0129749768303985,0.0997071171082725,,,,,,,,,,
249,2024-09-10 11:39:15,cto_of_a_fintec_interview.txt,1,0,0.0300187617260788,0.0075046904315197,0.0075046904315197,0.0806212252413185,,,,,,,,,,
249,2024-09-10 11:39:15,cto_of_a_fintec_interview.txt,2,0,0.0381395348837209,0.0102325581395348,0.0102325581395348,0.1114633675612819,,,,,,,,,,
249,2024-09-10 11:39:15,cto_of_a_fintec_interview.txt,3,0,0.0382978723404255,0.0042553191489361,0.0127659574468085,0.1099682135047889,,,,,,,,,,
249,2024-09-10 11:39:15,database_administrator_interview.txt,1,0,0.0241286863270777,0.0035746201966041,0.0089365504915102,0.0718977372153453,,,,,,,,,,
249,2024-09-10 11:39:15,database_administrator_interview.txt,2,0,0.0246445497630331,0.0047393364928909,0.0094786729857819,0.0633526198931222,,,,,,,,,,
249,2024-09-10 11:39:15,database_administrator_interview.txt,3,0,0.0280172413793103,0.0075431034482758,0.011853448275862,0.1025519919876691,,,,,,,,,,
249,2024-09-10 11:39:15,nuclear_engineer_interview.txt,1,0,0.0223048327137546,0.0027881040892193,0.0130111524163568,0.08065208346564,,,,,,,,,,
249,2024-09-10 11:39:15,nuclear_engineer_interview.txt,2,0,0.0266193433895297,0.0062111801242236,0.0088731144631765,0.0812454325130759,,,,,,,,,,
249,2024-09-10 11:39:15,nuclear_engineer_interview.txt,3,0,0.0229357798165137,0.0082568807339449,0.0064220183486238,0.0811675393665943,,,,,,,,,,
249,2024-09-10 11:39:15,chef_interview.txt,1,0,0.0186092066601371,0.0,0.0058765915768854,0.0928310966052888,,,,,,,,,,
249,2024-09-10 11:39:15,chef_interview.txt,2,0,0.0167441860465116,0.0009302325581395,0.0037209302325581,0.059595810174733,,,,,,,,,,
249,2024-09-10 11:39:15,chef_interview.txt,3,0,0.0196687370600414,0.005175983436853,0.0082815734989648,0.0836626860439235,,,,,,,,,,
249,2024-09-10 11:39:15,hotel_manager_interview.txt,1,0,0.0160067396798652,0.0,0.0092670598146588,0.054198234217847,,,,,,,,,,
249,2024-09-10 11:39:15,hotel_manager_interview.txt,2,0,0.016260162601626,0.0,0.006323396567299,0.0636873484472581,,,,,,,,,,
249,2024-09-10 11:39:15,hotel_manager_interview.txt,3,0,0.0179754020813623,0.0,0.0056764427625354,0.0798471458378593,,,,,,,,,,
249,2024-09-10 11:39:15,mobile_app_developer_interview.txt,1,0,0.0205357142857142,0.0026785714285714,0.0142857142857142,0.0835877702671594,,,,,,,,,,
249,2024-09-10 11:39:15,mobile_app_developer_interview.txt,2,0,0.0138888888888888,0.0,0.0085470085470085,0.1307663531589057,,,,,,,,,,
249,2024-09-10 11:39:15,mobile_app_developer_interview.txt,3,0,0.0224508886810102,0.0056127221702525,0.0140318054256314,0.1097638561523954,,,,,,,,,,
249,2024-09-10 11:39:15,graphic_designer_interview.txt,1,0,0.0107015457788347,0.0,0.0071343638525564,0.126300507519599,,,,,,,,,,
249,2024-09-10 11:39:15,graphic_designer_interview.txt,2,0,0.0142348754448398,0.0,0.0106761565836298,0.0683403541778815,,,,,,,,,,
249,2024-09-10 11:39:15,graphic_designer_interview.txt,3,0,0.0135658914728682,0.0,0.0106589147286821,0.0778748182443302,,,,,,,,,,
249,2024-09-10 11:39:15,geotechnical_engineer_interview.txt,1,0,0.0217588395285584,0.0018132366273798,0.0099728014505893,0.0711376411902831,,,,,,,,,,
249,2024-09-10 11:39:15,geotechnical_engineer_interview.txt,2,0,0.0306807286673058,0.0019175455417066,0.0086289549376797,0.0737780244262386,,,,,,,,,,
249,2024-09-10 11:39:15,geotechnical_engineer_interview.txt,3,0,0.0246800731261425,0.006398537477148,0.0109689213893967,0.0954779970883167,,,,,,,,,,
249,2024-09-10 11:39:15,gardener_interview.txt,1,0,0.0103092783505154,0.0010309278350515,0.0061855670103092,0.1322343042178251,,,,,,,,,,
249,2024-09-10 11:39:15,gardener_interview.txt,2,0,0.0211345939933259,0.0,0.0100111234705228,0.1084763120645153,,,,,,,,,,
249,2024-09-10 11:39:15,gardener_interview.txt,3,0,0.0145077720207253,0.0,0.0062176165803108,0.0931054613912841,,,,,,,,,,
249,2024-09-10 11:39:15,ai_software_developer_interview.txt,1,0,0.0298189563365282,0.0,0.0138445154419595,0.0911268835123754,,,,,,,,,,
249,2024-09-10 11:39:15,ai_software_developer_interview.txt,2,0,0.0324803149606299,0.0,0.0118110236220472,0.0814653673072973,,,,,,,,,,
249,2024-09-10 11:39:15,ai_software_developer_interview.txt,3,0,0.0305927342256214,0.002868068833652,0.0124282982791587,0.08720346022591,,,,,,,,,,
249,2024-09-10 11:39:15,supply_chain_manager_interview.txt,1,0,0.0220095693779904,0.0076555023923444,0.0066985645933014,0.1170388281231149,,,,,,,,,,
249,2024-09-10 11:39:15,supply_chain_manager_interview.txt,2,0,0.0343087790110998,0.0010090817356205,0.0110998990918264,0.1193012167337614,,,,,,,,,,
249,2024-09-10 11:39:15,supply_chain_manager_interview.txt,3,0,0.0287206266318537,0.000870322019147,0.0078328981723237,0.0579374606148703,,,,,,,,,,
249,2024-09-10 11:39:15,cloud_architect_interview.txt,1,0,0.0288028802880288,0.0027002700270027,0.0099009900990099,0.0993030523054114,,,,,,,,,,
249,2024-09-10 11:39:15,cloud_architect_interview.txt,2,0,0.0231660231660231,0.0048262548262548,0.0125482625482625,0.1002978226300396,,,,,,,,,,
249,2024-09-10 11:39:15,cloud_architect_interview.txt,3,0,0.0312764158918005,0.0059171597633136,0.0092983939137785,0.089795474111705,,,,,,,,,,
249,2024-09-10 11:39:15,mining_engineer_interview.txt,1,0,0.0251121076233183,0.0053811659192825,0.010762331838565,0.0908095176361831,,,,,,,,,,
249,2024-09-10 11:39:15,mining_engineer_interview.txt,2,0,0.03125,0.0116071428571428,0.0053571428571428,0.1009337735080008,,,,,,,,,,
249,2024-09-10 11:39:15,mining_engineer_interview.txt,3,0,0.0219675262655205,0.0047755491881566,0.0095510983763132,0.08998372343896,,,,,,,,,,
249,2024-09-10 11:39:15,devops_engineer_interview.txt,1,0,0.0263396911898274,0.0009082652134423,0.0118074477747502,0.0836931611740742,,,,,,,,,,
249,2024-09-10 11:39:15,devops_engineer_interview.txt,2,0,0.022140221402214,0.007380073800738,0.0101476014760147,0.0531833312459767,,,,,,,,,,
249,2024-09-10 11:39:15,devops_engineer_interview.txt,3,0,0.0275665399239543,0.0066539923954372,0.0085551330798479,0.0668480475419361,,,,,,,,,,
249,2024-09-10 11:39:15,system_administrator_interview.txt,1,0,0.0404515522107243,0.0084666039510818,0.0122295390404515,0.1044584533033085,,,,,,,,,,
249,2024-09-10 11:39:15,system_administrator_interview.txt,2,0,0.0209090909090909,0.0063636363636363,0.01,0.0702479935313268,,,,,,,,,,
249,2024-09-10 11:39:15,system_administrator_interview.txt,3,0,0.0202108963093145,0.0043936731107205,0.0131810193321616,0.0816267283166905,,,,,,,,,,
249,2024-09-10 11:39:15,content_writer_interview.txt,1,0,0.0168650793650793,0.0019841269841269,0.0138888888888888,0.1204656168968925,,,,,,,,,,
249,2024-09-10 11:39:15,content_writer_interview.txt,2,0,0.0211132437619961,0.0,0.010556621880998,0.1057051164661484,,,,,,,,,,
249,2024-09-10 11:39:15,content_writer_interview.txt,3,0,0.0165118679050567,0.0,0.0103199174406604,0.0659740843334218,,,,,,,,,,
249,2024-09-10 11:39:15,transportation_engineer_interview.txt,1,0,0.0217391304347826,0.0,0.0108695652173913,0.068920151755293,,,,,,,,,,
249,2024-09-10 11:39:15,transportation_engineer_interview.txt,2,0,0.01953125,0.001953125,0.01171875,0.1036092205188132,,,,,,,,,,
249,2024-09-10 11:39:15,transportation_engineer_interview.txt,3,0,0.0273473108477666,0.0,0.0054694621695533,0.1109187859615604,,,,,,,,,,
249,2024-09-10 11:39:15,lorry_driver_interview.txt,1,0,0.0130963517305893,0.0,0.0093545369504209,0.0927682243002441,,,,,,,,,,
249,2024-09-10 11:39:15,lorry_driver_interview.txt,2,0,0.0116731517509727,0.0,0.0097276264591439,0.0903689278745618,,,,,,,,,,
249,2024-09-10 11:39:15,lorry_driver_interview.txt,3,0,0.0124666073018699,0.0,0.0106856634016028,0.0472856305349388,,,,,,,,,,
249,2024-09-10 11:39:15,physicist_interview.txt,1,0,0.0252100840336134,0.0,0.011204481792717,0.0885007127055566,,,,,,,,,,
249,2024-09-10 11:39:15,physicist_interview.txt,2,0,0.0257548845470692,0.0,0.0133214920071047,0.0684591723599561,,,,,,,,,,
249,2024-09-10 11:39:15,physicist_interview.txt,3,0,0.0275689223057644,0.0058479532163742,0.0133667502088554,0.0751206970261348,,,,,,,,,,
249,2024-09-10 11:39:15,architect_interview.txt,1,0,0.0222222222222222,0.0062222222222222,0.0097777777777777,0.09289043619992,,,,,,,,,,
249,2024-09-10 11:39:15,architect_interview.txt,2,0,0.0329138431752178,0.0038722168441432,0.015488867376573,0.1118304677178085,,,,,,,,,,
249,2024-09-10 11:39:15,architect_interview.txt,3,0,0.0281954887218045,0.0056390977443609,0.0075187969924812,0.1017439873004786,,,,,,,,,,
249,2024-09-10 11:39:15,materials_engineer_interview.txt,1,0,0.026508226691042,0.0027422303473491,0.0109689213893967,0.1304165575226787,,,,,,,,,,
249,2024-09-10 11:39:15,materials_engineer_interview.txt,2,0,0.034453781512605,0.0058823529411764,0.0100840336134453,0.061061114934901,,,,,,,,,,
249,2024-09-10 11:39:15,materials_engineer_interview.txt,3,0,0.025041736227045,0.006677796327212,0.0125208681135225,0.0812300586443666,,,,,,,,,,
249,2024-09-10 11:39:15,computer_vision_engineer_interview.txt,1,0,0.0315985130111524,0.0009293680297397,0.0092936802973977,0.0712770220713621,,,,,,,,,,
249,2024-09-10 11:39:15,computer_vision_engineer_interview.txt,2,0,0.0314533622559652,0.0010845986984815,0.0173535791757049,0.1298000055066475,,,,,,,,,,
249,2024-09-10 11:39:15,computer_vision_engineer_interview.txt,3,0,0.0442396313364055,0.0009216589861751,0.0147465437788018,0.0856931793828133,,,,,,,,,,
249,2024-09-10 11:39:15,data_scientist_interview.txt,1,0,0.021761658031088,0.0072538860103626,0.0103626943005181,0.0777261621746187,,,,,,,,,,
249,2024-09-10 11:39:15,data_scientist_interview.txt,2,0,0.0205423171733771,0.0057518488085456,0.0090386195562859,0.0966523649814579,,,,,,,,,,
249,2024-09-10 11:39:15,data_scientist_interview.txt,3,0,0.0266666666666666,0.0066666666666666,0.0123809523809523,0.0968308213683601,,,,,,,,,,
249,2024-09-10 11:39:15,structural_engineer_interview.txt,1,0,0.018970189701897,0.001806684733514,0.012646793134598,0.1186528546066288,,,,,,,,,,
249,2024-09-10 11:39:15,structural_engineer_interview.txt,2,0,0.0252393385552654,0.0,0.0087032201914708,0.0619569256016384,,,,,,,,,,
249,2024-09-10 11:39:15,structural_engineer_interview.txt,3,0,0.0194624652455977,0.0,0.0101946246524559,0.05641582134193,,,,,,,,,,
249,2024-09-10 11:39:15,ai_ethicist_interview.txt,1,0,0.014453477868112,0.018970189701897,0.00903342366757,0.1393185590641423,,,,,,,,,,
249,2024-09-10 11:39:15,ai_ethicist_interview.txt,2,0,0.0200174064403829,0.0217580504786771,0.0087032201914708,0.075367646882279,,,,,,,,,,
249,2024-09-10 11:39:15,ai_ethicist_interview.txt,3,0,0.0179414542020774,0.0273843248347497,0.0066100094428706,0.1215921933172631,,,,,,,,,,
249,2024-09-10 11:39:15,sales_manager_interview.txt,1,0,0.0149532710280373,0.0102803738317757,0.011214953271028,0.1013967878836026,,,,,,,,,,
249,2024-09-10 11:39:15,sales_manager_interview.txt,2,0,0.0201535508637236,0.0019193857965451,0.0115163147792706,0.1027161951122034,,,,,,,,,,
249,2024-09-10 11:39:15,sales_manager_interview.txt,3,0,0.0189359783588818,0.0,0.0108205590622182,0.0913223939557143,,,,,,,,,,
249,2024-09-10 11:39:15,frontend_developer_interview.txt,1,0,0.0236139630390143,0.0,0.0164271047227926,0.0932012115959217,,,,,,,,,,
249,2024-09-10 11:39:15,frontend_developer_interview.txt,2,0,0.0189768976897689,0.0,0.0123762376237623,0.0509937993466778,,,,,,,,,,
249,2024-09-10 11:39:15,frontend_developer_interview.txt,3,0,0.0222868217054263,0.0,0.0106589147286821,0.0836291794557584,,,,,,,,,,
249,2024-09-10 11:39:15,public_relations_specialist_interview.txt,1,0,0.0127576054955839,0.0,0.0098135426889106,0.0601962005889363,,,,,,,,,,
249,2024-09-10 11:39:15,public_relations_specialist_interview.txt,2,0,0.0208530805687203,0.0,0.0085308056872037,0.0925605120705858,,,,,,,,,,
249,2024-09-10 11:39:15,public_relations_specialist_interview.txt,3,0,0.0129870129870129,0.0,0.0129870129870129,0.0781166395122645,,,,,,,,,,
249,2024-09-10 11:39:15,logistics_coordinator_interview.txt,1,0,0.0219341974077766,0.0029910269192422,0.0159521435692921,0.0834045908591352,,,,,,,,,,
249,2024-09-10 11:39:15,logistics_coordinator_interview.txt,2,0,0.0226600985221674,0.0,0.0088669950738916,0.0540226426880479,,,,,,,,,,
249,2024-09-10 11:39:15,logistics_coordinator_interview.txt,3,0,0.0247148288973384,0.0047528517110266,0.0085551330798479,0.066571629920186,,,,,,,,,,
249,2024-09-10 11:39:15,chemist_interview.txt,1,0,0.0224358974358974,0.0021367521367521,0.0106837606837606,0.1131809993476552,,,,,,,,,,
249,2024-09-10 11:39:15,chemist_interview.txt,2,0,0.025130890052356,0.0,0.0104712041884816,0.0850138751876886,,,,,,,,,,
249,2024-09-10 11:39:15,chemist_interview.txt,3,0,0.0171990171990172,0.0024570024570024,0.0098280098280098,0.0914520921929204,,,,,,,,,,
249,2024-09-10 11:39:15,manufacturing_engineer_interview.txt,1,0,0.0211817168338907,0.0044593088071348,0.0167224080267558,0.0969256418471319,,,,,,,,,,
249,2024-09-10 11:39:15,manufacturing_engineer_interview.txt,2,0,0.0366492146596858,0.0020942408376963,0.0052356020942408,0.088918840487053,,,,,,,,,,
249,2024-09-10 11:39:15,manufacturing_engineer_interview.txt,3,0,0.0297397769516728,0.0018587360594795,0.0074349442379182,0.0414277484162447,,,,,,,,,,
249,2024-09-10 11:39:15,event_planner_interview.txt,1,0,0.0217176702862783,0.0039486673247778,0.0098716683119447,0.1109025220430191,,,,,,,,,,
249,2024-09-10 11:39:15,event_planner_interview.txt,2,0,0.0130260521042084,0.0040080160320641,0.0100200400801603,0.0821376007906654,,,,,,,,,,
249,2024-09-10 11:39:15,event_planner_interview.txt,3,0,0.0142993326978074,0.0,0.0095328884652049,0.0880954023444849,,,,,,,,,,
249,2024-09-10 11:39:15,seo_specialist_interview.txt,1,0,0.0133928571428571,0.0,0.0089285714285714,0.1146541410797448,,,,,,,,,,
249,2024-09-10 11:39:15,seo_specialist_interview.txt,2,0,0.0128968253968253,0.0,0.0089285714285714,0.0779641821530215,,,,,,,,,,
249,2024-09-10 11:39:15,seo_specialist_interview.txt,3,0,0.0207684319833852,0.0,0.0145379023883696,0.1199203065129848,,,,,,,,,,
249,2024-09-10 11:39:15,procurement_specialist_interview.txt,1,0,0.02068345323741,0.0044964028776978,0.0098920863309352,0.0640662675978304,,,,,,,,,,
249,2024-09-10 11:39:15,procurement_specialist_interview.txt,2,0,0.0151636073423782,0.0,0.0119712689545091,0.0803629021415239,,,,,,,,,,
249,2024-09-10 11:39:15,procurement_specialist_interview.txt,3,0,0.0206463195691202,0.011669658886894,0.0089766606822262,0.0806607437639443,,,,,,,,,,
249,2024-09-10 11:39:15,aerospace_engineer_interview.txt,-999,0,0.0248638010310052,0.006207260003251,0.0105319496607834,0.1110052041976735,0.0104338705671366,43.12676897672759,0.0050432906880136,14.281634316860291,0.0018728904262914,-20.37757892545368,0.0129318739566938,47.21629007694753,32.0,5.0
249,2024-09-10 11:39:15,agricultural_engineer_interview.txt,-999,0,0.0221551560676135,0.00139470013947,0.0110156081417437,0.0666934618140299,0.0019063789273387,27.53463962241433,0.0024156915028854,-74.32222732137728,0.0017527650545462,-16.721080321905447,0.0142774016931725,-11.550417013188792,51.0,85.0
249,2024-09-10 11:39:15,ai_ethicist_interview.txt,-999,0,0.0174707795035241,0.0227041883384413,0.0081155511006371,0.1120927997545615,0.0028116678845885,0.5693465261432635,0.0042861171409255,318.005971684114,0.0013142489666573,-38.64575431906693,0.0330167934658625,48.65867094680388,73.0,3.0
249,2024-09-10 11:39:15,ai_professor_interview.txt,-999,0,0.0223631707527873,0.0039565883514928,0.0109328509490749,0.0669398918399564,0.0071600643321249,28.73206192126221,0.0034593241920975,-27.155398212603885,0.001324437349491,-17.34673162616106,0.0315841787161118,-11.223598874861976,50.0,84.0
249,2024-09-10 11:39:15,ai_software_developer_interview.txt,-999,0,0.0309640018409265,0.0009560229445506,0.0126946124477218,0.0865985703485276,0.0013689730322949,78.24215744627358,0.0016558803131633,-82.39869693061904,0.0010425759793394,-4.027667217743712,0.004859078376407,14.847951002147482,6.0,47.0
249,2024-09-10 11:39:15,architect_interview.txt,-999,0,0.0277771847064148,0.0052445122702421,0.0109284807156106,0.1021549637394024,0.0053580708597033,59.89746271462147,0.0012236848415908,-3.443478584078562,0.0041077479742795,-17.379770956987116,0.009476701678309,35.479006442610626,14.0,12.0
249,2024-09-10 11:39:15,astronomer_interview.txt,-999,0,0.0255385664480455,0.0029993059859156,0.0106336374997199,0.0757492451216594,0.0059722719826655,47.011009919525264,0.003668166587492,-44.77988843591879,0.001033948782922,-19.608810350713284,0.0311452369242596,0.4594597482280562,25.0,73.0
249,2024-09-10 11:39:15,backend_developer_interview.txt,-999,0,0.0259429029252175,0.0057011679381095,0.0093788320491654,0.0720408968870913,0.0011156006108936,49.338545177907605,0.0045515870569273,4.963992025596227,0.0024417064854594,-29.09524459780303,0.0033090687231059,-4.458591376963696,21.0,79.0
249,2024-09-10 11:39:15,barista_interview.txt,-999,0,0.0165456282572972,0.0012357120790855,0.0079951699589806,0.093518362545559,0.0044406699845189,-4.756223306165154,0.0021403161045027,-77.24935062023789,0.0007064261634794,-39.55584582720406,0.0086030125546224,24.025053487687813,78.0,32.0
249,2024-09-10 11:39:15,bartender_interview.txt,-999,0,0.0123615739891645,0.0012932428063368,0.0082786616659107,0.0909814552719713,0.0015762917380258,-28.841445347411195,0.0022399622470984,-76.19015452884256,0.0022156430610154,-37.41262479146575,0.0181136845341455,20.660579904793977,88.0,38.0
249,2024-09-10 11:39:15,biologist_interview.txt,-999,0,0.024867653723791,0.0068243797764645,0.0106497179545141,0.1072716601660943,0.0012214955239675,43.14894673907384,0.0051779392632287,25.643403634587287,0.0044531276343857,-19.48724076635956,0.0202920609656904,42.26482401604781,31.0,8.0
249,2024-09-10 11:39:15,biomedical_engineer_interview.txt,-999,0,0.0262012861214368,0.0046443913071079,0.0120113691759559,0.0856200109883369,0.0072601952589727,50.82591036340881,0.0072705581325361,-14.49228343821126,0.0017124911428666,-9.193043547205775,0.0151832048128891,13.550175103543708,18.0,50.0
249,2024-09-10 11:39:15,business_analyst_interview.txt,-999,0,0.0207482488014077,0.002429569492071,0.011410061511094,0.086143703130478,0.0041106783476335,19.43587423208622,0.0028084822317899,-55.26928594986494,0.0024819319007666,-13.738979829569216,0.0215546878417419,14.244701228383503,55.0,48.0
249,2024-09-10 11:39:15,business_intelligence_analyst_interview.txt,-999,0,0.0228179951063223,0.0002858776443682,0.0111322411879744,0.0852261531350135,0.0021203888588557,31.35022718457861,0.0004951546047938,-94.73671726398727,0.0025317556039149,-15.839324728944035,0.0140947286330807,13.027836602362314,47.0,52.0
249,2024-09-10 11:39:15,chef_interview.txt,-999,0,0.01834070992223,0.0020354053316641,0.0059596984361361,0.0786965309413151,0.0014806476729406,5.577041444095926,0.0027593035858979,-62.52622772720877,0.0022814571688716,-54.94418093106948,0.0171651707945957,4.368181751869088,68.0,63.0
249,2024-09-10 11:39:15,chemical_engineer_interview.txt,-999,0,0.0228452452044955,0.0008488964346349,0.0105931637602502,0.0643828724519648,0.0055221192576212,31.507090509737907,0.0014703317551518,-84.37099914212861,0.0009719753540731,-19.91479520919752,0.009392108241614,-14.614745359171051,45.0,88.0
249,2024-09-10 11:39:15,chemist_interview.txt,-999,0,0.0215886015624235,0.0015312515312515,0.0103276582334173,0.0965489889094214,0.0040332473843402,24.273307387816143,0.0013357351930211,-71.80818469824557,0.0004455686958158,-21.922039217761352,0.0147590815420456,28.044302613185664,53.0,23.0
249,2024-09-10 11:39:15,civil_engineer_interview.txt,-999,0,0.0225037226281007,0.0028278278278278,0.0103511471670675,0.0991764310292473,0.0052446702663211,29.54113917224788,0.00331871839264,-47.93696646159432,0.0030363452802509,-21.7444609130862,0.014937126184255,31.528844478302887,49.0,15.0
249,2024-09-10 11:39:15,cloud_architect_interview.txt,-999,0,0.0277484397819508,0.0044812282055237,0.0105825488536836,0.0964654496823853,0.004156741647881,59.73199452422347,0.0016359637589676,-17.4962732661688,0.0017288155735662,-19.99504479142425,0.0057977428870893,27.933511996033616,15.0,24.0
249,2024-09-10 11:39:15,computer_vision_engineer_interview.txt,-999,0,0.0357638355345077,0.0009785419047988,0.0137979344173015,0.095590068986941,0.0073406132606229,105.8720716066725,9.192872213225054e-05,-81.98410118645381,0.0041128320258283,4.313539232357954,0.030490920212727,26.772572747106096,2.0,26.0
249,2024-09-10 11:39:15,construction_manager_interview.txt,-999,0,0.0235830914727384,0.0012547157690645,0.0114795457830889,0.0931775559639549,0.0036550377631926,35.75445205528192,0.0014473949782228,-76.89947438697047,0.0016131406860518,-13.21367291669695,0.0219976040616951,23.573072150955014,38.0,34.0
249,2024-09-10 11:39:15,content_writer_interview.txt,-999,0,0.0181633970107107,0.0006613756613756,0.0115884760701824,0.0973816058988209,0.0025607394392879,4.556351804086091,0.0011455362483921,-87.82343716231978,0.0019957283383192,-12.390150827616878,0.0281831935983532,29.148528177386765,69.0,21.0
249,2024-09-10 11:39:15,cto_of_a_fintec_interview.txt,-999,0,0.035485389650075,0.0073308559066635,0.0101677353392876,0.1006842687691298,0.0047349005620087,104.26921692954508,0.002992408782103,34.968116933420106,0.0026312324390132,-23.131069684671843,0.0173911804692004,33.52855502978494,3.0,14.0
249,2024-09-10 11:39:15,customer_service_representative_interview.txt,-999,0,0.0154211389269272,0.0016406239793857,0.0072770511400227,0.1017865006868058,0.0044465550689531,-11.22926917730797,0.0020922766213204,-69.79453260127131,0.0008273577465881,-44.98488421290134,0.0327383276406128,34.9903467979953,83.0,13.0
249,2024-09-10 11:39:15,cybersecurity_specialist_interview.txt,-999,0,0.0197501535751233,0.0074318610521088,0.0110559137888554,0.0875971312256126,0.0045577993403394,13.690407370802518,0.0027558972224825,36.82771893009115,0.0020539136728901,-16.416366255719325,0.0327658368873834,16.172253126565607,58.0,45.0
249,2024-09-10 11:39:15,data_engineer_interview.txt,-999,0,0.0318589184817599,0.0020111024456151,0.0138997878753923,0.0874479841276532,0.0053763814717264,83.39368384186653,0.0019091752291829,-62.97366726330723,0.0013544203410587,5.083559901769476,0.0177704301269687,15.97445264868682,5.0,46.0
249,2024-09-10 11:39:15,data_scientist_interview.txt,-999,0,0.0229902139570439,0.0065574671618583,0.0105940887459188,0.0904031161748122,0.0032417474340839,32.341593212239985,0.0007569493627703,20.72928536001733,0.0016831383543049,-19.90780224011162,0.0109789268015035,19.89358040323374,43.0,41.0
249,2024-09-10 11:39:15,database_administrator_interview.txt,-999,0,0.0255968258231404,0.0052856867125903,0.0100895572510514,0.0792674496987122,0.00211195108124,47.346376025035056,0.0020398746901768,-2.685417449025067,0.0015514373529905,-23.722102576096333,0.0206126706109933,5.125340319404998,24.0,61.0
249,2024-09-10 11:39:15,devops_engineer_interview.txt,-999,0,0.0253488175053319,0.0049807771365391,0.0101700607768709,0.067908179987329,0.0028456293098038,45.91873311705743,0.0035455343144024,-8.29909637527166,0.0016262736651054,-23.113489181877853,0.0152825175007814,-9.93944476864698,27.0,83.0
249,2024-09-10 11:39:15,digital_marketing_specialist_interview.txt,-999,0,0.013348734061532,0.000372856077554,0.0108720880764389,0.0767248704761047,0.0014662413539423,-23.158925951257743,0.0006458056702344,-93.13536054788496,0.0008228461459519,-17.806104029804487,0.0121693454973839,1.7533445370049492,85.0,69.0
249,2024-09-10 11:39:15,electrical_engineer_interview.txt,-999,0,0.0328796572861772,0.0054983199331929,0.0118364394817424,0.0732093865101942,0.0034445290893602,89.2694969109638,0.0022484336864597,1.2293649103096698,0.0006857276751429,-10.51552667898214,0.0102824650935649,-2.908927930551912,4.0,77.0
249,2024-09-10 11:39:15,environmental_engineer_interview.txt,-999,0,0.0269709243500441,0.0033975465079759,0.008018395085791,0.0984264714104346,0.0043183789213162,55.25628015297454,0.0023096661688242,-37.44789691495447,0.0022337682481339,-39.38026192432117,0.0283183633029981,30.53424000379087,17.0,19.0
249,2024-09-10 11:39:15,environmental_scientist_interview.txt,-999,0,0.024289383759958,0.0038423681916942,0.0088337404429026,0.0856416324544367,0.0063683209955971,39.82017526859346,0.0020035535079711,-29.25830134971723,0.0009891098020258,-33.21618277126136,0.0246076882526717,13.578849723335026,34.0,49.0
249,2024-09-10 11:39:15,event_planner_interview.txt,-999,0,0.0163476850294314,0.002652227785614,0.0098081989524366,0.0937118417260565,0.0046939180980897,-5.895669950302064,0.0022970883172728,-51.16993234344797,0.0002497007082202,-25.84919486638148,0.0151826699614618,24.281647647987214,79.0,31.0
249,2024-09-10 11:39:15,financial_analyst_interview.txt,-999,0,0.0256830335134436,0.0044352920493091,0.0084113955521218,0.0797546889756652,0.0102045350035642,47.84262469428171,0.0054707810410207,-18.342002139082524,0.0018508344496871,-36.40914550043634,0.0140136200779497,5.771522264217779,23.0,60.0
249,2024-09-10 11:39:15,fire_protection_engineer_interview.txt,-999,0,0.0250526985488797,0.0058581079808357,0.0078899336721653,0.0703882495760176,0.0106623499106954,44.21414461038029,0.0014074945430104,7.853409347106606,0.0008325575900282,-40.351440964952765,0.0112802748937696,-6.650349931892947,30.0,81.0
249,2024-09-10 11:39:15,frontend_developer_interview.txt,-999,0,0.0216258941447365,0.0,0.0131540856917457,0.0759413967994526,0.0023881400071295,24.48797958562716,0.0,-100.0,0.0029617207269909,-0.5540110300026271,0.0221290061643615,0.714293360230684,52.0,71.0
249,2024-09-10 11:39:15,full_stack_developer_interview.txt,-999,0,0.0278801349545006,0.006757931319208,0.0096932682107568,0.0819169775487888,0.007858724548736,60.490088771896666,0.0038525445925043,24.42002354592876,0.0021359945171852,-26.718080894437502,0.0095611800031958,8.639172516400365,13.0,56.0
249,2024-09-10 11:39:15,game_developer_interview.txt,-999,0,0.0183624224283687,0.0006055101422948,0.0091813395713664,0.115798559706512,0.0029897779498135,5.702027999697151,0.0010487743309529,-88.85197516768241,0.0018935857881694,-30.58830426223737,0.0298994422292042,53.57328946388168,67.0,1.0
249,2024-09-10 11:39:15,gardener_interview.txt,-999,0,0.0153172147881889,0.0003436426116838,0.0074714356870476,0.1112720258912082,0.0054578624833325,-11.827501369472005,0.000595206463082,-93.67320858743211,0.0021994925146233,-43.51532076528694,0.0197136652372562,47.570151863141575,84.0,4.0
249,2024-09-10 11:39:15,geologist_interview.txt,-999,0,0.0281774091862397,0.0006213109661385,0.009947900646262,0.0729660366008621,0.0051953525917046,62.20132754169671,0.0010761421606516,-88.56106678436005,0.0012214285313308,-24.793038366506792,0.0084756081485175,-3.231661185279634,12.0,78.0
249,2024-09-10 11:39:15,geotechnical_engineer_interview.txt,-999,0,0.0257065471073356,0.0033764398820781,0.0098568925925552,0.0801312209016128,0.004548655084371,47.97797908826965,0.0026177328918354,-37.83649022363671,0.0011742814382924,-25.481066870896285,0.0133561057348976,6.270882935045606,22.0,59.0
249,2024-09-10 11:39:15,graphic_designer_interview.txt,-999,0,0.0128341042321809,0.0,0.0094898117216228,0.0908385599806036,0.0018768961229627,-26.12135734307172,0.0,-100.0,0.0020398959086942,-28.25622898381674,0.0310787514823624,20.471070639740446,86.0,40.0
249,2024-09-10 11:39:15,hotel_manager_interview.txt,-999,0,0.0167474347876178,0.0,0.0070889663814977,0.0659109095009881,0.0010709731790283,-3.594537825849073,0.0,-100.0,0.0019138196255287,-46.40682073209529,0.0129682240357941,-12.588246267680177,76.0,87.0
249,2024-09-10 11:39:15,human_resources_manager_interview.txt,-999,0,0.0180978797157888,0.0031832102590802,0.0138335336255331,0.0984992425867674,0.0005519562857525,4.179205979818576,0.0033689786307499,-41.394033665197774,0.0012775004891022,4.582672226630692,0.0154548239785154,30.63074991683212,70.0,17.0
249,2024-09-10 11:39:15,industrial_engineer_interview.txt,-999,0,0.0228305935505717,0.0026060821618843,0.0100312864932704,0.0961481245878339,0.0030445198318576,31.42274926667312,0.0037225608938435,-52.01951771503447,0.0026908198836437,-24.16263438281864,0.0227037226774715,27.51267205879077,46.0,25.0
249,2024-09-10 11:39:15,it_manager_interview.txt,-999,0,0.0231427950778346,0.0032947820211298,0.0123614520732558,0.0659653060845774,0.0027134731733094,33.21991599154396,0.0021527142727677,-39.33989008107909,0.0043091484615745,-6.546387537862188,0.0239274086817247,-12.5161049362286,41.0,86.0
249,2024-09-10 11:39:15,logistics_coordinator_interview.txt,-999,0,0.0231030416090941,0.0025812928767562,0.0111247572410105,0.0679996211557897,0.0014422644708505,32.99107786943463,0.0024027715946238,-52.47591232658558,0.0041835461689447,-15.895903994478871,0.0147429335211428,-9.818174512190197,42.0,82.0
249,2024-09-10 11:39:15,lorry_driver_interview.txt,-999,0,0.0124120369278106,0.0,0.0099226089370559,0.0768075942365816,0.0007131675748299,-28.55095889473705,0.0,-100.0,0.0006866498614858,-24.98424580529669,0.025594900105986,1.8630536736769017,87.0,68.0
249,2024-09-10 11:39:15,machine_learning_engineer_interview.txt,-999,0,0.0251657341694516,0.0055377484051585,0.0097263756941576,0.0952196594432938,0.0025880135348302,44.8648264241366,0.0037408890193452,1.9552810492311463,0.0016461035062996,-26.46778554847009,0.0075049930388606,26.281331645222977,29.0,28.0
249,2024-09-10 11:39:15,manufacturing_engineer_interview.txt,-999,0,0.0291902361484164,0.0028040952347702,0.0097976514529716,0.0757574102501432,0.0077483784476867,68.03159663241624,0.0014382852994958,-48.37390635452213,0.0060970047294441,-25.928934845277823,0.0299986912752424,0.4702884290280309,8.0,72.0
249,2024-09-10 11:39:15,marine_engineer_interview.txt,-999,0,0.019984895636,0.0048131565987012,0.0098042437336383,0.0760151751461524,0.0030869930176766,15.041683978684432,0.003084591961761,-11.385151897218975,0.0032266158242057,-25.879096651591624,0.0065522650112291,0.8121389933941003,56.0,70.0
249,2024-09-10 11:39:15,marketing_manager_interview.txt,-999,0,0.0189914628275157,0.0,0.0095037362486781,0.0809983161818502,0.0016829079109803,9.323056006375223,0.0,-100.0,0.0004662320260121,-28.15095839364376,0.0230890297997828,7.420833977633336,61.0,58.0
249,2024-09-10 11:39:15,materials_engineer_interview.txt,-999,0,0.0286679148102307,0.0051007932052458,0.0111912743721215,0.0909025770339821,0.005064073330184,65.02488959639606,0.0020809364745432,-6.089484973638449,0.0012335401217173,-15.39302891507063,0.0356750972407184,20.55597074121013,9.0,39.0
249,2024-09-10 11:39:15,mechanical_engineer_interview.txt,-999,0,0.0245287107804359,0.0006195786864931,0.007779278142522,0.1023084205353035,0.0013876907017594,41.1978448826286,0.0010731417642929,-88.59295972083488,0.0003319020310878,-41.1880060321306,0.0085426166197715,35.682522488033385,33.0,10.0
249,2024-09-10 11:39:15,meteorologist_interview.txt,-999,0,0.0298635579083733,0.0033153168583932,0.0084489092168366,0.0953266034520779,0.0008427394444072,71.90752726201615,0.0018786161897466,-38.96182395179368,0.0005779357378675,-36.12553905488931,0.0119186612099387,26.42316193446881,7.0,27.0
249,2024-09-10 11:39:15,microbiologist_interview.txt,-999,0,0.0251746551114255,0.0009120813397129,0.0125583153364486,0.0916428250101727,0.0077102634298827,44.91617921606738,0.0009600865883181,-83.20770419191206,0.0024339747964595,-5.058084788523232,0.025527248803454,21.537695531317084,28.0,37.0
249,2024-09-10 11:39:15,mining_engineer_interview.txt,-999,0,0.0261098779629463,0.0072546193215273,0.0085568576906737,0.093909004861048,0.0047209891861564,50.29972555495783,0.0037815392041231,33.564527984424274,0.0028364419414043,-35.30943955621713,0.0060976237110411,24.54312750817201,20.0,30.0
249,2024-09-10 11:39:15,mobile_app_developer_interview.txt,-999,0,0.0189584972852044,0.0027637645329413,0.012288176086118,0.1080393265261535,0.0044936255084391,9.133292118195229,0.00280733074982,-49.11643341408496,0.0032424324733249,-7.100360134623074,0.0236365220102743,43.2829113603452,62.0,7.0
249,2024-09-10 11:39:15,natural_language_processing_engineer_interview.txt,-999,0,0.0368176959322275,0.0013704416796706,0.0126649226253499,0.0922915767931815,0.0044064977261049,111.93854686080078,0.0015416049752556,-74.76884892743666,0.0004425970675954,-4.252124760236924,0.0154768321598873,22.39807709059332,1.0,35.0
249,2024-09-10 11:39:15,network_administrator_interview.txt,-999,0,0.0195913189967583,0.0058740747992213,0.0104398377656416,0.0931784271897787,0.0053612394191367,12.776086990953388,0.0025877244259592,8.147373849801198,0.0032624335794062,-21.07395256349561,0.0352041387897604,23.574227579968635,59.0,33.0
249,2024-09-10 11:39:15,no_persona_interview.txt,-999,0,0.017371873346102,0.0054315464075711,0.0132273667625893,0.0754027996084216,0.0036695737913253,2.8421709430404014e-14,0.0010284840311784,0.0,0.0003333475653023,0.0,0.0048231291858083,0.0,74.0,74.0
249,2024-09-10 11:39:15,nuclear_engineer_interview.txt,-999,0,0.0239533186399327,0.0057520549824626,0.0094354284093857,0.0810216851151034,0.0023302981645527,37.8856394051904,0.0027631461089348,5.900871516898661,0.0033303632941791,-28.667371376805264,0.0003224451426704,7.451826107069621,35.0,57.0
249,2024-09-10 11:39:15,operations_manager_interview.txt,-999,0,0.0166933439650734,0.0019603143270731,0.0102446332380552,0.0849031657200842,0.003198189962949,-3.9059079438943343,0.002701595253063,-63.90872543516165,0.0024269052621242,-22.549715132796425,0.0141409191237349,12.599487235221218,77.0,53.0
249,2024-09-10 11:39:15,petroleum_engineer_interview.txt,-999,0,0.0239022898945875,0.0021456301864559,0.0090700043165895,0.0784344514709221,0.0033804765303238,37.591895924976825,0.00192135772952,-60.49688200279248,0.0010246836549682,-31.430008108325552,0.0203636023499927,4.020609152769211,36.0,64.0
249,2024-09-10 11:39:15,physicist_interview.txt,-999,0,0.0261779636288157,0.0019493177387914,0.0126309080028924,0.0773601940305492,0.0012350208219295,50.69165603080762,0.003376317363682,-64.11118321525831,0.0012355285816252,-4.5092781534104205,0.0102067303766029,2.5959174358148687,19.0,66.0
249,2024-09-10 11:39:15,procurement_specialist_interview.txt,-999,0,0.0188311267163028,0.0053886872548639,0.0102800053225568,0.0750299711677662,0.0031762192140836,8.400092155450963,0.0058857763456843,-0.789078275156001,0.001534529417819,-22.28229921293505,0.0094960136049333,-0.4944490689889278,63.0,75.0
249,2024-09-10 11:39:15,product_manager_interview.txt,-999,0,0.0198267795307269,0.0025518341307814,0.0099981635343477,0.0715292872877496,0.0053410286026906,14.131499440016611,0.0044199063670019,-53.01827620906542,0.0024286134018087,-24.41304672502692,0.0171422349516534,-5.137093504203861,57.0,80.0
249,2024-09-10 11:39:15,professor_of_classics_interview.txt,-999,0,0.0187568506215981,0.0,0.0125272071568233,0.102280287509838,0.0035261865432015,7.972526899678286,0.0,-100.0,0.002638134643526,-5.293265230584368,0.0237956869562254,35.645212168507385,65.0,11.0
249,2024-09-10 11:39:15,project_manager_interview.txt,-999,0,0.0175731922234049,0.0024668516805427,0.0135713735354125,0.0917133807952924,0.004613876545211,1.158878339094045,0.0042727124454366,-54.58288495695962,0.002434455913166,2.600719999661024,0.0048433290520752,21.631267368816708,72.0,36.0
249,2024-09-10 11:39:15,public_relations_specialist_interview.txt,-999,0,0.015532566350439,0.0,0.0104437871210424,0.0769577840572622,0.0046091279662731,-10.58784483986409,0.0,-100.0,0.0022939816712199,-21.044095106061505,0.0162132468646628,2.062237021590491,82.0,67.0
249,2024-09-10 11:39:15,quality_control_engineer_interview.txt,-999,0,0.023853539650595,0.0064625773044779,0.0095619320576779,0.0892710802954945,0.0041828465876388,37.31126848186082,0.0028709471802878,18.982271705707905,0.0031045460119224,-27.71099320598151,0.0127823053025274,18.3922623020538,37.0,43.0
249,2024-09-10 11:39:15,restaurant_manager_interview.txt,-999,0,0.0183823355175581,0.0019193857965451,0.0091176400893761,0.0847801679626468,0.0051993576887123,5.81665633478022,0.0033244737189421,-64.66225909678984,0.0020575527065491,-31.0698776784251,0.0185950859295247,12.436366292661887,66.0,54.0
249,2024-09-10 11:39:15,retail_manager_interview.txt,-999,0,0.0190546023921215,0.0016374188353926,0.0099209982937018,0.0879560730645905,0.0025738418510194,9.686514588808365,0.0015155764299191,-69.85354238877147,0.0002934011949135,-24.996422403882107,0.0229730554958179,16.64828563575884,60.0,44.0
249,2024-09-10 11:39:15,robotics_engineer_interview.txt,-999,0,0.022802161251969,0.0036688827727921,0.0097560371225165,0.0988775370646232,0.0030106007834307,31.25908068564988,0.0009625238564602,-32.45233497999678,0.0021214975793237,-26.24354266709173,0.0325780268255685,31.13244810286818,48.0,16.0
249,2024-09-10 11:39:15,safety_engineer_interview.txt,-999,0,0.0232612361204358,0.0075742191421613,0.0117172775394082,0.1100896274353139,0.0002769167959567,33.901713747269355,0.0014569775707692,39.44866846030192,0.0021704856493198,-11.41640093818252,0.0059431382445569,46.00204237379288,40.0,6.0
249,2024-09-10 11:39:15,sales_manager_interview.txt,-999,0,0.0180142667502142,0.0040665865427736,0.0111839423708389,0.0984784589838401,0.0027199065810291,3.697893665891499,0.0054662029612627,-25.13022558170336,0.0003489129710983,-15.448459458535396,0.006232347781839,30.60318648014916,71.0,18.0
249,2024-09-10 11:39:15,seo_specialist_interview.txt,-999,0,0.0156860381743559,0.0,0.0107983484151708,0.1041795432485837,0.0044084642445881,-9.704394788973204,0.0,-100.0,0.0032385487396132,-18.36358204180482,0.0228553493217802,38.16402546006793,81.0,9.0
249,2024-09-10 11:39:15,shop_assistant_interview.txt,-999,0,0.0188160744836035,0.0031727315346873,0.0092588717405459,0.0900752468821488,0.0072952252539734,8.31344500807998,0.0027491581876149,-41.58695707239386,0.0022535941865831,-30.002154572952364,0.0350664553467773,19.45875663758304,64.0,42.0
249,2024-09-10 11:39:15,social_media_manager_interview.txt,-999,0,0.0161793697501708,0.0,0.0104651701497693,0.0774461482716242,0.0032920730748964,-6.864565336004986,0.0,-100.0,0.0040732316016145,-20.88243761889362,0.0083795848213133,2.7099108704371275,80.0,65.0
249,2024-09-10 11:39:15,software_quality_assurance_tester_interview.txt,-999,0,0.0284785637335296,0.0065458721515943,0.0100402264415345,0.0845679783719093,0.0115579034244066,63.93490308239959,0.003685634398233,20.51581005494012,0.0004247071136885,-24.09504762557081,0.0206223477935623,12.154958186014156,10.0,55.0
249,2024-09-10 11:39:15,structural_engineer_interview.txt,-999,0,0.0212239978342534,0.0006022282445046,0.0105148793261749,0.0790085338500657,0.0034860872955355,22.17449097978641,0.001043089917235,-88.91239806650256,0.0019911966707159,-20.50663208406742,0.0344445944277354,4.781963349330852,54.0,62.0
249,2024-09-10 11:39:15,supply_chain_manager_interview.txt,-999,0,0.0283463250069813,0.0031783020490373,0.0085437872858172,0.0980925018239155,0.0061581422263195,63.17367990333486,0.0038779899110635,-41.48439853874587,0.0022851605722003,-35.40825291106772,0.0347936790442098,30.09132596312736,11.0,20.0
249,2024-09-10 11:39:15,system_administrator_interview.txt,-999,0,0.0271905131430432,0.0064079711418129,0.0118035194575377,0.0854443917171086,0.01148970133601,56.52032801139615,0.0020368273336266,17.976919664733686,0.0016327401849853,-10.764404817734771,0.0174218197910483,13.31726694610073,16.0,51.0
249,2024-09-10 11:39:15,transportation_engineer_interview.txt,-999,0,0.0228725637608497,0.0006510416666666,0.0093525924623148,0.0944827194118889,0.0040294174668898,31.66434790973139,0.0011276372445109,-88.01369595665854,0.0033895876374089,-29.293618070933192,0.0224374928554636,25.303993886901026,44.0,29.0
249,2024-09-10 11:39:15,travel_agent_interview.txt,-999,0,0.0171765821756142,0.0,0.0112047912570942,0.1153552967477106,0.0049926283042368,-1.124180257344733,0.0,-100.0,0.0038421468006462,-15.290840133166654,0.0259316837512685,52.98542938295182,75.0,2.0
249,2024-09-10 11:39:15,warehouse_manager_interview.txt,-999,0,0.0253558564753769,0.0027789672222965,0.010202149267106,0.0971438543857733,0.003699165773092,45.959252466380434,0.0018492598379035,-48.83653726270424,0.0032945018374368,-22.870897509544093,0.0144014133217098,28.833219575740287,26.0,22.0
249,2024-09-10 11:39:15,water_resources_engineer_interview.txt,-999,0,0.0234299955366074,0.0003055300947143,0.0087109945571039,0.0749741953463101,0.0082063787811941,34.873165776704724,0.0005291936472865,-94.37489672759776,0.0026063144934701,-34.144151943068195,0.013687147945152,-0.5684195604637239,39.0,76.0
250,2024-09-10 11:53:09,restaurant_manager_interview.txt,1,0,0.0239923224568138,0.0057581573896353,0.0095969289827255,0.1057629815230147,,,,,,,,,,
250,2024-09-10 11:53:09,restaurant_manager_interview.txt,2,0,0.0137254901960784,0.0,0.0068627450980392,0.0782344388231906,,,,,,,,,,
250,2024-09-10 11:53:09,restaurant_manager_interview.txt,3,0,0.0174291938997821,0.0,0.0108932461873638,0.0703430835417351,,,,,,,,,,
250,2024-09-10 11:53:09,geneticist_interview.txt,1,0,0.0295315682281059,0.0020366598778004,0.0071283095723014,0.0930832908681279,,,,,,,,,,
250,2024-09-10 11:53:09,geneticist_interview.txt,2,0,0.0295169946332737,0.0017889087656529,0.0098389982110912,0.0651080385223811,,,,,,,,,,
250,2024-09-10 11:53:09,geneticist_interview.txt,3,0,0.0135363790186125,0.0203045685279187,0.0076142131979695,0.0561982049149905,,,,,,,,,,
250,2024-09-10 11:53:09,speech_therapist_interview.txt,1,0,0.016378525932666,0.0009099181073703,0.0072793448589626,0.0761222506701454,,,,,,,,,,
250,2024-09-10 11:53:09,speech_therapist_interview.txt,2,0,0.0164948453608247,0.0,0.0144329896907216,0.1113489545330735,,,,,,,,,,
250,2024-09-10 11:53:09,speech_therapist_interview.txt,3,0,0.0228571428571428,0.0019047619047619,0.0066666666666666,0.0887568446294376,,,,,,,,,,
250,2024-09-10 11:53:09,customer_service_representative_interview.txt,1,0,0.0111008325624421,0.0009250693802035,0.0074005550416281,0.1378448303089362,,,,,,,,,,
250,2024-09-10 11:53:09,customer_service_representative_interview.txt,2,0,0.0151785714285714,0.0,0.0080357142857142,0.0739264790793847,,,,,,,,,,
250,2024-09-10 11:53:09,customer_service_representative_interview.txt,3,0,0.0199840127897681,0.0039968025579536,0.0063948840927258,0.0935881926720966,,,,,,,,,,
250,2024-09-10 11:53:09,construction_manager_interview.txt,1,0,0.0274361400189214,0.0028382213812677,0.0132450331125827,0.1046852646185726,,,,,,,,,,
250,2024-09-10 11:53:09,construction_manager_interview.txt,2,0,0.0201649862511457,0.0,0.0100824931255728,0.0678131415835667,,,,,,,,,,
250,2024-09-10 11:53:09,construction_manager_interview.txt,3,0,0.0231481481481481,0.0009259259259259,0.0111111111111111,0.1070342616897255,,,,,,,,,,
250,2024-09-10 11:53:09,doctor_interview.txt,1,0,0.0189243027888446,0.0029880478087649,0.0129482071713147,0.0560745682635509,,,,,,,,,,
250,2024-09-10 11:53:09,doctor_interview.txt,2,0,0.0337909186906019,0.0042238648363252,0.0126715945089757,0.0582097697119421,,,,,,,,,,
250,2024-09-10 11:53:09,doctor_interview.txt,3,0,0.0171543895055499,0.0010090817356205,0.0090817356205852,0.0947283013904602,,,,,,,,,,
250,2024-09-10 11:53:09,human_resources_manager_interview.txt,1,0,0.0187007874015748,0.0,0.0137795275590551,0.1147380468883236,,,,,,,,,,
250,2024-09-10 11:53:09,human_resources_manager_interview.txt,2,0,0.0176174496644295,0.0067114093959731,0.0125838926174496,0.0839706665150605,,,,,,,,,,
250,2024-09-10 11:53:09,human_resources_manager_interview.txt,3,0,0.0179754020813623,0.0028382213812677,0.0151371807000946,0.096789014356918,,,,,,,,,,
250,2024-09-10 11:53:09,water_resources_engineer_interview.txt,1,0,0.0219981668194317,0.0009165902841429,0.0091659028414298,0.0859478358544372,,,,,,,,,,
250,2024-09-10 11:53:09,water_resources_engineer_interview.txt,2,0,0.0160337552742616,0.0,0.0059071729957805,0.0596373786774617,,,,,,,,,,
250,2024-09-10 11:53:09,water_resources_engineer_interview.txt,3,0,0.032258064516129,0.0,0.0110599078341013,0.0793373715070314,,,,,,,,,,
250,2024-09-10 11:53:09,project_manager_interview.txt,1,0,0.0175438596491228,0.0,0.0136452241715399,0.0954968932903933,,,,,,,,,,
250,2024-09-10 11:53:09,project_manager_interview.txt,2,0,0.0129740518962075,0.0,0.0159680638722554,0.0862548877749709,,,,,,,,,,
250,2024-09-10 11:53:09,project_manager_interview.txt,3,0,0.0222016651248843,0.0074005550416281,0.0111008325624421,0.093388361320513,,,,,,,,,,
250,2024-09-10 11:53:09,biologist_interview.txt,1,0,0.0257270693512304,0.0011185682326621,0.0156599552572706,0.1192934369153189,,,,,,,,,,
250,2024-09-10 11:53:09,biologist_interview.txt,2,0,0.023469387755102,0.0112244897959183,0.0071428571428571,0.1186784467534034,,,,,,,,,,
250,2024-09-10 11:53:09,biologist_interview.txt,3,0,0.0254065040650406,0.008130081300813,0.0091463414634146,0.0838430968295604,,,,,,,,,,
250,2024-09-10 11:53:09,occupational_therapist_interview.txt,1,0,0.0221550855991943,0.0040281973816717,0.0120845921450151,0.0977760717603576,,,,,,,,,,
250,2024-09-10 11:53:09,occupational_therapist_interview.txt,2,0,0.0169204737732656,0.0,0.0101522842639593,0.0989199693396564,,,,,,,,,,
250,2024-09-10 11:53:09,occupational_therapist_interview.txt,3,0,0.0235756385068762,0.0009823182711198,0.0137524557956778,0.0807724595334455,,,,,,,,,,
250,2024-09-10 11:53:09,network_administrator_interview.txt,1,0,0.0237467018469656,0.0087950747581354,0.0070360598065083,0.1317918950397302,,,,,,,,,,
250,2024-09-10 11:53:09,network_administrator_interview.txt,2,0,0.0214876033057851,0.0049586776859504,0.0107438016528925,0.084875395522647,,,,,,,,,,
250,2024-09-10 11:53:09,network_administrator_interview.txt,3,0,0.0135396518375241,0.0038684719535783,0.0135396518375241,0.0628679910069587,,,,,,,,,,
250,2024-09-10 11:53:09,neuroscientist_interview.txt,1,0,0.019400352733686,0.0026455026455026,0.0114638447971781,0.0940918165648801,,,,,,,,,,
250,2024-09-10 11:53:09,neuroscientist_interview.txt,2,0,0.0206278026905829,0.000896860986547,0.010762331838565,0.0776841311344864,,,,,,,,,,
250,2024-09-10 11:53:09,neuroscientist_interview.txt,3,0,0.0202286719437115,0.0008795074758135,0.0140721196130167,0.0839655587036948,,,,,,,,,,
250,2024-09-10 11:53:09,retail_manager_interview.txt,1,0,0.0169779286926994,0.0,0.0101867572156196,0.1122733756676339,,,,,,,,,,
250,2024-09-10 11:53:09,retail_manager_interview.txt,2,0,0.0219341974077766,0.0029910269192422,0.0099700897308075,0.066617940601372,,,,,,,,,,
250,2024-09-10 11:53:09,retail_manager_interview.txt,3,0,0.0182516810758885,0.0019212295869356,0.0096061479346781,0.0849769029247658,,,,,,,,,,
250,2024-09-10 11:53:09,agricultural_engineer_interview.txt,1,0,0.0199637023593466,0.0,0.0127041742286751,0.0502855370767155,,,,,,,,,,
250,2024-09-10 11:53:09,agricultural_engineer_interview.txt,2,0,0.0234309623430962,0.00418410041841,0.009205020920502,0.0735084664910434,,,,,,,,,,
250,2024-09-10 11:53:09,agricultural_engineer_interview.txt,3,0,0.0230708035003977,0.0,0.011137629276054,0.0762863818743307,,,,,,,,,,
250,2024-09-10 11:53:09,electrical_engineer_interview.txt,1,0,0.0290697674418604,0.002906976744186,0.0125968992248062,0.0685499941317443,,,,,,,,,,
250,2024-09-10 11:53:09,electrical_engineer_interview.txt,2,0,0.0337954939341421,0.0069324090121317,0.011265164644714,0.0660814595625991,,,,,,,,,,
250,2024-09-10 11:53:09,electrical_engineer_interview.txt,3,0,0.0357737104825291,0.0066555740432612,0.0116472545757071,0.0849967058362392,,,,,,,,,,
250,2024-09-10 11:53:09,quality_control_engineer_interview.txt,1,0,0.0208333333333333,0.0083333333333333,0.0125,0.1030926002022468,,,,,,,,,,
250,2024-09-10 11:53:09,quality_control_engineer_interview.txt,2,0,0.0220994475138121,0.0031570639305445,0.0063141278610891,0.0868449072180144,,,,,,,,,,
250,2024-09-10 11:53:09,quality_control_engineer_interview.txt,3,0,0.0286278381046396,0.0078973346495557,0.0098716683119447,0.0778757334662224,,,,,,,,,,
250,2024-09-10 11:53:09,machine_learning_engineer_interview.txt,1,0,0.0248888888888888,0.0017777777777777,0.0115555555555555,0.0866385559193132,,,,,,,,,,
250,2024-09-10 11:53:09,machine_learning_engineer_interview.txt,2,0,0.0278810408921933,0.0055762081784386,0.0083643122676579,0.1005582652336592,,,,,,,,,,
250,2024-09-10 11:53:09,machine_learning_engineer_interview.txt,3,0,0.0227272727272727,0.0092592592592592,0.0092592592592592,0.098462157176909,,,,,,,,,,
250,2024-09-10 11:53:09,psychologist_interview.txt,1,0,0.0101729399796541,0.0010172939979654,0.0091556459816887,0.1332407291041926,,,,,,,,,,
250,2024-09-10 11:53:09,psychologist_interview.txt,2,0,0.0191431175934366,0.0054694621695533,0.0145852324521422,0.0983360607287232,,,,,,,,,,
250,2024-09-10 11:53:09,psychologist_interview.txt,3,0,0.0209125475285171,0.0019011406844106,0.0095057034220532,0.0560204186825785,,,,,,,,,,
250,2024-09-10 11:53:09,geologist_interview.txt,1,0,0.034090909090909,0.0,0.0087412587412587,0.0685066289105544,,,,,,,,,,
250,2024-09-10 11:53:09,geologist_interview.txt,2,0,0.0260950605778192,0.0018639328984156,0.0111835973904939,0.0676511267530602,,,,,,,,,,
250,2024-09-10 11:53:09,geologist_interview.txt,3,0,0.0243462578899909,0.0,0.0099188458070333,0.0827403541389718,,,,,,,,,,
250,2024-09-10 11:53:09,chemical_engineer_interview.txt,1,0,0.0216637781629116,0.0,0.011265164644714,0.0750403338180104,,,,,,,,,,
250,2024-09-10 11:53:09,chemical_engineer_interview.txt,2,0,0.0288624787775891,0.0025466893039049,0.0110356536502546,0.0573147208464427,,,,,,,,,,
250,2024-09-10 11:53:09,chemical_engineer_interview.txt,3,0,0.0180094786729857,0.0,0.0094786729857819,0.0607935626914412,,,,,,,,,,
250,2024-09-10 11:53:09,no_persona_interview.txt,1,0,0.0162671232876712,0.0042808219178082,0.0128424657534246,0.0794851619763919,,,,,,,,,,
250,2024-09-10 11:53:09,no_persona_interview.txt,2,0,0.0143815915627996,0.0057526366251198,0.0134228187919463,0.0700808695365404,,,,,,,,,,
250,2024-09-10 11:53:09,no_persona_interview.txt,3,0,0.0214669051878354,0.0062611806797853,0.0134168157423971,0.0766423673123326,,,,,,,,,,
250,2024-09-10 11:53:09,financial_analyst_interview.txt,1,0,0.0348101265822784,0.010548523206751,0.010548523206751,0.0957892245677808,,,,,,,,,,
250,2024-09-10 11:53:09,financial_analyst_interview.txt,2,0,0.0146654445462878,0.0,0.0073327222731439,0.0736220428785167,,,,,,,,,,
250,2024-09-10 11:53:09,financial_analyst_interview.txt,3,0,0.0275735294117647,0.0027573529411764,0.0073529411764705,0.0698527994806981,,,,,,,,,,
250,2024-09-10 11:53:09,civil_engineer_interview.txt,1,0,0.0175925925925925,0.0064814814814814,0.0111111111111111,0.0819329565382011,,,,,,,,,,
250,2024-09-10 11:53:09,civil_engineer_interview.txt,2,0,0.0218905472636815,0.0,0.0129353233830845,0.1074595250231967,,,,,,,,,,
250,2024-09-10 11:53:09,civil_engineer_interview.txt,3,0,0.028028028028028,0.002002002002002,0.007007007007007,0.1081368115263441,,,,,,,,,,
250,2024-09-10 11:53:09,meteorologist_interview.txt,1,0,0.0300820419325433,0.0018231540565177,0.0091157702825888,0.1042560228579623,,,,,,,,,,
250,2024-09-10 11:53:09,meteorologist_interview.txt,2,0,0.0289330922242314,0.0054249547920434,0.0081374321880651,0.0999312700696255,,,,,,,,,,
250,2024-09-10 11:53:09,meteorologist_interview.txt,3,0,0.0305755395683453,0.0026978417266187,0.0080935251798561,0.0817925174286459,,,,,,,,,,
250,2024-09-10 11:53:09,shop_assistant_interview.txt,1,0,0.0252100840336134,0.0046685340802987,0.011204481792717,0.128094806811465,,,,,,,,,,
250,2024-09-10 11:53:09,shop_assistant_interview.txt,2,0,0.020368574199806,0.0048496605237633,0.0067895247332686,0.0590014258170395,,,,,,,,,,
250,2024-09-10 11:53:09,shop_assistant_interview.txt,3,0,0.0108695652173913,0.0,0.0097826086956521,0.083129508017942,,,,,,,,,,
250,2024-09-10 11:53:09,social_media_manager_interview.txt,1,0,0.0166994106090373,0.0,0.0098231827111984,0.0858671092693353,,,,,,,,,,
250,2024-09-10 11:53:09,social_media_manager_interview.txt,2,0,0.019180470793374,0.0,0.014821272885789,0.077362773742314,,,,,,,,,,
250,2024-09-10 11:53:09,social_media_manager_interview.txt,3,0,0.0126582278481012,0.0,0.0067510548523206,0.0691085618032232,,,,,,,,,,
250,2024-09-10 11:53:09,marine_engineer_interview.txt,1,0,0.0217770034843205,0.0078397212543554,0.009581881533101,0.0816832560582103,,,,,,,,,,
250,2024-09-10 11:53:09,marine_engineer_interview.txt,2,0,0.0217573221757322,0.001673640167364,0.006694560669456,0.0688409940405418,,,,,,,,,,
250,2024-09-10 11:53:09,marine_engineer_interview.txt,3,0,0.0164203612479474,0.0049261083743842,0.0131362889983579,0.0775212753397053,,,,,,,,,,
250,2024-09-10 11:53:09,warehouse_manager_interview.txt,1,0,0.029520295202952,0.0027675276752767,0.0138376383763837,0.1091093694030684,,,,,,,,,,
250,2024-09-10 11:53:09,warehouse_manager_interview.txt,2,0,0.0240963855421686,0.0046339202965708,0.0074142724745134,0.0811600697578301,,,,,,,,,,
250,2024-09-10 11:53:09,warehouse_manager_interview.txt,3,0,0.0224508886810102,0.000935453695042,0.0093545369504209,0.1011621239964213,,,,,,,,,,
250,2024-09-10 11:53:09,business_intelligence_analyst_interview.txt,1,0,0.0205831903945111,0.0008576329331046,0.0094339622641509,0.0916627150260503,,,,,,,,,,
250,2024-09-10 11:53:09,business_intelligence_analyst_interview.txt,2,0,0.0230692076228686,0.0,0.0140421263791374,0.0690622405514743,,,,,,,,,,
250,2024-09-10 11:53:09,business_intelligence_analyst_interview.txt,3,0,0.0248015873015873,0.0,0.0099206349206349,0.094953503827516,,,,,,,,,,
250,2024-09-10 11:53:09,full_stack_developer_interview.txt,1,0,0.0356164383561643,0.0082191780821917,0.0073059360730593,0.0906058622444095,,,,,,,,,,
250,2024-09-10 11:53:09,full_stack_developer_interview.txt,2,0,0.0199044585987261,0.0023885350318471,0.0103503184713375,0.0716739230664871,,,,,,,,,,
250,2024-09-10 11:53:09,full_stack_developer_interview.txt,3,0,0.0281195079086115,0.0096660808435852,0.0114235500878734,0.0834711473354699,,,,,,,,,,
250,2024-09-10 11:53:09,travel_agent_interview.txt,1,0,0.014,0.0,0.009,0.1186250517585936,,,,,,,,,,
250,2024-09-10 11:53:09,travel_agent_interview.txt,2,0,0.0229312063808574,0.0,0.0089730807577268,0.1394970316807259,,,,,,,,,,
250,2024-09-10 11:53:09,travel_agent_interview.txt,3,0,0.0145985401459854,0.0,0.0156412930135557,0.0879438068038122,,,,,,,,,,
250,2024-09-10 11:53:09,robotics_engineer_interview.txt,1,0,0.0197368421052631,0.0037593984962406,0.0112781954887218,0.1351645616093166,,,,,,,,,,
250,2024-09-10 11:53:09,robotics_engineer_interview.txt,2,0,0.0229147571035747,0.0045829514207149,0.0073327222731439,0.0893227801804036,,,,,,,,,,
250,2024-09-10 11:53:09,robotics_engineer_interview.txt,3,0,0.0257548845470692,0.0026642984014209,0.0106571936056838,0.0721452694041495,,,,,,,,,,
250,2024-09-10 11:53:09,biomedical_engineer_interview.txt,1,0,0.0345768880800727,0.0009099181073703,0.013648771610555,0.0938869859348825,,,,,,,,,,
250,2024-09-10 11:53:09,biomedical_engineer_interview.txt,2,0,0.0223255813953488,0.0130232558139534,0.0102325581395348,0.0680972534709194,,,,,,,,,,
250,2024-09-10 11:53:09,biomedical_engineer_interview.txt,3,0,0.0217013888888888,0.0,0.0121527777777777,0.0948757935592089,,,,,,,,,,
250,2024-09-10 11:53:09,marketing_manager_interview.txt,1,0,0.0200400801603206,0.0,0.0100200400801603,0.0553095534050344,,,,,,,,,,
250,2024-09-10 11:53:09,marketing_manager_interview.txt,2,0,0.0198840099420049,0.0,0.0091135045567522,0.1000207957681361,,,,,,,,,,
250,2024-09-10 11:53:09,marketing_manager_interview.txt,3,0,0.0170502983802216,0.0,0.0093776641091219,0.08766459937238,,,,,,,,,,
250,2024-09-10 11:53:09,professor_of_classics_interview.txt,1,0,0.0181818181818181,0.0,0.0153110047846889,0.1016191712938867,,,,,,,,,,
250,2024-09-10 11:53:09,professor_of_classics_interview.txt,2,0,0.0155535224153705,0.0,0.0100640439158279,0.078822047587429,,,,,,,,,,
250,2024-09-10 11:53:09,professor_of_classics_interview.txt,3,0,0.0225352112676056,0.0,0.012206572769953,0.1263996436481983,,,,,,,,,,
250,2024-09-10 11:53:09,environmental_engineer_interview.txt,1,0,0.0300272975432211,0.005459508644222,0.005459508644222,0.06610955597003,,,,,,,,,,
250,2024-09-10 11:53:09,environmental_engineer_interview.txt,2,0,0.0288548241659152,0.0009017132551848,0.0090171325518485,0.1189026174558744,,,,,,,,,,
250,2024-09-10 11:53:09,environmental_engineer_interview.txt,3,0,0.0220306513409961,0.003831417624521,0.0095785440613026,0.1102672408053994,,,,,,,,,,
250,2024-09-10 11:53:09,physical_therapist_interview.txt,1,0,0.012396694214876,0.0,0.0074380165289256,0.0594929620662921,,,,,,,,,,
250,2024-09-10 11:53:09,physical_therapist_interview.txt,2,0,0.0158870255957634,0.0,0.0105913503971756,0.0765694068401629,,,,,,,,,,
250,2024-09-10 11:53:09,physical_therapist_interview.txt,3,0,0.0144274120829576,0.0009017132551848,0.0135256988277727,0.1042383593467402,,,,,,,,,,
250,2024-09-10 11:53:09,astronomer_interview.txt,1,0,0.0187192118226601,0.0009852216748768,0.0118226600985221,0.09203994574328,,,,,,,,,,
250,2024-09-10 11:53:09,astronomer_interview.txt,2,0,0.0280592361652377,0.0007794232268121,0.010132501948558,0.0398372675757884,,,,,,,,,,
250,2024-09-10 11:53:09,astronomer_interview.txt,3,0,0.0298372513562386,0.0072332730560578,0.0099457504520795,0.0953705220459097,,,,,,,,,,
250,2024-09-10 11:53:09,ai_professor_interview.txt,1,0,0.0141509433962264,0.0,0.0122641509433962,0.0601429355605888,,,,,,,,,,
250,2024-09-10 11:53:09,ai_professor_interview.txt,2,0,0.0272975432211101,0.005459508644222,0.010919017288444,0.0393075565166714,,,,,,,,,,
250,2024-09-10 11:53:09,ai_professor_interview.txt,3,0,0.0256410256410256,0.0064102564102564,0.0096153846153846,0.101369183442609,,,,,,,,,,
250,2024-09-10 11:53:09,game_developer_interview.txt,1,0,0.0199818346957311,0.0018165304268846,0.0099909173478655,0.1013608132783366,,,,,,,,,,
250,2024-09-10 11:53:09,game_developer_interview.txt,2,0,0.0201931518876207,0.0,0.0105355575065847,0.0958578995267009,,,,,,,,,,
250,2024-09-10 11:53:09,game_developer_interview.txt,3,0,0.0149122807017543,0.0,0.0070175438596491,0.1501769663144986,,,,,,,,,,
250,2024-09-10 11:53:09,fire_protection_engineer_interview.txt,1,0,0.0142131979695431,0.0071065989847715,0.0071065989847715,0.0743507239783683,,,,,,,,,,
250,2024-09-10 11:53:09,fire_protection_engineer_interview.txt,2,0,0.035528596187175,0.0043327556325823,0.0077989601386481,0.0576613760913527,,,,,,,,,,
250,2024-09-10 11:53:09,fire_protection_engineer_interview.txt,3,0,0.0254163014899211,0.0061349693251533,0.0087642418930762,0.0791526486583317,,,,,,,,,,
250,2024-09-10 11:53:09,safety_engineer_interview.txt,1,0,0.0233812949640287,0.0089928057553956,0.0116906474820143,0.1058433355791223,,,,,,,,,,
250,2024-09-10 11:53:09,safety_engineer_interview.txt,2,0,0.0234578627280625,0.0060816681146828,0.0139009556907037,0.1075439784120389,,,,,,,,,,
250,2024-09-10 11:53:09,safety_engineer_interview.txt,3,0,0.022944550669216,0.0076481835564053,0.0095602294455066,0.1168815683147805,,,,,,,,,,
250,2024-09-10 11:53:09,environmental_scientist_interview.txt,1,0,0.03125,0.0035714285714285,0.0080357142857142,0.058570621834317,,,,,,,,,,
250,2024-09-10 11:53:09,environmental_scientist_interview.txt,2,0,0.0228628230616302,0.0019880715705765,0.0099403578528827,0.1066543437362954,,,,,,,,,,
250,2024-09-10 11:53:09,environmental_scientist_interview.txt,3,0,0.0187553282182438,0.0059676044330775,0.0085251491901108,0.0916999317926977,,,,,,,,,,
250,2024-09-10 11:53:09,operations_manager_interview.txt,1,0,0.0176174496644295,0.0008389261744966,0.0075503355704697,0.10021192878489,,,,,,,,,,
250,2024-09-10 11:53:09,operations_manager_interview.txt,2,0,0.0131348511383537,0.0,0.0122591943957968,0.0723297473171914,,,,,,,,,,
250,2024-09-10 11:53:09,operations_manager_interview.txt,3,0,0.0193277310924369,0.0050420168067226,0.0109243697478991,0.082167821058171,,,,,,,,,,
250,2024-09-10 11:53:09,backend_developer_interview.txt,1,0,0.0255057167985927,0.0043975373790677,0.0096745822339489,0.0710765988321342,,,,,,,,,,
250,2024-09-10 11:53:09,backend_developer_interview.txt,2,0,0.0272108843537414,0.0019436345966958,0.0068027210884353,0.0693210882696061,,,,,,,,,,
250,2024-09-10 11:53:09,backend_developer_interview.txt,3,0,0.0251121076233183,0.010762331838565,0.0116591928251121,0.0757250035595338,,,,,,,,,,
250,2024-09-10 11:53:09,digital_marketing_specialist_interview.txt,1,0,0.0137931034482758,0.0,0.0108374384236453,0.0627275733823134,,,,,,,,,,
250,2024-09-10 11:53:09,digital_marketing_specialist_interview.txt,2,0,0.0145413870246085,0.0011185682326621,0.0100671140939597,0.0847957715053036,,,,,,,,,,
250,2024-09-10 11:53:09,digital_marketing_specialist_interview.txt,3,0,0.0117117117117117,0.0,0.0117117117117117,0.0826512665406971,,,,,,,,,,
250,2024-09-10 11:53:09,mechanical_engineer_interview.txt,1,0,0.0232793522267206,0.0,0.0080971659919028,0.1108590139428217,,,,,,,,,,
250,2024-09-10 11:53:09,mechanical_engineer_interview.txt,2,0,0.0242844752818733,0.0,0.007805724197745,0.0937738031114204,,,,,,,,,,
250,2024-09-10 11:53:09,mechanical_engineer_interview.txt,3,0,0.0260223048327137,0.0018587360594795,0.0074349442379182,0.1022924445516683,,,,,,,,,,
250,2024-09-10 11:53:09,software_quality_assurance_tester_interview.txt,1,0,0.0173010380622837,0.0034602076124567,0.0103806228373702,0.084262516055966,,,,,,,,,,
250,2024-09-10 11:53:09,software_quality_assurance_tester_interview.txt,2,0,0.0403825717321997,0.0106269925611052,0.0095642933049946,0.1053413605404287,,,,,,,,,,
250,2024-09-10 11:53:09,software_quality_assurance_tester_interview.txt,3,0,0.0277520814061054,0.005550416281221,0.0101757631822386,0.0641000585193333,,,,,,,,,,
250,2024-09-10 11:53:09,cybersecurity_specialist_interview.txt,1,0,0.0149516270888302,0.0105540897097625,0.0087950747581354,0.1030953394808563,,,,,,,,,,
250,2024-09-10 11:53:09,cybersecurity_specialist_interview.txt,2,0,0.0202774813233724,0.0064034151547491,0.0128068303094983,0.0499573224795238,,,,,,,,,,
250,2024-09-10 11:53:09,cybersecurity_specialist_interview.txt,3,0,0.0240213523131672,0.0053380782918149,0.0115658362989323,0.1097387317164578,,,,,,,,,,
250,2024-09-10 11:53:09,product_manager_interview.txt,1,0,0.018018018018018,0.0,0.0126126126126126,0.0517465283874674,,,,,,,,,,
250,2024-09-10 11:53:09,product_manager_interview.txt,2,0,0.015625,0.0,0.0078125,0.0808392401667146,,,,,,,,,,
250,2024-09-10 11:53:09,product_manager_interview.txt,3,0,0.0258373205741626,0.0076555023923444,0.0095693779904306,0.0820020933090667,,,,,,,,,,
250,2024-09-10 11:53:09,microbiologist_interview.txt,1,0,0.0340466926070038,0.0,0.0116731517509727,0.1203278908985207,,,,,,,,,,
250,2024-09-10 11:53:09,microbiologist_interview.txt,2,0,0.0213815789473684,0.0008223684210526,0.0106907894736842,0.0714252875801029,,,,,,,,,,
250,2024-09-10 11:53:09,microbiologist_interview.txt,3,0,0.0200956937799043,0.0019138755980861,0.0153110047846889,0.0831752965518944,,,,,,,,,,
250,2024-09-10 11:53:09,it_manager_interview.txt,1,0,0.0205338809034907,0.0051334702258726,0.0143737166324435,0.0632081516088137,,,,,,,,,,
250,2024-09-10 11:53:09,it_manager_interview.txt,2,0,0.025949953660797,0.0009267840593141,0.0074142724745134,0.0911518538495718,,,,,,,,,,
250,2024-09-10 11:53:09,it_manager_interview.txt,3,0,0.022944550669216,0.0038240917782026,0.0152963671128107,0.0435359127953467,,,,,,,,,,
250,2024-09-10 11:53:09,industrial_engineer_interview.txt,1,0,0.0199240986717267,0.0009487666034155,0.0113851992409867,0.1198699163897179,,,,,,,,,,
250,2024-09-10 11:53:09,industrial_engineer_interview.txt,2,0,0.0225711481844946,0.0068694798822374,0.0117762512266928,0.0939524482237977,,,,,,,,,,
250,2024-09-10 11:53:09,industrial_engineer_interview.txt,3,0,0.0259965337954939,0.0,0.0069324090121317,0.074622009149986,,,,,,,,,,
250,2024-09-10 11:53:09,barista_interview.txt,1,0,0.0175631174533479,0.0,0.0087815587266739,0.0972856629254058,,,,,,,,,,
250,2024-09-10 11:53:09,barista_interview.txt,2,0,0.0116845180136319,0.0,0.0077896786757546,0.0995950773536112,,,,,,,,,,
250,2024-09-10 11:53:09,barista_interview.txt,3,0,0.0203892493049119,0.0037071362372567,0.0074142724745134,0.08367434735766,,,,,,,,,,
250,2024-09-10 11:53:09,petroleum_engineer_interview.txt,1,0,0.0220653133274492,0.0,0.0088261253309797,0.0982485693994563,,,,,,,,,,
250,2024-09-10 11:53:09,petroleum_engineer_interview.txt,2,0,0.0278035217794253,0.0037071362372567,0.0101946246524559,0.0794921929473486,,,,,,,,,,
250,2024-09-10 11:53:09,petroleum_engineer_interview.txt,3,0,0.021838034576888,0.002729754322111,0.008189262966333,0.0575625920659613,,,,,,,,,,
250,2024-09-10 11:53:09,business_analyst_interview.txt,1,0,0.0169491525423728,0.0017841213202497,0.0142729705619982,0.1056831379933552,,,,,,,,,,
250,2024-09-10 11:53:09,business_analyst_interview.txt,2,0,0.0251121076233183,0.0,0.0098654708520179,0.0897254811914731,,,,,,,,,,
250,2024-09-10 11:53:09,business_analyst_interview.txt,3,0,0.0201834862385321,0.0055045871559633,0.010091743119266,0.0630224902066058,,,,,,,,,,
250,2024-09-10 11:53:09,data_engineer_interview.txt,1,0,0.0296570898980537,0.0,0.0148285449490268,0.0706960894119932,,,,,,,,,,
250,2024-09-10 11:53:09,data_engineer_interview.txt,2,0,0.0379867046533713,0.0037986704653371,0.0123456790123456,0.1060864216547384,,,,,,,,,,
250,2024-09-10 11:53:09,data_engineer_interview.txt,3,0,0.0279329608938547,0.0022346368715083,0.0145251396648044,0.0855614413162279,,,,,,,,,,
250,2024-09-10 11:53:09,aerospace_engineer_interview.txt,1,0,0.0153139356814701,0.0038284839203675,0.0084226646248085,0.1164082107562727,,,,,,,,,,
250,2024-09-10 11:53:09,aerospace_engineer_interview.txt,2,0,0.0232774674115456,0.0027932960893854,0.0111731843575419,0.1203593636594934,,,,,,,,,,
250,2024-09-10 11:53:09,aerospace_engineer_interview.txt,3,0,0.036,0.012,0.012,0.0962480381772544,,,,,,,,,,
250,2024-09-10 11:53:09,bartender_interview.txt,1,0,0.0126091173617846,0.0038797284190106,0.005819592628516,0.1109969179949552,,,,,,,,,,
250,2024-09-10 11:53:09,bartender_interview.txt,2,0,0.0106761565836298,0.0,0.0088967971530249,0.0757162048766409,,,,,,,,,,
250,2024-09-10 11:53:09,bartender_interview.txt,3,0,0.0137994480220791,0.0,0.0101195952161913,0.0862312429443177,,,,,,,,,,
250,2024-09-10 11:53:09,natural_language_processing_engineer_interview.txt,1,0,0.0418006430868167,0.0010718113612004,0.0128617363344051,0.102665342598796,,,,,,,,,,
250,2024-09-10 11:53:09,natural_language_processing_engineer_interview.txt,2,0,0.033434650455927,0.0030395136778115,0.0121580547112462,0.074502270672476,,,,,,,,,,
250,2024-09-10 11:53:09,natural_language_processing_engineer_interview.txt,3,0,0.0352177942539388,0.0,0.0129749768303985,0.0997071171082725,,,,,,,,,,
250,2024-09-10 11:53:09,cto_of_a_fintec_interview.txt,1,0,0.0300187617260788,0.0075046904315197,0.0075046904315197,0.0806212252413185,,,,,,,,,,
250,2024-09-10 11:53:09,cto_of_a_fintec_interview.txt,2,0,0.0381395348837209,0.0102325581395348,0.0102325581395348,0.1114633675612819,,,,,,,,,,
250,2024-09-10 11:53:09,cto_of_a_fintec_interview.txt,3,0,0.0382978723404255,0.0042553191489361,0.0127659574468085,0.1099682135047889,,,,,,,,,,
250,2024-09-10 11:53:09,database_administrator_interview.txt,1,0,0.0241286863270777,0.0035746201966041,0.0089365504915102,0.0718977372153453,,,,,,,,,,
250,2024-09-10 11:53:09,database_administrator_interview.txt,2,0,0.0246445497630331,0.0047393364928909,0.0094786729857819,0.0633526198931222,,,,,,,,,,
250,2024-09-10 11:53:09,database_administrator_interview.txt,3,0,0.0280172413793103,0.0075431034482758,0.011853448275862,0.1025519919876691,,,,,,,,,,
250,2024-09-10 11:53:09,nuclear_engineer_interview.txt,1,0,0.0223048327137546,0.0027881040892193,0.0130111524163568,0.08065208346564,,,,,,,,,,
250,2024-09-10 11:53:09,nuclear_engineer_interview.txt,2,0,0.0266193433895297,0.0062111801242236,0.0088731144631765,0.0812454325130759,,,,,,,,,,
250,2024-09-10 11:53:09,nuclear_engineer_interview.txt,3,0,0.0229357798165137,0.0082568807339449,0.0064220183486238,0.0811675393665943,,,,,,,,,,
250,2024-09-10 11:53:09,pharmacist_interview.txt,1,0,0.0175925925925925,0.0092592592592592,0.0074074074074074,0.1027322598882994,,,,,,,,,,
250,2024-09-10 11:53:09,pharmacist_interview.txt,2,0,0.0153846153846153,0.0028846153846153,0.010576923076923,0.1137386636870693,,,,,,,,,,
250,2024-09-10 11:53:09,pharmacist_interview.txt,3,0,0.0144508670520231,0.0009633911368015,0.0077071290944123,0.1212410752322272,,,,,,,,,,
250,2024-09-10 11:53:09,chef_interview.txt,1,0,0.0186092066601371,0.0,0.0058765915768854,0.0928310966052888,,,,,,,,,,
250,2024-09-10 11:53:09,chef_interview.txt,2,0,0.0167441860465116,0.0009302325581395,0.0037209302325581,0.059595810174733,,,,,,,,,,
250,2024-09-10 11:53:09,chef_interview.txt,3,0,0.0196687370600414,0.005175983436853,0.0082815734989648,0.0836626860439235,,,,,,,,,,
250,2024-09-10 11:53:09,hotel_manager_interview.txt,1,0,0.0160067396798652,0.0,0.0092670598146588,0.054198234217847,,,,,,,,,,
250,2024-09-10 11:53:09,hotel_manager_interview.txt,2,0,0.016260162601626,0.0,0.006323396567299,0.0636873484472581,,,,,,,,,,
250,2024-09-10 11:53:09,hotel_manager_interview.txt,3,0,0.0179754020813623,0.0,0.0056764427625354,0.0798471458378593,,,,,,,,,,
250,2024-09-10 11:53:09,mobile_app_developer_interview.txt,1,0,0.0205357142857142,0.0026785714285714,0.0142857142857142,0.0835877702671594,,,,,,,,,,
250,2024-09-10 11:53:09,mobile_app_developer_interview.txt,2,0,0.0138888888888888,0.0,0.0085470085470085,0.1307663531589057,,,,,,,,,,
250,2024-09-10 11:53:09,mobile_app_developer_interview.txt,3,0,0.0224508886810102,0.0056127221702525,0.0140318054256314,0.1097638561523954,,,,,,,,,,
250,2024-09-10 11:53:09,graphic_designer_interview.txt,1,0,0.0107015457788347,0.0,0.0071343638525564,0.126300507519599,,,,,,,,,,
250,2024-09-10 11:53:09,graphic_designer_interview.txt,2,0,0.0142348754448398,0.0,0.0106761565836298,0.0683403541778815,,,,,,,,,,
250,2024-09-10 11:53:09,graphic_designer_interview.txt,3,0,0.0135658914728682,0.0,0.0106589147286821,0.0778748182443302,,,,,,,,,,
250,2024-09-10 11:53:09,geotechnical_engineer_interview.txt,1,0,0.0217588395285584,0.0018132366273798,0.0099728014505893,0.0711376411902831,,,,,,,,,,
250,2024-09-10 11:53:09,geotechnical_engineer_interview.txt,2,0,0.0306807286673058,0.0019175455417066,0.0086289549376797,0.0737780244262386,,,,,,,,,,
250,2024-09-10 11:53:09,geotechnical_engineer_interview.txt,3,0,0.0246800731261425,0.006398537477148,0.0109689213893967,0.0954779970883167,,,,,,,,,,
250,2024-09-10 11:53:09,gardener_interview.txt,1,0,0.0103092783505154,0.0010309278350515,0.0061855670103092,0.1322343042178251,,,,,,,,,,
250,2024-09-10 11:53:09,gardener_interview.txt,2,0,0.0211345939933259,0.0,0.0100111234705228,0.1084763120645153,,,,,,,,,,
250,2024-09-10 11:53:09,gardener_interview.txt,3,0,0.0145077720207253,0.0,0.0062176165803108,0.0931054613912841,,,,,,,,,,
250,2024-09-10 11:53:09,ai_software_developer_interview.txt,1,0,0.0298189563365282,0.0,0.0138445154419595,0.0911268835123754,,,,,,,,,,
250,2024-09-10 11:53:09,ai_software_developer_interview.txt,2,0,0.0324803149606299,0.0,0.0118110236220472,0.0814653673072973,,,,,,,,,,
250,2024-09-10 11:53:09,ai_software_developer_interview.txt,3,0,0.0305927342256214,0.002868068833652,0.0124282982791587,0.08720346022591,,,,,,,,,,
250,2024-09-10 11:53:09,supply_chain_manager_interview.txt,1,0,0.0220095693779904,0.0076555023923444,0.0066985645933014,0.1170388281231149,,,,,,,,,,
250,2024-09-10 11:53:09,supply_chain_manager_interview.txt,2,0,0.0343087790110998,0.0010090817356205,0.0110998990918264,0.1193012167337614,,,,,,,,,,
250,2024-09-10 11:53:09,supply_chain_manager_interview.txt,3,0,0.0287206266318537,0.000870322019147,0.0078328981723237,0.0579374606148703,,,,,,,,,,
250,2024-09-10 11:53:09,cloud_architect_interview.txt,1,0,0.0288028802880288,0.0027002700270027,0.0099009900990099,0.0993030523054114,,,,,,,,,,
250,2024-09-10 11:53:09,cloud_architect_interview.txt,2,0,0.0231660231660231,0.0048262548262548,0.0125482625482625,0.1002978226300396,,,,,,,,,,
250,2024-09-10 11:53:09,cloud_architect_interview.txt,3,0,0.0312764158918005,0.0059171597633136,0.0092983939137785,0.089795474111705,,,,,,,,,,
250,2024-09-10 11:53:09,mining_engineer_interview.txt,1,0,0.0251121076233183,0.0053811659192825,0.010762331838565,0.0908095176361831,,,,,,,,,,
250,2024-09-10 11:53:09,mining_engineer_interview.txt,2,0,0.03125,0.0116071428571428,0.0053571428571428,0.1009337735080008,,,,,,,,,,
250,2024-09-10 11:53:09,mining_engineer_interview.txt,3,0,0.0219675262655205,0.0047755491881566,0.0095510983763132,0.08998372343896,,,,,,,,,,
250,2024-09-10 11:53:09,devops_engineer_interview.txt,1,0,0.0263396911898274,0.0009082652134423,0.0118074477747502,0.0836931611740742,,,,,,,,,,
250,2024-09-10 11:53:09,devops_engineer_interview.txt,2,0,0.022140221402214,0.007380073800738,0.0101476014760147,0.0531833312459767,,,,,,,,,,
250,2024-09-10 11:53:09,devops_engineer_interview.txt,3,0,0.0275665399239543,0.0066539923954372,0.0085551330798479,0.0668480475419361,,,,,,,,,,
250,2024-09-10 11:53:09,system_administrator_interview.txt,1,0,0.0404515522107243,0.0084666039510818,0.0122295390404515,0.1044584533033085,,,,,,,,,,
250,2024-09-10 11:53:09,system_administrator_interview.txt,2,0,0.0209090909090909,0.0063636363636363,0.01,0.0702479935313268,,,,,,,,,,
250,2024-09-10 11:53:09,system_administrator_interview.txt,3,0,0.0202108963093145,0.0043936731107205,0.0131810193321616,0.0816267283166905,,,,,,,,,,
250,2024-09-10 11:53:09,content_writer_interview.txt,1,0,0.0168650793650793,0.0019841269841269,0.0138888888888888,0.1204656168968925,,,,,,,,,,
250,2024-09-10 11:53:09,content_writer_interview.txt,2,0,0.0211132437619961,0.0,0.010556621880998,0.1057051164661484,,,,,,,,,,
250,2024-09-10 11:53:09,content_writer_interview.txt,3,0,0.0165118679050567,0.0,0.0103199174406604,0.0659740843334218,,,,,,,,,,
250,2024-09-10 11:53:09,transportation_engineer_interview.txt,1,0,0.0217391304347826,0.0,0.0108695652173913,0.068920151755293,,,,,,,,,,
250,2024-09-10 11:53:09,transportation_engineer_interview.txt,2,0,0.01953125,0.001953125,0.01171875,0.1036092205188132,,,,,,,,,,
250,2024-09-10 11:53:09,transportation_engineer_interview.txt,3,0,0.0273473108477666,0.0,0.0054694621695533,0.1109187859615604,,,,,,,,,,
250,2024-09-10 11:53:09,lorry_driver_interview.txt,1,0,0.0130963517305893,0.0,0.0093545369504209,0.0927682243002441,,,,,,,,,,
250,2024-09-10 11:53:09,lorry_driver_interview.txt,2,0,0.0116731517509727,0.0,0.0097276264591439,0.0903689278745618,,,,,,,,,,
250,2024-09-10 11:53:09,lorry_driver_interview.txt,3,0,0.0124666073018699,0.0,0.0106856634016028,0.0472856305349388,,,,,,,,,,
250,2024-09-10 11:53:09,dentist_interview.txt,1,0,0.0124223602484472,0.0017746228926353,0.0053238686779059,0.0961663430251807,,,,,,,,,,
250,2024-09-10 11:53:09,dentist_interview.txt,2,0,0.0192307692307692,0.0027472527472527,0.0082417582417582,0.0521495812039455,,,,,,,,,,
250,2024-09-10 11:53:09,dentist_interview.txt,3,0,0.0123809523809523,0.0,0.0066666666666666,0.0729648404055404,,,,,,,,,,
250,2024-09-10 11:53:09,physicist_interview.txt,1,0,0.0252100840336134,0.0,0.011204481792717,0.0885007127055566,,,,,,,,,,
250,2024-09-10 11:53:09,physicist_interview.txt,2,0,0.0257548845470692,0.0,0.0133214920071047,0.0684591723599561,,,,,,,,,,
250,2024-09-10 11:53:09,physicist_interview.txt,3,0,0.0275689223057644,0.0058479532163742,0.0133667502088554,0.0751206970261348,,,,,,,,,,
250,2024-09-10 11:53:09,architect_interview.txt,1,0,0.0222222222222222,0.0062222222222222,0.0097777777777777,0.09289043619992,,,,,,,,,,
250,2024-09-10 11:53:09,architect_interview.txt,2,0,0.0329138431752178,0.0038722168441432,0.015488867376573,0.1118304677178085,,,,,,,,,,
250,2024-09-10 11:53:09,architect_interview.txt,3,0,0.0281954887218045,0.0056390977443609,0.0075187969924812,0.1017439873004786,,,,,,,,,,
250,2024-09-10 11:53:09,materials_engineer_interview.txt,1,0,0.026508226691042,0.0027422303473491,0.0109689213893967,0.1304165575226787,,,,,,,,,,
250,2024-09-10 11:53:09,materials_engineer_interview.txt,2,0,0.034453781512605,0.0058823529411764,0.0100840336134453,0.061061114934901,,,,,,,,,,
250,2024-09-10 11:53:09,materials_engineer_interview.txt,3,0,0.025041736227045,0.006677796327212,0.0125208681135225,0.0812300586443666,,,,,,,,,,
250,2024-09-10 11:53:09,computer_vision_engineer_interview.txt,1,0,0.0315985130111524,0.0009293680297397,0.0092936802973977,0.0712770220713621,,,,,,,,,,
250,2024-09-10 11:53:09,computer_vision_engineer_interview.txt,2,0,0.0314533622559652,0.0010845986984815,0.0173535791757049,0.1298000055066475,,,,,,,,,,
250,2024-09-10 11:53:09,computer_vision_engineer_interview.txt,3,0,0.0442396313364055,0.0009216589861751,0.0147465437788018,0.0856931793828133,,,,,,,,,,
250,2024-09-10 11:53:09,data_scientist_interview.txt,1,0,0.021761658031088,0.0072538860103626,0.0103626943005181,0.0777261621746187,,,,,,,,,,
250,2024-09-10 11:53:09,data_scientist_interview.txt,2,0,0.0205423171733771,0.0057518488085456,0.0090386195562859,0.0966523649814579,,,,,,,,,,
250,2024-09-10 11:53:09,data_scientist_interview.txt,3,0,0.0266666666666666,0.0066666666666666,0.0123809523809523,0.0968308213683601,,,,,,,,,,
250,2024-09-10 11:53:09,structural_engineer_interview.txt,1,0,0.018970189701897,0.001806684733514,0.012646793134598,0.1186528546066288,,,,,,,,,,
250,2024-09-10 11:53:09,structural_engineer_interview.txt,2,0,0.0252393385552654,0.0,0.0087032201914708,0.0619569256016384,,,,,,,,,,
250,2024-09-10 11:53:09,structural_engineer_interview.txt,3,0,0.0194624652455977,0.0,0.0101946246524559,0.05641582134193,,,,,,,,,,
250,2024-09-10 11:53:09,ai_ethicist_interview.txt,1,0,0.014453477868112,0.018970189701897,0.00903342366757,0.1393185590641423,,,,,,,,,,
250,2024-09-10 11:53:09,ai_ethicist_interview.txt,2,0,0.0200174064403829,0.0217580504786771,0.0087032201914708,0.075367646882279,,,,,,,,,,
250,2024-09-10 11:53:09,ai_ethicist_interview.txt,3,0,0.0179414542020774,0.0273843248347497,0.0066100094428706,0.1215921933172631,,,,,,,,,,
250,2024-09-10 11:53:09,sales_manager_interview.txt,1,0,0.0149532710280373,0.0102803738317757,0.011214953271028,0.1013967878836026,,,,,,,,,,
250,2024-09-10 11:53:09,sales_manager_interview.txt,2,0,0.0201535508637236,0.0019193857965451,0.0115163147792706,0.1027161951122034,,,,,,,,,,
250,2024-09-10 11:53:09,sales_manager_interview.txt,3,0,0.0189359783588818,0.0,0.0108205590622182,0.0913223939557143,,,,,,,,,,
250,2024-09-10 11:53:09,frontend_developer_interview.txt,1,0,0.0236139630390143,0.0,0.0164271047227926,0.0932012115959217,,,,,,,,,,
250,2024-09-10 11:53:09,frontend_developer_interview.txt,2,0,0.0189768976897689,0.0,0.0123762376237623,0.0509937993466778,,,,,,,,,,
250,2024-09-10 11:53:09,frontend_developer_interview.txt,3,0,0.0222868217054263,0.0,0.0106589147286821,0.0836291794557584,,,,,,,,,,
250,2024-09-10 11:53:09,public_relations_specialist_interview.txt,1,0,0.0127576054955839,0.0,0.0098135426889106,0.0601962005889363,,,,,,,,,,
250,2024-09-10 11:53:09,public_relations_specialist_interview.txt,2,0,0.0208530805687203,0.0,0.0085308056872037,0.0925605120705858,,,,,,,,,,
250,2024-09-10 11:53:09,public_relations_specialist_interview.txt,3,0,0.0129870129870129,0.0,0.0129870129870129,0.0781166395122645,,,,,,,,,,
250,2024-09-10 11:53:09,logistics_coordinator_interview.txt,1,0,0.0219341974077766,0.0029910269192422,0.0159521435692921,0.0834045908591352,,,,,,,,,,
250,2024-09-10 11:53:09,logistics_coordinator_interview.txt,2,0,0.0226600985221674,0.0,0.0088669950738916,0.0540226426880479,,,,,,,,,,
250,2024-09-10 11:53:09,logistics_coordinator_interview.txt,3,0,0.0247148288973384,0.0047528517110266,0.0085551330798479,0.066571629920186,,,,,,,,,,
250,2024-09-10 11:53:09,nurse_interview.txt,1,0,0.0158878504672897,0.0,0.014018691588785,0.0947010508591217,,,,,,,,,,
250,2024-09-10 11:53:09,nurse_interview.txt,2,0,0.0157790927021696,0.0019723865877712,0.0108481262327416,0.122233951015312,,,,,,,,,,
250,2024-09-10 11:53:09,nurse_interview.txt,3,0,0.0192697768762677,0.0070993914807302,0.0101419878296146,0.0676407859269142,,,,,,,,,,
250,2024-09-10 11:53:09,chemist_interview.txt,1,0,0.0224358974358974,0.0021367521367521,0.0106837606837606,0.1131809993476552,,,,,,,,,,
250,2024-09-10 11:53:09,chemist_interview.txt,2,0,0.025130890052356,0.0,0.0104712041884816,0.0850138751876886,,,,,,,,,,
250,2024-09-10 11:53:09,chemist_interview.txt,3,0,0.0171990171990172,0.0024570024570024,0.0098280098280098,0.0914520921929204,,,,,,,,,,
250,2024-09-10 11:53:09,manufacturing_engineer_interview.txt,1,0,0.0211817168338907,0.0044593088071348,0.0167224080267558,0.0969256418471319,,,,,,,,,,
250,2024-09-10 11:53:09,manufacturing_engineer_interview.txt,2,0,0.0366492146596858,0.0020942408376963,0.0052356020942408,0.088918840487053,,,,,,,,,,
250,2024-09-10 11:53:09,manufacturing_engineer_interview.txt,3,0,0.0297397769516728,0.0018587360594795,0.0074349442379182,0.0414277484162447,,,,,,,,,,
250,2024-09-10 11:53:09,veterinarian_interview.txt,1,0,0.0151209677419354,0.0040322580645161,0.0080645161290322,0.1055111079040231,,,,,,,,,,
250,2024-09-10 11:53:09,veterinarian_interview.txt,2,0,0.0240722166499498,0.0020060180541624,0.0080240722166499,0.0925114239586271,,,,,,,,,,
250,2024-09-10 11:53:09,veterinarian_interview.txt,3,0,0.0114832535885167,0.0066985645933014,0.0066985645933014,0.0773041468618265,,,,,,,,,,
250,2024-09-10 11:53:09,event_planner_interview.txt,1,0,0.0217176702862783,0.0039486673247778,0.0098716683119447,0.1109025220430191,,,,,,,,,,
250,2024-09-10 11:53:09,event_planner_interview.txt,2,0,0.0130260521042084,0.0040080160320641,0.0100200400801603,0.0821376007906654,,,,,,,,,,
250,2024-09-10 11:53:09,event_planner_interview.txt,3,0,0.0142993326978074,0.0,0.0095328884652049,0.0880954023444849,,,,,,,,,,
250,2024-09-10 11:53:09,seo_specialist_interview.txt,1,0,0.0133928571428571,0.0,0.0089285714285714,0.1146541410797448,,,,,,,,,,
250,2024-09-10 11:53:09,seo_specialist_interview.txt,2,0,0.0128968253968253,0.0,0.0089285714285714,0.0779641821530215,,,,,,,,,,
250,2024-09-10 11:53:09,seo_specialist_interview.txt,3,0,0.0207684319833852,0.0,0.0145379023883696,0.1199203065129848,,,,,,,,,,
250,2024-09-10 11:53:09,procurement_specialist_interview.txt,1,0,0.02068345323741,0.0044964028776978,0.0098920863309352,0.0640662675978304,,,,,,,,,,
250,2024-09-10 11:53:09,procurement_specialist_interview.txt,2,0,0.0151636073423782,0.0,0.0119712689545091,0.0803629021415239,,,,,,,,,,
250,2024-09-10 11:53:09,procurement_specialist_interview.txt,3,0,0.0206463195691202,0.011669658886894,0.0089766606822262,0.0806607437639443,,,,,,,,,,
250,2024-09-10 11:53:09,aerospace_engineer_interview.txt,-999,0,0.0248638010310052,0.006207260003251,0.0105319496607834,0.1110052041976735,0.0104338705671366,43.12676897672759,0.0050432906880136,14.281634316860291,0.0018728904262914,-20.37757892545368,0.0129318739566938,47.21629007694753,32.0,6.0
250,2024-09-10 11:53:09,agricultural_engineer_interview.txt,-999,0,0.0221551560676135,0.00139470013947,0.0110156081417437,0.0666934618140299,0.0019063789273387,27.53463962241433,0.0024156915028854,-74.32222732137728,0.0017527650545462,-16.721080321905447,0.0142774016931725,-11.550417013188792,53.0,96.0
250,2024-09-10 11:53:09,ai_ethicist_interview.txt,-999,0,0.0174707795035241,0.0227041883384413,0.0081155511006371,0.1120927997545615,0.0028116678845885,0.5693465261432635,0.0042861171409255,318.005971684114,0.0013142489666573,-38.64575431906693,0.0330167934658625,48.65867094680388,78.0,4.0
250,2024-09-10 11:53:09,ai_professor_interview.txt,-999,0,0.0223631707527873,0.0039565883514928,0.0109328509490749,0.0669398918399564,0.0071600643321249,28.73206192126221,0.0034593241920975,-27.155398212603885,0.001324437349491,-17.34673162616106,0.0315841787161118,-11.223598874861976,52.0,95.0
250,2024-09-10 11:53:09,ai_software_developer_interview.txt,-999,0,0.0309640018409265,0.0009560229445506,0.0126946124477218,0.0865985703485276,0.0013689730322949,78.24215744627358,0.0016558803131633,-82.39869693061904,0.0010425759793394,-4.027667217743712,0.004859078376407,14.847951002147482,6.0,53.0
250,2024-09-10 11:53:09,architect_interview.txt,-999,0,0.0277771847064148,0.0052445122702421,0.0109284807156106,0.1021549637394024,0.0053580708597033,59.89746271462147,0.0012236848415908,-3.443478584078562,0.0041077479742795,-17.379770956987116,0.009476701678309,35.479006442610626,14.0,13.0
250,2024-09-10 11:53:09,astronomer_interview.txt,-999,0,0.0255385664480455,0.0029993059859156,0.0106336374997199,0.0757492451216594,0.0059722719826655,47.011009919525264,0.003668166587492,-44.77988843591879,0.001033948782922,-19.608810350713284,0.0311452369242596,0.4594597482280562,25.0,81.0
250,2024-09-10 11:53:09,backend_developer_interview.txt,-999,0,0.0259429029252175,0.0057011679381095,0.0093788320491654,0.0720408968870913,0.0011156006108936,49.338545177907605,0.0045515870569273,4.963992025596227,0.0024417064854594,-29.09524459780303,0.0033090687231059,-4.458591376963696,21.0,88.0
250,2024-09-10 11:53:09,barista_interview.txt,-999,0,0.0165456282572972,0.0012357120790855,0.0079951699589806,0.093518362545559,0.0044406699845189,-4.756223306165154,0.0021403161045027,-77.24935062023789,0.0007064261634794,-39.55584582720406,0.0086030125546224,24.025053487687813,86.0,35.0
250,2024-09-10 11:53:09,bartender_interview.txt,-999,0,0.0123615739891645,0.0012932428063368,0.0082786616659107,0.0909814552719713,0.0015762917380258,-28.841445347411195,0.0022399622470984,-76.19015452884256,0.0022156430610154,-37.41262479146575,0.0181136845341455,20.660579904793977,99.0,44.0
250,2024-09-10 11:53:09,biologist_interview.txt,-999,0,0.024867653723791,0.0068243797764645,0.0106497179545141,0.1072716601660943,0.0012214955239675,43.14894673907384,0.0051779392632287,25.643403634587287,0.0044531276343857,-19.48724076635956,0.0202920609656904,42.26482401604781,31.0,9.0
250,2024-09-10 11:53:09,biomedical_engineer_interview.txt,-999,0,0.0262012861214368,0.0046443913071079,0.0120113691759559,0.0856200109883369,0.0072601952589727,50.82591036340881,0.0072705581325361,-14.49228343821126,0.0017124911428666,-9.193043547205775,0.0151832048128891,13.550175103543708,18.0,56.0
250,2024-09-10 11:53:09,business_analyst_interview.txt,-999,0,0.0207482488014077,0.002429569492071,0.011410061511094,0.086143703130478,0.0041106783476335,19.43587423208622,0.0028084822317899,-55.26928594986494,0.0024819319007666,-13.738979829569216,0.0215546878417419,14.244701228383503,58.0,54.0
250,2024-09-10 11:53:09,business_intelligence_analyst_interview.txt,-999,0,0.0228179951063223,0.0002858776443682,0.0111322411879744,0.0852261531350135,0.0021203888588557,31.35022718457861,0.0004951546047938,-94.73671726398727,0.0025317556039149,-15.839324728944035,0.0140947286330807,13.027836602362314,49.0,59.0
250,2024-09-10 11:53:09,chef_interview.txt,-999,0,0.01834070992223,0.0020354053316641,0.0059596984361361,0.0786965309413151,0.0014806476729406,5.577041444095926,0.0027593035858979,-62.52622772720877,0.0022814571688716,-54.94418093106948,0.0171651707945957,4.368181751869088,73.0,71.0
250,2024-09-10 11:53:09,chemical_engineer_interview.txt,-999,0,0.0228452452044955,0.0008488964346349,0.0105931637602502,0.0643828724519648,0.0055221192576212,31.507090509737907,0.0014703317551518,-84.37099914212861,0.0009719753540731,-19.91479520919752,0.009392108241614,-14.614745359171051,47.0,99.0
250,2024-09-10 11:53:09,chemist_interview.txt,-999,0,0.0215886015624235,0.0015312515312515,0.0103276582334173,0.0965489889094214,0.0040332473843402,24.273307387816143,0.0013357351930211,-71.80818469824557,0.0004455686958158,-21.922039217761352,0.0147590815420456,28.044302613185664,55.0,24.0
250,2024-09-10 11:53:09,civil_engineer_interview.txt,-999,0,0.0225037226281007,0.0028278278278278,0.0103511471670675,0.0991764310292473,0.0052446702663211,29.54113917224788,0.00331871839264,-47.93696646159432,0.0030363452802509,-21.7444609130862,0.014937126184255,31.528844478302887,51.0,16.0
250,2024-09-10 11:53:09,cloud_architect_interview.txt,-999,0,0.0277484397819508,0.0044812282055237,0.0105825488536836,0.0964654496823853,0.004156741647881,59.73199452422347,0.0016359637589676,-17.4962732661688,0.0017288155735662,-19.99504479142425,0.0057977428870893,27.933511996033616,15.0,25.0
250,2024-09-10 11:53:09,computer_vision_engineer_interview.txt,-999,0,0.0357638355345077,0.0009785419047988,0.0137979344173015,0.095590068986941,0.0073406132606229,105.8720716066725,9.192872213225054e-05,-81.98410118645381,0.0041128320258283,4.313539232357954,0.030490920212727,26.772572747106096,2.0,28.0
250,2024-09-10 11:53:09,construction_manager_interview.txt,-999,0,0.0235830914727384,0.0012547157690645,0.0114795457830889,0.0931775559639549,0.0036550377631926,35.75445205528192,0.0014473949782228,-76.89947438697047,0.0016131406860518,-13.21367291669695,0.0219976040616951,23.573072150955014,39.0,37.0
250,2024-09-10 11:53:09,content_writer_interview.txt,-999,0,0.0181633970107107,0.0006613756613756,0.0115884760701824,0.0973816058988209,0.0025607394392879,4.556351804086091,0.0011455362483921,-87.82343716231978,0.0019957283383192,-12.390150827616878,0.0281831935983532,29.148528177386765,74.0,22.0
250,2024-09-10 11:53:09,cto_of_a_fintec_interview.txt,-999,0,0.035485389650075,0.0073308559066635,0.0101677353392876,0.1006842687691298,0.0047349005620087,104.26921692954508,0.002992408782103,34.968116933420106,0.0026312324390132,-23.131069684671843,0.0173911804692004,33.52855502978494,3.0,15.0
250,2024-09-10 11:53:09,customer_service_representative_interview.txt,-999,0,0.0154211389269272,0.0016406239793857,0.0072770511400227,0.1017865006868058,0.0044465550689531,-11.22926917730797,0.0020922766213204,-69.79453260127131,0.0008273577465881,-44.98488421290134,0.0327383276406128,34.9903467979953,92.0,14.0
250,2024-09-10 11:53:09,cybersecurity_specialist_interview.txt,-999,0,0.0197501535751233,0.0074318610521088,0.0110559137888554,0.0875971312256126,0.0045577993403394,13.690407370802518,0.0027558972224825,36.82771893009115,0.0020539136728901,-16.416366255719325,0.0327658368873834,16.172253126565607,62.0,51.0
250,2024-09-10 11:53:09,data_engineer_interview.txt,-999,0,0.0318589184817599,0.0020111024456151,0.0138997878753923,0.0874479841276532,0.0053763814717264,83.39368384186653,0.0019091752291829,-62.97366726330723,0.0013544203410587,5.083559901769476,0.0177704301269687,15.97445264868682,5.0,52.0
250,2024-09-10 11:53:09,data_scientist_interview.txt,-999,0,0.0229902139570439,0.0065574671618583,0.0105940887459188,0.0904031161748122,0.0032417474340839,32.341593212239985,0.0007569493627703,20.72928536001733,0.0016831383543049,-19.90780224011162,0.0109789268015035,19.89358040323374,45.0,47.0
250,2024-09-10 11:53:09,database_administrator_interview.txt,-999,0,0.0255968258231404,0.0052856867125903,0.0100895572510514,0.0792674496987122,0.00211195108124,47.346376025035056,0.0020398746901768,-2.685417449025067,0.0015514373529905,-23.722102576096333,0.0206126706109933,5.125340319404998,24.0,69.0
250,2024-09-10 11:53:09,dentist_interview.txt,-999,0,0.0146780272867229,0.0015072918799626,0.0067440978621102,0.0737602548782222,0.0039428445391216,-15.506940476189897,0.0013929999343411,-72.2493049518707,0.001460485045877,-49.014055607920014,0.0220191585544123,-2.17836040402932,94.0,85.0
250,2024-09-10 11:53:09,devops_engineer_interview.txt,-999,0,0.0253488175053319,0.0049807771365391,0.0101700607768709,0.067908179987329,0.0028456293098038,45.91873311705743,0.0035455343144024,-8.29909637527166,0.0016262736651054,-23.113489181877853,0.0152825175007814,-9.93944476864698,27.0,94.0
250,2024-09-10 11:53:09,digital_marketing_specialist_interview.txt,-999,0,0.013348734061532,0.000372856077554,0.0108720880764389,0.0767248704761047,0.0014662413539423,-23.158925951257743,0.0006458056702344,-93.13536054788496,0.0008228461459519,-17.806104029804487,0.0121693454973839,1.7533445370049492,96.0,77.0
250,2024-09-10 11:53:09,doctor_interview.txt,-999,0,0.0232898703283321,0.0027403314602369,0.0115671791002919,0.0696708797886511,0.0091371308837972,34.06654460532292,0.0016216442699125,-49.54785884886997,0.0021568960590055,-12.551157702778198,0.0217266093605148,-7.601733423078855,41.0,92.0
250,2024-09-10 11:53:09,electrical_engineer_interview.txt,-999,0,0.0328796572861772,0.0054983199331929,0.0118364394817424,0.0732093865101942,0.0034445290893602,89.2694969109638,0.0022484336864597,1.2293649103096698,0.0006857276751429,-10.51552667898214,0.0102824650935649,-2.908927930551912,4.0,86.0
250,2024-09-10 11:53:09,environmental_engineer_interview.txt,-999,0,0.0269709243500441,0.0033975465079759,0.008018395085791,0.0984264714104346,0.0043183789213162,55.25628015297454,0.0023096661688242,-37.44789691495447,0.0022337682481339,-39.38026192432117,0.0283183633029981,30.53424000379087,17.0,20.0
250,2024-09-10 11:53:09,environmental_scientist_interview.txt,-999,0,0.024289383759958,0.0038423681916942,0.0088337404429026,0.0856416324544367,0.0063683209955971,39.82017526859346,0.0020035535079711,-29.25830134971723,0.0009891098020258,-33.21618277126136,0.0246076882526717,13.578849723335026,34.0,55.0
250,2024-09-10 11:53:09,event_planner_interview.txt,-999,0,0.0163476850294314,0.002652227785614,0.0098081989524366,0.0937118417260565,0.0046939180980897,-5.895669950302064,0.0022970883172728,-51.16993234344797,0.0002497007082202,-25.84919486638148,0.0151826699614618,24.281647647987214,87.0,34.0
250,2024-09-10 11:53:09,financial_analyst_interview.txt,-999,0,0.0256830335134436,0.0044352920493091,0.0084113955521218,0.0797546889756652,0.0102045350035642,47.84262469428171,0.0054707810410207,-18.342002139082524,0.0018508344496871,-36.40914550043634,0.0140136200779497,5.771522264217779,23.0,68.0
250,2024-09-10 11:53:09,fire_protection_engineer_interview.txt,-999,0,0.0250526985488797,0.0058581079808357,0.0078899336721653,0.0703882495760176,0.0106623499106954,44.21414461038029,0.0014074945430104,7.853409347106606,0.0008325575900282,-40.351440964952765,0.0112802748937696,-6.650349931892947,30.0,91.0
250,2024-09-10 11:53:09,frontend_developer_interview.txt,-999,0,0.0216258941447365,0.0,0.0131540856917457,0.0759413967994526,0.0023881400071295,24.48797958562716,0.0,-100.0,0.0029617207269909,-0.5540110300026271,0.0221290061643615,0.714293360230684,54.0,79.0
250,2024-09-10 11:53:09,full_stack_developer_interview.txt,-999,0,0.0278801349545006,0.006757931319208,0.0096932682107568,0.0819169775487888,0.007858724548736,60.490088771896666,0.0038525445925043,24.42002354592876,0.0021359945171852,-26.718080894437502,0.0095611800031958,8.639172516400365,13.0,63.0
250,2024-09-10 11:53:09,game_developer_interview.txt,-999,0,0.0183624224283687,0.0006055101422948,0.0091813395713664,0.115798559706512,0.0029897779498135,5.702027999697151,0.0010487743309529,-88.85197516768241,0.0018935857881694,-30.58830426223737,0.0298994422292042,53.57328946388168,72.0,1.0
250,2024-09-10 11:53:09,gardener_interview.txt,-999,0,0.0153172147881889,0.0003436426116838,0.0074714356870476,0.1112720258912082,0.0054578624833325,-11.827501369472005,0.000595206463082,-93.67320858743211,0.0021994925146233,-43.51532076528694,0.0197136652372562,47.570151863141575,93.0,5.0
250,2024-09-10 11:53:09,geneticist_interview.txt,-999,0,0.024194980626664,0.008043379057124,0.0081938403271207,0.0714631781018332,0.0092306226375464,39.276750092660166,0.0106192241045397,48.08635430072425,0.0014453144746912,-38.05388121318924,0.0192462526417046,-5.224768214240712,35.0,90.0
250,2024-09-10 11:53:09,geologist_interview.txt,-999,0,0.0281774091862397,0.0006213109661385,0.009947900646262,0.0729660366008621,0.0051953525917046,62.20132754169671,0.0010761421606516,-88.56106678436005,0.0012214285313308,-24.793038366506792,0.0084756081485175,-3.231661185279634,12.0,87.0
250,2024-09-10 11:53:09,geotechnical_engineer_interview.txt,-999,0,0.0257065471073356,0.0033764398820781,0.0098568925925552,0.0801312209016128,0.004548655084371,47.97797908826965,0.0026177328918354,-37.83649022363671,0.0011742814382924,-25.481066870896285,0.0133561057348976,6.270882935045606,22.0,66.0
250,2024-09-10 11:53:09,graphic_designer_interview.txt,-999,0,0.0128341042321809,0.0,0.0094898117216228,0.0908385599806036,0.0018768961229627,-26.12135734307172,0.0,-100.0,0.0020398959086942,-28.25622898381674,0.0310787514823624,20.471070639740446,97.0,46.0
250,2024-09-10 11:53:09,hotel_manager_interview.txt,-999,0,0.0167474347876178,0.0,0.0070889663814977,0.0659109095009881,0.0010709731790283,-3.594537825849073,0.0,-100.0,0.0019138196255287,-46.40682073209529,0.0129682240357941,-12.588246267680177,83.0,98.0
250,2024-09-10 11:53:09,human_resources_manager_interview.txt,-999,0,0.0180978797157888,0.0031832102590802,0.0138335336255331,0.0984992425867674,0.0005519562857525,4.179205979818576,0.0033689786307499,-41.394033665197774,0.0012775004891022,4.582672226630692,0.0154548239785154,30.63074991683212,75.0,18.0
250,2024-09-10 11:53:09,industrial_engineer_interview.txt,-999,0,0.0228305935505717,0.0026060821618843,0.0100312864932704,0.0961481245878339,0.0030445198318576,31.42274926667312,0.0037225608938435,-52.01951771503447,0.0026908198836437,-24.16263438281864,0.0227037226774715,27.51267205879077,48.0,26.0
250,2024-09-10 11:53:09,it_manager_interview.txt,-999,0,0.0231427950778346,0.0032947820211298,0.0123614520732558,0.0659653060845774,0.0027134731733094,33.21991599154396,0.0021527142727677,-39.33989008107909,0.0043091484615745,-6.546387537862188,0.0239274086817247,-12.5161049362286,43.0,97.0
250,2024-09-10 11:53:09,logistics_coordinator_interview.txt,-999,0,0.0231030416090941,0.0025812928767562,0.0111247572410105,0.0679996211557897,0.0014422644708505,32.99107786943463,0.0024027715946238,-52.47591232658558,0.0041835461689447,-15.895903994478871,0.0147429335211428,-9.818174512190197,44.0,93.0
250,2024-09-10 11:53:09,lorry_driver_interview.txt,-999,0,0.0124120369278106,0.0,0.0099226089370559,0.0768075942365816,0.0007131675748299,-28.55095889473705,0.0,-100.0,0.0006866498614858,-24.98424580529669,0.025594900105986,1.8630536736769017,98.0,76.0
250,2024-09-10 11:53:09,machine_learning_engineer_interview.txt,-999,0,0.0251657341694516,0.0055377484051585,0.0097263756941576,0.0952196594432938,0.0025880135348302,44.8648264241366,0.0037408890193452,1.9552810492311463,0.0016461035062996,-26.46778554847009,0.0075049930388606,26.281331645222977,29.0,30.0
250,2024-09-10 11:53:09,manufacturing_engineer_interview.txt,-999,0,0.0291902361484164,0.0028040952347702,0.0097976514529716,0.0757574102501432,0.0077483784476867,68.03159663241624,0.0014382852994958,-48.37390635452213,0.0060970047294441,-25.928934845277823,0.0299986912752424,0.4702884290280309,8.0,80.0
250,2024-09-10 11:53:09,marine_engineer_interview.txt,-999,0,0.019984895636,0.0048131565987012,0.0098042437336383,0.0760151751461524,0.0030869930176766,15.041683978684432,0.003084591961761,-11.385151897218975,0.0032266158242057,-25.879096651591624,0.0065522650112291,0.8121389933941003,60.0,78.0
250,2024-09-10 11:53:09,marketing_manager_interview.txt,-999,0,0.0189914628275157,0.0,0.0095037362486781,0.0809983161818502,0.0016829079109803,9.323056006375223,0.0,-100.0,0.0004662320260121,-28.15095839364376,0.0230890297997828,7.420833977633336,65.0,65.0
250,2024-09-10 11:53:09,materials_engineer_interview.txt,-999,0,0.0286679148102307,0.0051007932052458,0.0111912743721215,0.0909025770339821,0.005064073330184,65.02488959639606,0.0020809364745432,-6.089484973638449,0.0012335401217173,-15.39302891507063,0.0356750972407184,20.55597074121013,9.0,45.0
250,2024-09-10 11:53:09,mechanical_engineer_interview.txt,-999,0,0.0245287107804359,0.0006195786864931,0.007779278142522,0.1023084205353035,0.0013876907017594,41.1978448826286,0.0010731417642929,-88.59295972083488,0.0003319020310878,-41.1880060321306,0.0085426166197715,35.682522488033385,33.0,11.0
250,2024-09-10 11:53:09,meteorologist_interview.txt,-999,0,0.0298635579083733,0.0033153168583932,0.0084489092168366,0.0953266034520779,0.0008427394444072,71.90752726201615,0.0018786161897466,-38.96182395179368,0.0005779357378675,-36.12553905488931,0.0119186612099387,26.42316193446881,7.0,29.0
250,2024-09-10 11:53:09,microbiologist_interview.txt,-999,0,0.0251746551114255,0.0009120813397129,0.0125583153364486,0.0916428250101727,0.0077102634298827,44.91617921606738,0.0009600865883181,-83.20770419191206,0.0024339747964595,-5.058084788523232,0.025527248803454,21.537695531317084,28.0,43.0
250,2024-09-10 11:53:09,mining_engineer_interview.txt,-999,0,0.0261098779629463,0.0072546193215273,0.0085568576906737,0.093909004861048,0.0047209891861564,50.29972555495783,0.0037815392041231,33.564527984424274,0.0028364419414043,-35.30943955621713,0.0060976237110411,24.54312750817201,20.0,33.0
250,2024-09-10 11:53:09,mobile_app_developer_interview.txt,-999,0,0.0189584972852044,0.0027637645329413,0.012288176086118,0.1080393265261535,0.0044936255084391,9.133292118195229,0.00280733074982,-49.11643341408496,0.0032424324733249,-7.100360134623074,0.0236365220102743,43.2829113603452,66.0,8.0
250,2024-09-10 11:53:09,natural_language_processing_engineer_interview.txt,-999,0,0.0368176959322275,0.0013704416796706,0.0126649226253499,0.0922915767931815,0.0044064977261049,111.93854686080078,0.0015416049752556,-74.76884892743666,0.0004425970675954,-4.252124760236924,0.0154768321598873,22.39807709059332,1.0,39.0
250,2024-09-10 11:53:09,network_administrator_interview.txt,-999,0,0.0195913189967583,0.0058740747992213,0.0104398377656416,0.0931784271897787,0.0053612394191367,12.776086990953388,0.0025877244259592,8.147373849801198,0.0032624335794062,-21.07395256349561,0.0352041387897604,23.574227579968635,63.0,36.0
250,2024-09-10 11:53:09,neuroscientist_interview.txt,-999,0,0.0200856091226601,0.0014739570359544,0.0120994320829199,0.0852471688010205,0.000626105883415,15.621434271894486,0.0010146253606738,-72.86303153187,0.0017440333071145,-8.527280598732006,0.0082785825252191,13.055707803585731,59.0,58.0
250,2024-09-10 11:53:09,no_persona_interview.txt,-999,0,0.017371873346102,0.0054315464075711,0.0132273667625893,0.0754027996084216,0.0036695737913253,2.8421709430404014e-14,0.0010284840311784,0.0,0.0003333475653023,0.0,0.0048231291858083,0.0,79.0,82.0
250,2024-09-10 11:53:09,nuclear_engineer_interview.txt,-999,0,0.0239533186399327,0.0057520549824626,0.0094354284093857,0.0810216851151034,0.0023302981645527,37.8856394051904,0.0027631461089348,5.900871516898661,0.0033303632941791,-28.667371376805264,0.0003224451426704,7.451826107069621,36.0,64.0
250,2024-09-10 11:53:09,nurse_interview.txt,-999,0,0.016978906681909,0.0030239260228338,0.0116696018837137,0.0948585959337826,0.0019846968908171,-2.262085708109481,0.0036646474914765,-44.32660984689917,0.0020647819964699,-11.77683288620527,0.0272969235250087,25.80248535385678,81.0,31.0
250,2024-09-10 11:53:09,occupational_therapist_interview.txt,-999,0,0.0208837326264454,0.0016701718842638,0.0119964440682174,0.0924895002111532,0.0035050047352124,20.2157775985128,0.0021003453242891,-69.25052721752013,0.001801703728983,-9.30587861110287,0.0101633610139694,22.66056524620494,57.0,38.0
250,2024-09-10 11:53:09,operations_manager_interview.txt,-999,0,0.0166933439650734,0.0019603143270731,0.0102446332380552,0.0849031657200842,0.003198189962949,-3.9059079438943343,0.002701595253063,-63.90872543516165,0.0024269052621242,-22.549715132796425,0.0141409191237349,12.599487235221218,85.0,60.0
250,2024-09-10 11:53:09,petroleum_engineer_interview.txt,-999,0,0.0239022898945875,0.0021456301864559,0.0090700043165895,0.0784344514709221,0.0033804765303238,37.591895924976825,0.00192135772952,-60.49688200279248,0.0010246836549682,-31.430008108325552,0.0203636023499927,4.020609152769211,37.0,72.0
250,2024-09-10 11:53:09,pharmacist_interview.txt,-999,0,0.015809358343077,0.0043690885935587,0.0085638198595809,0.1125706662691986,0.0016133551309735,-8.994510677661893,0.0043425916809384,-19.56087151407607,0.0017498276187014,-35.2568049764691,0.0093095233409137,49.29242263390145,89.0,3.0
250,2024-09-10 11:53:09,physical_therapist_interview.txt,-999,0,0.0142370439645323,0.0003005710850616,0.0105183552512913,0.0801002427510651,0.0017529356241706,-18.045430789841163,0.0005206043906128,-94.46619687088292,0.0030444975219921,-20.480353799214623,0.022580694101789,6.229799380179514,95.0,67.0
250,2024-09-10 11:53:09,physicist_interview.txt,-999,0,0.0261779636288157,0.0019493177387914,0.0126309080028924,0.0773601940305492,0.0012350208219295,50.69165603080762,0.003376317363682,-64.11118321525831,0.0012355285816252,-4.5092781534104205,0.0102067303766029,2.5959174358148687,19.0,74.0
250,2024-09-10 11:53:09,procurement_specialist_interview.txt,-999,0,0.0188311267163028,0.0053886872548639,0.0102800053225568,0.0750299711677662,0.0031762192140836,8.400092155450963,0.0058857763456843,-0.789078275156001,0.001534529417819,-22.28229921293505,0.0094960136049333,-0.4944490689889278,67.0,83.0
250,2024-09-10 11:53:09,product_manager_interview.txt,-999,0,0.0198267795307269,0.0025518341307814,0.0099981635343477,0.0715292872877496,0.0053410286026906,14.131499440016611,0.0044199063670019,-53.01827620906542,0.0024286134018087,-24.41304672502692,0.0171422349516534,-5.137093504203861,61.0,89.0
250,2024-09-10 11:53:09,professor_of_classics_interview.txt,-999,0,0.0187568506215981,0.0,0.0125272071568233,0.102280287509838,0.0035261865432015,7.972526899678286,0.0,-100.0,0.002638134643526,-5.293265230584368,0.0237956869562254,35.645212168507385,69.0,12.0
250,2024-09-10 11:53:09,project_manager_interview.txt,-999,0,0.0175731922234049,0.0024668516805427,0.0135713735354125,0.0917133807952924,0.004613876545211,1.158878339094045,0.0042727124454366,-54.58288495695962,0.002434455913166,2.600719999661024,0.0048433290520752,21.631267368816708,77.0,42.0
250,2024-09-10 11:53:09,psychologist_interview.txt,-999,0,0.0167428683672026,0.0027959656173097,0.0110821939519613,0.0958657361718315,0.0057580977620153,-3.6208241124472655,0.002357113510722,-48.52358044087687,0.0030387652267328,-16.217686022701983,0.0386693801730115,27.13816551862398,84.0,27.0
250,2024-09-10 11:53:09,public_relations_specialist_interview.txt,-999,0,0.015532566350439,0.0,0.0104437871210424,0.0769577840572622,0.0046091279662731,-10.58784483986409,0.0,-100.0,0.0022939816712199,-21.044095106061505,0.0162132468646628,2.062237021590491,91.0,75.0
250,2024-09-10 11:53:09,quality_control_engineer_interview.txt,-999,0,0.023853539650595,0.0064625773044779,0.0095619320576779,0.0892710802954945,0.0041828465876388,37.31126848186082,0.0028709471802878,18.982271705707905,0.0031045460119224,-27.71099320598151,0.0127823053025274,18.3922623020538,38.0,49.0
250,2024-09-10 11:53:09,restaurant_manager_interview.txt,-999,0,0.0183823355175581,0.0019193857965451,0.0091176400893761,0.0847801679626468,0.0051993576887123,5.81665633478022,0.0033244737189421,-64.66225909678984,0.0020575527065491,-31.0698776784251,0.0185950859295247,12.436366292661887,71.0,61.0
250,2024-09-10 11:53:09,retail_manager_interview.txt,-999,0,0.0190546023921215,0.0016374188353926,0.0099209982937018,0.0879560730645905,0.0025738418510194,9.686514588808365,0.0015155764299191,-69.85354238877147,0.0002934011949135,-24.996422403882107,0.0229730554958179,16.64828563575884,64.0,50.0
250,2024-09-10 11:53:09,robotics_engineer_interview.txt,-999,0,0.022802161251969,0.0036688827727921,0.0097560371225165,0.0988775370646232,0.0030106007834307,31.25908068564988,0.0009625238564602,-32.45233497999678,0.0021214975793237,-26.24354266709173,0.0325780268255685,31.13244810286818,50.0,17.0
250,2024-09-10 11:53:09,safety_engineer_interview.txt,-999,0,0.0232612361204358,0.0075742191421613,0.0117172775394082,0.1100896274353139,0.0002769167959567,33.901713747269355,0.0014569775707692,39.44866846030192,0.0021704856493198,-11.41640093818252,0.0059431382445569,46.00204237379288,42.0,7.0
250,2024-09-10 11:53:09,sales_manager_interview.txt,-999,0,0.0180142667502142,0.0040665865427736,0.0111839423708389,0.0984784589838401,0.0027199065810291,3.697893665891499,0.0054662029612627,-25.13022558170336,0.0003489129710983,-15.448459458535396,0.006232347781839,30.60318648014916,76.0,19.0
250,2024-09-10 11:53:09,seo_specialist_interview.txt,-999,0,0.0156860381743559,0.0,0.0107983484151708,0.1041795432485837,0.0044084642445881,-9.704394788973204,0.0,-100.0,0.0032385487396132,-18.36358204180482,0.0228553493217802,38.16402546006793,90.0,10.0
250,2024-09-10 11:53:09,shop_assistant_interview.txt,-999,0,0.0188160744836035,0.0031727315346873,0.0092588717405459,0.0900752468821488,0.0072952252539734,8.31344500807998,0.0027491581876149,-41.58695707239386,0.0022535941865831,-30.002154572952364,0.0350664553467773,19.45875663758304,68.0,48.0
250,2024-09-10 11:53:09,social_media_manager_interview.txt,-999,0,0.0161793697501708,0.0,0.0104651701497693,0.0774461482716242,0.0032920730748964,-6.864565336004986,0.0,-100.0,0.0040732316016145,-20.88243761889362,0.0083795848213133,2.7099108704371275,88.0,73.0
250,2024-09-10 11:53:09,software_quality_assurance_tester_interview.txt,-999,0,0.0284785637335296,0.0065458721515943,0.0100402264415345,0.0845679783719093,0.0115579034244066,63.93490308239959,0.003685634398233,20.51581005494012,0.0004247071136885,-24.09504762557081,0.0206223477935623,12.154958186014156,10.0,62.0
250,2024-09-10 11:53:09,speech_therapist_interview.txt,-999,0,0.0185768380502112,0.0009382266707107,0.009459667072117,0.0920760166108855,0.0037073089273114,6.936296852403089,0.000952696441437,-82.72634347001186,0.0043179042420336,-28.484125057516778,0.0178463677885285,22.11219886933968,70.0,40.0
250,2024-09-10 11:53:09,structural_engineer_interview.txt,-999,0,0.0212239978342534,0.0006022282445046,0.0105148793261749,0.0790085338500657,0.0034860872955355,22.17449097978641,0.001043089917235,-88.91239806650256,0.0019911966707159,-20.50663208406742,0.0344445944277354,4.781963349330852,56.0,70.0
250,2024-09-10 11:53:09,supply_chain_manager_interview.txt,-999,0,0.0283463250069813,0.0031783020490373,0.0085437872858172,0.0980925018239155,0.0061581422263195,63.17367990333486,0.0038779899110635,-41.48439853874587,0.0022851605722003,-35.40825291106772,0.0347936790442098,30.09132596312736,11.0,21.0
250,2024-09-10 11:53:09,system_administrator_interview.txt,-999,0,0.0271905131430432,0.0064079711418129,0.0118035194575377,0.0854443917171086,0.01148970133601,56.52032801139615,0.0020368273336266,17.976919664733686,0.0016327401849853,-10.764404817734771,0.0174218197910483,13.31726694610073,16.0,57.0
250,2024-09-10 11:53:09,transportation_engineer_interview.txt,-999,0,0.0228725637608497,0.0006510416666666,0.0093525924623148,0.0944827194118889,0.0040294174668898,31.66434790973139,0.0011276372445109,-88.01369595665854,0.0033895876374089,-29.293618070933192,0.0224374928554636,25.303993886901026,46.0,32.0
250,2024-09-10 11:53:09,travel_agent_interview.txt,-999,0,0.0171765821756142,0.0,0.0112047912570942,0.1153552967477106,0.0049926283042368,-1.124180257344733,0.0,-100.0,0.0038421468006462,-15.290840133166654,0.0259316837512685,52.98542938295182,80.0,2.0
250,2024-09-10 11:53:09,veterinarian_interview.txt,-999,0,0.0168921459934673,0.00424561357066,0.0075957176463278,0.0917755595748256,0.0064786805786021,-2.761517673293256,0.0023535374831299,-21.83416559339384,0.0007772204500192,-42.57573874937329,0.0141178711250142,21.71372953183463,82.0,41.0
250,2024-09-10 11:53:09,warehouse_manager_interview.txt,-999,0,0.0253558564753769,0.0027789672222965,0.010202149267106,0.0971438543857733,0.003699165773092,45.959252466380434,0.0018492598379035,-48.83653726270424,0.0032945018374368,-22.870897509544093,0.0144014133217098,28.833219575740287,26.0,23.0
250,2024-09-10 11:53:09,water_resources_engineer_interview.txt,-999,0,0.0234299955366074,0.0003055300947143,0.0087109945571039,0.0749741953463101,0.0082063787811941,34.873165776704724,0.0005291936472865,-94.37489672759776,0.0026063144934701,-34.144151943068195,0.013687147945152,-0.5684195604637239,40.0,84.0
251,2024-09-10 12:44:16,machine_learning_engineer_interview.txt,1,0,0.0335097001763668,0.0061728395061728,0.0114638447971781,0.0759842373677916,,,,,,,,,,
251,2024-09-10 12:44:16,machine_learning_engineer_interview.txt,2,0,0.0326492537313432,0.0055970149253731,0.0093283582089552,0.0526347064372755,,,,,,,,,,
251,2024-09-10 12:44:16,machine_learning_engineer_interview.txt,3,0,0.0261496844003606,0.0,0.0108205590622182,0.1037744367908366,,,,,,,,,,
251,2024-09-10 12:44:16,no_persona_interview.txt,1,0,0.0162671232876712,0.0042808219178082,0.0128424657534246,0.0794851619763919,,,,,,,,,,
251,2024-09-10 12:44:16,no_persona_interview.txt,2,0,0.0143815915627996,0.0057526366251198,0.0134228187919463,0.0700808695365404,,,,,,,,,,
251,2024-09-10 12:44:16,no_persona_interview.txt,3,0,0.0214669051878354,0.0062611806797853,0.0134168157423971,0.0766423673123326,,,,,,,,,,
251,2024-09-10 12:44:16,business_intelligence_analyst_interview.txt,1,0,0.0374732334047109,0.0117773019271948,0.0117773019271948,0.1009540475141373,,,,,,,,,,
251,2024-09-10 12:44:16,business_intelligence_analyst_interview.txt,2,0,0.0232323232323232,0.0141414141414141,0.007070707070707,0.0923414865422088,,,,,,,,,,
251,2024-09-10 12:44:16,business_intelligence_analyst_interview.txt,3,0,0.0224089635854341,0.003734827264239,0.0093370681605975,0.059793506036664,,,,,,,,,,
251,2024-09-10 12:44:16,robotics_engineer_interview.txt,1,0,0.0237087214225232,0.0008467400508044,0.0135478408128704,0.0808522794323836,,,,,,,,,,
251,2024-09-10 12:44:16,robotics_engineer_interview.txt,2,0,0.0350877192982456,0.0077972709551656,0.0107212475633528,0.0547885831077742,,,,,,,,,,
251,2024-09-10 12:44:16,robotics_engineer_interview.txt,3,0,0.0291777188328912,0.0008841732979664,0.0114942528735632,0.0770226233590429,,,,,,,,,,
251,2024-09-10 12:44:16,ai_professor_interview.txt,1,0,0.0341796875,0.005859375,0.013671875,0.0763396676393117,,,,,,,,,,
251,2024-09-10 12:44:16,ai_professor_interview.txt,2,0,0.0289735099337748,0.0008278145695364,0.0107615894039735,0.0717127211787789,,,,,,,,,,
251,2024-09-10 12:44:16,ai_professor_interview.txt,3,0,0.0177404295051353,0.0028011204481792,0.0149393090569561,0.0639966200768145,,,,,,,,,,
251,2024-09-10 12:44:16,natural_language_processing_engineer_interview.txt,1,0,0.0319248826291079,0.0,0.0075117370892018,0.0696044927809426,,,,,,,,,,
251,2024-09-10 12:44:16,natural_language_processing_engineer_interview.txt,2,0,0.0157116451016635,0.0073937153419593,0.010166358595194,0.0596966807140297,,,,,,,,,,
251,2024-09-10 12:44:16,natural_language_processing_engineer_interview.txt,3,0,0.0262467191601049,0.0008748906386701,0.0069991251093613,0.0802566187620792,,,,,,,,,,
251,2024-09-10 12:44:16,ai_software_developer_interview.txt,1,0,0.0348943985307621,0.0110192837465564,0.0082644628099173,0.0714278404853981,,,,,,,,,,
251,2024-09-10 12:44:16,ai_software_developer_interview.txt,2,0,0.035576923076923,0.0009615384615384,0.0134615384615384,0.0602196344881287,,,,,,,,,,
251,2024-09-10 12:44:16,ai_software_developer_interview.txt,3,0,0.0309278350515463,0.0112464854732895,0.0103092783505154,0.0778226821723167,,,,,,,,,,
251,2024-09-10 12:44:16,computer_vision_engineer_interview.txt,1,0,0.0395108184383819,0.0009407337723424,0.0094073377234242,0.0797791876321218,,,,,,,,,,
251,2024-09-10 12:44:16,computer_vision_engineer_interview.txt,2,0,0.0297504798464491,0.0,0.0115163147792706,0.0840786119701969,,,,,,,,,,
251,2024-09-10 12:44:16,computer_vision_engineer_interview.txt,3,0,0.0295395308427454,0.0008688097306689,0.0086880973066898,0.0619342330677844,,,,,,,,,,
251,2024-09-10 12:44:16,data_scientist_interview.txt,1,0,0.0189125295508274,0.0,0.0086682427107959,0.0618766026142146,,,,,,,,,,
251,2024-09-10 12:44:16,data_scientist_interview.txt,2,0,0.0370774263904034,0.0032715376226826,0.0141766630316248,0.0964628419276161,,,,,,,,,,
251,2024-09-10 12:44:16,data_scientist_interview.txt,3,0,0.0175097276264591,0.0058365758754863,0.0126459143968871,0.076286338471741,,,,,,,,,,
251,2024-09-10 12:44:16,ai_ethicist_interview.txt,1,0,0.0220994475138121,0.0174953959484346,0.012891344383057,0.100604679622852,,,,,,,,,,
251,2024-09-10 12:44:16,ai_ethicist_interview.txt,2,0,0.0244618395303326,0.0127201565557729,0.0127201565557729,0.0684174579054329,,,,,,,,,,
251,2024-09-10 12:44:16,ai_ethicist_interview.txt,3,0,0.0185365853658536,0.0224390243902439,0.0107317073170731,0.0901261121779053,,,,,,,,,,
251,2024-09-10 12:44:16,ai_ethicist_interview.txt,-999,0,0.0216992908033328,0.0175515256314838,0.0121144027519677,0.0863827499020634,0.002982826390041,24.910482427629105,0.0048596770367965,223.140489180364,0.0012005046094502,-8.414101087522425,0.0164168779406353,14.561727615767978,9.0,1.0
251,2024-09-10 12:44:16,ai_professor_interview.txt,-999,0,0.02696454231297,0.0031627700059052,0.0131242578203098,0.0706830029649684,0.0084017417260655,55.21954239333894,0.0025352007599604,-41.77035841033064,0.0021420197959748,-0.7795122349756696,0.0062356190937554,-6.259444832239495,6.0,8.0
251,2024-09-10 12:44:16,ai_software_developer_interview.txt,-999,0,0.0337997188864105,0.0077424358937948,0.010678426540657,0.0698233857152812,0.0025104277543366,94.56576854444168,0.005873528125943,42.54570085238564,0.0026181294127452,-19.270201451897265,0.0089105290681845,-7.399478430662043,1.0,10.0
251,2024-09-10 12:44:16,business_intelligence_analyst_interview.txt,-999,0,0.0277048400741561,0.0098845144442826,0.0093950257194998,0.0843630133643367,0.0084696878025315,59.48101579023162,0.0054553868744251,81.98342981115786,0.0023538326394955,-28.972819094488614,0.0217092047152174,11.883131398896126,5.0,2.0
251,2024-09-10 12:44:16,computer_vision_engineer_interview.txt,-999,0,0.0329336097091921,0.0006031811676704,0.0098705832697949,0.0752640108900344,0.0056970063077934,89.58007034158948,0.0005236066345233,-88.89485383334505,0.0014699152510355,-25.37756420490556,0.0117423802954348,-0.1840630840075334,2.0,6.0
251,2024-09-10 12:44:16,data_scientist_interview.txt,-999,0,0.0244998945225633,0.003036037832723,0.0118302733797693,0.0782085943378572,0.0109150214944659,41.031966066346286,0.0029254058865191,-44.103619763037926,0.0028433477292329,-10.562142926069171,0.0173730621414903,3.721075005180865,8.0,3.0
251,2024-09-10 12:44:16,machine_learning_engineer_interview.txt,-999,0,0.0307695461026902,0.0039232848105153,0.0105375873561171,0.0774644601986346,0.0040239823101844,77.12278629750867,0.0034098410909129,-27.76854847366147,0.0010955046699856,-20.33495747679433,0.0256019784368404,2.734196344060805,3.0,4.0
251,2024-09-10 12:44:16,natural_language_processing_engineer_interview.txt,-999,0,0.0246277489636255,0.0027562019935431,0.0082257402645857,0.0698525974190171,0.0082269718702053,41.76795140606703,0.0040399574193253,-49.25566704721059,0.0017000565841432,-37.81271501558102,0.0102822142590243,-7.360737556466802,7.0,9.0
251,2024-09-10 12:44:16,no_persona_interview.txt,-999,0,0.017371873346102,0.0054315464075711,0.0132273667625893,0.0754027996084216,0.0036695737913253,2.8421709430404014e-14,0.0010284840311784,0.0,0.0003333475653023,0.0,0.0048231291858083,0.0,10.0,5.0
251,2024-09-10 12:44:16,robotics_engineer_interview.txt,-999,0,0.02932471985122,0.0031760614346454,0.0119211137499288,0.0708878286330669,0.0056909230480182,68.80574286365004,0.00400212860693,-41.52565040743592,0.0014608439360121,-9.875382123333708,0.0140732315504563,-5.987802838623608,4.0,7.0
252,2024-09-10 15:08:35,restaurant_manager_interview.txt,1,0,0.0183654729109274,0.0055096418732782,0.0073461891643709,0.0990020926830458,,,,,,,,,,
252,2024-09-10 15:08:35,restaurant_manager_interview.txt,2,0,0.0166666666666666,0.0,0.01,0.0477094974833796,,,,,,,,,,
252,2024-09-10 15:08:35,restaurant_manager_interview.txt,3,0,0.0182315405651777,0.0009115770282588,0.0063810391978122,0.1039383717007957,,,,,,,,,,
252,2024-09-10 15:08:35,geneticist_interview.txt,1,0,0.0325379609544468,0.0021691973969631,0.0119305856832971,0.0671835125726117,,,,,,,,,,
252,2024-09-10 15:08:35,geneticist_interview.txt,2,0,0.0260557053009883,0.0116801437556154,0.004492362982929,0.0876457877004582,,,,,,,,,,
252,2024-09-10 15:08:35,geneticist_interview.txt,3,0,0.0167597765363128,0.0,0.01024208566108,0.1167372355373446,,,,,,,,,,
252,2024-09-10 15:08:35,customer_service_representative_interview.txt,1,0,0.0283286118980169,0.0,0.0094428706326723,0.0771803307106458,,,,,,,,,,
252,2024-09-10 15:08:35,customer_service_representative_interview.txt,2,0,0.014519056261343,0.0,0.0127041742286751,0.0827618105285314,,,,,,,,,,
252,2024-09-10 15:08:35,customer_service_representative_interview.txt,3,0,0.0204808548530721,0.0,0.0106856634016028,0.1244732198386128,,,,,,,,,,
252,2024-09-10 15:08:35,construction_manager_interview.txt,1,0,0.0223300970873786,0.0019417475728155,0.0116504854368932,0.076677281993765,,,,,,,,,,
252,2024-09-10 15:08:35,construction_manager_interview.txt,2,0,0.0186666666666666,0.0,0.0124444444444444,0.1100746252650411,,,,,,,,,,
252,2024-09-10 15:08:35,construction_manager_interview.txt,3,0,0.0263157894736842,0.0036297640653357,0.0072595281306715,0.0812593520905692,,,,,,,,,,
252,2024-09-10 15:08:35,doctor_interview.txt,1,0,0.0164383561643835,0.0045662100456621,0.010958904109589,0.0868723693423282,,,,,,,,,,
252,2024-09-10 15:08:35,doctor_interview.txt,2,0,0.019036954087346,0.0,0.0156774916013437,0.0935002176290546,,,,,,,,,,
252,2024-09-10 15:08:35,doctor_interview.txt,3,0,0.0263424518743667,0.0040526849037487,0.0101317122593718,0.0580943081060441,,,,,,,,,,
252,2024-09-10 15:08:35,human_resources_manager_interview.txt,1,0,0.0207253886010362,0.0,0.0093264248704663,0.0802816027079444,,,,,,,,,,
252,2024-09-10 15:08:35,human_resources_manager_interview.txt,2,0,0.0187393526405451,0.0068143100511073,0.0127768313458262,0.0854438192696183,,,,,,,,,,
252,2024-09-10 15:08:35,human_resources_manager_interview.txt,3,0,0.0328330206378986,0.0037523452157598,0.0103189493433395,0.0980172900979964,,,,,,,,,,
252,2024-09-10 15:08:35,water_resources_engineer_interview.txt,1,0,0.0267062314540059,0.0049455984174085,0.0118694362017804,0.1009885264842701,,,,,,,,,,
252,2024-09-10 15:08:35,water_resources_engineer_interview.txt,2,0,0.0229568411386593,0.0036730945821854,0.0073461891643709,0.0609387748704152,,,,,,,,,,
252,2024-09-10 15:08:35,water_resources_engineer_interview.txt,3,0,0.0188340807174887,0.000896860986547,0.0134529147982062,0.0613637204874069,,,,,,,,,,
252,2024-09-10 15:08:35,project_manager_interview.txt,1,0,0.0154826958105646,0.0027322404371584,0.01183970856102,0.097509810257168,,,,,,,,,,
252,2024-09-10 15:08:35,project_manager_interview.txt,2,0,0.0165794066317626,0.0017452006980802,0.0087260034904013,0.1008747961449321,,,,,,,,,,
252,2024-09-10 15:08:35,project_manager_interview.txt,3,0,0.0134680134680134,0.0084175084175084,0.0092592592592592,0.0742314978133887,,,,,,,,,,
252,2024-09-10 15:08:35,biologist_interview.txt,1,0,0.0254545454545454,0.0009090909090909,0.0109090909090909,0.0628801767620028,,,,,,,,,,
252,2024-09-10 15:08:35,biologist_interview.txt,2,0,0.0375494071146245,0.0009881422924901,0.0138339920948616,0.1200003938783278,,,,,,,,,,
252,2024-09-10 15:08:35,biologist_interview.txt,3,0,0.026865671641791,0.0,0.0139303482587064,0.135107484888767,,,,,,,,,,
252,2024-09-10 15:08:35,network_administrator_interview.txt,1,0,0.0214861235452103,0.0044762757385854,0.0080572963294538,0.064574689275901,,,,,,,,,,
252,2024-09-10 15:08:35,network_administrator_interview.txt,2,0,0.0261437908496732,0.0065359477124183,0.0073529411764705,0.0766841553323304,,,,,,,,,,
252,2024-09-10 15:08:35,network_administrator_interview.txt,3,0,0.0236518448438978,0.0056764427625354,0.0094607379375591,0.0659184431771535,,,,,,,,,,
252,2024-09-10 15:08:35,neuroscientist_interview.txt,1,0,0.0218522372528616,0.0010405827263267,0.0083246618106139,0.0887483868630813,,,,,,,,,,
252,2024-09-10 15:08:35,neuroscientist_interview.txt,2,0,0.0332409972299169,0.0,0.0147737765466297,0.0930213236124641,,,,,,,,,,
252,2024-09-10 15:08:35,neuroscientist_interview.txt,3,0,0.0148148148148148,0.0084656084656084,0.0095238095238095,0.1097132440265825,,,,,,,,,,
252,2024-09-10 15:08:35,retail_manager_interview.txt,1,0,0.0248262164846077,0.0009930486593843,0.009930486593843,0.1011293208778182,,,,,,,,,,
252,2024-09-10 15:08:35,retail_manager_interview.txt,2,0,0.0282752120640904,0.0065975494816211,0.0065975494816211,0.0800658557422523,,,,,,,,,,
252,2024-09-10 15:08:35,retail_manager_interview.txt,3,0,0.0333024976873265,0.0,0.005550416281221,0.0987937856881926,,,,,,,,,,
252,2024-09-10 15:08:35,agricultural_engineer_interview.txt,1,0,0.0168381665107577,0.0,0.0121608980355472,0.0841760159308743,,,,,,,,,,
252,2024-09-10 15:08:35,agricultural_engineer_interview.txt,2,0,0.0240137221269296,0.0025728987993138,0.0094339622641509,0.0642265594818371,,,,,,,,,,
252,2024-09-10 15:08:35,agricultural_engineer_interview.txt,3,0,0.0248565965583174,0.0009560229445506,0.0105162523900573,0.0914738996871959,,,,,,,,,,
252,2024-09-10 15:08:35,electrical_engineer_interview.txt,1,0,0.0218722659667541,0.0061242344706911,0.0139982502187226,0.0737443302166703,,,,,,,,,,
252,2024-09-10 15:08:35,electrical_engineer_interview.txt,2,0,0.0227272727272727,0.0075757575757575,0.0104166666666666,0.1028255487712899,,,,,,,,,,
252,2024-09-10 15:08:35,electrical_engineer_interview.txt,3,0,0.0227488151658767,0.0056872037914691,0.0113744075829383,0.0923408507039358,,,,,,,,,,
252,2024-09-10 15:08:35,quality_control_engineer_interview.txt,1,0,0.0202952029520295,0.0027675276752767,0.011070110701107,0.0623001020251796,,,,,,,,,,
252,2024-09-10 15:08:35,quality_control_engineer_interview.txt,2,0,0.0194704049844236,0.0023364485981308,0.0093457943925233,0.0621484961444896,,,,,,,,,,
252,2024-09-10 15:08:35,quality_control_engineer_interview.txt,3,0,0.0157407407407407,0.0092592592592592,0.0083333333333333,0.0754969988608226,,,,,,,,,,
252,2024-09-10 15:08:35,machine_learning_engineer_interview.txt,1,0,0.0335097001763668,0.0061728395061728,0.0114638447971781,0.0759842373677916,,,,,,,,,,
252,2024-09-10 15:08:35,machine_learning_engineer_interview.txt,2,0,0.0326492537313432,0.0055970149253731,0.0093283582089552,0.0526347064372755,,,,,,,,,,
252,2024-09-10 15:08:35,machine_learning_engineer_interview.txt,3,0,0.0261496844003606,0.0,0.0108205590622182,0.1037744367908366,,,,,,,,,,
252,2024-09-10 15:08:35,geologist_interview.txt,1,0,0.0268231349538977,0.0008382229673093,0.008382229673093,0.1078284430541484,,,,,,,,,,
252,2024-09-10 15:08:35,geologist_interview.txt,2,0,0.037037037037037,0.011011011011011,0.006006006006006,0.1002302330965116,,,,,,,,,,
252,2024-09-10 15:08:35,geologist_interview.txt,3,0,0.0282074613284804,0.0045495905368516,0.013648771610555,0.0657736789916789,,,,,,,,,,
252,2024-09-10 15:08:35,chemical_engineer_interview.txt,1,0,0.0356807511737089,0.0,0.0150234741784037,0.0915186421530048,,,,,,,,,,
252,2024-09-10 15:08:35,chemical_engineer_interview.txt,2,0,0.0353260869565217,0.0072463768115942,0.0108695652173913,0.0828367268709857,,,,,,,,,,
252,2024-09-10 15:08:35,chemical_engineer_interview.txt,3,0,0.0271493212669683,0.0018099547511312,0.0099547511312217,0.0721931626977862,,,,,,,,,,
252,2024-09-10 15:08:35,no_persona_interview.txt,1,0,0.0162671232876712,0.0042808219178082,0.0128424657534246,0.0794851619763919,,,,,,,,,,
252,2024-09-10 15:08:35,no_persona_interview.txt,2,0,0.0143815915627996,0.0057526366251198,0.0134228187919463,0.0700808695365404,,,,,,,,,,
252,2024-09-10 15:08:35,no_persona_interview.txt,3,0,0.0214669051878354,0.0062611806797853,0.0134168157423971,0.0766423673123326,,,,,,,,,,
252,2024-09-10 15:08:35,financial_analyst_interview.txt,1,0,0.024074074074074,0.0055555555555555,0.0138888888888888,0.0860456616180161,,,,,,,,,,
252,2024-09-10 15:08:35,financial_analyst_interview.txt,2,0,0.0244786944696282,0.0081595648232094,0.0081595648232094,0.077737642329477,,,,,,,,,,
252,2024-09-10 15:08:35,financial_analyst_interview.txt,3,0,0.0234933605720122,0.0030643513789581,0.0091930541368743,0.0944052444710529,,,,,,,,,,
252,2024-09-10 15:08:35,civil_engineer_interview.txt,1,0,0.0173515981735159,0.0,0.0091324200913242,0.0820431203361508,,,,,,,,,,
252,2024-09-10 15:08:35,civil_engineer_interview.txt,2,0,0.0180265654648956,0.0,0.0132827324478178,0.0674644754624829,,,,,,,,,,
252,2024-09-10 15:08:35,civil_engineer_interview.txt,3,0,0.0239923224568138,0.0009596928982725,0.010556621880998,0.0581323815724738,,,,,,,,,,
252,2024-09-10 15:08:35,meteorologist_interview.txt,1,0,0.0171017101710171,0.0,0.0108010801080108,0.1101242351198415,,,,,,,,,,
252,2024-09-10 15:08:35,meteorologist_interview.txt,2,0,0.0283203125,0.0009765625,0.01171875,0.0937019741809613,,,,,,,,,,
252,2024-09-10 15:08:35,meteorologist_interview.txt,3,0,0.0311203319502074,0.0020746887966804,0.0062240663900414,0.1025000862357742,,,,,,,,,,
252,2024-09-10 15:08:35,shop_assistant_interview.txt,1,0,0.0130576713819368,0.001088139281828,0.0076169749727965,0.076950296840312,,,,,,,,,,
252,2024-09-10 15:08:35,shop_assistant_interview.txt,2,0,0.0146425495262704,0.0060292850990525,0.0077519379844961,0.0817585425830787,,,,,,,,,,
252,2024-09-10 15:08:35,shop_assistant_interview.txt,3,0,0.0227471566054243,0.0,0.0087489063867016,0.0735263949550024,,,,,,,,,,
252,2024-09-10 15:08:35,social_media_manager_interview.txt,1,0,0.0140227870289219,0.0,0.0105170902716914,0.1148327242693828,,,,,,,,,,
252,2024-09-10 15:08:35,social_media_manager_interview.txt,2,0,0.011090573012939,0.0,0.010166358595194,0.1079863490942757,,,,,,,,,,
252,2024-09-10 15:08:35,social_media_manager_interview.txt,3,0,0.0118811881188118,0.0,0.0089108910891089,0.0978724862372683,,,,,,,,,,
252,2024-09-10 15:08:35,marine_engineer_interview.txt,1,0,0.0237113402061855,0.0072164948453608,0.0103092783505154,0.0936820963169988,,,,,,,,,,
252,2024-09-10 15:08:35,marine_engineer_interview.txt,2,0,0.0192953020134228,0.0050335570469798,0.011744966442953,0.0790367856064672,,,,,,,,,,
252,2024-09-10 15:08:35,marine_engineer_interview.txt,3,0,0.024557956777996,0.0049115913555992,0.0078585461689587,0.0490421159582713,,,,,,,,,,
252,2024-09-10 15:08:35,warehouse_manager_interview.txt,1,0,0.0135013501350135,0.0,0.009000900090009,0.1196334498346303,,,,,,,,,,
252,2024-09-10 15:08:35,warehouse_manager_interview.txt,2,0,0.0186125211505922,0.0042301184433164,0.0067681895093062,0.1062758456315468,,,,,,,,,,
252,2024-09-10 15:08:35,warehouse_manager_interview.txt,3,0,0.0226600985221674,0.0,0.0108374384236453,0.1269822253780783,,,,,,,,,,
252,2024-09-10 15:08:35,business_intelligence_analyst_interview.txt,1,0,0.0374732334047109,0.0117773019271948,0.0117773019271948,0.1009540475141373,,,,,,,,,,
252,2024-09-10 15:08:35,business_intelligence_analyst_interview.txt,2,0,0.0232323232323232,0.0141414141414141,0.007070707070707,0.0923414865422088,,,,,,,,,,
252,2024-09-10 15:08:35,business_intelligence_analyst_interview.txt,3,0,0.0224089635854341,0.003734827264239,0.0093370681605975,0.059793506036664,,,,,,,,,,
252,2024-09-10 15:08:35,full_stack_developer_interview.txt,1,0,0.0316831683168316,0.0089108910891089,0.0138613861386138,0.0941362735127485,,,,,,,,,,
252,2024-09-10 15:08:35,full_stack_developer_interview.txt,2,0,0.0229982964224872,0.0034071550255536,0.0119250425894378,0.1136696128114476,,,,,,,,,,
252,2024-09-10 15:08:35,full_stack_developer_interview.txt,3,0,0.0224215246636771,0.000896860986547,0.0134529147982062,0.1177717363348178,,,,,,,,,,
252,2024-09-10 15:08:35,travel_agent_interview.txt,1,0,0.0238568588469184,0.0,0.0079522862823061,0.1039994798802471,,,,,,,,,,
252,2024-09-10 15:08:35,travel_agent_interview.txt,2,0,0.0154686078252957,0.0,0.0072793448589626,0.0974603295342421,,,,,,,,,,
252,2024-09-10 15:08:35,travel_agent_interview.txt,3,0,0.0157845868152274,0.0,0.0102135561745589,0.0829039343827904,,,,,,,,,,
252,2024-09-10 15:08:35,robotics_engineer_interview.txt,1,0,0.0237087214225232,0.0008467400508044,0.0135478408128704,0.0808522794323836,,,,,,,,,,
252,2024-09-10 15:08:35,robotics_engineer_interview.txt,2,0,0.0350877192982456,0.0077972709551656,0.0107212475633528,0.0547885831077742,,,,,,,,,,
252,2024-09-10 15:08:35,robotics_engineer_interview.txt,3,0,0.0291777188328912,0.0008841732979664,0.0114942528735632,0.0770226233590429,,,,,,,,,,
252,2024-09-10 15:08:35,biomedical_engineer_interview.txt,1,0,0.0371376811594202,0.0126811594202898,0.0072463768115942,0.111565607490984,,,,,,,,,,
252,2024-09-10 15:08:35,biomedical_engineer_interview.txt,2,0,0.0262910798122065,0.0065727699530516,0.0103286384976525,0.0703015055700145,,,,,,,,,,
252,2024-09-10 15:08:35,biomedical_engineer_interview.txt,3,0,0.0251004016064257,0.001004016064257,0.0130522088353413,0.1091185530992652,,,,,,,,,,
252,2024-09-10 15:08:35,marketing_manager_interview.txt,1,0,0.0114832535885167,0.0,0.0124401913875598,0.0931674585181923,,,,,,,,,,
252,2024-09-10 15:08:35,marketing_manager_interview.txt,2,0,0.0239693192713326,0.0,0.0086289549376797,0.0625481122578713,,,,,,,,,,
252,2024-09-10 15:08:35,marketing_manager_interview.txt,3,0,0.0244328097731239,0.0,0.0095986038394415,0.1406118400202491,,,,,,,,,,
252,2024-09-10 15:08:35,professor_of_classics_interview.txt,1,0,0.0116959064327485,0.0,0.0100250626566416,0.0893468885006601,,,,,,,,,,
252,2024-09-10 15:08:35,professor_of_classics_interview.txt,2,0,0.0150234741784037,0.0,0.0103286384976525,0.0962453972600952,,,,,,,,,,
252,2024-09-10 15:08:35,professor_of_classics_interview.txt,3,0,0.0222024866785079,0.0,0.0106571936056838,0.0980349518835961,,,,,,,,,,
252,2024-09-10 15:08:35,environmental_engineer_interview.txt,1,0,0.0310663308144416,0.0025188916876574,0.0092359361880772,0.0684082745915221,,,,,,,,,,
252,2024-09-10 15:08:35,environmental_engineer_interview.txt,2,0,0.0177664974619289,0.0008460236886632,0.0135363790186125,0.1329012455344673,,,,,,,,,,
252,2024-09-10 15:08:35,environmental_engineer_interview.txt,3,0,0.0215331610680447,0.0017226528854435,0.0094745908699397,0.1202741759132395,,,,,,,,,,
252,2024-09-10 15:08:35,physical_therapist_interview.txt,1,0,0.0183861082737487,0.0020429009193054,0.0091930541368743,0.1078539966374,,,,,,,,,,
252,2024-09-10 15:08:35,physical_therapist_interview.txt,2,0,0.0161870503597122,0.0071942446043165,0.0080935251798561,0.0948178183962373,,,,,,,,,,
252,2024-09-10 15:08:35,physical_therapist_interview.txt,3,0,0.0175284837861524,0.0052585451358457,0.0096406660823838,0.0884058974151996,,,,,,,,,,
252,2024-09-10 15:08:35,astronomer_interview.txt,1,0,0.028747433264887,0.002053388090349,0.0123203285420944,0.0738670493327315,,,,,,,,,,
252,2024-09-10 15:08:35,astronomer_interview.txt,2,0,0.0480392156862745,0.0009803921568627,0.0117647058823529,0.1059165183962451,,,,,,,,,,
252,2024-09-10 15:08:35,astronomer_interview.txt,3,0,0.025305410122164,0.0,0.0095986038394415,0.0571474906458196,,,,,,,,,,
252,2024-09-10 15:08:35,ai_professor_interview.txt,1,0,0.0341796875,0.005859375,0.013671875,0.0763396676393117,,,,,,,,,,
252,2024-09-10 15:08:35,ai_professor_interview.txt,2,0,0.0289735099337748,0.0008278145695364,0.0107615894039735,0.0717127211787789,,,,,,,,,,
252,2024-09-10 15:08:35,ai_professor_interview.txt,3,0,0.0177404295051353,0.0028011204481792,0.0149393090569561,0.0639966200768145,,,,,,,,,,
252,2024-09-10 15:08:35,game_developer_interview.txt,1,0,0.0187265917602996,0.0,0.0074906367041198,0.1020498669343592,,,,,,,,,,
252,2024-09-10 15:08:35,game_developer_interview.txt,2,0,0.0175901495162708,0.0,0.0105540897097625,0.1127900228584796,,,,,,,,,,
252,2024-09-10 15:08:35,game_developer_interview.txt,3,0,0.0239574090505767,0.0,0.0079858030168589,0.1207030584207954,,,,,,,,,,
252,2024-09-10 15:08:35,fire_protection_engineer_interview.txt,1,0,0.0272904483430799,0.0068226120857699,0.0116959064327485,0.0877050265465327,,,,,,,,,,
252,2024-09-10 15:08:35,fire_protection_engineer_interview.txt,2,0,0.0183852917665867,0.0079936051159072,0.0071942446043165,0.0719869464167902,,,,,,,,,,
252,2024-09-10 15:08:35,fire_protection_engineer_interview.txt,3,0,0.0246350364963503,0.0072992700729927,0.0054744525547445,0.1149399713340419,,,,,,,,,,
252,2024-09-10 15:08:35,safety_engineer_interview.txt,1,0,0.0173775671406003,0.0086887835703001,0.0134281200631911,0.052572464344047,,,,,,,,,,
252,2024-09-10 15:08:35,safety_engineer_interview.txt,2,0,0.0199600798403193,0.0089820359281437,0.0079840319361277,0.1266351502924454,,,,,,,,,,
252,2024-09-10 15:08:35,safety_engineer_interview.txt,3,0,0.0238938053097345,0.0061946902654867,0.0123893805309734,0.0747295493665605,,,,,,,,,,
252,2024-09-10 15:08:35,environmental_scientist_interview.txt,1,0,0.0133214920071047,0.0008880994671403,0.0133214920071047,0.0982535224313493,,,,,,,,,,
252,2024-09-10 15:08:35,environmental_scientist_interview.txt,2,0,0.0163398692810457,0.0049019607843137,0.0098039215686274,0.1010844646314276,,,,,,,,,,
252,2024-09-10 15:08:35,environmental_scientist_interview.txt,3,0,0.0266193433895297,0.0,0.0079858030168589,0.0801551634850171,,,,,,,,,,
252,2024-09-10 15:08:35,operations_manager_interview.txt,1,0,0.0176908752327746,0.0,0.0148975791433892,0.099549303014495,,,,,,,,,,
252,2024-09-10 15:08:35,operations_manager_interview.txt,2,0,0.0138339920948616,0.0059288537549407,0.0128458498023715,0.0736854740012645,,,,,,,,,,
252,2024-09-10 15:08:35,operations_manager_interview.txt,3,0,0.0214776632302405,0.0051546391752577,0.0128865979381443,0.0671500221717826,,,,,,,,,,
252,2024-09-10 15:08:35,backend_developer_interview.txt,1,0,0.0327004219409282,0.0031645569620253,0.0126582278481012,0.0620090186629086,,,,,,,,,,
252,2024-09-10 15:08:35,backend_developer_interview.txt,2,0,0.0276356192425793,0.0040941658137154,0.0081883316274309,0.0818226756881755,,,,,,,,,,
252,2024-09-10 15:08:35,backend_developer_interview.txt,3,0,0.0268817204301075,0.0008960573476702,0.0116487455197132,0.0757107674881442,,,,,,,,,,
252,2024-09-10 15:08:35,digital_marketing_specialist_interview.txt,1,0,0.0135021097046413,0.0,0.0075949367088607,0.0659611590685329,,,,,,,,,,
252,2024-09-10 15:08:35,digital_marketing_specialist_interview.txt,2,0,0.0109090909090909,0.0,0.0081818181818181,0.1007659531726112,,,,,,,,,,
252,2024-09-10 15:08:35,digital_marketing_specialist_interview.txt,3,0,0.0121633362293657,0.0,0.0139009556907037,0.0677224365124114,,,,,,,,,,
252,2024-09-10 15:08:35,mechanical_engineer_interview.txt,1,0,0.0305418719211822,0.0,0.0118226600985221,0.1265433369753107,,,,,,,,,,
252,2024-09-10 15:08:35,mechanical_engineer_interview.txt,2,0,0.0231522707034728,0.0008904719501335,0.0142475512021371,0.0685162775995085,,,,,,,,,,
252,2024-09-10 15:08:35,mechanical_engineer_interview.txt,3,0,0.0319383259911894,0.0033039647577092,0.0088105726872246,0.0716937505782969,,,,,,,,,,
252,2024-09-10 15:08:35,software_quality_assurance_tester_interview.txt,1,0,0.0184873949579831,0.0067226890756302,0.0067226890756302,0.0885138573127251,,,,,,,,,,
252,2024-09-10 15:08:35,software_quality_assurance_tester_interview.txt,2,0,0.0217937971500419,0.0050293378038558,0.0058675607711651,0.0859382871842645,,,,,,,,,,
252,2024-09-10 15:08:35,software_quality_assurance_tester_interview.txt,3,0,0.0238305383936451,0.0097087378640776,0.0079435127978817,0.0607776400148168,,,,,,,,,,
252,2024-09-10 15:08:35,cybersecurity_specialist_interview.txt,1,0,0.0185185185185185,0.0072016460905349,0.0082304526748971,0.109015743871297,,,,,,,,,,
252,2024-09-10 15:08:35,cybersecurity_specialist_interview.txt,2,0,0.0133809099018733,0.0098126672613737,0.0089206066012488,0.0641154923039299,,,,,,,,,,
252,2024-09-10 15:08:35,cybersecurity_specialist_interview.txt,3,0,0.0190562613430127,0.0045372050816696,0.0081669691470054,0.0977475680509325,,,,,,,,,,
252,2024-09-10 15:08:35,product_manager_interview.txt,1,0,0.0166051660516605,0.0,0.0119926199261992,0.1184142035876159,,,,,,,,,,
252,2024-09-10 15:08:35,product_manager_interview.txt,2,0,0.0129421915444348,0.0,0.0120793787748058,0.084570358844505,,,,,,,,,,
252,2024-09-10 15:08:35,product_manager_interview.txt,3,0,0.0143266475644699,0.0,0.0085959885386819,0.0770131223357543,,,,,,,,,,
252,2024-09-10 15:08:35,microbiologist_interview.txt,1,0,0.021505376344086,0.0,0.0161290322580645,0.0702073727400886,,,,,,,,,,
252,2024-09-10 15:08:35,microbiologist_interview.txt,2,0,0.0219780219780219,0.001098901098901,0.0153846153846153,0.1158008390485609,,,,,,,,,,
252,2024-09-10 15:08:35,microbiologist_interview.txt,3,0,0.0230105465004793,0.0,0.0105465004793863,0.1023997863586028,,,,,,,,,,
252,2024-09-10 15:08:35,it_manager_interview.txt,1,0,0.0165118679050567,0.0030959752321981,0.0144478844169246,0.0786867744068236,,,,,,,,,,
252,2024-09-10 15:08:35,it_manager_interview.txt,2,0,0.0353200883002207,0.0022075055187637,0.0121412803532008,0.102526238929496,,,,,,,,,,
252,2024-09-10 15:08:35,it_manager_interview.txt,3,0,0.0235655737704918,0.0010245901639344,0.0102459016393442,0.0750302041372563,,,,,,,,,,
252,2024-09-10 15:08:35,industrial_engineer_interview.txt,1,0,0.0263473053892215,0.0011976047904191,0.0131736526946107,0.1139690785125045,,,,,,,,,,
252,2024-09-10 15:08:35,industrial_engineer_interview.txt,2,0,0.0208530805687203,0.0,0.0123222748815165,0.1001837613127376,,,,,,,,,,
252,2024-09-10 15:08:35,industrial_engineer_interview.txt,3,0,0.0192307692307692,0.0134615384615384,0.0144230769230769,0.0868946825030154,,,,,,,,,,
252,2024-09-10 15:08:35,barista_interview.txt,1,0,0.0262237762237762,0.0043706293706293,0.0052447552447552,0.0894535073774023,,,,,,,,,,
252,2024-09-10 15:08:35,barista_interview.txt,2,0,0.0228270412642669,0.0035118525021949,0.006145741878841,0.0901280192597011,,,,,,,,,,
252,2024-09-10 15:08:35,barista_interview.txt,3,0,0.0162523900573613,0.0,0.011472275334608,0.0799028801336788,,,,,,,,,,
252,2024-09-10 15:08:35,petroleum_engineer_interview.txt,1,0,0.0313059033989266,0.0062611806797853,0.0080500894454382,0.1164524407201045,,,,,,,,,,
252,2024-09-10 15:08:35,petroleum_engineer_interview.txt,2,0,0.0323212536728697,0.0058765915768854,0.009794319294809,0.0870842824985446,,,,,,,,,,
252,2024-09-10 15:08:35,petroleum_engineer_interview.txt,3,0,0.0264279624893435,0.0042625745950554,0.0085251491901108,0.053808166481091,,,,,,,,,,
252,2024-09-10 15:08:35,business_analyst_interview.txt,1,0,0.0241090146750524,0.0,0.0125786163522012,0.0917829748847736,,,,,,,,,,
252,2024-09-10 15:08:35,business_analyst_interview.txt,2,0,0.031905195989061,0.0,0.0127620783956244,0.0842892277779455,,,,,,,,,,
252,2024-09-10 15:08:35,business_analyst_interview.txt,3,0,0.0131470829909613,0.0,0.0106820049301561,0.0627435687880343,,,,,,,,,,
252,2024-09-10 15:08:35,data_engineer_interview.txt,1,0,0.0258780036968576,0.0027726432532347,0.0120147874306839,0.0679735648470982,,,,,,,,,,
252,2024-09-10 15:08:35,data_engineer_interview.txt,2,0,0.0266412940057088,0.0076117982873453,0.011417697431018,0.1149146796785812,,,,,,,,,,
252,2024-09-10 15:08:35,data_engineer_interview.txt,3,0,0.0371819960861056,0.0009784735812133,0.0107632093933463,0.0906915042207425,,,,,,,,,,
252,2024-09-10 15:08:35,aerospace_engineer_interview.txt,1,0,0.0249187432286023,0.0021668472372697,0.0130010834236186,0.0971801629866689,,,,,,,,,,
252,2024-09-10 15:08:35,aerospace_engineer_interview.txt,2,0,0.0341786108048511,0.0099228224917309,0.0132304299889746,0.0813299448695555,,,,,,,,,,
252,2024-09-10 15:08:35,aerospace_engineer_interview.txt,3,0,0.0289855072463768,0.0042625745950554,0.0085251491901108,0.0950765996382887,,,,,,,,,,
252,2024-09-10 15:08:35,bartender_interview.txt,1,0,0.02465483234714,0.0029585798816568,0.0128205128205128,0.0880976043415453,,,,,,,,,,
252,2024-09-10 15:08:35,bartender_interview.txt,2,0,0.015005359056806,0.0,0.0107181136120042,0.0777109651592,,,,,,,,,,
252,2024-09-10 15:08:35,bartender_interview.txt,3,0,0.0217842323651452,0.0,0.0062240663900414,0.1012791947280587,,,,,,,,,,
252,2024-09-10 15:08:35,natural_language_processing_engineer_interview.txt,1,0,0.0319248826291079,0.0,0.0075117370892018,0.0696044927809426,,,,,,,,,,
252,2024-09-10 15:08:35,natural_language_processing_engineer_interview.txt,2,0,0.0157116451016635,0.0073937153419593,0.010166358595194,0.0596966807140297,,,,,,,,,,
252,2024-09-10 15:08:35,natural_language_processing_engineer_interview.txt,3,0,0.0262467191601049,0.0008748906386701,0.0069991251093613,0.0802566187620792,,,,,,,,,,
252,2024-09-10 15:08:35,cto_of_a_fintec_interview.txt,1,0,0.0283623055809698,0.0082342177493138,0.0137236962488563,0.0753308731668458,,,,,,,,,,
252,2024-09-10 15:08:35,cto_of_a_fintec_interview.txt,2,0,0.022583559168925,0.001806684733514,0.013550135501355,0.0793208787015618,,,,,,,,,,
252,2024-09-10 15:08:35,cto_of_a_fintec_interview.txt,3,0,0.0239520958083832,0.0069860279441117,0.0099800399201596,0.1035031411873439,,,,,,,,,,
252,2024-09-10 15:08:35,database_administrator_interview.txt,1,0,0.0202265372168284,0.0080906148867313,0.0080906148867313,0.0806924658084728,,,,,,,,,,
252,2024-09-10 15:08:35,database_administrator_interview.txt,2,0,0.0301921317474839,0.0064043915827996,0.0128087831655992,0.0816123641664981,,,,,,,,,,
252,2024-09-10 15:08:35,database_administrator_interview.txt,3,0,0.0229226361031518,0.0057306590257879,0.0133715377268385,0.1062024898083593,,,,,,,,,,
252,2024-09-10 15:08:35,nuclear_engineer_interview.txt,1,0,0.0251954821894005,0.0069504778453518,0.0078192875760208,0.06856634189417,,,,,,,,,,
252,2024-09-10 15:08:35,nuclear_engineer_interview.txt,2,0,0.02367941712204,0.0072859744990892,0.01183970856102,0.1083803698341102,,,,,,,,,,
252,2024-09-10 15:08:35,nuclear_engineer_interview.txt,3,0,0.0185676392572944,0.004420866489832,0.0141467727674624,0.08742282306641,,,,,,,,,,
252,2024-09-10 15:08:35,pharmacist_interview.txt,1,0,0.022633744855967,0.0123456790123456,0.0082304526748971,0.0983581696600868,,,,,,,,,,
252,2024-09-10 15:08:35,pharmacist_interview.txt,2,0,0.0241691842900302,0.0080563947633434,0.0100704934541792,0.1323468417581224,,,,,,,,,,
252,2024-09-10 15:08:35,pharmacist_interview.txt,3,0,0.0191780821917808,0.0027397260273972,0.010958904109589,0.1053238896579274,,,,,,,,,,
252,2024-09-10 15:08:35,chef_interview.txt,1,0,0.0126582278481012,0.0,0.0052742616033755,0.1108162800005879,,,,,,,,,,
252,2024-09-10 15:08:35,chef_interview.txt,2,0,0.0199052132701421,0.0,0.0085308056872037,0.089359592982633,,,,,,,,,,
252,2024-09-10 15:08:35,chef_interview.txt,3,0,0.0114503816793893,0.0,0.0047709923664122,0.0900317223311951,,,,,,,,,,
252,2024-09-10 15:08:35,hotel_manager_interview.txt,1,0,0.0152155536770921,0.0025359256128486,0.0118343195266272,0.0842941105468075,,,,,,,,,,
252,2024-09-10 15:08:35,hotel_manager_interview.txt,2,0,0.0206572769953051,0.0,0.012206572769953,0.1090599206146388,,,,,,,,,,
252,2024-09-10 15:08:35,hotel_manager_interview.txt,3,0,0.0228619813717188,0.0050804403048264,0.0059271803556308,0.092543475367954,,,,,,,,,,
252,2024-09-10 15:08:35,mobile_app_developer_interview.txt,1,0,0.0189873417721519,0.0,0.0090415913200723,0.0917455301820895,,,,,,,,,,
252,2024-09-10 15:08:35,mobile_app_developer_interview.txt,2,0,0.0124282982791587,0.005736137667304,0.0066921606118546,0.0971394291059347,,,,,,,,,,
252,2024-09-10 15:08:35,mobile_app_developer_interview.txt,3,0,0.0347349177330895,0.0054844606946983,0.0127970749542961,0.1010751947552685,,,,,,,,,,
252,2024-09-10 15:08:35,graphic_designer_interview.txt,1,0,0.0284518828451882,0.0,0.0117154811715481,0.0662383072676524,,,,,,,,,,
252,2024-09-10 15:08:35,graphic_designer_interview.txt,2,0,0.0162950257289879,0.0,0.006861063464837,0.0942099908407737,,,,,,,,,,
252,2024-09-10 15:08:35,graphic_designer_interview.txt,3,0,0.0178571428571428,0.0,0.0093984962406015,0.0894347692794624,,,,,,,,,,
252,2024-09-10 15:08:35,geotechnical_engineer_interview.txt,1,0,0.0267774699907663,0.0,0.0083102493074792,0.1177343021110547,,,,,,,,,,
252,2024-09-10 15:08:35,geotechnical_engineer_interview.txt,2,0,0.0222428174235403,0.0018535681186283,0.0129749768303985,0.0955355879848837,,,,,,,,,,
252,2024-09-10 15:08:35,geotechnical_engineer_interview.txt,3,0,0.0269058295964125,0.0035874439461883,0.010762331838565,0.0852296006150985,,,,,,,,,,
252,2024-09-10 15:08:35,gardener_interview.txt,1,0,0.0163098878695209,0.0,0.0081549439347604,0.0900268831898101,,,,,,,,,,
252,2024-09-10 15:08:35,gardener_interview.txt,2,0,0.0172910662824207,0.0028818443804034,0.004803073967339,0.1047883940249008,,,,,,,,,,
252,2024-09-10 15:08:35,gardener_interview.txt,3,0,0.0155109489051094,0.0,0.0072992700729927,0.1173062496158942,,,,,,,,,,
252,2024-09-10 15:08:35,ai_software_developer_interview.txt,1,0,0.0348943985307621,0.0110192837465564,0.0082644628099173,0.0714278404853981,,,,,,,,,,
252,2024-09-10 15:08:35,ai_software_developer_interview.txt,2,0,0.035576923076923,0.0009615384615384,0.0134615384615384,0.0602196344881287,,,,,,,,,,
252,2024-09-10 15:08:35,ai_software_developer_interview.txt,3,0,0.0309278350515463,0.0112464854732895,0.0103092783505154,0.0778226821723167,,,,,,,,,,
252,2024-09-10 15:08:35,supply_chain_manager_interview.txt,1,0,0.0211554109031733,0.0089503661513425,0.0056956875508543,0.0733853754675617,,,,,,,,,,
252,2024-09-10 15:08:35,supply_chain_manager_interview.txt,2,0,0.0248328557784145,0.0009551098376313,0.0152817574021012,0.0956497546425093,,,,,,,,,,
252,2024-09-10 15:08:35,supply_chain_manager_interview.txt,3,0,0.0206084396467124,0.0029440628066732,0.0137389597644749,0.1089243890558743,,,,,,,,,,
252,2024-09-10 15:08:35,cloud_architect_interview.txt,1,0,0.0235507246376811,0.0081521739130434,0.0117753623188405,0.0780941786737131,,,,,,,,,,
252,2024-09-10 15:08:35,cloud_architect_interview.txt,2,0,0.029296875,0.0078125,0.013671875,0.0505429821430774,,,,,,,,,,
252,2024-09-10 15:08:35,cloud_architect_interview.txt,3,0,0.0319148936170212,0.0053191489361702,0.0124113475177304,0.0743884654586462,,,,,,,,,,
252,2024-09-10 15:08:35,mining_engineer_interview.txt,1,0,0.0273722627737226,0.0018248175182481,0.0118613138686131,0.0897543883245226,,,,,,,,,,
252,2024-09-10 15:08:35,mining_engineer_interview.txt,2,0,0.0255281690140845,0.0044014084507042,0.0105633802816901,0.0805957979220911,,,,,,,,,,
252,2024-09-10 15:08:35,mining_engineer_interview.txt,3,0,0.0234023402340234,0.0072007200720072,0.009000900090009,0.069251291476341,,,,,,,,,,
252,2024-09-10 15:08:35,devops_engineer_interview.txt,1,0,0.0282542885973763,0.0010090817356205,0.0100908173562058,0.1003025039792739,,,,,,,,,,
252,2024-09-10 15:08:35,devops_engineer_interview.txt,2,0,0.0307262569832402,0.0065176908752327,0.0111731843575419,0.0703533564399949,,,,,,,,,,
252,2024-09-10 15:08:35,devops_engineer_interview.txt,3,0,0.0234454638124362,0.0020387359836901,0.0152905198776758,0.0699810874208441,,,,,,,,,,
252,2024-09-10 15:08:35,system_administrator_interview.txt,1,0,0.0210896309314587,0.0035149384885764,0.0114235500878734,0.0732388292583548,,,,,,,,,,
252,2024-09-10 15:08:35,system_administrator_interview.txt,2,0,0.0186170212765957,0.0026595744680851,0.0106382978723404,0.0784484881242431,,,,,,,,,,
252,2024-09-10 15:08:35,system_administrator_interview.txt,3,0,0.0231660231660231,0.0096525096525096,0.0125482625482625,0.091481319844694,,,,,,,,,,
252,2024-09-10 15:08:35,content_writer_interview.txt,1,0,0.0172413793103448,0.0067049808429118,0.0095785440613026,0.0703165171910873,,,,,,,,,,
252,2024-09-10 15:08:35,content_writer_interview.txt,2,0,0.019723865877712,0.0,0.0138067061143984,0.0896283457154462,,,,,,,,,,
252,2024-09-10 15:08:35,content_writer_interview.txt,3,0,0.0167753960857409,0.0,0.0102516309412861,0.0631297995963288,,,,,,,,,,
252,2024-09-10 15:08:35,transportation_engineer_interview.txt,1,0,0.0159474671669793,0.0,0.0131332082551594,0.0808494096493036,,,,,,,,,,
252,2024-09-10 15:08:35,transportation_engineer_interview.txt,2,0,0.0306122448979591,0.0025510204081632,0.0068027210884353,0.0818837156657495,,,,,,,,,,
252,2024-09-10 15:08:35,transportation_engineer_interview.txt,3,0,0.02601908065915,0.002601908065915,0.0112749349522983,0.0894784265818234,,,,,,,,,,
252,2024-09-10 15:08:35,lorry_driver_interview.txt,1,0,0.0156121610517666,0.0016433853738701,0.0082169268693508,0.055698306207107,,,,,,,,,,
252,2024-09-10 15:08:35,lorry_driver_interview.txt,2,0,0.0111317254174397,0.0009276437847866,0.0083487940630797,0.0877792410417173,,,,,,,,,,
252,2024-09-10 15:08:35,lorry_driver_interview.txt,3,0,0.0170863309352518,0.0026978417266187,0.0116906474820143,0.0845730053001867,,,,,,,,,,
252,2024-09-10 15:08:35,dentist_interview.txt,1,0,0.0185356811862835,0.0018535681186283,0.0064874884151992,0.0817660534877645,,,,,,,,,,
252,2024-09-10 15:08:35,dentist_interview.txt,2,0,0.0174249757986447,0.0067763794772507,0.0096805421103581,0.0878010457565426,,,,,,,,,,
252,2024-09-10 15:08:35,dentist_interview.txt,3,0,0.0146654445462878,0.0,0.0054995417048579,0.0774632212728605,,,,,,,,,,
252,2024-09-10 15:08:35,physicist_interview.txt,1,0,0.0280542986425339,0.0,0.0153846153846153,0.1142161906346296,,,,,,,,,,
252,2024-09-10 15:08:35,physicist_interview.txt,2,0,0.0327272727272727,0.0009090909090909,0.0109090909090909,0.0836038602468009,,,,,,,,,,
252,2024-09-10 15:08:35,physicist_interview.txt,3,0,0.0280193236714975,0.0009661835748792,0.0096618357487922,0.0904912398412969,,,,,,,,,,
252,2024-09-10 15:08:35,architect_interview.txt,1,0,0.0258397932816537,0.0017226528854435,0.0111972437553832,0.0781507894112961,,,,,,,,,,
252,2024-09-10 15:08:35,architect_interview.txt,2,0,0.0237849017580144,0.0,0.0093071354705274,0.0832734836528109,,,,,,,,,,
252,2024-09-10 15:08:35,architect_interview.txt,3,0,0.0211591536338546,0.0009199632014719,0.0082796688132474,0.1045771932577562,,,,,,,,,,
252,2024-09-10 15:08:35,materials_engineer_interview.txt,1,0,0.0251836306400839,0.0073452256033578,0.0094438614900314,0.1099786859387545,,,,,,,,,,
252,2024-09-10 15:08:35,materials_engineer_interview.txt,2,0,0.0230202578268876,0.0,0.0082872928176795,0.079799621552945,,,,,,,,,,
252,2024-09-10 15:08:35,materials_engineer_interview.txt,3,0,0.0295358649789029,0.0016877637130801,0.010970464135021,0.0899885491261736,,,,,,,,,,
252,2024-09-10 15:08:35,computer_vision_engineer_interview.txt,1,0,0.0395108184383819,0.0009407337723424,0.0094073377234242,0.0797791876321218,,,,,,,,,,
252,2024-09-10 15:08:35,computer_vision_engineer_interview.txt,2,0,0.0297504798464491,0.0,0.0115163147792706,0.0840786119701969,,,,,,,,,,
252,2024-09-10 15:08:35,computer_vision_engineer_interview.txt,3,0,0.0295395308427454,0.0008688097306689,0.0086880973066898,0.0619342330677844,,,,,,,,,,
252,2024-09-10 15:08:35,data_scientist_interview.txt,1,0,0.0189125295508274,0.0,0.0086682427107959,0.0618766026142146,,,,,,,,,,
252,2024-09-10 15:08:35,data_scientist_interview.txt,2,0,0.0370774263904034,0.0032715376226826,0.0141766630316248,0.0964628419276161,,,,,,,,,,
252,2024-09-10 15:08:35,data_scientist_interview.txt,3,0,0.0175097276264591,0.0058365758754863,0.0126459143968871,0.076286338471741,,,,,,,,,,
252,2024-09-10 15:08:35,structural_engineer_interview.txt,1,0,0.0249537892791127,0.0036968576709796,0.010166358595194,0.0808433637097308,,,,,,,,,,
252,2024-09-10 15:08:35,structural_engineer_interview.txt,2,0,0.0300187617260788,0.0,0.0121951219512195,0.1096041880414969,,,,,,,,,,
252,2024-09-10 15:08:35,structural_engineer_interview.txt,3,0,0.0251004016064257,0.0,0.0100401606425702,0.0760504432762613,,,,,,,,,,
252,2024-09-10 15:08:35,ai_ethicist_interview.txt,1,0,0.0220994475138121,0.0174953959484346,0.012891344383057,0.100604679622852,,,,,,,,,,
252,2024-09-10 15:08:35,ai_ethicist_interview.txt,2,0,0.0244618395303326,0.0127201565557729,0.0127201565557729,0.0684174579054329,,,,,,,,,,
252,2024-09-10 15:08:35,ai_ethicist_interview.txt,3,0,0.0185365853658536,0.0224390243902439,0.0107317073170731,0.0901261121779053,,,,,,,,,,
252,2024-09-10 15:08:35,sales_manager_interview.txt,1,0,0.0173515981735159,0.0073059360730593,0.0063926940639269,0.0796129213490682,,,,,,,,,,
252,2024-09-10 15:08:35,sales_manager_interview.txt,2,0,0.0130841121495327,0.0009345794392523,0.0102803738317757,0.054449598212064,,,,,,,,,,
252,2024-09-10 15:08:35,sales_manager_interview.txt,3,0,0.0197585071350164,0.0,0.0109769484083424,0.1043407594480524,,,,,,,,,,
252,2024-09-10 15:08:35,frontend_developer_interview.txt,1,0,0.0142259414225941,0.003347280334728,0.00836820083682,0.074770458393193,,,,,,,,,,
252,2024-09-10 15:08:35,frontend_developer_interview.txt,2,0,0.0295801526717557,0.0009541984732824,0.0095419847328244,0.0837582153901879,,,,,,,,,,
252,2024-09-10 15:08:35,frontend_developer_interview.txt,3,0,0.0206766917293233,0.0009398496240601,0.0093984962406015,0.1080522303139697,,,,,,,,,,
252,2024-09-10 15:08:35,public_relations_specialist_interview.txt,1,0,0.0136363636363636,0.0009090909090909,0.0072727272727272,0.0968750756288407,,,,,,,,,,
252,2024-09-10 15:08:35,public_relations_specialist_interview.txt,2,0,0.011090573012939,0.0,0.0092421441774491,0.125292148702616,,,,,,,,,,
252,2024-09-10 15:08:35,public_relations_specialist_interview.txt,3,0,0.0119760479041916,0.0,0.0102651839178785,0.0897967133382292,,,,,,,,,,
252,2024-09-10 15:08:35,logistics_coordinator_interview.txt,1,0,0.0242248062015503,0.000968992248062,0.0135658914728682,0.0812781217933684,,,,,,,,,,
252,2024-09-10 15:08:35,logistics_coordinator_interview.txt,2,0,0.0306030603060306,0.0009000900090009,0.0144014401440144,0.0645549463070101,,,,,,,,,,
252,2024-09-10 15:08:35,logistics_coordinator_interview.txt,3,0,0.0272373540856031,0.0019455252918287,0.0107003891050583,0.0825654861189304,,,,,,,,,,
252,2024-09-10 15:08:35,nurse_interview.txt,1,0,0.0152235965746907,0.0,0.0133206470028544,0.1064991617274853,,,,,,,,,,
252,2024-09-10 15:08:35,nurse_interview.txt,2,0,0.0187793427230046,0.0028169014084507,0.0112676056338028,0.1097480805829641,,,,,,,,,,
252,2024-09-10 15:08:35,nurse_interview.txt,3,0,0.0146118721461187,0.0036529680365296,0.0136986301369863,0.104618089185595,,,,,,,,,,
252,2024-09-10 15:08:35,chemist_interview.txt,1,0,0.0313028764805414,0.0033840947546531,0.0109983079526226,0.0795087032418918,,,,,,,,,,
252,2024-09-10 15:08:35,chemist_interview.txt,2,0,0.0305206463195691,0.0107719928186714,0.0134649910233393,0.1327060454344513,,,,,,,,,,
252,2024-09-10 15:08:35,chemist_interview.txt,3,0,0.0262927256792287,0.0008764241893076,0.0131463628396143,0.0859414928497098,,,,,,,,,,
252,2024-09-10 15:08:35,manufacturing_engineer_interview.txt,1,0,0.0293819655521783,0.0070921985815602,0.0081053698074974,0.0823962058799248,,,,,,,,,,
252,2024-09-10 15:08:35,manufacturing_engineer_interview.txt,2,0,0.0296610169491525,0.0059322033898305,0.0076271186440677,0.0893209322283267,,,,,,,,,,
252,2024-09-10 15:08:35,manufacturing_engineer_interview.txt,3,0,0.0251466890192791,0.0041911148365465,0.0041911148365465,0.0650650220069719,,,,,,,,,,
252,2024-09-10 15:08:35,veterinarian_interview.txt,1,0,0.0152905198776758,0.0,0.0101936799184505,0.1412986479260129,,,,,,,,,,
252,2024-09-10 15:08:35,veterinarian_interview.txt,2,0,0.0192307692307692,0.0,0.0096153846153846,0.0930243128271111,,,,,,,,,,
252,2024-09-10 15:08:35,veterinarian_interview.txt,3,0,0.0161290322580645,0.0,0.0066413662239089,0.0741678018617873,,,,,,,,,,
252,2024-09-10 15:08:35,event_planner_interview.txt,1,0,0.0237659963436928,0.0,0.0109689213893967,0.0821535226062709,,,,,,,,,,
252,2024-09-10 15:08:35,event_planner_interview.txt,2,0,0.0149812734082397,0.0,0.0084269662921348,0.1184583193583111,,,,,,,,,,
252,2024-09-10 15:08:35,event_planner_interview.txt,3,0,0.0179245283018867,0.0,0.0094339622641509,0.1313618402715812,,,,,,,,,,
252,2024-09-10 15:08:35,seo_specialist_interview.txt,1,0,0.0151658767772511,0.0,0.0085308056872037,0.1054631932056982,,,,,,,,,,
252,2024-09-10 15:08:35,seo_specialist_interview.txt,2,0,0.0115495668912415,0.0009624639076034,0.0153994225216554,0.1008609846035113,,,,,,,,,,
252,2024-09-10 15:08:35,seo_specialist_interview.txt,3,0,0.0120274914089347,0.0,0.0094501718213058,0.0992078230511833,,,,,,,,,,
252,2024-09-10 15:08:35,procurement_specialist_interview.txt,1,0,0.0248618784530386,0.003683241252302,0.012891344383057,0.1267285501136348,,,,,,,,,,
252,2024-09-10 15:08:35,procurement_specialist_interview.txt,2,0,0.0167487684729064,0.0088669950738916,0.0068965517241379,0.1123475675310271,,,,,,,,,,
252,2024-09-10 15:08:35,procurement_specialist_interview.txt,3,0,0.0225711481844946,0.0029440628066732,0.0107948969578017,0.0669220672029457,,,,,,,,,,
252,2024-09-10 15:08:35,aerospace_engineer_interview.txt,-999,0,0.0293609537599434,0.0054507481080187,0.0115855542009013,0.0911955691648377,0.0046413367628117,69.01432087939716,0.0040121821069879,0.3535217966806954,0.0026528680864894,-12.412240403974394,0.0086083768354962,20.94454004152408,13.0,38.0
252,2024-09-10 15:08:35,agricultural_engineer_interview.txt,-999,0,0.0219028283986682,0.0011763072479548,0.0107037042299185,0.0799588250333024,0.0044063260610072,26.08213266523059,0.0013005175656723,-78.34305076883486,0.0013730980735295,-19.07910000506272,0.014104712381561,6.042249689057883,55.0,69.0
252,2024-09-10 15:08:35,ai_ethicist_interview.txt,-999,0,0.0216992908033328,0.0175515256314838,0.0121144027519677,0.0863827499020634,0.002982826390041,24.910482427629105,0.0048596770367965,223.140489180364,0.0012005046094502,-8.414101087522425,0.0164168779406353,14.561727615767978,57.0,54.0
252,2024-09-10 15:08:35,ai_professor_interview.txt,-999,0,0.02696454231297,0.0031627700059052,0.0131242578203098,0.0706830029649684,0.0084017417260655,55.21954239333894,0.0025352007599604,-41.77035841033064,0.0021420197959748,-0.7795122349756696,0.0062356190937554,-6.259444832239495,23.0,90.0
252,2024-09-10 15:08:35,ai_software_developer_interview.txt,-999,0,0.0337997188864105,0.0077424358937948,0.010678426540657,0.0698233857152812,0.0025104277543366,94.56576854444168,0.005873528125943,42.54570085238564,0.0026181294127452,-19.270201451897265,0.0089105290681845,-7.399478430662043,2.0,92.0
252,2024-09-10 15:08:35,architect_interview.txt,-999,0,0.0235946162245076,0.0008808720289718,0.0095946826797193,0.0886671554406211,0.0023461145147527,35.82079350009653,0.0008619914911165,-83.78229765755148,0.0014798896694957,-27.463395761764232,0.0140145451792063,17.591330694726537,40.0,50.0
252,2024-09-10 15:08:35,astronomer_interview.txt,-999,0,0.0340306863577752,0.0010112600824039,0.0112278794212963,0.0789770194582654,0.0122532057556106,95.89531698612711,0.0010270420069389,-81.38172802879257,0.0014380832125526,-15.11629167906763,0.0247828239501339,4.740168625575251,1.0,74.0
252,2024-09-10 15:08:35,backend_developer_interview.txt,-999,0,0.0290725872045383,0.002718260041137,0.0108317683317484,0.0731808206130761,0.003164329235522,67.35435853877959,0.0016451018650355,-49.9542149295093,0.0023442657379512,-18.110924674866496,0.0101462172543134,-2.946812329097355,15.0,88.0
252,2024-09-10 15:08:35,barista_interview.txt,-999,0,0.0217677358484681,0.002627493957608,0.0076209241527347,0.0864948022569274,0.0050693916294657,25.30448164562761,0.0023156355068079,-51.62530593597468,0.0033656535284083,-42.38517545087765,0.0057187253412863,14.710332648268064,56.0,53.0
252,2024-09-10 15:08:35,bartender_interview.txt,-999,0,0.020481474589697,0.0009861932938856,0.0099208976075195,0.0890292547429347,0.0049548932441915,17.900206740182895,0.0017081368910935,-81.84323174499754,0.003369709393386,-24.99718359984874,0.011811703543749,18.07155066559505,65.0,46.0
252,2024-09-10 15:08:35,biologist_interview.txt,-999,0,0.0299565414036536,0.0006324110671936,0.0128911437542196,0.1059960185096992,0.0066133597027312,72.44278038888268,0.000549108458081,-88.35670323442056,0.0017171841014404,-2.54187408880668,0.0380957728220431,40.573054396060655,8.0,9.0
252,2024-09-10 15:08:35,biomedical_engineer_interview.txt,-999,0,0.0295097208593508,0.0067526484791995,0.0102090747148627,0.0969952220534213,0.0066327793874066,69.87068850563699,0.0058406494889234,24.322761373940736,0.0029047621237561,-22.81854054476821,0.0231497925168106,28.636101785520395,11.0,22.0
252,2024-09-10 15:08:35,business_analyst_interview.txt,-999,0,0.0230537645516916,0.0,0.0120075665593272,0.0796052571502511,0.0094234741698329,32.70741786097838,0.0,-100.0,0.0011516291959187,-9.221791647238703,0.0150756911033512,5.573344177740751,44.0,71.0
252,2024-09-10 15:08:35,business_intelligence_analyst_interview.txt,-999,0,0.0277048400741561,0.0098845144442826,0.0093950257194998,0.0843630133643367,0.0084696878025315,59.48101579023162,0.0054553868744251,81.98342981115786,0.0023538326394955,-28.972819094488614,0.0217092047152174,11.883131398896126,20.0,60.0
252,2024-09-10 15:08:35,chef_interview.txt,-999,0,0.0146712742658775,0.0,0.0061920198856638,0.0967358651048054,0.00457277937551,-15.545813778514926,0.0,-100.0,0.002041019169516,-53.18781132480139,0.0121986270618185,28.292139823945007,90.0,23.0
252,2024-09-10 15:08:35,chemical_engineer_interview.txt,-999,0,0.0327187197990663,0.0030187771875751,0.0119492635090055,0.0821828439072589,0.0048264994233646,88.34307128084015,0.0037713966890318,-44.42140486239402,0.0027013514456554,-9.662567588271614,0.0096793187384861,8.99176732700522,4.0,65.0
252,2024-09-10 15:08:35,chemist_interview.txt,-999,0,0.0293720828264464,0.0050108372542107,0.0125365539385254,0.0993854138420176,0.0026953295413129,69.0783845890574,0.0051444424376712,-7.745660660727509,0.0013416525312932,-5.2226027784889055,0.0290352124638968,31.805999721683264,12.0,18.0
252,2024-09-10 15:08:35,civil_engineer_interview.txt,-999,0,0.0197901620317418,0.0003198976327575,0.01099059147338,0.0692133257903691,0.0036547926602803,13.920713313180729,0.000554078953157,-94.11037651613164,0.0021089145002702,-16.91020842890319,0.0120509217555427,-8.208546433548065,69.0,93.0
252,2024-09-10 15:08:35,cloud_architect_interview.txt,-999,0,0.0282541644182341,0.0070946076164045,0.012619528278857,0.0676752087584789,0.0042784652267762,62.64316378160697,0.0015469436756763,30.61855840015028,0.0009652432384777,-4.59530981972523,0.0149521894453349,-10.248413706219551,18.0,95.0
252,2024-09-10 15:08:35,computer_vision_engineer_interview.txt,-999,0,0.0329336097091921,0.0006031811676704,0.0098705832697949,0.0752640108900344,0.0056970063077934,89.58007034158948,0.0005236066345233,-88.89485383334505,0.0014699152510355,-25.37756420490556,0.0117423802954348,-0.1840630840075334,3.0,84.0
252,2024-09-10 15:08:35,construction_manager_interview.txt,-999,0,0.0224375177425765,0.0018571705460504,0.010451486004003,0.0893370864497918,0.0038256926597782,29.16003527973595,0.0018163594764233,-65.80770177234083,0.0027926759613783,-20.98589090639922,0.018104777785946,18.47980037045444,49.0,45.0
252,2024-09-10 15:08:35,content_writer_interview.txt,-999,0,0.0179135470912659,0.0022349936143039,0.0112122937056624,0.0743582208342874,0.0015850002122469,3.118107842326509,0.0038711224945664,-58.85161523818409,0.0022718920082068,-15.234120993954292,0.0137038229287064,-1.3853315520893688,76.0,86.0
252,2024-09-10 15:08:35,cto_of_a_fintec_interview.txt,-999,0,0.0249659868527593,0.0056756434756465,0.012417957223457,0.0860516310185838,0.0030198441699994,43.714994666140825,0.0034082437939055,4.494062091325347,0.0021130810246073,-6.119203872244484,0.015244554484127,14.1225942079912,32.0,56.0
252,2024-09-10 15:08:35,customer_service_representative_interview.txt,-999,0,0.0211095076708107,0.0,0.0109442360876501,0.0948051203592634,0.0069262081974581,21.51543618954186,0.0,-100.0,0.0016459556986147,-17.26065902547272,0.0258444447469237,25.73156547449294,61.0,28.0
252,2024-09-10 15:08:35,cybersecurity_specialist_interview.txt,-999,0,0.0169852299211348,0.0071838394778594,0.0084393428077171,0.0902929347420531,0.0031329912124455,-2.225686414263393,0.0026377761673355,32.26140290076131,0.00041799362292,-36.19786190864582,0.0233599404115379,19.747456607656844,81.0,42.0
252,2024-09-10 15:08:35,data_engineer_interview.txt,-999,0,0.0299004312628907,0.0037876383739311,0.0113985647516827,0.0911932495821406,0.0063175582886038,72.11978620371309,0.0034311675105601,-30.265930000128705,0.0006260083389622,-13.825896293122597,0.0234745793724058,20.941463786120963,9.0,39.0
252,2024-09-10 15:08:35,data_scientist_interview.txt,-999,0,0.0244998945225633,0.003036037832723,0.0118302733797693,0.0782085943378572,0.0109150214944659,41.031966066346286,0.0029254058865191,-44.103619763037926,0.0028433477292329,-10.562142926069171,0.0173730621414903,3.721075005180865,34.0,77.0
252,2024-09-10 15:08:35,database_administrator_interview.txt,-999,0,0.0244471016891547,0.0067418884984396,0.011423645259723,0.0895024399277767,0.0051547322995028,40.72806773392827,0.0012156381215025,24.124659766176748,0.0029001709905646,-13.636285552826024,0.0144699793627266,18.699093923006444,35.0,44.0
252,2024-09-10 15:08:35,dentist_interview.txt,-999,0,0.016875367177072,0.0028766491986263,0.0072225240768051,0.0823434401723892,0.0019927958099292,-2.8581037815443864,0.0035021209112641,-47.03811800969706,0.0021852686712559,-45.39711337533628,0.0051930420084513,9.204751812945062,83.0,64.0
252,2024-09-10 15:08:35,devops_engineer_interview.txt,-999,0,0.0274753364643509,0.0031885028648478,0.0121848405304745,0.0802123159467043,0.0037023724985696,58.15989396742808,0.0029287653668414,-41.2965916961823,0.0027435037337535,-7.881585585601087,0.0173996088301908,6.3784320519387165,21.0,67.0
252,2024-09-10 15:08:35,digital_marketing_specialist_interview.txt,-999,0,0.0121915122810326,0.0,0.0098925701937942,0.0781498495845185,0.0012967390006994,-29.82039393138785,0.0,-100.0,0.0034837441330702,-25.21134121892547,0.0196059080557133,3.643167084461993,96.0,78.0
252,2024-09-10 15:08:35,doctor_interview.txt,-999,0,0.0206059207086987,0.0028729649831369,0.0122560359901015,0.079488965025809,0.0051350774241793,18.61657230722531,0.0025012742479769,-47.1059479647957,0.0029917938538679,-7.343341950984538,0.0188223431528541,5.419116317441009,64.0,72.0
252,2024-09-10 15:08:35,electrical_engineer_interview.txt,-999,0,0.0224494512866345,0.0064623986126393,0.0119297748227759,0.0896369098972987,0.0004999731885604,29.22872990938413,0.0009886481119246,18.978981816877337,0.0018542545034064,-9.809903687583583,0.0147279594672763,18.87742943603816,48.0,43.0
252,2024-09-10 15:08:35,environmental_engineer_interview.txt,-999,0,0.0234553297814717,0.0016958560872547,0.0107489686922098,0.1071945653464096,0.0068551032977855,35.019000623411245,0.000836755870496,-68.77765630629833,0.0024169156501822,-18.736896881011376,0.0341781068038713,42.162580040910285,41.0,6.0
252,2024-09-10 15:08:35,environmental_scientist_interview.txt,-999,0,0.01876023489256,0.001930020083818,0.0103704055308637,0.0931643835159313,0.0069715019986596,7.992008223854157,0.0026118008751302,-64.46647162716451,0.0027125766919593,-21.598866070652235,0.0113548849749612,23.55560270937991,72.0,34.0
252,2024-09-10 15:08:35,event_planner_interview.txt,-999,0,0.0188905993512731,0.0,0.0096099499818941,0.1106578940787211,0.004471331928801,8.742442308398509,0.0,-100.0,0.0012800830780544,-27.34797367928327,0.0255146939579798,46.75568367936543,71.0,4.0
252,2024-09-10 15:08:35,financial_analyst_interview.txt,-999,0,0.0240153763719048,0.0055931572525743,0.0104138359496575,0.0860628494728487,0.0004952825331341,38.24287049210764,0.0025478148336042,2.9754112894619738,0.0030535257880375,-21.27052846897122,0.0083338143640371,14.137472242126693,38.0,55.0
252,2024-09-10 15:08:35,fire_protection_engineer_interview.txt,-999,0,0.023436925535339,0.0073718290915566,0.0081215345306032,0.091543981432455,0.0045718766189756,34.91305784011948,0.000588858877439,35.72247272491171,0.0032127125679987,-38.60051908764534,0.0217323208228578,21.406608120463645,42.0,36.0
252,2024-09-10 15:08:35,frontend_developer_interview.txt,-999,0,0.0214942619412243,0.0017471094773568,0.0091028939367486,0.0888603013657835,0.0077096865409373,23.730247814909887,0.0013858071842624,-67.83403203696193,0.0006402950102586,-31.18135982670292,0.0172175069775919,17.84748288823326,58.0,48.0
252,2024-09-10 15:08:35,full_stack_developer_interview.txt,-999,0,0.0257009964676653,0.0044049690337365,0.0130797811754193,0.1085258742196713,0.005188733124777,47.94602721088887,0.0040991333495491,-18.9002780571591,0.00102067532078,-1.1157593935283927,0.012629422422611,43.92817611980311,26.0,5.0
252,2024-09-10 15:08:35,game_developer_interview.txt,-999,0,0.0200913834423824,0.0,0.0086768431435804,0.1118476494045448,0.0033959521118405,15.654673748185829,0.0,-100.0,0.0016444872824074,-34.40233948815168,0.0093622347200027,48.33354992836715,67.0,3.0
252,2024-09-10 15:08:35,gardener_interview.txt,-999,0,0.0163706343523503,0.0009606147934678,0.0067524293250307,0.104040508943535,0.0008916120628577,-5.76356374355197,0.0016638336287885,-82.31415657005525,0.0017415608437114,-48.95106905080701,0.0136550524430826,37.97963667640116,86.0,10.0
252,2024-09-10 15:08:35,geneticist_interview.txt,-999,0,0.025117814263916,0.0046164470508595,0.0088883447757687,0.0905221786034715,0.0079307947635295,44.58897876751996,0.0062127459862232,-15.006764106358816,0.0038995192041443,-32.803369443815185,0.0249017686798865,20.05148227064126,31.0,41.0
252,2024-09-10 15:08:35,geologist_interview.txt,-999,0,0.0306892111064717,0.0054662748383906,0.0093456690965513,0.091277451714113,0.0055407815704473,76.66034338983829,0.0051479740410219,0.6393838552336746,0.0039114099968585,-29.34595929566653,0.0224112698423864,21.053133554895624,6.0,37.0
252,2024-09-10 15:08:35,geotechnical_engineer_interview.txt,-999,0,0.0253087056702397,0.0018136706882722,0.0106825193254809,0.0994998302370123,0.0026559126685619,45.68783208357053,0.0017940547289513,-66.60857604486036,0.0023333877182551,-19.23925965601842,0.0166109998889433,31.957739969510698,29.0,17.0
252,2024-09-10 15:08:35,graphic_designer_interview.txt,-999,0,0.020868017143773,0.0,0.0093250136256622,0.0832943557959628,0.0066140998415011,20.125312498064176,0.0,-100.0,0.0024280429544864,-29.5021163846766,0.01496269624065,10.465866292131397,63.0,63.0
252,2024-09-10 15:08:35,hotel_manager_interview.txt,-999,0,0.019578270681372,0.002538788639225,0.009989357550737,0.0952991688431334,0.0039357534337683,12.70097525644836,0.0025402213624832,-53.2584562715662,0.0035228689718214,-24.47962069828074,0.0126107780083479,26.38677786240919,70.0,27.0
252,2024-09-10 15:08:35,human_resources_manager_interview.txt,-999,0,0.0240992539598267,0.003522218422289,0.0108074018532107,0.0879142373585197,0.0076285709670515,38.725706086465976,0.0034129787757852,-35.15256691207915,0.0017763067308606,-18.29513729235194,0.0091222736173549,16.59280267453181,37.0,52.0
252,2024-09-10 15:08:35,industrial_engineer_interview.txt,-999,0,0.022143718396237,0.0048863810839858,0.013306334833068,0.1003491741094192,0.0037296891593003,27.46879944992044,0.0074504065221875,-10.037018607174955,0.0010566672687536,0.5970052233077467,0.0135379559337678,33.08414890501129,52.0,16.0
252,2024-09-10 15:08:35,it_manager_interview.txt,-999,0,0.0251325099919231,0.0021093569716321,0.0122783554698232,0.0854144058245253,0.0095015133241916,44.6735737200292,0.001039174613929,-61.16470681918779,0.0021043424166395,-7.174604815904573,0.0149316359014459,13.277499334368857,30.0,58.0
252,2024-09-10 15:08:35,logistics_coordinator_interview.txt,-999,0,0.0273550735310613,0.0012715358496305,0.0128892402406469,0.0761328514064363,0.0031907561417646,57.46760862264355,0.000584707795213,-76.58980050583472,0.0019410917973628,-2.556264810761036,0.0100473997429768,0.968202509463751,22.0,81.0
252,2024-09-10 15:08:35,lorry_driver_interview.txt,-999,0,0.0146100724681527,0.0017562902950918,0.0094187894714816,0.0760168508496704,0.0031012042604843,-15.898117738517072,0.0008904834806124,-67.6650043412367,0.001968591210539,-28.793163140220727,0.0176692509519064,0.8143613293373448,92.0,82.0
252,2024-09-10 15:08:35,machine_learning_engineer_interview.txt,-999,0,0.0307695461026902,0.0039232848105153,0.0105375873561171,0.0774644601986346,0.0040239823101844,77.12278629750867,0.0034098410909129,-27.76854847366147,0.0010955046699856,-20.33495747679433,0.0256019784368404,2.734196344060805,5.0,79.0
252,2024-09-10 15:08:35,manufacturing_engineer_interview.txt,-999,0,0.0280632238402033,0.0057385056026457,0.0066412010960372,0.0789273867050744,0.0025296440345996,61.54402741198993,0.0014602091796951,5.651414386274297,0.0021352688479532,-49.791963773013336,0.0124944717782491,4.674345136992969,19.0,75.0
252,2024-09-10 15:08:35,marine_engineer_interview.txt,-999,0,0.0225215329992014,0.0057205477493133,0.009970930320809,0.0739203326272458,0.0028258829921132,29.643663354562023,0.0012969626799172,5.320793012820914,0.001965178154375,-24.61893209909617,0.0227555604176942,-1.966063579700645,46.0,87.0
252,2024-09-10 15:08:35,marketing_manager_interview.txt,-999,0,0.0199617942109911,0.0,0.010222583388227,0.0987758035987709,0.0073462877820381,14.908702206663053,0.0,-100.0,0.0019807558348268,-22.71641384331068,0.0393328939813331,30.997528091435385,68.0,19.0
252,2024-09-10 15:08:35,materials_engineer_interview.txt,-999,0,0.0259132511486248,0.0030109964388126,0.0095672061475773,0.0932556188726244,0.0033185152861951,49.16785675529511,0.0038472449136873,-44.564655940054585,0.0013458315303038,-27.67112064484316,0.0153525011104652,23.67660001606725,25.0,33.0
252,2024-09-10 15:08:35,mechanical_engineer_interview.txt,-999,0,0.0285441562052815,0.0013981455692809,0.0116269279959613,0.088917788384372,0.0047214238255923,64.31248165694385,0.0017094868112184,-74.25879364057278,0.0027237689209778,-12.09945104988337,0.0326233890592247,17.92372278766281,17.0,47.0
252,2024-09-10 15:08:35,meteorologist_interview.txt,-999,0,0.0255141182070748,0.0010170837655601,0.009581298832684,0.102108765178859,0.0074186578270083,46.8702752935954,0.0010379378018406,-81.27450841361801,0.0029434311208375,-27.564578765724946,0.0082181209965147,35.417737417079394,27.0,13.0
252,2024-09-10 15:08:35,microbiologist_interview.txt,-999,0,0.0221646482741957,0.0003663003663003,0.014020049374022,0.0961359993824175,0.0007697443281648,27.589280859966166,0.0006344508452633,-93.2560575052848,0.0030311211725923,5.992746898609141,0.0234332522917268,27.49659148157167,51.0,25.0
252,2024-09-10 15:08:35,mining_engineer_interview.txt,-999,0,0.0254342573406101,0.0044756486803198,0.010475198080104,0.0798671592409849,0.0019866267376168,46.41056168140403,0.0026887200999078,-17.598997698313354,0.0014322443303132,-20.80662562611603,0.0102709508243969,5.920681534037669,28.0,70.0
252,2024-09-10 15:08:35,mobile_app_developer_interview.txt,-999,0,0.0220501859281333,0.0037401994540007,0.009510275628741,0.0966533846810975,0.0114643830452621,26.93038619856752,0.0032415512168429,-31.13932620022804,0.0030793251725063,-28.10152013295089,0.004683784756924,28.18275340310103,53.0,24.0
252,2024-09-10 15:08:35,natural_language_processing_engineer_interview.txt,-999,0,0.0246277489636255,0.0027562019935431,0.0082257402645857,0.0698525974190171,0.0082269718702053,41.76795140606703,0.0040399574193253,-49.25566704721059,0.0017000565841432,-37.81271501558102,0.0102822142590243,-7.360737556466802,33.0,91.0
252,2024-09-10 15:08:35,network_administrator_interview.txt,-999,0,0.0237605864129271,0.0055628887378464,0.0082903251478278,0.0690590959284616,0.0023307369492054,36.776189530869175,0.0010345206848296,2.4181387844208047,0.0010730464198525,-37.32444789181175,0.0066375874247484,-8.41308772738391,39.0,94.0
252,2024-09-10 15:08:35,neuroscientist_interview.txt,-999,0,0.0233026830991977,0.0031687303973117,0.0108740826270177,0.0971609848340426,0.0092983275089405,34.14030044391524,0.0046166428338549,-41.66062186461694,0.0034300434850756,-17.791025060463028,0.0110785335330801,28.855938159610247,43.0,20.0
252,2024-09-10 15:08:35,no_persona_interview.txt,-999,0,0.017371873346102,0.0054315464075711,0.0132273667625893,0.0754027996084216,0.0036695737913253,2.8421709430404014e-14,0.0010284840311784,0.0,0.0003333475653023,0.0,0.0048231291858083,0.0,79.0,83.0
252,2024-09-10 15:08:35,nuclear_engineer_interview.txt,-999,0,0.0224808461895783,0.006219106278091,0.0112685896348344,0.0881231782648968,0.0034726797567978,29.40945251953849,0.0015663298673094,14.49973564475333,0.0032021711123648,-14.808519056830631,0.0199162516115261,16.86990234120482,47.0,51.0
252,2024-09-10 15:08:35,nurse_interview.txt,-999,0,0.016204937147938,0.0021566231483267,0.0127622942578811,0.1069551104986815,0.0022503832435451,-6.717388360569998,0.0019139016183103,-60.29449098841099,0.0013081622126609,-3.515987067233496,0.0025952109539951,41.84501245857689,88.0,7.0
252,2024-09-10 15:08:35,operations_manager_interview.txt,-999,0,0.0176675101859589,0.0036944976433994,0.013543342294635,0.0801282663958474,0.0038218891337289,1.7018132354920112,0.0032228615672507,-31.980740544724924,0.0011729804706536,2.3888014728624967,0.0171336082061254,6.2669646378726185,78.0,68.0
252,2024-09-10 15:08:35,petroleum_engineer_interview.txt,-999,0,0.0300183731870466,0.0054667822839087,0.0087898526434527,0.0857816298999133,0.0031505588041385,72.79871081826761,0.0010604547670397,0.6487264158963768,0.0009017401956868,-33.547978208989946,0.0313424464836062,13.764515834147502,7.0,57.0
252,2024-09-10 15:08:35,pharmacist_interview.txt,-999,0,0.021993670445926,0.0077139332676954,0.0097532834128884,0.1120096336920455,0.0025563736965826,26.605058693114387,0.0048121245925537,42.02094005756547,0.0013916100264046,-26.264360942395243,0.0179536023603692,48.548375224433045,54.0,2.0
252,2024-09-10 15:08:35,physical_therapist_interview.txt,-999,0,0.0173672141398711,0.0048318968864892,0.0089757484663714,0.0970259041496123,0.0011083635917109,-0.0268204017961153,0.0026020390056233,-11.040125151946285,0.0007961328776612,-32.14259022621694,0.0099102912600907,28.676792709929543,80.0,21.0
252,2024-09-10 15:08:35,physicist_interview.txt,-999,0,0.0296002983471014,0.0006250914946567,0.0119851806808328,0.0961037635742425,0.0027080957133815,70.39209161482376,0.000542097247402,-88.4914636136518,0.0030093236096644,-9.391030762598604,0.0160593900859607,27.45384000769748,10.0,26.0
252,2024-09-10 15:08:35,procurement_specialist_interview.txt,-999,0,0.0213939317034798,0.0051647663776222,0.0101942643549989,0.1019993949492025,0.0041827045520583,23.15270366785328,0.0032274555276921,-4.911677263347585,0.0030421956542142,-22.93050810512706,0.0312172605520416,35.27268944774079,59.0,14.0
252,2024-09-10 15:08:35,product_manager_interview.txt,-999,0,0.014624668386855,0.0,0.0108893290798956,0.0933325615892917,0.0018495831606277,-15.814097331439555,0.0,-100.0,0.001986564849919,-17.675760600411323,0.022047551562733,23.778642270555068,91.0,31.0
252,2024-09-10 15:08:35,professor_of_classics_interview.txt,-999,0,0.0163072890965534,0.0,0.0103369649199926,0.0945424125481171,0.005369654800189,-6.128206373249483,0.0,-100.0,0.000316147720482,-21.851679888181096,0.0045875624282838,25.383159563160063,87.0,30.0
252,2024-09-10 15:08:35,project_manager_interview.txt,-999,0,0.0151767053034469,0.0042983165175823,0.0099416571035602,0.0908720347384963,0.0015781047169598,-12.636334602034808,0.0036013009167441,-20.863853587057875,0.0016652447057802,-24.84024007198489,0.014509010454649,20.51546522199274,89.0,40.0
252,2024-09-10 15:08:35,public_relations_specialist_interview.txt,-999,0,0.012234328184498,0.0003030303030303,0.0089266851226849,0.1039879792232286,0.0012923985461054,-29.57392711337472,0.0005248638810814,-94.42092029982652,0.0015209651556501,-32.51351321162339,0.0187863389483989,37.909971199019424,95.0,11.0
252,2024-09-10 15:08:35,quality_control_engineer_interview.txt,-999,0,0.0185021162257313,0.0047877451775556,0.0095830794756545,0.0666485323434973,0.0024267197713522,6.506165783685191,0.0038784385943113,-11.853000631976712,0.0013837325421471,-27.55111695580895,0.0076633717035607,-11.610002957962609,73.0,96.0
252,2024-09-10 15:08:35,restaurant_manager_interview.txt,-999,0,0.0177545600475906,0.0021404063005123,0.0079090761207277,0.0835499872890737,0.0009445202350945,2.202909806353176,0.0029532277982244,-60.59305877367037,0.0018739932273544,-40.20672245138937,0.0311367507098816,10.80488751473642,77.0,62.0
252,2024-09-10 15:08:35,retail_manager_interview.txt,-999,0,0.0288013087453415,0.0025301993803351,0.0073594841188951,0.0933296541027544,0.0042625601515296,65.7927626544897,0.0035572516139288,-53.41659279927629,0.0022872827283671,-44.361683992087166,0.0115459924374883,23.77478633078563,16.0,32.0
252,2024-09-10 15:08:35,robotics_engineer_interview.txt,-999,0,0.02932471985122,0.0031760614346454,0.0119211137499288,0.0708878286330669,0.0056909230480182,68.80574286365004,0.00400212860693,-41.52565040743592,0.0014608439360121,-9.875382123333708,0.0140732315504563,-5.987802838623608,14.0,89.0
252,2024-09-10 15:08:35,safety_engineer_interview.txt,-999,0,0.0204104840968847,0.0079551699213101,0.0112671775100974,0.084645721334351,0.0032813850680725,17.491554826839945,0.0015316545629715,46.46233916406092,0.0028903336483623,-14.819194838052525,0.0380140528271305,12.25806173501411,66.0,59.0
252,2024-09-10 15:08:35,sales_manager_interview.txt,-999,0,0.016731405819355,0.0027468385041038,0.0092166721013483,0.0794677596697282,0.0033801428997429,-3.6868074846443903,0.0039758505586239,-49.428057904926845,0.002470312328848,-30.32118737785619,0.0249458973842134,5.390993547211195,85.0,73.0
252,2024-09-10 15:08:35,seo_specialist_interview.txt,-999,0,0.0129143116924758,0.0003208213025344,0.011126800010055,0.1018440002867976,0.0019645004350693,-25.659648587217305,0.0005556787961401,-94.09337086603384,0.0037286439716215,-15.88046048950062,0.0032414740192833,35.06660338301654,93.0,15.0
252,2024-09-10 15:08:35,shop_assistant_interview.txt,-999,0,0.0168157925045438,0.0023724747936268,0.0080392731146647,0.0774117447927977,0.0051974772492052,-3.201041306710721,0.0032132861655266,-56.32045433102007,0.0006182542270119,-39.22242227831736,0.0041354279466882,2.664284608540868,84.0,80.0
252,2024-09-10 15:08:35,social_media_manager_interview.txt,-999,0,0.0123315160535576,0.0,0.0098647799853315,0.1068971865336423,0.001517091360298,-29.01447179659193,0.0,-100.0,0.0008445005606731,-25.421437521247142,0.0085324161196644,41.76819307608713,94.0,8.0
252,2024-09-10 15:08:35,software_quality_assurance_tester_interview.txt,-999,0,0.02137057683389,0.0071535882478545,0.0068445875482257,0.0784099281706021,0.0026965963770125,23.01826295944784,0.0023692724206744,31.7044486241168,0.0010433305480637,-48.25434516880501,0.0153242154637077,3.988086089371976,60.0,76.0
252,2024-09-10 15:08:35,structural_engineer_interview.txt,-999,0,0.0266909842038724,0.0012322858903265,0.0108005470629946,0.088832665009163,0.0028828720439184,53.64482386041206,0.0021343817714958,-77.3124300547474,0.0012093844797921,-18.346960080206244,0.0181475934598082,17.810831256246047,24.0,49.0
252,2024-09-10 15:08:35,supply_chain_manager_interview.txt,-999,0,0.0221989021094334,0.004283179598549,0.0115721349058101,0.0926531730553151,0.0022974068722372,27.786460718207067,0.0041624459416546,-21.14253884347508,0.005147283873495,-12.513691398205026,0.0179580065044564,22.8776299241902,50.0,35.0
252,2024-09-10 15:08:35,system_administrator_interview.txt,-999,0,0.0209575584580258,0.005275674203057,0.0115367035028254,0.0810562124090973,0.0022773750023179,20.640750945426035,0.0038145023680129,-2.869757391684786,0.0009599968944241,-12.781555770764214,0.0093966635119882,7.497616573966326,62.0,66.0
252,2024-09-10 15:08:35,transportation_engineer_interview.txt,-999,0,0.0241929309080295,0.0017176428246927,0.0104036214319644,0.0840705172989588,0.0075010028436135,39.26495102762164,0.001487739911188,-68.37654148920642,0.0032539448950546,-21.347751077797994,0.0047118530688767,11.495219985928884,36.0,61.0
252,2024-09-10 15:08:35,travel_agent_interview.txt,-999,0,0.0183700178291472,0.0,0.0084817291052759,0.0947879145990932,0.0047543694583238,5.745750404455393,0.0,-100.0,0.0015370853223679,-35.87741795090612,0.0107986971967928,25.70874701117394,74.0,29.0
252,2024-09-10 15:08:35,veterinarian_interview.txt,-999,0,0.0168834404555031,0.0,0.0088168102525813,0.1028302542049705,0.0020756300338476,-2.811630506784041,0.0,-100.0,0.001906049292595,-33.34417642733146,0.0346230412883414,36.3745838867838,82.0,12.0
252,2024-09-10 15:08:35,warehouse_manager_interview.txt,-999,0,0.0182579899359244,0.0014100394811054,0.0088688426743201,0.1176305069480851,0.0045896554654384,5.10086950421578,0.0024422600219527,-74.03981526992035,0.0020378361201262,-32.950806963304885,0.0104974937821826,56.00283750597916,75.0,1.0
252,2024-09-10 15:08:35,water_resources_engineer_interview.txt,-999,0,0.022832384436718,0.0031718513287136,0.0108895133881192,0.0744303406140307,0.0039375508133363,31.43305838020723,0.0020703869916945,-41.603162512016965,0.0031691025594457,-17.674367214812804,0.0230010450248023,-1.2896855281780688,45.0,85.0
253,2024-09-10 15:36:08,no_persona_interview.txt,1,0,0.0162671232876712,0.0042808219178082,0.0128424657534246,0.0794851619763919,,,,,,,,,,
253,2024-09-10 15:36:08,no_persona_interview.txt,2,0,0.0143815915627996,0.0057526366251198,0.0134228187919463,0.0700808695365404,,,,,,,,,,
253,2024-09-10 15:36:08,no_persona_interview.txt,3,0,0.0214669051878354,0.0062611806797853,0.0134168157423971,0.0766423673123326,,,,,,,,,,
253,2024-09-10 15:36:08,no_persona_interview.txt,-999,0,0.017371873346102,0.0054315464075711,0.0132273667625893,0.0754027996084216,0.0036695737913253,2.8421709430404014e-14,0.0010284840311784,0.0,0.0003333475653023,0.0,0.0048231291858083,0.0,1.0,1.0
254,2024-09-10 15:37:47,restaurant_manager_interview.txt,1,0,0.0183654729109274,0.0055096418732782,0.0073461891643709,0.0990020926830458,,,,,,,,,,
254,2024-09-10 15:37:47,restaurant_manager_interview.txt,2,0,0.0166666666666666,0.0,0.01,0.0477094974833796,,,,,,,,,,
254,2024-09-10 15:37:47,restaurant_manager_interview.txt,3,0,0.0182315405651777,0.0009115770282588,0.0063810391978122,0.1039383717007957,,,,,,,,,,
254,2024-09-10 15:37:47,geneticist_interview.txt,1,0,0.0325379609544468,0.0021691973969631,0.0119305856832971,0.0671835125726117,,,,,,,,,,
254,2024-09-10 15:37:47,geneticist_interview.txt,2,0,0.0260557053009883,0.0116801437556154,0.004492362982929,0.0876457877004582,,,,,,,,,,
254,2024-09-10 15:37:47,geneticist_interview.txt,3,0,0.0167597765363128,0.0,0.01024208566108,0.1167372355373446,,,,,,,,,,
254,2024-09-10 15:37:47,speech_therapist_interview.txt,1,0,0.0171591992373689,0.0,0.0133460438512869,0.0954009899817445,,,,,,,,,,
254,2024-09-10 15:37:47,speech_therapist_interview.txt,2,0,0.0176579925650557,0.0055762081784386,0.0130111524163568,0.1057873536510437,,,,,,,,,,
254,2024-09-10 15:37:47,speech_therapist_interview.txt,3,0,0.0134357005758157,0.0,0.0124760076775431,0.072078006310619,,,,,,,,,,
254,2024-09-10 15:37:47,customer_service_representative_interview.txt,1,0,0.0283286118980169,0.0,0.0094428706326723,0.0771803307106458,,,,,,,,,,
254,2024-09-10 15:37:47,customer_service_representative_interview.txt,2,0,0.014519056261343,0.0,0.0127041742286751,0.0827618105285314,,,,,,,,,,
254,2024-09-10 15:37:47,customer_service_representative_interview.txt,3,0,0.0204808548530721,0.0,0.0106856634016028,0.1244732198386128,,,,,,,,,,
254,2024-09-10 15:37:47,construction_manager_interview.txt,1,0,0.0223300970873786,0.0019417475728155,0.0116504854368932,0.076677281993765,,,,,,,,,,
254,2024-09-10 15:37:47,construction_manager_interview.txt,2,0,0.0186666666666666,0.0,0.0124444444444444,0.1100746252650411,,,,,,,,,,
254,2024-09-10 15:37:47,construction_manager_interview.txt,3,0,0.0263157894736842,0.0036297640653357,0.0072595281306715,0.0812593520905692,,,,,,,,,,
254,2024-09-10 15:37:47,doctor_interview.txt,1,0,0.0164383561643835,0.0045662100456621,0.010958904109589,0.0868723693423282,,,,,,,,,,
254,2024-09-10 15:37:47,doctor_interview.txt,2,0,0.019036954087346,0.0,0.0156774916013437,0.0935002176290546,,,,,,,,,,
254,2024-09-10 15:37:47,doctor_interview.txt,3,0,0.0263424518743667,0.0040526849037487,0.0101317122593718,0.0580943081060441,,,,,,,,,,
254,2024-09-10 15:37:47,human_resources_manager_interview.txt,1,0,0.0207253886010362,0.0,0.0093264248704663,0.0802816027079444,,,,,,,,,,
254,2024-09-10 15:37:47,human_resources_manager_interview.txt,2,0,0.0187393526405451,0.0068143100511073,0.0127768313458262,0.0854438192696183,,,,,,,,,,
254,2024-09-10 15:37:47,human_resources_manager_interview.txt,3,0,0.0328330206378986,0.0037523452157598,0.0103189493433395,0.0980172900979964,,,,,,,,,,
254,2024-09-10 15:37:47,water_resources_engineer_interview.txt,1,0,0.0267062314540059,0.0049455984174085,0.0118694362017804,0.1009885264842701,,,,,,,,,,
254,2024-09-10 15:37:47,water_resources_engineer_interview.txt,2,0,0.0229568411386593,0.0036730945821854,0.0073461891643709,0.0609387748704152,,,,,,,,,,
254,2024-09-10 15:37:47,water_resources_engineer_interview.txt,3,0,0.0188340807174887,0.000896860986547,0.0134529147982062,0.0613637204874069,,,,,,,,,,
254,2024-09-10 15:37:47,project_manager_interview.txt,1,0,0.0154826958105646,0.0027322404371584,0.01183970856102,0.097509810257168,,,,,,,,,,
254,2024-09-10 15:37:47,project_manager_interview.txt,2,0,0.0165794066317626,0.0017452006980802,0.0087260034904013,0.1008747961449321,,,,,,,,,,
254,2024-09-10 15:37:47,project_manager_interview.txt,3,0,0.0134680134680134,0.0084175084175084,0.0092592592592592,0.0742314978133887,,,,,,,,,,
254,2024-09-10 15:37:47,biologist_interview.txt,1,0,0.0254545454545454,0.0009090909090909,0.0109090909090909,0.0628801767620028,,,,,,,,,,
254,2024-09-10 15:37:47,biologist_interview.txt,2,0,0.0375494071146245,0.0009881422924901,0.0138339920948616,0.1200003938783278,,,,,,,,,,
254,2024-09-10 15:37:47,biologist_interview.txt,3,0,0.026865671641791,0.0,0.0139303482587064,0.135107484888767,,,,,,,,,,
254,2024-09-10 15:37:47,occupational_therapist_interview.txt,1,0,0.0136612021857923,0.0018214936247723,0.0072859744990892,0.0598781384614205,,,,,,,,,,
254,2024-09-10 15:37:47,occupational_therapist_interview.txt,2,0,0.016504854368932,0.0,0.0116504854368932,0.1004227247521311,,,,,,,,,,
254,2024-09-10 15:37:47,occupational_therapist_interview.txt,3,0,0.0216962524654832,0.0019723865877712,0.0138067061143984,0.1156073427716892,,,,,,,,,,
254,2024-09-10 15:37:47,network_administrator_interview.txt,1,0,0.0214861235452103,0.0044762757385854,0.0080572963294538,0.064574689275901,,,,,,,,,,
254,2024-09-10 15:37:47,network_administrator_interview.txt,2,0,0.0261437908496732,0.0065359477124183,0.0073529411764705,0.0766841553323304,,,,,,,,,,
254,2024-09-10 15:37:47,network_administrator_interview.txt,3,0,0.0236518448438978,0.0056764427625354,0.0094607379375591,0.0659184431771535,,,,,,,,,,
254,2024-09-10 15:37:47,neuroscientist_interview.txt,1,0,0.0218522372528616,0.0010405827263267,0.0083246618106139,0.0887483868630813,,,,,,,,,,
254,2024-09-10 15:37:47,neuroscientist_interview.txt,2,0,0.0332409972299169,0.0,0.0147737765466297,0.0930213236124641,,,,,,,,,,
254,2024-09-10 15:37:47,neuroscientist_interview.txt,3,0,0.0148148148148148,0.0084656084656084,0.0095238095238095,0.1097132440265825,,,,,,,,,,
254,2024-09-10 15:37:47,retail_manager_interview.txt,1,0,0.0248262164846077,0.0009930486593843,0.009930486593843,0.1011293208778182,,,,,,,,,,
254,2024-09-10 15:37:47,retail_manager_interview.txt,2,0,0.0282752120640904,0.0065975494816211,0.0065975494816211,0.0800658557422523,,,,,,,,,,
254,2024-09-10 15:37:47,retail_manager_interview.txt,3,0,0.0333024976873265,0.0,0.005550416281221,0.0987937856881926,,,,,,,,,,
254,2024-09-10 15:37:47,agricultural_engineer_interview.txt,1,0,0.0168381665107577,0.0,0.0121608980355472,0.0841760159308743,,,,,,,,,,
254,2024-09-10 15:37:47,agricultural_engineer_interview.txt,2,0,0.0240137221269296,0.0025728987993138,0.0094339622641509,0.0642265594818371,,,,,,,,,,
254,2024-09-10 15:37:47,agricultural_engineer_interview.txt,3,0,0.0248565965583174,0.0009560229445506,0.0105162523900573,0.0914738996871959,,,,,,,,,,
254,2024-09-10 15:37:47,electrical_engineer_interview.txt,1,0,0.0218722659667541,0.0061242344706911,0.0139982502187226,0.0737443302166703,,,,,,,,,,
254,2024-09-10 15:37:47,electrical_engineer_interview.txt,2,0,0.0227272727272727,0.0075757575757575,0.0104166666666666,0.1028255487712899,,,,,,,,,,
254,2024-09-10 15:37:47,electrical_engineer_interview.txt,3,0,0.0227488151658767,0.0056872037914691,0.0113744075829383,0.0923408507039358,,,,,,,,,,
254,2024-09-10 15:37:47,quality_control_engineer_interview.txt,1,0,0.0202952029520295,0.0027675276752767,0.011070110701107,0.0623001020251796,,,,,,,,,,
254,2024-09-10 15:37:47,quality_control_engineer_interview.txt,2,0,0.0194704049844236,0.0023364485981308,0.0093457943925233,0.0621484961444896,,,,,,,,,,
254,2024-09-10 15:37:47,quality_control_engineer_interview.txt,3,0,0.0157407407407407,0.0092592592592592,0.0083333333333333,0.0754969988608226,,,,,,,,,,
254,2024-09-10 15:37:47,machine_learning_engineer_interview.txt,1,0,0.0335097001763668,0.0061728395061728,0.0114638447971781,0.0759842373677916,,,,,,,,,,
254,2024-09-10 15:37:47,machine_learning_engineer_interview.txt,2,0,0.0326492537313432,0.0055970149253731,0.0093283582089552,0.0526347064372755,,,,,,,,,,
254,2024-09-10 15:37:47,machine_learning_engineer_interview.txt,3,0,0.0261496844003606,0.0,0.0108205590622182,0.1037744367908366,,,,,,,,,,
254,2024-09-10 15:37:47,psychologist_interview.txt,1,0,0.0101214574898785,0.0010121457489878,0.0131578947368421,0.1070756656227597,,,,,,,,,,
254,2024-09-10 15:37:47,psychologist_interview.txt,2,0,0.0191431175934366,0.0,0.0118505013673655,0.0637159846464669,,,,,,,,,,
254,2024-09-10 15:37:47,psychologist_interview.txt,3,0,0.0140986908358509,0.0010070493454179,0.0100704934541792,0.086093463763045,,,,,,,,,,
254,2024-09-10 15:37:47,geologist_interview.txt,1,0,0.0268231349538977,0.0008382229673093,0.008382229673093,0.1078284430541484,,,,,,,,,,
254,2024-09-10 15:37:47,geologist_interview.txt,2,0,0.037037037037037,0.011011011011011,0.006006006006006,0.1002302330965116,,,,,,,,,,
254,2024-09-10 15:37:47,geologist_interview.txt,3,0,0.0282074613284804,0.0045495905368516,0.013648771610555,0.0657736789916789,,,,,,,,,,
254,2024-09-10 15:37:47,chemical_engineer_interview.txt,1,0,0.0356807511737089,0.0,0.0150234741784037,0.0915186421530048,,,,,,,,,,
254,2024-09-10 15:37:47,chemical_engineer_interview.txt,2,0,0.0353260869565217,0.0072463768115942,0.0108695652173913,0.0828367268709857,,,,,,,,,,
254,2024-09-10 15:37:47,chemical_engineer_interview.txt,3,0,0.0271493212669683,0.0018099547511312,0.0099547511312217,0.0721931626977862,,,,,,,,,,
254,2024-09-10 15:37:47,no_persona_interview.txt,1,0,0.0162671232876712,0.0042808219178082,0.0128424657534246,0.0794851619763919,,,,,,,,,,
254,2024-09-10 15:37:47,no_persona_interview.txt,2,0,0.0143815915627996,0.0057526366251198,0.0134228187919463,0.0700808695365404,,,,,,,,,,
254,2024-09-10 15:37:47,no_persona_interview.txt,3,0,0.0214669051878354,0.0062611806797853,0.0134168157423971,0.0766423673123326,,,,,,,,,,
254,2024-09-10 15:37:47,financial_analyst_interview.txt,1,0,0.024074074074074,0.0055555555555555,0.0138888888888888,0.0860456616180161,,,,,,,,,,
254,2024-09-10 15:37:47,financial_analyst_interview.txt,2,0,0.0244786944696282,0.0081595648232094,0.0081595648232094,0.077737642329477,,,,,,,,,,
254,2024-09-10 15:37:47,financial_analyst_interview.txt,3,0,0.0234933605720122,0.0030643513789581,0.0091930541368743,0.0944052444710529,,,,,,,,,,
254,2024-09-10 15:37:47,civil_engineer_interview.txt,1,0,0.0173515981735159,0.0,0.0091324200913242,0.0820431203361508,,,,,,,,,,
254,2024-09-10 15:37:47,civil_engineer_interview.txt,2,0,0.0180265654648956,0.0,0.0132827324478178,0.0674644754624829,,,,,,,,,,
254,2024-09-10 15:37:47,civil_engineer_interview.txt,3,0,0.0239923224568138,0.0009596928982725,0.010556621880998,0.0581323815724738,,,,,,,,,,
254,2024-09-10 15:37:47,meteorologist_interview.txt,1,0,0.0171017101710171,0.0,0.0108010801080108,0.1101242351198415,,,,,,,,,,
254,2024-09-10 15:37:47,meteorologist_interview.txt,2,0,0.0283203125,0.0009765625,0.01171875,0.0937019741809613,,,,,,,,,,
254,2024-09-10 15:37:47,meteorologist_interview.txt,3,0,0.0311203319502074,0.0020746887966804,0.0062240663900414,0.1025000862357742,,,,,,,,,,
254,2024-09-10 15:37:47,shop_assistant_interview.txt,1,0,0.0130576713819368,0.001088139281828,0.0076169749727965,0.076950296840312,,,,,,,,,,
254,2024-09-10 15:37:47,shop_assistant_interview.txt,2,0,0.0146425495262704,0.0060292850990525,0.0077519379844961,0.0817585425830787,,,,,,,,,,
254,2024-09-10 15:37:47,shop_assistant_interview.txt,3,0,0.0227471566054243,0.0,0.0087489063867016,0.0735263949550024,,,,,,,,,,
254,2024-09-10 15:37:47,social_media_manager_interview.txt,1,0,0.0140227870289219,0.0,0.0105170902716914,0.1148327242693828,,,,,,,,,,
254,2024-09-10 15:37:47,social_media_manager_interview.txt,2,0,0.011090573012939,0.0,0.010166358595194,0.1079863490942757,,,,,,,,,,
254,2024-09-10 15:37:47,social_media_manager_interview.txt,3,0,0.0118811881188118,0.0,0.0089108910891089,0.0978724862372683,,,,,,,,,,
254,2024-09-10 15:37:47,marine_engineer_interview.txt,1,0,0.0237113402061855,0.0072164948453608,0.0103092783505154,0.0936820963169988,,,,,,,,,,
254,2024-09-10 15:37:47,marine_engineer_interview.txt,2,0,0.0192953020134228,0.0050335570469798,0.011744966442953,0.0790367856064672,,,,,,,,,,
254,2024-09-10 15:37:47,marine_engineer_interview.txt,3,0,0.024557956777996,0.0049115913555992,0.0078585461689587,0.0490421159582713,,,,,,,,,,
254,2024-09-10 15:37:47,warehouse_manager_interview.txt,1,0,0.0135013501350135,0.0,0.009000900090009,0.1196334498346303,,,,,,,,,,
254,2024-09-10 15:37:47,warehouse_manager_interview.txt,2,0,0.0186125211505922,0.0042301184433164,0.0067681895093062,0.1062758456315468,,,,,,,,,,
254,2024-09-10 15:37:47,warehouse_manager_interview.txt,3,0,0.0226600985221674,0.0,0.0108374384236453,0.1269822253780783,,,,,,,,,,
254,2024-09-10 15:37:47,business_intelligence_analyst_interview.txt,1,0,0.0374732334047109,0.0117773019271948,0.0117773019271948,0.1009540475141373,,,,,,,,,,
254,2024-09-10 15:37:47,business_intelligence_analyst_interview.txt,2,0,0.0232323232323232,0.0141414141414141,0.007070707070707,0.0923414865422088,,,,,,,,,,
254,2024-09-10 15:37:47,business_intelligence_analyst_interview.txt,3,0,0.0224089635854341,0.003734827264239,0.0093370681605975,0.059793506036664,,,,,,,,,,
254,2024-09-10 15:37:47,full_stack_developer_interview.txt,1,0,0.0316831683168316,0.0089108910891089,0.0138613861386138,0.0941362735127485,,,,,,,,,,
254,2024-09-10 15:37:47,full_stack_developer_interview.txt,2,0,0.0229982964224872,0.0034071550255536,0.0119250425894378,0.1136696128114476,,,,,,,,,,
254,2024-09-10 15:37:47,full_stack_developer_interview.txt,3,0,0.0224215246636771,0.000896860986547,0.0134529147982062,0.1177717363348178,,,,,,,,,,
254,2024-09-10 15:37:47,travel_agent_interview.txt,1,0,0.0238568588469184,0.0,0.0079522862823061,0.1039994798802471,,,,,,,,,,
254,2024-09-10 15:37:47,travel_agent_interview.txt,2,0,0.0154686078252957,0.0,0.0072793448589626,0.0974603295342421,,,,,,,,,,
254,2024-09-10 15:37:47,travel_agent_interview.txt,3,0,0.0157845868152274,0.0,0.0102135561745589,0.0829039343827904,,,,,,,,,,
254,2024-09-10 15:37:47,robotics_engineer_interview.txt,1,0,0.0237087214225232,0.0008467400508044,0.0135478408128704,0.0808522794323836,,,,,,,,,,
254,2024-09-10 15:37:47,robotics_engineer_interview.txt,2,0,0.0350877192982456,0.0077972709551656,0.0107212475633528,0.0547885831077742,,,,,,,,,,
254,2024-09-10 15:37:47,robotics_engineer_interview.txt,3,0,0.0291777188328912,0.0008841732979664,0.0114942528735632,0.0770226233590429,,,,,,,,,,
254,2024-09-10 15:37:47,biomedical_engineer_interview.txt,1,0,0.0371376811594202,0.0126811594202898,0.0072463768115942,0.111565607490984,,,,,,,,,,
254,2024-09-10 15:37:47,biomedical_engineer_interview.txt,2,0,0.0262910798122065,0.0065727699530516,0.0103286384976525,0.0703015055700145,,,,,,,,,,
254,2024-09-10 15:37:47,biomedical_engineer_interview.txt,3,0,0.0251004016064257,0.001004016064257,0.0130522088353413,0.1091185530992652,,,,,,,,,,
254,2024-09-10 15:37:47,marketing_manager_interview.txt,1,0,0.0114832535885167,0.0,0.0124401913875598,0.0931674585181923,,,,,,,,,,
254,2024-09-10 15:37:47,marketing_manager_interview.txt,2,0,0.0239693192713326,0.0,0.0086289549376797,0.0625481122578713,,,,,,,,,,
254,2024-09-10 15:37:47,marketing_manager_interview.txt,3,0,0.0244328097731239,0.0,0.0095986038394415,0.1406118400202491,,,,,,,,,,
254,2024-09-10 15:37:47,professor_of_classics_interview.txt,1,0,0.0116959064327485,0.0,0.0100250626566416,0.0893468885006601,,,,,,,,,,
254,2024-09-10 15:37:47,professor_of_classics_interview.txt,2,0,0.0150234741784037,0.0,0.0103286384976525,0.0962453972600952,,,,,,,,,,
254,2024-09-10 15:37:47,professor_of_classics_interview.txt,3,0,0.0222024866785079,0.0,0.0106571936056838,0.0980349518835961,,,,,,,,,,
254,2024-09-10 15:37:47,environmental_engineer_interview.txt,1,0,0.0310663308144416,0.0025188916876574,0.0092359361880772,0.0684082745915221,,,,,,,,,,
254,2024-09-10 15:37:47,environmental_engineer_interview.txt,2,0,0.0177664974619289,0.0008460236886632,0.0135363790186125,0.1329012455344673,,,,,,,,,,
254,2024-09-10 15:37:47,environmental_engineer_interview.txt,3,0,0.0215331610680447,0.0017226528854435,0.0094745908699397,0.1202741759132395,,,,,,,,,,
254,2024-09-10 15:37:47,physical_therapist_interview.txt,1,0,0.0183861082737487,0.0020429009193054,0.0091930541368743,0.1078539966374,,,,,,,,,,
254,2024-09-10 15:37:47,physical_therapist_interview.txt,2,0,0.0161870503597122,0.0071942446043165,0.0080935251798561,0.0948178183962373,,,,,,,,,,
254,2024-09-10 15:37:47,physical_therapist_interview.txt,3,0,0.0175284837861524,0.0052585451358457,0.0096406660823838,0.0884058974151996,,,,,,,,,,
254,2024-09-10 15:37:47,astronomer_interview.txt,1,0,0.028747433264887,0.002053388090349,0.0123203285420944,0.0738670493327315,,,,,,,,,,
254,2024-09-10 15:37:47,astronomer_interview.txt,2,0,0.0480392156862745,0.0009803921568627,0.0117647058823529,0.1059165183962451,,,,,,,,,,
254,2024-09-10 15:37:47,astronomer_interview.txt,3,0,0.025305410122164,0.0,0.0095986038394415,0.0571474906458196,,,,,,,,,,
254,2024-09-10 15:37:47,ai_professor_interview.txt,1,0,0.0341796875,0.005859375,0.013671875,0.0763396676393117,,,,,,,,,,
254,2024-09-10 15:37:47,ai_professor_interview.txt,2,0,0.0289735099337748,0.0008278145695364,0.0107615894039735,0.0717127211787789,,,,,,,,,,
254,2024-09-10 15:37:47,ai_professor_interview.txt,3,0,0.0177404295051353,0.0028011204481792,0.0149393090569561,0.0639966200768145,,,,,,,,,,
254,2024-09-10 15:37:47,game_developer_interview.txt,1,0,0.0187265917602996,0.0,0.0074906367041198,0.1020498669343592,,,,,,,,,,
254,2024-09-10 15:37:47,game_developer_interview.txt,2,0,0.0175901495162708,0.0,0.0105540897097625,0.1127900228584796,,,,,,,,,,
254,2024-09-10 15:37:47,game_developer_interview.txt,3,0,0.0239574090505767,0.0,0.0079858030168589,0.1207030584207954,,,,,,,,,,
254,2024-09-10 15:37:47,fire_protection_engineer_interview.txt,1,0,0.0272904483430799,0.0068226120857699,0.0116959064327485,0.0877050265465327,,,,,,,,,,
254,2024-09-10 15:37:47,fire_protection_engineer_interview.txt,2,0,0.0183852917665867,0.0079936051159072,0.0071942446043165,0.0719869464167902,,,,,,,,,,
254,2024-09-10 15:37:47,fire_protection_engineer_interview.txt,3,0,0.0246350364963503,0.0072992700729927,0.0054744525547445,0.1149399713340419,,,,,,,,,,
254,2024-09-10 15:37:47,safety_engineer_interview.txt,1,0,0.0173775671406003,0.0086887835703001,0.0134281200631911,0.052572464344047,,,,,,,,,,
254,2024-09-10 15:37:47,safety_engineer_interview.txt,2,0,0.0199600798403193,0.0089820359281437,0.0079840319361277,0.1266351502924454,,,,,,,,,,
254,2024-09-10 15:37:47,safety_engineer_interview.txt,3,0,0.0238938053097345,0.0061946902654867,0.0123893805309734,0.0747295493665605,,,,,,,,,,
254,2024-09-10 15:37:47,environmental_scientist_interview.txt,1,0,0.0133214920071047,0.0008880994671403,0.0133214920071047,0.0982535224313493,,,,,,,,,,
254,2024-09-10 15:37:47,environmental_scientist_interview.txt,2,0,0.0163398692810457,0.0049019607843137,0.0098039215686274,0.1010844646314276,,,,,,,,,,
254,2024-09-10 15:37:47,environmental_scientist_interview.txt,3,0,0.0266193433895297,0.0,0.0079858030168589,0.0801551634850171,,,,,,,,,,
254,2024-09-10 15:37:47,operations_manager_interview.txt,1,0,0.0176908752327746,0.0,0.0148975791433892,0.099549303014495,,,,,,,,,,
254,2024-09-10 15:37:47,operations_manager_interview.txt,2,0,0.0138339920948616,0.0059288537549407,0.0128458498023715,0.0736854740012645,,,,,,,,,,
254,2024-09-10 15:37:47,operations_manager_interview.txt,3,0,0.0214776632302405,0.0051546391752577,0.0128865979381443,0.0671500221717826,,,,,,,,,,
254,2024-09-10 15:37:47,backend_developer_interview.txt,1,0,0.0327004219409282,0.0031645569620253,0.0126582278481012,0.0620090186629086,,,,,,,,,,
254,2024-09-10 15:37:47,backend_developer_interview.txt,2,0,0.0276356192425793,0.0040941658137154,0.0081883316274309,0.0818226756881755,,,,,,,,,,
254,2024-09-10 15:37:47,backend_developer_interview.txt,3,0,0.0268817204301075,0.0008960573476702,0.0116487455197132,0.0757107674881442,,,,,,,,,,
254,2024-09-10 15:37:47,digital_marketing_specialist_interview.txt,1,0,0.0135021097046413,0.0,0.0075949367088607,0.0659611590685329,,,,,,,,,,
254,2024-09-10 15:37:47,digital_marketing_specialist_interview.txt,2,0,0.0109090909090909,0.0,0.0081818181818181,0.1007659531726112,,,,,,,,,,
254,2024-09-10 15:37:47,digital_marketing_specialist_interview.txt,3,0,0.0121633362293657,0.0,0.0139009556907037,0.0677224365124114,,,,,,,,,,
254,2024-09-10 15:37:47,mechanical_engineer_interview.txt,1,0,0.0305418719211822,0.0,0.0118226600985221,0.1265433369753107,,,,,,,,,,
254,2024-09-10 15:37:47,mechanical_engineer_interview.txt,2,0,0.0231522707034728,0.0008904719501335,0.0142475512021371,0.0685162775995085,,,,,,,,,,
254,2024-09-10 15:37:47,mechanical_engineer_interview.txt,3,0,0.0319383259911894,0.0033039647577092,0.0088105726872246,0.0716937505782969,,,,,,,,,,
254,2024-09-10 15:37:47,software_quality_assurance_tester_interview.txt,1,0,0.0184873949579831,0.0067226890756302,0.0067226890756302,0.0885138573127251,,,,,,,,,,
254,2024-09-10 15:37:47,software_quality_assurance_tester_interview.txt,2,0,0.0217937971500419,0.0050293378038558,0.0058675607711651,0.0859382871842645,,,,,,,,,,
254,2024-09-10 15:37:47,software_quality_assurance_tester_interview.txt,3,0,0.0238305383936451,0.0097087378640776,0.0079435127978817,0.0607776400148168,,,,,,,,,,
254,2024-09-10 15:37:47,cybersecurity_specialist_interview.txt,1,0,0.0185185185185185,0.0072016460905349,0.0082304526748971,0.109015743871297,,,,,,,,,,
254,2024-09-10 15:37:47,cybersecurity_specialist_interview.txt,2,0,0.0133809099018733,0.0098126672613737,0.0089206066012488,0.0641154923039299,,,,,,,,,,
254,2024-09-10 15:37:47,cybersecurity_specialist_interview.txt,3,0,0.0190562613430127,0.0045372050816696,0.0081669691470054,0.0977475680509325,,,,,,,,,,
254,2024-09-10 15:37:47,product_manager_interview.txt,1,0,0.0166051660516605,0.0,0.0119926199261992,0.1184142035876159,,,,,,,,,,
254,2024-09-10 15:37:47,product_manager_interview.txt,2,0,0.0129421915444348,0.0,0.0120793787748058,0.084570358844505,,,,,,,,,,
254,2024-09-10 15:37:47,product_manager_interview.txt,3,0,0.0143266475644699,0.0,0.0085959885386819,0.0770131223357543,,,,,,,,,,
254,2024-09-10 15:37:47,microbiologist_interview.txt,1,0,0.021505376344086,0.0,0.0161290322580645,0.0702073727400886,,,,,,,,,,
254,2024-09-10 15:37:47,microbiologist_interview.txt,2,0,0.0219780219780219,0.001098901098901,0.0153846153846153,0.1158008390485609,,,,,,,,,,
254,2024-09-10 15:37:47,microbiologist_interview.txt,3,0,0.0230105465004793,0.0,0.0105465004793863,0.1023997863586028,,,,,,,,,,
254,2024-09-10 15:37:47,it_manager_interview.txt,1,0,0.0165118679050567,0.0030959752321981,0.0144478844169246,0.0786867744068236,,,,,,,,,,
254,2024-09-10 15:37:47,it_manager_interview.txt,2,0,0.0353200883002207,0.0022075055187637,0.0121412803532008,0.102526238929496,,,,,,,,,,
254,2024-09-10 15:37:47,it_manager_interview.txt,3,0,0.0235655737704918,0.0010245901639344,0.0102459016393442,0.0750302041372563,,,,,,,,,,
254,2024-09-10 15:37:47,industrial_engineer_interview.txt,1,0,0.0263473053892215,0.0011976047904191,0.0131736526946107,0.1139690785125045,,,,,,,,,,
254,2024-09-10 15:37:47,industrial_engineer_interview.txt,2,0,0.0208530805687203,0.0,0.0123222748815165,0.1001837613127376,,,,,,,,,,
254,2024-09-10 15:37:47,industrial_engineer_interview.txt,3,0,0.0192307692307692,0.0134615384615384,0.0144230769230769,0.0868946825030154,,,,,,,,,,
254,2024-09-10 15:37:47,barista_interview.txt,1,0,0.0262237762237762,0.0043706293706293,0.0052447552447552,0.0894535073774023,,,,,,,,,,
254,2024-09-10 15:37:47,barista_interview.txt,2,0,0.0228270412642669,0.0035118525021949,0.006145741878841,0.0901280192597011,,,,,,,,,,
254,2024-09-10 15:37:47,barista_interview.txt,3,0,0.0162523900573613,0.0,0.011472275334608,0.0799028801336788,,,,,,,,,,
254,2024-09-10 15:37:47,petroleum_engineer_interview.txt,1,0,0.0313059033989266,0.0062611806797853,0.0080500894454382,0.1164524407201045,,,,,,,,,,
254,2024-09-10 15:37:47,petroleum_engineer_interview.txt,2,0,0.0323212536728697,0.0058765915768854,0.009794319294809,0.0870842824985446,,,,,,,,,,
254,2024-09-10 15:37:47,petroleum_engineer_interview.txt,3,0,0.0264279624893435,0.0042625745950554,0.0085251491901108,0.053808166481091,,,,,,,,,,
254,2024-09-10 15:37:47,business_analyst_interview.txt,1,0,0.0241090146750524,0.0,0.0125786163522012,0.0917829748847736,,,,,,,,,,
254,2024-09-10 15:37:47,business_analyst_interview.txt,2,0,0.031905195989061,0.0,0.0127620783956244,0.0842892277779455,,,,,,,,,,
254,2024-09-10 15:37:47,business_analyst_interview.txt,3,0,0.0131470829909613,0.0,0.0106820049301561,0.0627435687880343,,,,,,,,,,
254,2024-09-10 15:37:47,data_engineer_interview.txt,1,0,0.0258780036968576,0.0027726432532347,0.0120147874306839,0.0679735648470982,,,,,,,,,,
254,2024-09-10 15:37:47,data_engineer_interview.txt,2,0,0.0266412940057088,0.0076117982873453,0.011417697431018,0.1149146796785812,,,,,,,,,,
254,2024-09-10 15:37:47,data_engineer_interview.txt,3,0,0.0371819960861056,0.0009784735812133,0.0107632093933463,0.0906915042207425,,,,,,,,,,
254,2024-09-10 15:37:47,aerospace_engineer_interview.txt,1,0,0.0249187432286023,0.0021668472372697,0.0130010834236186,0.0971801629866689,,,,,,,,,,
254,2024-09-10 15:37:47,aerospace_engineer_interview.txt,2,0,0.0341786108048511,0.0099228224917309,0.0132304299889746,0.0813299448695555,,,,,,,,,,
254,2024-09-10 15:37:47,aerospace_engineer_interview.txt,3,0,0.0289855072463768,0.0042625745950554,0.0085251491901108,0.0950765996382887,,,,,,,,,,
254,2024-09-10 15:37:47,bartender_interview.txt,1,0,0.02465483234714,0.0029585798816568,0.0128205128205128,0.0880976043415453,,,,,,,,,,
254,2024-09-10 15:37:47,bartender_interview.txt,2,0,0.015005359056806,0.0,0.0107181136120042,0.0777109651592,,,,,,,,,,
254,2024-09-10 15:37:47,bartender_interview.txt,3,0,0.0217842323651452,0.0,0.0062240663900414,0.1012791947280587,,,,,,,,,,
254,2024-09-10 15:37:47,natural_language_processing_engineer_interview.txt,1,0,0.0319248826291079,0.0,0.0075117370892018,0.0696044927809426,,,,,,,,,,
254,2024-09-10 15:37:47,natural_language_processing_engineer_interview.txt,2,0,0.0157116451016635,0.0073937153419593,0.010166358595194,0.0596966807140297,,,,,,,,,,
254,2024-09-10 15:37:47,natural_language_processing_engineer_interview.txt,3,0,0.0262467191601049,0.0008748906386701,0.0069991251093613,0.0802566187620792,,,,,,,,,,
254,2024-09-10 15:37:47,cto_of_a_fintec_interview.txt,1,0,0.0283623055809698,0.0082342177493138,0.0137236962488563,0.0753308731668458,,,,,,,,,,
254,2024-09-10 15:37:47,cto_of_a_fintec_interview.txt,2,0,0.022583559168925,0.001806684733514,0.013550135501355,0.0793208787015618,,,,,,,,,,
254,2024-09-10 15:37:47,cto_of_a_fintec_interview.txt,3,0,0.0239520958083832,0.0069860279441117,0.0099800399201596,0.1035031411873439,,,,,,,,,,
254,2024-09-10 15:37:47,database_administrator_interview.txt,1,0,0.0202265372168284,0.0080906148867313,0.0080906148867313,0.0806924658084728,,,,,,,,,,
254,2024-09-10 15:37:47,database_administrator_interview.txt,2,0,0.0301921317474839,0.0064043915827996,0.0128087831655992,0.0816123641664981,,,,,,,,,,
254,2024-09-10 15:37:47,database_administrator_interview.txt,3,0,0.0229226361031518,0.0057306590257879,0.0133715377268385,0.1062024898083593,,,,,,,,,,
254,2024-09-10 15:37:47,nuclear_engineer_interview.txt,1,0,0.0251954821894005,0.0069504778453518,0.0078192875760208,0.06856634189417,,,,,,,,,,
254,2024-09-10 15:37:47,nuclear_engineer_interview.txt,2,0,0.02367941712204,0.0072859744990892,0.01183970856102,0.1083803698341102,,,,,,,,,,
254,2024-09-10 15:37:47,nuclear_engineer_interview.txt,3,0,0.0185676392572944,0.004420866489832,0.0141467727674624,0.08742282306641,,,,,,,,,,
254,2024-09-10 15:37:47,pharmacist_interview.txt,1,0,0.022633744855967,0.0123456790123456,0.0082304526748971,0.0983581696600868,,,,,,,,,,
254,2024-09-10 15:37:47,pharmacist_interview.txt,2,0,0.0241691842900302,0.0080563947633434,0.0100704934541792,0.1323468417581224,,,,,,,,,,
254,2024-09-10 15:37:47,pharmacist_interview.txt,3,0,0.0191780821917808,0.0027397260273972,0.010958904109589,0.1053238896579274,,,,,,,,,,
254,2024-09-10 15:37:47,chef_interview.txt,1,0,0.0126582278481012,0.0,0.0052742616033755,0.1108162800005879,,,,,,,,,,
254,2024-09-10 15:37:47,chef_interview.txt,2,0,0.0199052132701421,0.0,0.0085308056872037,0.089359592982633,,,,,,,,,,
254,2024-09-10 15:37:47,chef_interview.txt,3,0,0.0114503816793893,0.0,0.0047709923664122,0.0900317223311951,,,,,,,,,,
254,2024-09-10 15:37:47,hotel_manager_interview.txt,1,0,0.0152155536770921,0.0025359256128486,0.0118343195266272,0.0842941105468075,,,,,,,,,,
254,2024-09-10 15:37:47,hotel_manager_interview.txt,2,0,0.0206572769953051,0.0,0.012206572769953,0.1090599206146388,,,,,,,,,,
254,2024-09-10 15:37:47,hotel_manager_interview.txt,3,0,0.0228619813717188,0.0050804403048264,0.0059271803556308,0.092543475367954,,,,,,,,,,
254,2024-09-10 15:37:47,mobile_app_developer_interview.txt,1,0,0.0189873417721519,0.0,0.0090415913200723,0.0917455301820895,,,,,,,,,,
254,2024-09-10 15:37:47,mobile_app_developer_interview.txt,2,0,0.0124282982791587,0.005736137667304,0.0066921606118546,0.0971394291059347,,,,,,,,,,
254,2024-09-10 15:37:47,mobile_app_developer_interview.txt,3,0,0.0347349177330895,0.0054844606946983,0.0127970749542961,0.1010751947552685,,,,,,,,,,
254,2024-09-10 15:37:47,graphic_designer_interview.txt,1,0,0.0284518828451882,0.0,0.0117154811715481,0.0662383072676524,,,,,,,,,,
254,2024-09-10 15:37:47,graphic_designer_interview.txt,2,0,0.0162950257289879,0.0,0.006861063464837,0.0942099908407737,,,,,,,,,,
254,2024-09-10 15:37:47,graphic_designer_interview.txt,3,0,0.0178571428571428,0.0,0.0093984962406015,0.0894347692794624,,,,,,,,,,
254,2024-09-10 15:37:47,geotechnical_engineer_interview.txt,1,0,0.0267774699907663,0.0,0.0083102493074792,0.1177343021110547,,,,,,,,,,
254,2024-09-10 15:37:47,geotechnical_engineer_interview.txt,2,0,0.0222428174235403,0.0018535681186283,0.0129749768303985,0.0955355879848837,,,,,,,,,,
254,2024-09-10 15:37:47,geotechnical_engineer_interview.txt,3,0,0.0269058295964125,0.0035874439461883,0.010762331838565,0.0852296006150985,,,,,,,,,,
254,2024-09-10 15:37:47,gardener_interview.txt,1,0,0.0163098878695209,0.0,0.0081549439347604,0.0900268831898101,,,,,,,,,,
254,2024-09-10 15:37:47,gardener_interview.txt,2,0,0.0172910662824207,0.0028818443804034,0.004803073967339,0.1047883940249008,,,,,,,,,,
254,2024-09-10 15:37:47,gardener_interview.txt,3,0,0.0155109489051094,0.0,0.0072992700729927,0.1173062496158942,,,,,,,,,,
254,2024-09-10 15:37:47,ai_software_developer_interview.txt,1,0,0.0348943985307621,0.0110192837465564,0.0082644628099173,0.0714278404853981,,,,,,,,,,
254,2024-09-10 15:37:47,ai_software_developer_interview.txt,2,0,0.035576923076923,0.0009615384615384,0.0134615384615384,0.0602196344881287,,,,,,,,,,
254,2024-09-10 15:37:47,ai_software_developer_interview.txt,3,0,0.0309278350515463,0.0112464854732895,0.0103092783505154,0.0778226821723167,,,,,,,,,,
254,2024-09-10 15:37:47,supply_chain_manager_interview.txt,1,0,0.0211554109031733,0.0089503661513425,0.0056956875508543,0.0733853754675617,,,,,,,,,,
254,2024-09-10 15:37:47,supply_chain_manager_interview.txt,2,0,0.0248328557784145,0.0009551098376313,0.0152817574021012,0.0956497546425093,,,,,,,,,,
254,2024-09-10 15:37:47,supply_chain_manager_interview.txt,3,0,0.0206084396467124,0.0029440628066732,0.0137389597644749,0.1089243890558743,,,,,,,,,,
254,2024-09-10 15:37:47,cloud_architect_interview.txt,1,0,0.0235507246376811,0.0081521739130434,0.0117753623188405,0.0780941786737131,,,,,,,,,,
254,2024-09-10 15:37:47,cloud_architect_interview.txt,2,0,0.029296875,0.0078125,0.013671875,0.0505429821430774,,,,,,,,,,
254,2024-09-10 15:37:47,cloud_architect_interview.txt,3,0,0.0319148936170212,0.0053191489361702,0.0124113475177304,0.0743884654586462,,,,,,,,,,
254,2024-09-10 15:37:47,mining_engineer_interview.txt,1,0,0.0273722627737226,0.0018248175182481,0.0118613138686131,0.0897543883245226,,,,,,,,,,
254,2024-09-10 15:37:47,mining_engineer_interview.txt,2,0,0.0255281690140845,0.0044014084507042,0.0105633802816901,0.0805957979220911,,,,,,,,,,
254,2024-09-10 15:37:47,mining_engineer_interview.txt,3,0,0.0234023402340234,0.0072007200720072,0.009000900090009,0.069251291476341,,,,,,,,,,
254,2024-09-10 15:37:47,devops_engineer_interview.txt,1,0,0.0282542885973763,0.0010090817356205,0.0100908173562058,0.1003025039792739,,,,,,,,,,
254,2024-09-10 15:37:47,devops_engineer_interview.txt,2,0,0.0307262569832402,0.0065176908752327,0.0111731843575419,0.0703533564399949,,,,,,,,,,
254,2024-09-10 15:37:47,devops_engineer_interview.txt,3,0,0.0234454638124362,0.0020387359836901,0.0152905198776758,0.0699810874208441,,,,,,,,,,
254,2024-09-10 15:37:47,system_administrator_interview.txt,1,0,0.0210896309314587,0.0035149384885764,0.0114235500878734,0.0732388292583548,,,,,,,,,,
254,2024-09-10 15:37:47,system_administrator_interview.txt,2,0,0.0186170212765957,0.0026595744680851,0.0106382978723404,0.0784484881242431,,,,,,,,,,
254,2024-09-10 15:37:47,system_administrator_interview.txt,3,0,0.0231660231660231,0.0096525096525096,0.0125482625482625,0.091481319844694,,,,,,,,,,
254,2024-09-10 15:37:47,content_writer_interview.txt,1,0,0.0172413793103448,0.0067049808429118,0.0095785440613026,0.0703165171910873,,,,,,,,,,
254,2024-09-10 15:37:47,content_writer_interview.txt,2,0,0.019723865877712,0.0,0.0138067061143984,0.0896283457154462,,,,,,,,,,
254,2024-09-10 15:37:47,content_writer_interview.txt,3,0,0.0167753960857409,0.0,0.0102516309412861,0.0631297995963288,,,,,,,,,,
254,2024-09-10 15:37:47,transportation_engineer_interview.txt,1,0,0.0159474671669793,0.0,0.0131332082551594,0.0808494096493036,,,,,,,,,,
254,2024-09-10 15:37:47,transportation_engineer_interview.txt,2,0,0.0306122448979591,0.0025510204081632,0.0068027210884353,0.0818837156657495,,,,,,,,,,
254,2024-09-10 15:37:47,transportation_engineer_interview.txt,3,0,0.02601908065915,0.002601908065915,0.0112749349522983,0.0894784265818234,,,,,,,,,,
254,2024-09-10 15:37:47,lorry_driver_interview.txt,1,0,0.0156121610517666,0.0016433853738701,0.0082169268693508,0.055698306207107,,,,,,,,,,
254,2024-09-10 15:37:47,lorry_driver_interview.txt,2,0,0.0111317254174397,0.0009276437847866,0.0083487940630797,0.0877792410417173,,,,,,,,,,
254,2024-09-10 15:37:47,lorry_driver_interview.txt,3,0,0.0170863309352518,0.0026978417266187,0.0116906474820143,0.0845730053001867,,,,,,,,,,
254,2024-09-10 15:37:47,dentist_interview.txt,1,0,0.0185356811862835,0.0018535681186283,0.0064874884151992,0.0817660534877645,,,,,,,,,,
254,2024-09-10 15:37:47,dentist_interview.txt,2,0,0.0174249757986447,0.0067763794772507,0.0096805421103581,0.0878010457565426,,,,,,,,,,
254,2024-09-10 15:37:47,dentist_interview.txt,3,0,0.0146654445462878,0.0,0.0054995417048579,0.0774632212728605,,,,,,,,,,
254,2024-09-10 15:37:47,physicist_interview.txt,1,0,0.0280542986425339,0.0,0.0153846153846153,0.1142161906346296,,,,,,,,,,
254,2024-09-10 15:37:47,physicist_interview.txt,2,0,0.0327272727272727,0.0009090909090909,0.0109090909090909,0.0836038602468009,,,,,,,,,,
254,2024-09-10 15:37:47,physicist_interview.txt,3,0,0.0280193236714975,0.0009661835748792,0.0096618357487922,0.0904912398412969,,,,,,,,,,
254,2024-09-10 15:37:47,architect_interview.txt,1,0,0.0258397932816537,0.0017226528854435,0.0111972437553832,0.0781507894112961,,,,,,,,,,
254,2024-09-10 15:37:47,architect_interview.txt,2,0,0.0237849017580144,0.0,0.0093071354705274,0.0832734836528109,,,,,,,,,,
254,2024-09-10 15:37:47,architect_interview.txt,3,0,0.0211591536338546,0.0009199632014719,0.0082796688132474,0.1045771932577562,,,,,,,,,,
254,2024-09-10 15:37:47,materials_engineer_interview.txt,1,0,0.0251836306400839,0.0073452256033578,0.0094438614900314,0.1099786859387545,,,,,,,,,,
254,2024-09-10 15:37:47,materials_engineer_interview.txt,2,0,0.0230202578268876,0.0,0.0082872928176795,0.079799621552945,,,,,,,,,,
254,2024-09-10 15:37:47,materials_engineer_interview.txt,3,0,0.0295358649789029,0.0016877637130801,0.010970464135021,0.0899885491261736,,,,,,,,,,
254,2024-09-10 15:37:47,computer_vision_engineer_interview.txt,1,0,0.0395108184383819,0.0009407337723424,0.0094073377234242,0.0797791876321218,,,,,,,,,,
254,2024-09-10 15:37:47,computer_vision_engineer_interview.txt,2,0,0.0297504798464491,0.0,0.0115163147792706,0.0840786119701969,,,,,,,,,,
254,2024-09-10 15:37:47,computer_vision_engineer_interview.txt,3,0,0.0295395308427454,0.0008688097306689,0.0086880973066898,0.0619342330677844,,,,,,,,,,
254,2024-09-10 15:37:47,data_scientist_interview.txt,1,0,0.0189125295508274,0.0,0.0086682427107959,0.0618766026142146,,,,,,,,,,
254,2024-09-10 15:37:47,data_scientist_interview.txt,2,0,0.0370774263904034,0.0032715376226826,0.0141766630316248,0.0964628419276161,,,,,,,,,,
254,2024-09-10 15:37:47,data_scientist_interview.txt,3,0,0.0175097276264591,0.0058365758754863,0.0126459143968871,0.076286338471741,,,,,,,,,,
254,2024-09-10 15:37:47,structural_engineer_interview.txt,1,0,0.0249537892791127,0.0036968576709796,0.010166358595194,0.0808433637097308,,,,,,,,,,
254,2024-09-10 15:37:47,structural_engineer_interview.txt,2,0,0.0300187617260788,0.0,0.0121951219512195,0.1096041880414969,,,,,,,,,,
254,2024-09-10 15:37:47,structural_engineer_interview.txt,3,0,0.0251004016064257,0.0,0.0100401606425702,0.0760504432762613,,,,,,,,,,
254,2024-09-10 15:37:47,ai_ethicist_interview.txt,1,0,0.0220994475138121,0.0174953959484346,0.012891344383057,0.100604679622852,,,,,,,,,,
254,2024-09-10 15:37:47,ai_ethicist_interview.txt,2,0,0.0244618395303326,0.0127201565557729,0.0127201565557729,0.0684174579054329,,,,,,,,,,
254,2024-09-10 15:37:47,ai_ethicist_interview.txt,3,0,0.0185365853658536,0.0224390243902439,0.0107317073170731,0.0901261121779053,,,,,,,,,,
254,2024-09-10 15:37:47,sales_manager_interview.txt,1,0,0.0173515981735159,0.0073059360730593,0.0063926940639269,0.0796129213490682,,,,,,,,,,
254,2024-09-10 15:37:47,sales_manager_interview.txt,2,0,0.0130841121495327,0.0009345794392523,0.0102803738317757,0.054449598212064,,,,,,,,,,
254,2024-09-10 15:37:47,sales_manager_interview.txt,3,0,0.0197585071350164,0.0,0.0109769484083424,0.1043407594480524,,,,,,,,,,
254,2024-09-10 15:37:47,frontend_developer_interview.txt,1,0,0.0142259414225941,0.003347280334728,0.00836820083682,0.074770458393193,,,,,,,,,,
254,2024-09-10 15:37:47,frontend_developer_interview.txt,2,0,0.0295801526717557,0.0009541984732824,0.0095419847328244,0.0837582153901879,,,,,,,,,,
254,2024-09-10 15:37:47,frontend_developer_interview.txt,3,0,0.0206766917293233,0.0009398496240601,0.0093984962406015,0.1080522303139697,,,,,,,,,,
254,2024-09-10 15:37:47,public_relations_specialist_interview.txt,1,0,0.0136363636363636,0.0009090909090909,0.0072727272727272,0.0968750756288407,,,,,,,,,,
254,2024-09-10 15:37:47,public_relations_specialist_interview.txt,2,0,0.011090573012939,0.0,0.0092421441774491,0.125292148702616,,,,,,,,,,
254,2024-09-10 15:37:47,public_relations_specialist_interview.txt,3,0,0.0119760479041916,0.0,0.0102651839178785,0.0897967133382292,,,,,,,,,,
254,2024-09-10 15:37:47,logistics_coordinator_interview.txt,1,0,0.0242248062015503,0.000968992248062,0.0135658914728682,0.0812781217933684,,,,,,,,,,
254,2024-09-10 15:37:47,logistics_coordinator_interview.txt,2,0,0.0306030603060306,0.0009000900090009,0.0144014401440144,0.0645549463070101,,,,,,,,,,
254,2024-09-10 15:37:47,logistics_coordinator_interview.txt,3,0,0.0272373540856031,0.0019455252918287,0.0107003891050583,0.0825654861189304,,,,,,,,,,
254,2024-09-10 15:37:47,nurse_interview.txt,1,0,0.0152235965746907,0.0,0.0133206470028544,0.1064991617274853,,,,,,,,,,
254,2024-09-10 15:37:47,nurse_interview.txt,2,0,0.0187793427230046,0.0028169014084507,0.0112676056338028,0.1097480805829641,,,,,,,,,,
254,2024-09-10 15:37:47,nurse_interview.txt,3,0,0.0146118721461187,0.0036529680365296,0.0136986301369863,0.104618089185595,,,,,,,,,,
254,2024-09-10 15:37:47,chemist_interview.txt,1,0,0.0313028764805414,0.0033840947546531,0.0109983079526226,0.0795087032418918,,,,,,,,,,
254,2024-09-10 15:37:47,chemist_interview.txt,2,0,0.0305206463195691,0.0107719928186714,0.0134649910233393,0.1327060454344513,,,,,,,,,,
254,2024-09-10 15:37:47,chemist_interview.txt,3,0,0.0262927256792287,0.0008764241893076,0.0131463628396143,0.0859414928497098,,,,,,,,,,
254,2024-09-10 15:37:47,manufacturing_engineer_interview.txt,1,0,0.0293819655521783,0.0070921985815602,0.0081053698074974,0.0823962058799248,,,,,,,,,,
254,2024-09-10 15:37:47,manufacturing_engineer_interview.txt,2,0,0.0296610169491525,0.0059322033898305,0.0076271186440677,0.0893209322283267,,,,,,,,,,
254,2024-09-10 15:37:47,manufacturing_engineer_interview.txt,3,0,0.0251466890192791,0.0041911148365465,0.0041911148365465,0.0650650220069719,,,,,,,,,,
254,2024-09-10 15:37:47,veterinarian_interview.txt,1,0,0.0152905198776758,0.0,0.0101936799184505,0.1412986479260129,,,,,,,,,,
254,2024-09-10 15:37:47,veterinarian_interview.txt,2,0,0.0192307692307692,0.0,0.0096153846153846,0.0930243128271111,,,,,,,,,,
254,2024-09-10 15:37:47,veterinarian_interview.txt,3,0,0.0161290322580645,0.0,0.0066413662239089,0.0741678018617873,,,,,,,,,,
254,2024-09-10 15:37:47,event_planner_interview.txt,1,0,0.0237659963436928,0.0,0.0109689213893967,0.0821535226062709,,,,,,,,,,
254,2024-09-10 15:37:47,event_planner_interview.txt,2,0,0.0149812734082397,0.0,0.0084269662921348,0.1184583193583111,,,,,,,,,,
254,2024-09-10 15:37:47,event_planner_interview.txt,3,0,0.0179245283018867,0.0,0.0094339622641509,0.1313618402715812,,,,,,,,,,
254,2024-09-10 15:37:47,seo_specialist_interview.txt,1,0,0.0151658767772511,0.0,0.0085308056872037,0.1054631932056982,,,,,,,,,,
254,2024-09-10 15:37:47,seo_specialist_interview.txt,2,0,0.0115495668912415,0.0009624639076034,0.0153994225216554,0.1008609846035113,,,,,,,,,,
254,2024-09-10 15:37:47,seo_specialist_interview.txt,3,0,0.0120274914089347,0.0,0.0094501718213058,0.0992078230511833,,,,,,,,,,
254,2024-09-10 15:37:47,procurement_specialist_interview.txt,1,0,0.0248618784530386,0.003683241252302,0.012891344383057,0.1267285501136348,,,,,,,,,,
254,2024-09-10 15:37:47,procurement_specialist_interview.txt,2,0,0.0167487684729064,0.0088669950738916,0.0068965517241379,0.1123475675310271,,,,,,,,,,
254,2024-09-10 15:37:47,procurement_specialist_interview.txt,3,0,0.0225711481844946,0.0029440628066732,0.0107948969578017,0.0669220672029457,,,,,,,,,,
254,2024-09-10 15:37:47,aerospace_engineer_interview.txt,-999,0,0.0293609537599434,0.0054507481080187,0.0115855542009013,0.0911955691648377,0.0046413367628117,69.01432087939716,0.0040121821069879,0.3535217966806954,0.0026528680864894,-12.412240403974394,0.0086083768354962,20.94454004152408,13.0,39.0
254,2024-09-10 15:37:47,agricultural_engineer_interview.txt,-999,0,0.0219028283986682,0.0011763072479548,0.0107037042299185,0.0799588250333024,0.0044063260610072,26.08213266523059,0.0013005175656723,-78.34305076883486,0.0013730980735295,-19.07910000506272,0.014104712381561,6.042249689057883,55.0,72.0
254,2024-09-10 15:37:47,ai_ethicist_interview.txt,-999,0,0.0216992908033328,0.0175515256314838,0.0121144027519677,0.0863827499020634,0.002982826390041,24.910482427629105,0.0048596770367965,223.140489180364,0.0012005046094502,-8.414101087522425,0.0164168779406353,14.561727615767978,57.0,56.0
254,2024-09-10 15:37:47,ai_professor_interview.txt,-999,0,0.02696454231297,0.0031627700059052,0.0131242578203098,0.0706830029649684,0.0084017417260655,55.21954239333894,0.0025352007599604,-41.77035841033064,0.0021420197959748,-0.7795122349756696,0.0062356190937554,-6.259444832239495,23.0,93.0
254,2024-09-10 15:37:47,ai_software_developer_interview.txt,-999,0,0.0337997188864105,0.0077424358937948,0.010678426540657,0.0698233857152812,0.0025104277543366,94.56576854444168,0.005873528125943,42.54570085238564,0.0026181294127452,-19.270201451897265,0.0089105290681845,-7.399478430662043,2.0,95.0
254,2024-09-10 15:37:47,architect_interview.txt,-999,0,0.0235946162245076,0.0008808720289718,0.0095946826797193,0.0886671554406211,0.0023461145147527,35.82079350009653,0.0008619914911165,-83.78229765755148,0.0014798896694957,-27.463395761764232,0.0140145451792063,17.591330694726537,40.0,52.0
254,2024-09-10 15:37:47,astronomer_interview.txt,-999,0,0.0340306863577752,0.0010112600824039,0.0112278794212963,0.0789770194582654,0.0122532057556106,95.89531698612711,0.0010270420069389,-81.38172802879257,0.0014380832125526,-15.11629167906763,0.0247828239501339,4.740168625575251,1.0,77.0
254,2024-09-10 15:37:47,backend_developer_interview.txt,-999,0,0.0290725872045383,0.002718260041137,0.0108317683317484,0.0731808206130761,0.003164329235522,67.35435853877959,0.0016451018650355,-49.9542149295093,0.0023442657379512,-18.110924674866496,0.0101462172543134,-2.946812329097355,15.0,91.0
254,2024-09-10 15:37:47,barista_interview.txt,-999,0,0.0217677358484681,0.002627493957608,0.0076209241527347,0.0864948022569274,0.0050693916294657,25.30448164562761,0.0023156355068079,-51.62530593597468,0.0033656535284083,-42.38517545087765,0.0057187253412863,14.710332648268064,56.0,55.0
254,2024-09-10 15:37:47,bartender_interview.txt,-999,0,0.020481474589697,0.0009861932938856,0.0099208976075195,0.0890292547429347,0.0049548932441915,17.900206740182895,0.0017081368910935,-81.84323174499754,0.003369709393386,-24.99718359984874,0.011811703543749,18.07155066559505,65.0,48.0
254,2024-09-10 15:37:47,biologist_interview.txt,-999,0,0.0299565414036536,0.0006324110671936,0.0128911437542196,0.1059960185096992,0.0066133597027312,72.44278038888268,0.000549108458081,-88.35670323442056,0.0017171841014404,-2.54187408880668,0.0380957728220431,40.573054396060655,8.0,9.0
254,2024-09-10 15:37:47,biomedical_engineer_interview.txt,-999,0,0.0295097208593508,0.0067526484791995,0.0102090747148627,0.0969952220534213,0.0066327793874066,69.87068850563699,0.0058406494889234,24.322761373940736,0.0029047621237561,-22.81854054476821,0.0231497925168106,28.636101785520395,11.0,22.0
254,2024-09-10 15:37:47,business_analyst_interview.txt,-999,0,0.0230537645516916,0.0,0.0120075665593272,0.0796052571502511,0.0094234741698329,32.70741786097838,0.0,-100.0,0.0011516291959187,-9.221791647238703,0.0150756911033512,5.573344177740751,44.0,74.0
254,2024-09-10 15:37:47,business_intelligence_analyst_interview.txt,-999,0,0.0277048400741561,0.0098845144442826,0.0093950257194998,0.0843630133643367,0.0084696878025315,59.48101579023162,0.0054553868744251,81.98342981115786,0.0023538326394955,-28.972819094488614,0.0217092047152174,11.883131398896126,20.0,63.0
254,2024-09-10 15:37:47,chef_interview.txt,-999,0,0.0146712742658775,0.0,0.0061920198856638,0.0967358651048054,0.00457277937551,-15.545813778514926,0.0,-100.0,0.002041019169516,-53.18781132480139,0.0121986270618185,28.292139823945007,92.0,23.0
254,2024-09-10 15:37:47,chemical_engineer_interview.txt,-999,0,0.0327187197990663,0.0030187771875751,0.0119492635090055,0.0821828439072589,0.0048264994233646,88.34307128084015,0.0037713966890318,-44.42140486239402,0.0027013514456554,-9.662567588271614,0.0096793187384861,8.99176732700522,4.0,68.0
254,2024-09-10 15:37:47,chemist_interview.txt,-999,0,0.0293720828264464,0.0050108372542107,0.0125365539385254,0.0993854138420176,0.0026953295413129,69.0783845890574,0.0051444424376712,-7.745660660727509,0.0013416525312932,-5.2226027784889055,0.0290352124638968,31.805999721683264,12.0,18.0
254,2024-09-10 15:37:47,civil_engineer_interview.txt,-999,0,0.0197901620317418,0.0003198976327575,0.01099059147338,0.0692133257903691,0.0036547926602803,13.920713313180729,0.000554078953157,-94.11037651613164,0.0021089145002702,-16.91020842890319,0.0120509217555427,-8.208546433548065,69.0,96.0
254,2024-09-10 15:37:47,cloud_architect_interview.txt,-999,0,0.0282541644182341,0.0070946076164045,0.012619528278857,0.0676752087584789,0.0042784652267762,62.64316378160697,0.0015469436756763,30.61855840015028,0.0009652432384777,-4.59530981972523,0.0149521894453349,-10.248413706219551,18.0,98.0
254,2024-09-10 15:37:47,computer_vision_engineer_interview.txt,-999,0,0.0329336097091921,0.0006031811676704,0.0098705832697949,0.0752640108900344,0.0056970063077934,89.58007034158948,0.0005236066345233,-88.89485383334505,0.0014699152510355,-25.37756420490556,0.0117423802954348,-0.1840630840075334,3.0,87.0
254,2024-09-10 15:37:47,construction_manager_interview.txt,-999,0,0.0224375177425765,0.0018571705460504,0.010451486004003,0.0893370864497918,0.0038256926597782,29.16003527973595,0.0018163594764233,-65.80770177234083,0.0027926759613783,-20.98589090639922,0.018104777785946,18.47980037045444,49.0,47.0
254,2024-09-10 15:37:47,content_writer_interview.txt,-999,0,0.0179135470912659,0.0022349936143039,0.0112122937056624,0.0743582208342874,0.0015850002122469,3.118107842326509,0.0038711224945664,-58.85161523818409,0.0022718920082068,-15.234120993954292,0.0137038229287064,-1.3853315520893688,76.0,89.0
254,2024-09-10 15:37:47,cto_of_a_fintec_interview.txt,-999,0,0.0249659868527593,0.0056756434756465,0.012417957223457,0.0860516310185838,0.0030198441699994,43.714994666140825,0.0034082437939055,4.494062091325347,0.0021130810246073,-6.119203872244484,0.015244554484127,14.1225942079912,32.0,58.0
254,2024-09-10 15:37:47,customer_service_representative_interview.txt,-999,0,0.0211095076708107,0.0,0.0109442360876501,0.0948051203592634,0.0069262081974581,21.51543618954186,0.0,-100.0,0.0016459556986147,-17.26065902547272,0.0258444447469237,25.73156547449294,61.0,28.0
254,2024-09-10 15:37:47,cybersecurity_specialist_interview.txt,-999,0,0.0169852299211348,0.0071838394778594,0.0084393428077171,0.0902929347420531,0.0031329912124455,-2.225686414263393,0.0026377761673355,32.26140290076131,0.00041799362292,-36.19786190864582,0.0233599404115379,19.747456607656844,82.0,44.0
254,2024-09-10 15:37:47,data_engineer_interview.txt,-999,0,0.0299004312628907,0.0037876383739311,0.0113985647516827,0.0911932495821406,0.0063175582886038,72.11978620371309,0.0034311675105601,-30.265930000128705,0.0006260083389622,-13.825896293122597,0.0234745793724058,20.941463786120963,9.0,40.0
254,2024-09-10 15:37:47,data_scientist_interview.txt,-999,0,0.0244998945225633,0.003036037832723,0.0118302733797693,0.0782085943378572,0.0109150214944659,41.031966066346286,0.0029254058865191,-44.103619763037926,0.0028433477292329,-10.562142926069171,0.0173730621414903,3.721075005180865,34.0,80.0
254,2024-09-10 15:37:47,database_administrator_interview.txt,-999,0,0.0244471016891547,0.0067418884984396,0.011423645259723,0.0895024399277767,0.0051547322995028,40.72806773392827,0.0012156381215025,24.124659766176748,0.0029001709905646,-13.636285552826024,0.0144699793627266,18.699093923006444,35.0,46.0
254,2024-09-10 15:37:47,dentist_interview.txt,-999,0,0.016875367177072,0.0028766491986263,0.0072225240768051,0.0823434401723892,0.0019927958099292,-2.8581037815443864,0.0035021209112641,-47.03811800969706,0.0021852686712559,-45.39711337533628,0.0051930420084513,9.204751812945062,84.0,67.0
254,2024-09-10 15:37:47,devops_engineer_interview.txt,-999,0,0.0274753364643509,0.0031885028648478,0.0121848405304745,0.0802123159467043,0.0037023724985696,58.15989396742808,0.0029287653668414,-41.2965916961823,0.0027435037337535,-7.881585585601087,0.0173996088301908,6.3784320519387165,21.0,70.0
254,2024-09-10 15:37:47,digital_marketing_specialist_interview.txt,-999,0,0.0121915122810326,0.0,0.0098925701937942,0.0781498495845185,0.0012967390006994,-29.82039393138785,0.0,-100.0,0.0034837441330702,-25.21134121892547,0.0196059080557133,3.643167084461993,99.0,81.0
254,2024-09-10 15:37:47,doctor_interview.txt,-999,0,0.0206059207086987,0.0028729649831369,0.0122560359901015,0.079488965025809,0.0051350774241793,18.61657230722531,0.0025012742479769,-47.1059479647957,0.0029917938538679,-7.343341950984538,0.0188223431528541,5.419116317441009,64.0,75.0
254,2024-09-10 15:37:47,electrical_engineer_interview.txt,-999,0,0.0224494512866345,0.0064623986126393,0.0119297748227759,0.0896369098972987,0.0004999731885604,29.22872990938413,0.0009886481119246,18.978981816877337,0.0018542545034064,-9.809903687583583,0.0147279594672763,18.87742943603816,48.0,45.0
254,2024-09-10 15:37:47,environmental_engineer_interview.txt,-999,0,0.0234553297814717,0.0016958560872547,0.0107489686922098,0.1071945653464096,0.0068551032977855,35.019000623411245,0.000836755870496,-68.77765630629833,0.0024169156501822,-18.736896881011376,0.0341781068038713,42.162580040910285,41.0,6.0
254,2024-09-10 15:37:47,environmental_scientist_interview.txt,-999,0,0.01876023489256,0.001930020083818,0.0103704055308637,0.0931643835159313,0.0069715019986596,7.992008223854157,0.0026118008751302,-64.46647162716451,0.0027125766919593,-21.598866070652235,0.0113548849749612,23.55560270937991,72.0,34.0
254,2024-09-10 15:37:47,event_planner_interview.txt,-999,0,0.0188905993512731,0.0,0.0096099499818941,0.1106578940787211,0.004471331928801,8.742442308398509,0.0,-100.0,0.0012800830780544,-27.34797367928327,0.0255146939579798,46.75568367936543,71.0,4.0
254,2024-09-10 15:37:47,financial_analyst_interview.txt,-999,0,0.0240153763719048,0.0055931572525743,0.0104138359496575,0.0860628494728487,0.0004952825331341,38.24287049210764,0.0025478148336042,2.9754112894619738,0.0030535257880375,-21.27052846897122,0.0083338143640371,14.137472242126693,38.0,57.0
254,2024-09-10 15:37:47,fire_protection_engineer_interview.txt,-999,0,0.023436925535339,0.0073718290915566,0.0081215345306032,0.091543981432455,0.0045718766189756,34.91305784011948,0.000588858877439,35.72247272491171,0.0032127125679987,-38.60051908764534,0.0217323208228578,21.406608120463645,42.0,37.0
254,2024-09-10 15:37:47,frontend_developer_interview.txt,-999,0,0.0214942619412243,0.0017471094773568,0.0091028939367486,0.0888603013657835,0.0077096865409373,23.730247814909887,0.0013858071842624,-67.83403203696193,0.0006402950102586,-31.18135982670292,0.0172175069775919,17.84748288823326,58.0,50.0
254,2024-09-10 15:37:47,full_stack_developer_interview.txt,-999,0,0.0257009964676653,0.0044049690337365,0.0130797811754193,0.1085258742196713,0.005188733124777,47.94602721088887,0.0040991333495491,-18.9002780571591,0.00102067532078,-1.1157593935283927,0.012629422422611,43.92817611980311,26.0,5.0
254,2024-09-10 15:37:47,game_developer_interview.txt,-999,0,0.0200913834423824,0.0,0.0086768431435804,0.1118476494045448,0.0033959521118405,15.654673748185829,0.0,-100.0,0.0016444872824074,-34.40233948815168,0.0093622347200027,48.33354992836715,67.0,3.0
254,2024-09-10 15:37:47,gardener_interview.txt,-999,0,0.0163706343523503,0.0009606147934678,0.0067524293250307,0.104040508943535,0.0008916120628577,-5.76356374355197,0.0016638336287885,-82.31415657005525,0.0017415608437114,-48.95106905080701,0.0136550524430826,37.97963667640116,87.0,10.0
254,2024-09-10 15:37:47,geneticist_interview.txt,-999,0,0.025117814263916,0.0046164470508595,0.0088883447757687,0.0905221786034715,0.0079307947635295,44.58897876751996,0.0062127459862232,-15.006764106358816,0.0038995192041443,-32.803369443815185,0.0249017686798865,20.05148227064126,31.0,43.0
254,2024-09-10 15:37:47,geologist_interview.txt,-999,0,0.0306892111064717,0.0054662748383906,0.0093456690965513,0.091277451714113,0.0055407815704473,76.66034338983829,0.0051479740410219,0.6393838552336746,0.0039114099968585,-29.34595929566653,0.0224112698423864,21.053133554895624,6.0,38.0
254,2024-09-10 15:37:47,geotechnical_engineer_interview.txt,-999,0,0.0253087056702397,0.0018136706882722,0.0106825193254809,0.0994998302370123,0.0026559126685619,45.68783208357053,0.0017940547289513,-66.60857604486036,0.0023333877182551,-19.23925965601842,0.0166109998889433,31.957739969510698,29.0,17.0
254,2024-09-10 15:37:47,graphic_designer_interview.txt,-999,0,0.020868017143773,0.0,0.0093250136256622,0.0832943557959628,0.0066140998415011,20.125312498064176,0.0,-100.0,0.0024280429544864,-29.5021163846766,0.01496269624065,10.465866292131397,63.0,66.0
254,2024-09-10 15:37:47,hotel_manager_interview.txt,-999,0,0.019578270681372,0.002538788639225,0.009989357550737,0.0952991688431334,0.0039357534337683,12.70097525644836,0.0025402213624832,-53.2584562715662,0.0035228689718214,-24.47962069828074,0.0126107780083479,26.38677786240919,70.0,27.0
254,2024-09-10 15:37:47,human_resources_manager_interview.txt,-999,0,0.0240992539598267,0.003522218422289,0.0108074018532107,0.0879142373585197,0.0076285709670515,38.725706086465976,0.0034129787757852,-35.15256691207915,0.0017763067308606,-18.29513729235194,0.0091222736173549,16.59280267453181,37.0,54.0
254,2024-09-10 15:37:47,industrial_engineer_interview.txt,-999,0,0.022143718396237,0.0048863810839858,0.013306334833068,0.1003491741094192,0.0037296891593003,27.46879944992044,0.0074504065221875,-10.037018607174955,0.0010566672687536,0.5970052233077467,0.0135379559337678,33.08414890501129,52.0,16.0
254,2024-09-10 15:37:47,it_manager_interview.txt,-999,0,0.0251325099919231,0.0021093569716321,0.0122783554698232,0.0854144058245253,0.0095015133241916,44.6735737200292,0.001039174613929,-61.16470681918779,0.0021043424166395,-7.174604815904573,0.0149316359014459,13.277499334368857,30.0,61.0
254,2024-09-10 15:37:47,logistics_coordinator_interview.txt,-999,0,0.0273550735310613,0.0012715358496305,0.0128892402406469,0.0761328514064363,0.0031907561417646,57.46760862264355,0.000584707795213,-76.58980050583472,0.0019410917973628,-2.556264810761036,0.0100473997429768,0.968202509463751,22.0,84.0
254,2024-09-10 15:37:47,lorry_driver_interview.txt,-999,0,0.0146100724681527,0.0017562902950918,0.0094187894714816,0.0760168508496704,0.0031012042604843,-15.898117738517072,0.0008904834806124,-67.6650043412367,0.001968591210539,-28.793163140220727,0.0176692509519064,0.8143613293373448,94.0,85.0
254,2024-09-10 15:37:47,machine_learning_engineer_interview.txt,-999,0,0.0307695461026902,0.0039232848105153,0.0105375873561171,0.0774644601986346,0.0040239823101844,77.12278629750867,0.0034098410909129,-27.76854847366147,0.0010955046699856,-20.33495747679433,0.0256019784368404,2.734196344060805,5.0,82.0
254,2024-09-10 15:37:47,manufacturing_engineer_interview.txt,-999,0,0.0280632238402033,0.0057385056026457,0.0066412010960372,0.0789273867050744,0.0025296440345996,61.54402741198993,0.0014602091796951,5.651414386274297,0.0021352688479532,-49.791963773013336,0.0124944717782491,4.674345136992969,19.0,78.0
254,2024-09-10 15:37:47,marine_engineer_interview.txt,-999,0,0.0225215329992014,0.0057205477493133,0.009970930320809,0.0739203326272458,0.0028258829921132,29.643663354562023,0.0012969626799172,5.320793012820914,0.001965178154375,-24.61893209909617,0.0227555604176942,-1.966063579700645,46.0,90.0
254,2024-09-10 15:37:47,marketing_manager_interview.txt,-999,0,0.0199617942109911,0.0,0.010222583388227,0.0987758035987709,0.0073462877820381,14.908702206663053,0.0,-100.0,0.0019807558348268,-22.71641384331068,0.0393328939813331,30.997528091435385,68.0,19.0
254,2024-09-10 15:37:47,materials_engineer_interview.txt,-999,0,0.0259132511486248,0.0030109964388126,0.0095672061475773,0.0932556188726244,0.0033185152861951,49.16785675529511,0.0038472449136873,-44.564655940054585,0.0013458315303038,-27.67112064484316,0.0153525011104652,23.67660001606725,25.0,33.0
254,2024-09-10 15:37:47,mechanical_engineer_interview.txt,-999,0,0.0285441562052815,0.0013981455692809,0.0116269279959613,0.088917788384372,0.0047214238255923,64.31248165694385,0.0017094868112184,-74.25879364057278,0.0027237689209778,-12.09945104988337,0.0326233890592247,17.92372278766281,17.0,49.0
254,2024-09-10 15:37:47,meteorologist_interview.txt,-999,0,0.0255141182070748,0.0010170837655601,0.009581298832684,0.102108765178859,0.0074186578270083,46.8702752935954,0.0010379378018406,-81.27450841361801,0.0029434311208375,-27.564578765724946,0.0082181209965147,35.417737417079394,27.0,13.0
254,2024-09-10 15:37:47,microbiologist_interview.txt,-999,0,0.0221646482741957,0.0003663003663003,0.014020049374022,0.0961359993824175,0.0007697443281648,27.589280859966166,0.0006344508452633,-93.2560575052848,0.0030311211725923,5.992746898609141,0.0234332522917268,27.49659148157167,51.0,25.0
254,2024-09-10 15:37:47,mining_engineer_interview.txt,-999,0,0.0254342573406101,0.0044756486803198,0.010475198080104,0.0798671592409849,0.0019866267376168,46.41056168140403,0.0026887200999078,-17.598997698313354,0.0014322443303132,-20.80662562611603,0.0102709508243969,5.920681534037669,28.0,73.0
254,2024-09-10 15:37:47,mobile_app_developer_interview.txt,-999,0,0.0220501859281333,0.0037401994540007,0.009510275628741,0.0966533846810975,0.0114643830452621,26.93038619856752,0.0032415512168429,-31.13932620022804,0.0030793251725063,-28.10152013295089,0.004683784756924,28.18275340310103,53.0,24.0
254,2024-09-10 15:37:47,natural_language_processing_engineer_interview.txt,-999,0,0.0246277489636255,0.0027562019935431,0.0082257402645857,0.0698525974190171,0.0082269718702053,41.76795140606703,0.0040399574193253,-49.25566704721059,0.0017000565841432,-37.81271501558102,0.0102822142590243,-7.360737556466802,33.0,94.0
254,2024-09-10 15:37:47,network_administrator_interview.txt,-999,0,0.0237605864129271,0.0055628887378464,0.0082903251478278,0.0690590959284616,0.0023307369492054,36.776189530869175,0.0010345206848296,2.4181387844208047,0.0010730464198525,-37.32444789181175,0.0066375874247484,-8.41308772738391,39.0,97.0
254,2024-09-10 15:37:47,neuroscientist_interview.txt,-999,0,0.0233026830991977,0.0031687303973117,0.0108740826270177,0.0971609848340426,0.0092983275089405,34.14030044391524,0.0046166428338549,-41.66062186461694,0.0034300434850756,-17.791025060463028,0.0110785335330801,28.855938159610247,43.0,20.0
254,2024-09-10 15:37:47,no_persona_interview.txt,-999,0,0.017371873346102,0.0054315464075711,0.0132273667625893,0.0754027996084216,0.0036695737913253,2.8421709430404014e-14,0.0010284840311784,0.0,0.0003333475653023,0.0,0.0048231291858083,0.0,79.0,86.0
254,2024-09-10 15:37:47,nuclear_engineer_interview.txt,-999,0,0.0224808461895783,0.006219106278091,0.0112685896348344,0.0881231782648968,0.0034726797567978,29.40945251953849,0.0015663298673094,14.49973564475333,0.0032021711123648,-14.808519056830631,0.0199162516115261,16.86990234120482,47.0,53.0
254,2024-09-10 15:37:47,nurse_interview.txt,-999,0,0.016204937147938,0.0021566231483267,0.0127622942578811,0.1069551104986815,0.0022503832435451,-6.717388360569998,0.0019139016183103,-60.29449098841099,0.0013081622126609,-3.515987067233496,0.0025952109539951,41.84501245857689,89.0,7.0
254,2024-09-10 15:37:47,occupational_therapist_interview.txt,-999,0,0.0172874363400692,0.0012646267375145,0.0109143886834602,0.0919694019950802,0.0040742894049701,-0.4860558464284708,0.0010977944983001,-76.71700391343947,0.003322102349798,-17.486307899700876,0.0288102421456341,21.970805424588363,81.0,36.0
254,2024-09-10 15:37:47,operations_manager_interview.txt,-999,0,0.0176675101859589,0.0036944976433994,0.013543342294635,0.0801282663958474,0.0038218891337289,1.7018132354920112,0.0032228615672507,-31.980740544724924,0.0011729804706536,2.3888014728624967,0.0171336082061254,6.2669646378726185,78.0,71.0
254,2024-09-10 15:37:47,petroleum_engineer_interview.txt,-999,0,0.0300183731870466,0.0054667822839087,0.0087898526434527,0.0857816298999133,0.0031505588041385,72.79871081826761,0.0010604547670397,0.6487264158963768,0.0009017401956868,-33.547978208989946,0.0313424464836062,13.764515834147502,7.0,59.0
254,2024-09-10 15:37:47,pharmacist_interview.txt,-999,0,0.021993670445926,0.0077139332676954,0.0097532834128884,0.1120096336920455,0.0025563736965826,26.605058693114387,0.0048121245925537,42.02094005756547,0.0013916100264046,-26.264360942395243,0.0179536023603692,48.548375224433045,54.0,2.0
254,2024-09-10 15:37:47,physical_therapist_interview.txt,-999,0,0.0173672141398711,0.0048318968864892,0.0089757484663714,0.0970259041496123,0.0011083635917109,-0.0268204017961153,0.0026020390056233,-11.040125151946285,0.0007961328776612,-32.14259022621694,0.0099102912600907,28.676792709929543,80.0,21.0
254,2024-09-10 15:37:47,physicist_interview.txt,-999,0,0.0296002983471014,0.0006250914946567,0.0119851806808328,0.0961037635742425,0.0027080957133815,70.39209161482376,0.000542097247402,-88.4914636136518,0.0030093236096644,-9.391030762598604,0.0160593900859607,27.45384000769748,10.0,26.0
254,2024-09-10 15:37:47,procurement_specialist_interview.txt,-999,0,0.0213939317034798,0.0051647663776222,0.0101942643549989,0.1019993949492025,0.0041827045520583,23.15270366785328,0.0032274555276921,-4.911677263347585,0.0030421956542142,-22.93050810512706,0.0312172605520416,35.27268944774079,59.0,14.0
254,2024-09-10 15:37:47,product_manager_interview.txt,-999,0,0.014624668386855,0.0,0.0108893290798956,0.0933325615892917,0.0018495831606277,-15.814097331439555,0.0,-100.0,0.001986564849919,-17.675760600411323,0.022047551562733,23.778642270555068,93.0,31.0
254,2024-09-10 15:37:47,professor_of_classics_interview.txt,-999,0,0.0163072890965534,0.0,0.0103369649199926,0.0945424125481171,0.005369654800189,-6.128206373249483,0.0,-100.0,0.000316147720482,-21.851679888181096,0.0045875624282838,25.383159563160063,88.0,30.0
254,2024-09-10 15:37:47,project_manager_interview.txt,-999,0,0.0151767053034469,0.0042983165175823,0.0099416571035602,0.0908720347384963,0.0015781047169598,-12.636334602034808,0.0036013009167441,-20.863853587057875,0.0016652447057802,-24.84024007198489,0.014509010454649,20.51546522199274,91.0,42.0
254,2024-09-10 15:37:47,psychologist_interview.txt,-999,0,0.0144544219730553,0.0006730650314685,0.0116929631861289,0.0856283713440905,0.0045213378813704,-16.794109160951976,0.0005828969855572,-87.60822460192192,0.0015497178384975,-11.600219484350532,0.0216835817338856,13.561262696838668,95.0,60.0
254,2024-09-10 15:37:47,public_relations_specialist_interview.txt,-999,0,0.012234328184498,0.0003030303030303,0.0089266851226849,0.1039879792232286,0.0012923985461054,-29.57392711337472,0.0005248638810814,-94.42092029982652,0.0015209651556501,-32.51351321162339,0.0187863389483989,37.909971199019424,98.0,11.0
254,2024-09-10 15:37:47,quality_control_engineer_interview.txt,-999,0,0.0185021162257313,0.0047877451775556,0.0095830794756545,0.0666485323434973,0.0024267197713522,6.506165783685191,0.0038784385943113,-11.853000631976712,0.0013837325421471,-27.55111695580895,0.0076633717035607,-11.610002957962609,73.0,99.0
254,2024-09-10 15:37:47,restaurant_manager_interview.txt,-999,0,0.0177545600475906,0.0021404063005123,0.0079090761207277,0.0835499872890737,0.0009445202350945,2.202909806353176,0.0029532277982244,-60.59305877367037,0.0018739932273544,-40.20672245138937,0.0311367507098816,10.80488751473642,77.0,65.0
254,2024-09-10 15:37:47,retail_manager_interview.txt,-999,0,0.0288013087453415,0.0025301993803351,0.0073594841188951,0.0933296541027544,0.0042625601515296,65.7927626544897,0.0035572516139288,-53.41659279927629,0.0022872827283671,-44.361683992087166,0.0115459924374883,23.77478633078563,16.0,32.0
254,2024-09-10 15:37:47,robotics_engineer_interview.txt,-999,0,0.02932471985122,0.0031760614346454,0.0119211137499288,0.0708878286330669,0.0056909230480182,68.80574286365004,0.00400212860693,-41.52565040743592,0.0014608439360121,-9.875382123333708,0.0140732315504563,-5.987802838623608,14.0,92.0
254,2024-09-10 15:37:47,safety_engineer_interview.txt,-999,0,0.0204104840968847,0.0079551699213101,0.0112671775100974,0.084645721334351,0.0032813850680725,17.491554826839945,0.0015316545629715,46.46233916406092,0.0028903336483623,-14.819194838052525,0.0380140528271305,12.25806173501411,66.0,62.0
254,2024-09-10 15:37:47,sales_manager_interview.txt,-999,0,0.016731405819355,0.0027468385041038,0.0092166721013483,0.0794677596697282,0.0033801428997429,-3.6868074846443903,0.0039758505586239,-49.428057904926845,0.002470312328848,-30.32118737785619,0.0249458973842134,5.390993547211195,86.0,76.0
254,2024-09-10 15:37:47,seo_specialist_interview.txt,-999,0,0.0129143116924758,0.0003208213025344,0.011126800010055,0.1018440002867976,0.0019645004350693,-25.659648587217305,0.0005556787961401,-94.09337086603384,0.0037286439716215,-15.88046048950062,0.0032414740192833,35.06660338301654,96.0,15.0
254,2024-09-10 15:37:47,shop_assistant_interview.txt,-999,0,0.0168157925045438,0.0023724747936268,0.0080392731146647,0.0774117447927977,0.0051974772492052,-3.201041306710721,0.0032132861655266,-56.32045433102007,0.0006182542270119,-39.22242227831736,0.0041354279466882,2.664284608540868,85.0,83.0
254,2024-09-10 15:37:47,social_media_manager_interview.txt,-999,0,0.0123315160535576,0.0,0.0098647799853315,0.1068971865336423,0.001517091360298,-29.01447179659193,0.0,-100.0,0.0008445005606731,-25.421437521247142,0.0085324161196644,41.76819307608713,97.0,8.0
254,2024-09-10 15:37:47,software_quality_assurance_tester_interview.txt,-999,0,0.02137057683389,0.0071535882478545,0.0068445875482257,0.0784099281706021,0.0026965963770125,23.01826295944784,0.0023692724206744,31.7044486241168,0.0010433305480637,-48.25434516880501,0.0153242154637077,3.988086089371976,60.0,79.0
254,2024-09-10 15:37:47,speech_therapist_interview.txt,-999,0,0.0160842974594134,0.0018587360594795,0.0129444013150623,0.0910887833144691,0.0023072706353587,-7.411842471079964,0.0032194252928789,-65.77887916250467,0.000438842247338,-2.13924247059768,0.0172634402505792,20.802919503661883,90.0,41.0
254,2024-09-10 15:37:47,structural_engineer_interview.txt,-999,0,0.0266909842038724,0.0012322858903265,0.0108005470629946,0.088832665009163,0.0028828720439184,53.64482386041206,0.0021343817714958,-77.3124300547474,0.0012093844797921,-18.346960080206244,0.0181475934598082,17.810831256246047,24.0,51.0
254,2024-09-10 15:37:47,supply_chain_manager_interview.txt,-999,0,0.0221989021094334,0.004283179598549,0.0115721349058101,0.0926531730553151,0.0022974068722372,27.786460718207067,0.0041624459416546,-21.14253884347508,0.005147283873495,-12.513691398205026,0.0179580065044564,22.8776299241902,50.0,35.0
254,2024-09-10 15:37:47,system_administrator_interview.txt,-999,0,0.0209575584580258,0.005275674203057,0.0115367035028254,0.0810562124090973,0.0022773750023179,20.640750945426035,0.0038145023680129,-2.869757391684786,0.0009599968944241,-12.781555770764214,0.0093966635119882,7.497616573966326,62.0,69.0
254,2024-09-10 15:37:47,transportation_engineer_interview.txt,-999,0,0.0241929309080295,0.0017176428246927,0.0104036214319644,0.0840705172989588,0.0075010028436135,39.26495102762164,0.001487739911188,-68.37654148920642,0.0032539448950546,-21.347751077797994,0.0047118530688767,11.495219985928884,36.0,64.0
254,2024-09-10 15:37:47,travel_agent_interview.txt,-999,0,0.0183700178291472,0.0,0.0084817291052759,0.0947879145990932,0.0047543694583238,5.745750404455393,0.0,-100.0,0.0015370853223679,-35.87741795090612,0.0107986971967928,25.70874701117394,74.0,29.0
254,2024-09-10 15:37:47,veterinarian_interview.txt,-999,0,0.0168834404555031,0.0,0.0088168102525813,0.1028302542049705,0.0020756300338476,-2.811630506784041,0.0,-100.0,0.001906049292595,-33.34417642733146,0.0346230412883414,36.3745838867838,83.0,12.0
254,2024-09-10 15:37:47,warehouse_manager_interview.txt,-999,0,0.0182579899359244,0.0014100394811054,0.0088688426743201,0.1176305069480851,0.0045896554654384,5.10086950421578,0.0024422600219527,-74.03981526992035,0.0020378361201262,-32.950806963304885,0.0104974937821826,56.00283750597916,75.0,1.0
254,2024-09-10 15:37:47,water_resources_engineer_interview.txt,-999,0,0.022832384436718,0.0031718513287136,0.0108895133881192,0.0744303406140307,0.0039375508133363,31.43305838020723,0.0020703869916945,-41.603162512016965,0.0031691025594457,-17.674367214812804,0.0230010450248023,-1.2896855281780688,45.0,88.0
255,2024-09-10 15:45:32,no_persona_interview.txt,1,0,0.0162671232876712,0.0042808219178082,0.0128424657534246,0.0794851619763919,,,,,,,,,,
255,2024-09-10 15:45:32,no_persona_interview.txt,2,0,0.0143815915627996,0.0057526366251198,0.0134228187919463,0.0700808695365404,,,,,,,,,,
255,2024-09-10 15:45:32,no_persona_interview.txt,3,0,0.0214669051878354,0.0062611806797853,0.0134168157423971,0.0766423673123326,,,,,,,,,,
255,2024-09-10 15:45:32,no_persona_interview.txt,-999,0,0.017371873346102,0.0054315464075711,0.0132273667625893,0.0754027996084216,0.0036695737913253,2.8421709430404014e-14,0.0010284840311784,0.0,0.0003333475653023,0.0,0.0048231291858083,0.0,1.0,1.0
256,2024-09-10 18:09:51,restaurant_manager_interview.txt,1,0,0.018357487922705314,0.002898550724637681,0.008695652173913044,0.09946219246561602,,,,,,,,,,
256,2024-09-10 18:09:51,restaurant_manager_interview.txt,2,0,0.009394572025052192,0.0010438413361169101,0.0041753653444676405,0.06618965160405026,,,,,,,,,,
256,2024-09-10 18:09:51,restaurant_manager_interview.txt,3,0,0.02048780487804878,0.000975609756097561,0.005853658536585366,0.09036095441640297,,,,,,,,,,
256,2024-09-10 18:09:51,geneticist_interview.txt,1,0,0.035246727089627394,0.005035246727089627,0.010070493454179255,0.06703605800281412,,,,,,,,,,
256,2024-09-10 18:09:51,geneticist_interview.txt,2,0,0.017953321364452424,0.0,0.00807899461400359,0.06968459895400864,,,,,,,,,,
256,2024-09-10 18:09:51,geneticist_interview.txt,3,0,0.018484288354898338,0.0,0.012939001848428836,0.08607938358860527,,,,,,,,,,
256,2024-09-10 18:09:51,speech_therapist_interview.txt,1,0,0.018501387604070305,0.005550416281221091,0.008325624421831638,0.10607272420736016,,,,,,,,,,
256,2024-09-10 18:09:51,speech_therapist_interview.txt,2,0,0.024015369836695485,0.004803073967339097,0.01633045148895293,0.10858608466598421,,,,,,,,,,
256,2024-09-10 18:09:51,speech_therapist_interview.txt,3,0,0.015663643858202802,0.0016488046166529267,0.009068425391591096,0.09018493208292377,,,,,,,,,,
256,2024-09-10 18:09:51,customer_service_representative_interview.txt,1,0,0.01823949246629659,0.003965107057890563,0.007930214115781126,0.09919057873209965,,,,,,,,,,
256,2024-09-10 18:09:51,customer_service_representative_interview.txt,2,0,0.014571948998178506,0.0,0.009107468123861567,0.07615455816447733,,,,,,,,,,
256,2024-09-10 18:09:51,customer_service_representative_interview.txt,3,0,0.011695906432748537,0.0,0.012670565302144249,0.07351376718305598,,,,,,,,,,
256,2024-09-10 18:09:51,construction_manager_interview.txt,1,0,0.022931206380857428,0.0019940179461615153,0.011964107676969093,0.08976084483868028,,,,,,,,,,
256,2024-09-10 18:09:51,construction_manager_interview.txt,2,0,0.016652059596844872,0.0017528483786152498,0.008764241893076249,0.1088222843848133,,,,,,,,,,
256,2024-09-10 18:09:51,construction_manager_interview.txt,3,0,0.025100401606425703,0.004016064257028112,0.009036144578313253,0.11888071379052303,,,,,,,,,,
256,2024-09-10 18:09:51,doctor_interview.txt,1,0,0.01745877788554801,0.0,0.014548981571290009,0.05887910542140397,,,,,,,,,,
256,2024-09-10 18:09:51,doctor_interview.txt,2,0,0.01731996353691887,0.004557885141294439,0.013673655423883319,0.044951991156062,,,,,,,,,,
256,2024-09-10 18:09:51,doctor_interview.txt,3,0,0.0272975432211101,0.004549590536851683,0.012738853503184714,0.0858650144373334,,,,,,,,,,
256,2024-09-10 18:09:51,human_resources_manager_interview.txt,1,0,0.017580144777662874,0.008273009307135471,0.014477766287487074,0.06791025744492148,,,,,,,,,,
256,2024-09-10 18:09:51,human_resources_manager_interview.txt,2,0,0.017707362534948742,0.0,0.011183597390493943,0.08633469707382238,,,,,,,,,,
256,2024-09-10 18:09:51,human_resources_manager_interview.txt,3,0,0.020122484689413824,0.004374453193350831,0.008748906386701663,0.052137142613528205,,,,,,,,,,
256,2024-09-10 18:09:51,water_resources_engineer_interview.txt,1,0,0.013550135501355014,0.0018066847335140017,0.012646793134598013,0.11612969020156816,,,,,,,,,,
256,2024-09-10 18:09:51,water_resources_engineer_interview.txt,2,0,0.026714158504007122,0.0008904719501335708,0.008014247551202136,0.08925789757908248,,,,,,,,,,
256,2024-09-10 18:09:51,water_resources_engineer_interview.txt,3,0,0.012615643397813289,0.00672834314550042,0.009251471825063078,0.10567705866047275,,,,,,,,,,
256,2024-09-10 18:09:51,project_manager_interview.txt,1,0,0.03165938864628821,0.004366812227074236,0.016375545851528384,0.07704084206702881,,,,,,,,,,
256,2024-09-10 18:09:51,project_manager_interview.txt,2,0,0.024691358024691357,0.00905349794238683,0.007407407407407408,0.07980047192136344,,,,,,,,,,
256,2024-09-10 18:09:51,project_manager_interview.txt,3,0,0.018627450980392157,0.014705882352941176,0.012745098039215686,0.0835773826657838,,,,,,,,,,
256,2024-09-10 18:09:51,biologist_interview.txt,1,0,0.030067895247332686,0.002909796314258002,0.01066925315227934,0.08404667104956194,,,,,,,,,,
256,2024-09-10 18:09:51,biologist_interview.txt,2,0,0.015977443609022556,0.0,0.012218045112781954,0.08247084930793086,,,,,,,,,,
256,2024-09-10 18:09:51,biologist_interview.txt,3,0,0.018867924528301886,0.0009433962264150943,0.012264150943396227,0.0766028872018513,,,,,,,,,,
256,2024-09-10 18:09:51,occupational_therapist_interview.txt,1,0,0.017110266159695818,0.0,0.012357414448669201,0.06627711266225901,,,,,,,,,,
256,2024-09-10 18:09:51,occupational_therapist_interview.txt,2,0,0.023893805309734513,0.018584070796460177,0.006194690265486726,0.0546382905521916,,,,,,,,,,
256,2024-09-10 18:09:51,occupational_therapist_interview.txt,3,0,0.013812154696132596,0.001841620626151013,0.009208103130755065,0.09005044244349637,,,,,,,,,,
256,2024-09-10 18:09:51,network_administrator_interview.txt,1,0,0.02204585537918871,0.007936507936507936,0.010582010582010581,0.10097531535517154,,,,,,,,,,
256,2024-09-10 18:09:51,network_administrator_interview.txt,2,0,0.0224390243902439,0.007804878048780488,0.010731707317073172,0.09407253922663886,,,,,,,,,,
256,2024-09-10 18:09:51,network_administrator_interview.txt,3,0,0.017154389505549948,0.010090817356205853,0.010090817356205853,0.08580834510699246,,,,,,,,,,
256,2024-09-10 18:09:51,neuroscientist_interview.txt,1,0,0.01738334858188472,0.0,0.013723696248856358,0.08009681770919194,,,,,,,,,,
256,2024-09-10 18:09:51,neuroscientist_interview.txt,2,0,0.016666666666666666,0.0,0.009259259259259259,0.09187401499012567,,,,,,,,,,
256,2024-09-10 18:09:51,neuroscientist_interview.txt,3,0,0.01832208293153327,0.003857280617164899,0.01253616200578592,0.08145895081240102,,,,,,,,,,
256,2024-09-10 18:09:51,retail_manager_interview.txt,1,0,0.019861830742659757,0.0069084628670120895,0.0069084628670120895,0.10940113680032004,,,,,,,,,,
256,2024-09-10 18:09:51,retail_manager_interview.txt,2,0,0.017210144927536232,0.0036231884057971015,0.009963768115942028,0.09260053853292653,,,,,,,,,,
256,2024-09-10 18:09:51,retail_manager_interview.txt,3,0,0.018036072144288578,0.0,0.014028056112224449,0.06685344910257295,,,,,,,,,,
256,2024-09-10 18:09:51,agricultural_engineer_interview.txt,1,0,0.023277467411545624,0.00558659217877095,0.008379888268156424,0.0703617110892199,,,,,,,,,,
256,2024-09-10 18:09:51,agricultural_engineer_interview.txt,2,0,0.02028740490278952,0.0,0.01014370245139476,0.04619761195100878,,,,,,,,,,
256,2024-09-10 18:09:51,agricultural_engineer_interview.txt,3,0,0.027992277992277992,0.005791505791505791,0.010617760617760617,0.040900992429124226,,,,,,,,,,
256,2024-09-10 18:09:51,electrical_engineer_interview.txt,1,0,0.020750988142292492,0.005928853754940711,0.010869565217391304,0.12009251751820314,,,,,,,,,,
256,2024-09-10 18:09:51,electrical_engineer_interview.txt,2,0,0.028229255774165955,0.0051325919589392645,0.011120615911035072,0.08844151395861645,,,,,,,,,,
256,2024-09-10 18:09:51,electrical_engineer_interview.txt,3,0,0.019704433497536946,0.0009852216748768472,0.011822660098522168,0.07786795500046503,,,,,,,,,,
256,2024-09-10 18:09:51,quality_control_engineer_interview.txt,1,0,0.030425963488843813,0.005070993914807302,0.010141987829614604,0.0686890393986548,,,,,,,,,,
256,2024-09-10 18:09:51,quality_control_engineer_interview.txt,2,0,0.025799793601651185,0.0010319917440660474,0.014447884416924664,0.09706937485619334,,,,,,,,,,
256,2024-09-10 18:09:51,quality_control_engineer_interview.txt,3,0,0.02859778597785978,0.007380073800738007,0.011992619926199263,0.0628846911248845,,,,,,,,,,
256,2024-09-10 18:09:51,machine_learning_engineer_interview.txt,1,0,0.0344488188976378,0.0,0.011811023622047244,0.10747521291226089,,,,,,,,,,
256,2024-09-10 18:09:51,machine_learning_engineer_interview.txt,2,0,0.03363636363636364,0.0009090909090909091,0.013636363636363636,0.0799945985777273,,,,,,,,,,
256,2024-09-10 18:09:51,machine_learning_engineer_interview.txt,3,0,0.031055900621118012,0.0008873114463176575,0.012422360248447204,0.10297468807258707,,,,,,,,,,
256,2024-09-10 18:09:51,psychologist_interview.txt,1,0,0.014955134596211365,0.0009970089730807576,0.014955134596211365,0.10688651144925,,,,,,,,,,
256,2024-09-10 18:09:51,psychologist_interview.txt,2,0,0.015353121801432957,0.0,0.016376663254861822,0.0506011291365185,,,,,,,,,,
256,2024-09-10 18:09:51,psychologist_interview.txt,3,0,0.020833333333333332,0.00496031746031746,0.015873015873015872,0.059238168428046814,,,,,,,,,,
256,2024-09-10 18:09:51,geologist_interview.txt,1,0,0.024757804090419805,0.001076426264800861,0.00968783638320775,0.11104783814757052,,,,,,,,,,
256,2024-09-10 18:09:51,geologist_interview.txt,2,0,0.02839396628216504,0.0008873114463176575,0.00709849157054126,0.07328827567860237,,,,,,,,,,
256,2024-09-10 18:09:51,geologist_interview.txt,3,0,0.02169811320754717,0.0009433962264150943,0.012264150943396227,0.0488187006770478,,,,,,,,,,
256,2024-09-10 18:09:51,chemical_engineer_interview.txt,1,0,0.023508137432188065,0.0009041591320072332,0.0108499095840868,0.06738606607784826,,,,,,,,,,
256,2024-09-10 18:09:51,chemical_engineer_interview.txt,2,0,0.030461270670147953,0.0017406440382941688,0.01392515230635335,0.07372889890947684,,,,,,,,,,
256,2024-09-10 18:09:51,chemical_engineer_interview.txt,3,0,0.022435897435897436,0.003205128205128205,0.01282051282051282,0.08469974001239591,,,,,,,,,,
256,2024-09-10 18:09:51,no_persona_interview.txt,1,0,0.016267123287671232,0.004280821917808219,0.012842465753424657,0.07948516197639195,,,,,,,,,,
256,2024-09-10 18:09:51,no_persona_interview.txt,2,0,0.014381591562799617,0.005752636625119847,0.013422818791946308,0.07008086953654044,,,,,,,,,,
256,2024-09-10 18:09:51,no_persona_interview.txt,3,0,0.02146690518783542,0.006261180679785331,0.013416815742397137,0.07664236731233263,,,,,,,,,,
256,2024-09-10 18:09:51,financial_analyst_interview.txt,1,0,0.03141831238779174,0.004488330341113106,0.012567324955116697,0.07258592728926785,,,,,,,,,,
256,2024-09-10 18:09:51,financial_analyst_interview.txt,2,0,0.02480752780153978,0.001710863986313088,0.011120615911035072,0.050255616096279314,,,,,,,,,,
256,2024-09-10 18:09:51,financial_analyst_interview.txt,3,0,0.02336028751123091,0.0008984725965858042,0.013477088948787063,0.08135105385956042,,,,,,,,,,
256,2024-09-10 18:09:51,civil_engineer_interview.txt,1,0,0.014911463187325256,0.003727865796831314,0.009319664492078284,0.07601978374149043,,,,,,,,,,
256,2024-09-10 18:09:51,civil_engineer_interview.txt,2,0,0.02320887991927346,0.0,0.012108980827447022,0.07122533535390735,,,,,,,,,,
256,2024-09-10 18:09:51,civil_engineer_interview.txt,3,0,0.03038674033149171,0.0055248618784530384,0.011970534069981584,0.07862532169493827,,,,,,,,,,
256,2024-09-10 18:09:51,meteorologist_interview.txt,1,0,0.030499075785582256,0.0027726432532347504,0.00831792975970425,0.11375091526002468,,,,,,,,,,
256,2024-09-10 18:09:51,meteorologist_interview.txt,2,0,0.02254283137962128,0.002705139765554554,0.009918845807033363,0.07738993508069857,,,,,,,,,,
256,2024-09-10 18:09:51,meteorologist_interview.txt,3,0,0.014690451206715634,0.001049317943336831,0.012591815320041973,0.09279349747417752,,,,,,,,,,
256,2024-09-10 18:09:51,shop_assistant_interview.txt,1,0,0.01984126984126984,0.00496031746031746,0.008928571428571428,0.07083134120971263,,,,,,,,,,
256,2024-09-10 18:09:51,shop_assistant_interview.txt,2,0,0.018018018018018018,0.0036036036036036037,0.007207207207207207,0.06733427164050627,,,,,,,,,,
256,2024-09-10 18:09:51,shop_assistant_interview.txt,3,0,0.021450459652706845,0.012257405515832482,0.007150153217568948,0.1283471207658947,,,,,,,,,,
256,2024-09-10 18:09:51,social_media_manager_interview.txt,1,0,0.013238289205702648,0.0010183299389002036,0.014256619144602852,0.12103305126583716,,,,,,,,,,
256,2024-09-10 18:09:51,social_media_manager_interview.txt,2,0,0.015238095238095238,0.0,0.006666666666666667,0.09396416347268012,,,,,,,,,,
256,2024-09-10 18:09:51,social_media_manager_interview.txt,3,0,0.012855831037649219,0.0,0.0073461891643709825,0.06758214618469142,,,,,,,,,,
256,2024-09-10 18:09:51,marine_engineer_interview.txt,1,0,0.02694300518134715,0.007253886010362694,0.010362694300518135,0.09269453034759019,,,,,,,,,,
256,2024-09-10 18:09:51,marine_engineer_interview.txt,2,0,0.023255813953488372,0.0074418604651162795,0.008372093023255815,0.10685985540275271,,,,,,,,,,
256,2024-09-10 18:09:51,marine_engineer_interview.txt,3,0,0.030658250676284943,0.0036068530207394047,0.009918845807033363,0.06619325331672843,,,,,,,,,,
256,2024-09-10 18:09:51,warehouse_manager_interview.txt,1,0,0.020947176684881604,0.0,0.00819672131147541,0.08328671707578197,,,,,,,,,,
256,2024-09-10 18:09:51,warehouse_manager_interview.txt,2,0,0.02147239263803681,0.0,0.010224948875255624,0.07907441624417931,,,,,,,,,,
256,2024-09-10 18:09:51,warehouse_manager_interview.txt,3,0,0.015943312666076175,0.0,0.0070859167404783,0.08624263932807608,,,,,,,,,,
256,2024-09-10 18:09:51,business_intelligence_analyst_interview.txt,1,0,0.01751459549624687,0.0,0.013344453711426188,0.1134271832268304,,,,,,,,,,
256,2024-09-10 18:09:51,business_intelligence_analyst_interview.txt,2,0,0.02423698384201077,0.00718132854578097,0.00807899461400359,0.08624213108747164,,,,,,,,,,
256,2024-09-10 18:09:51,business_intelligence_analyst_interview.txt,3,0,0.028142589118198873,0.0009380863039399625,0.010318949343339587,0.0931414714751953,,,,,,,,,,
256,2024-09-10 18:09:51,full_stack_developer_interview.txt,1,0,0.037852112676056336,0.002640845070422535,0.011443661971830986,0.06604067980565813,,,,,,,,,,
256,2024-09-10 18:09:51,full_stack_developer_interview.txt,2,0,0.022181146025878003,0.005545286506469501,0.012014787430683918,0.06084404596144591,,,,,,,,,,
256,2024-09-10 18:09:51,full_stack_developer_interview.txt,3,0,0.016221374045801526,0.0019083969465648854,0.01049618320610687,0.07718342728865224,,,,,,,,,,
256,2024-09-10 18:09:51,travel_agent_interview.txt,1,0,0.013250883392226149,0.0,0.006183745583038869,0.09339766317198334,,,,,,,,,,
256,2024-09-10 18:09:51,travel_agent_interview.txt,2,0,0.02310536044362292,0.0018484288354898336,0.006469500924214418,0.10937232800761346,,,,,,,,,,
256,2024-09-10 18:09:51,travel_agent_interview.txt,3,0,0.029443838604143947,0.0,0.013086150490730643,0.08014685403198943,,,,,,,,,,
256,2024-09-10 18:09:51,robotics_engineer_interview.txt,1,0,0.02859778597785978,0.0018450184501845018,0.007380073800738007,0.07844226712779835,,,,,,,,,,
256,2024-09-10 18:09:51,robotics_engineer_interview.txt,2,0,0.030643513789581207,0.007150153217568948,0.012257405515832482,0.0915352621953858,,,,,,,,,,
256,2024-09-10 18:09:51,robotics_engineer_interview.txt,3,0,0.02171945701357466,0.0,0.011764705882352941,0.06304990989288278,,,,,,,,,,
256,2024-09-10 18:09:51,biomedical_engineer_interview.txt,1,0,0.027921406411582212,0.0,0.014477766287487074,0.07072334190741071,,,,,,,,,,
256,2024-09-10 18:09:51,biomedical_engineer_interview.txt,2,0,0.019087136929460582,0.0,0.00995850622406639,0.05203735410866226,,,,,,,,,,
256,2024-09-10 18:09:51,biomedical_engineer_interview.txt,3,0,0.02169811320754717,0.002830188679245283,0.011320754716981131,0.12027446222754776,,,,,,,,,,
256,2024-09-10 18:09:51,marketing_manager_interview.txt,1,0,0.015476190476190477,0.0,0.017857142857142856,0.08101821956980838,,,,,,,,,,
256,2024-09-10 18:09:51,marketing_manager_interview.txt,2,0,0.017017828200972446,0.0,0.008103727714748784,0.07632010258702554,,,,,,,,,,
256,2024-09-10 18:09:51,marketing_manager_interview.txt,3,0,0.019004524886877826,0.0,0.01085972850678733,0.10047424996404632,,,,,,,,,,
256,2024-09-10 18:09:51,professor_of_classics_interview.txt,1,0,0.01588702559576346,0.0,0.00529567519858782,0.06811246771456718,,,,,,,,,,
256,2024-09-10 18:09:51,professor_of_classics_interview.txt,2,0,0.017271157167530225,0.0,0.011226252158894647,0.10779230142356644,,,,,,,,,,
256,2024-09-10 18:09:51,professor_of_classics_interview.txt,3,0,0.019281332164767746,0.0,0.014899211218229623,0.08638101757192458,,,,,,,,,,
256,2024-09-10 18:09:51,environmental_engineer_interview.txt,1,0,0.020168067226890758,0.0016806722689075631,0.010924369747899159,0.09916259385050388,,,,,,,,,,
256,2024-09-10 18:09:51,environmental_engineer_interview.txt,2,0,0.02204585537918871,0.001763668430335097,0.012345679012345678,0.09284382826699475,,,,,,,,,,
256,2024-09-10 18:09:51,environmental_engineer_interview.txt,3,0,0.019262981574539362,0.0,0.009212730318257957,0.07893242402470832,,,,,,,,,,
256,2024-09-10 18:09:51,physical_therapist_interview.txt,1,0,0.027450980392156862,0.00392156862745098,0.00784313725490196,0.1189326538410668,,,,,,,,,,
256,2024-09-10 18:09:51,physical_therapist_interview.txt,2,0,0.019524617996604415,0.0050933786078098476,0.010186757215619695,0.08593086194138878,,,,,,,,,,
256,2024-09-10 18:09:51,physical_therapist_interview.txt,3,0,0.016375545851528384,0.009825327510917031,0.009825327510917031,0.11920480730518734,,,,,,,,,,
256,2024-09-10 18:09:51,astronomer_interview.txt,1,0,0.0283436669619132,0.0044286979627989375,0.0141718334809566,0.07289758577287046,,,,,,,,,,
256,2024-09-10 18:09:51,astronomer_interview.txt,2,0,0.024644549763033177,0.0009478672985781991,0.013270142180094787,0.06854763347145411,,,,,,,,,,
256,2024-09-10 18:09:51,astronomer_interview.txt,3,0,0.030985915492957747,0.010328638497652582,0.013145539906103286,0.09633127484175259,,,,,,,,,,
256,2024-09-10 18:09:51,ai_professor_interview.txt,1,0,0.020181634712411706,0.0030272452068617556,0.012108980827447022,0.1013966598653889,,,,,,,,,,
256,2024-09-10 18:09:51,ai_professor_interview.txt,2,0,0.017948717948717947,0.005128205128205128,0.011111111111111112,0.12077805415590012,,,,,,,,,,
256,2024-09-10 18:09:51,ai_professor_interview.txt,3,0,0.027253668763102725,0.0041928721174004195,0.012578616352201259,0.08730726133627163,,,,,,,,,,
256,2024-09-10 18:09:51,game_developer_interview.txt,1,0,0.03611111111111111,0.0,0.010185185185185186,0.08654956487819508,,,,,,,,,,
256,2024-09-10 18:09:51,game_developer_interview.txt,2,0,0.026341463414634145,0.0,0.012682926829268294,0.10690575751407028,,,,,,,,,,
256,2024-09-10 18:09:51,game_developer_interview.txt,3,0,0.022279348757497857,0.001713796058269066,0.006855184233076264,0.08898491801138951,,,,,,,,,,
256,2024-09-10 18:09:51,fire_protection_engineer_interview.txt,1,0,0.015088013411567477,0.0075440067057837385,0.009220452640402346,0.10361599291373785,,,,,,,,,,
256,2024-09-10 18:09:51,fire_protection_engineer_interview.txt,2,0,0.022482893450635387,0.006842619745845552,0.007820136852394917,0.105175560713311,,,,,,,,,,
256,2024-09-10 18:09:51,fire_protection_engineer_interview.txt,3,0,0.02175805047867711,0.006092254134029591,0.011314186248912098,0.13472274035954576,,,,,,,,,,
256,2024-09-10 18:09:51,safety_engineer_interview.txt,1,0,0.023719165085388995,0.013282732447817837,0.008538899430740038,0.10456258101888664,,,,,,,,,,
256,2024-09-10 18:09:51,safety_engineer_interview.txt,2,0,0.02109300095877277,0.007670182166826462,0.011505273250239693,0.08666399197744575,,,,,,,,,,
256,2024-09-10 18:09:51,safety_engineer_interview.txt,3,0,0.029382957884427033,0.004897159647404506,0.0068560235063663075,0.10868668119071141,,,,,,,,,,
256,2024-09-10 18:09:51,environmental_scientist_interview.txt,1,0,0.013847675568743818,0.0019782393669634025,0.012858555885262116,0.09595847986453139,,,,,,,,,,
256,2024-09-10 18:09:51,environmental_scientist_interview.txt,2,0,0.02649656526005888,0.001962708537782139,0.013738959764474975,0.09672281985307456,,,,,,,,,,
256,2024-09-10 18:09:51,environmental_scientist_interview.txt,3,0,0.020793950850661626,0.000945179584120983,0.015122873345935728,0.1075053536312967,,,,,,,,,,
256,2024-09-10 18:09:51,operations_manager_interview.txt,1,0,0.01358695652173913,0.0,0.009963768115942028,0.09043181122666208,,,,,,,,,,
256,2024-09-10 18:09:51,operations_manager_interview.txt,2,0,0.019169329073482427,0.006389776357827476,0.014909478168264111,0.10876876023441508,,,,,,,,,,
256,2024-09-10 18:09:51,operations_manager_interview.txt,3,0,0.0224390243902439,0.003902439024390244,0.014634146341463415,0.11383730979542021,,,,,,,,,,
256,2024-09-10 18:09:51,backend_developer_interview.txt,1,0,0.02321262766945218,0.007428040854224698,0.009285051067780872,0.10078838607336017,,,,,,,,,,
256,2024-09-10 18:09:51,backend_developer_interview.txt,2,0,0.0160857908847185,0.0008936550491510277,0.014298480786416443,0.08522656077301853,,,,,,,,,,
256,2024-09-10 18:09:51,backend_developer_interview.txt,3,0,0.028769841269841268,0.005952380952380952,0.008928571428571428,0.05400782576576124,,,,,,,,,,
256,2024-09-10 18:09:51,digital_marketing_specialist_interview.txt,1,0,0.02180376610505451,0.0,0.004955401387512388,0.08886305572323891,,,,,,,,,,
256,2024-09-10 18:09:51,digital_marketing_specialist_interview.txt,2,0,0.017341040462427744,0.0,0.009248554913294798,0.10059155669482495,,,,,,,,,,
256,2024-09-10 18:09:51,digital_marketing_specialist_interview.txt,3,0,0.015070921985815602,0.0,0.0070921985815602835,0.09921469017834597,,,,,,,,,,
256,2024-09-10 18:09:51,mechanical_engineer_interview.txt,1,0,0.026173285198555957,0.0018050541516245488,0.009927797833935019,0.08193239169626527,,,,,,,,,,
256,2024-09-10 18:09:51,mechanical_engineer_interview.txt,2,0,0.03816793893129771,0.0,0.01049618320610687,0.07099431806810692,,,,,,,,,,
256,2024-09-10 18:09:51,mechanical_engineer_interview.txt,3,0,0.017707362534948742,0.0,0.0130475302889096,0.11018521113271826,,,,,,,,,,
256,2024-09-10 18:09:51,software_quality_assurance_tester_interview.txt,1,0,0.017163504968383016,0.0,0.011743450767841012,0.07530935965332872,,,,,,,,,,
256,2024-09-10 18:09:51,software_quality_assurance_tester_interview.txt,2,0,0.017408123791102514,0.008704061895551257,0.010638297872340425,0.08899078063860272,,,,,,,,,,
256,2024-09-10 18:09:51,software_quality_assurance_tester_interview.txt,3,0,0.015775635407537247,0.008764241893076249,0.008764241893076249,0.11152870585552345,,,,,,,,,,
256,2024-09-10 18:09:51,cybersecurity_specialist_interview.txt,1,0,0.028388278388278388,0.004578754578754579,0.01098901098901099,0.08956739000950177,,,,,,,,,,
256,2024-09-10 18:09:51,cybersecurity_specialist_interview.txt,2,0,0.016681299385425813,0.009657594381035996,0.00877963125548727,0.09164397200508886,,,,,,,,,,
256,2024-09-10 18:09:51,cybersecurity_specialist_interview.txt,3,0,0.015274949083503055,0.006109979633401222,0.013238289205702648,0.10641239923299257,,,,,,,,,,
256,2024-09-10 18:09:51,product_manager_interview.txt,1,0,0.02541544477028348,0.004887585532746823,0.013685239491691105,0.11343803788985482,,,,,,,,,,
256,2024-09-10 18:09:51,product_manager_interview.txt,2,0,0.01232394366197183,0.0,0.007922535211267605,0.09770077333388472,,,,,,,,,,
256,2024-09-10 18:09:51,product_manager_interview.txt,3,0,0.026236125126135216,0.0010090817356205853,0.011099899091826439,0.09227343034818299,,,,,,,,,,
256,2024-09-10 18:09:51,microbiologist_interview.txt,1,0,0.0228270412642669,0.0,0.012291483757682178,0.061033080681772774,,,,,,,,,,
256,2024-09-10 18:09:51,microbiologist_interview.txt,2,0,0.026581118240146653,0.00916590284142988,0.008249312557286892,0.10199134135152664,,,,,,,,,,
256,2024-09-10 18:09:51,microbiologist_interview.txt,3,0,0.024415055951169887,0.0,0.012207527975584944,0.06828757799096725,,,,,,,,,,
256,2024-09-10 18:09:51,it_manager_interview.txt,1,0,0.018066847335140017,0.0009033423667570009,0.013550135501355014,0.09305655881673634,,,,,,,,,,
256,2024-09-10 18:09:51,it_manager_interview.txt,2,0,0.025044722719141325,0.008050089445438283,0.007155635062611807,0.09265456383418627,,,,,,,,,,
256,2024-09-10 18:09:51,it_manager_interview.txt,3,0,0.03597122302158273,0.006294964028776978,0.011690647482014389,0.06598250546937177,,,,,,,,,,
256,2024-09-10 18:09:51,industrial_engineer_interview.txt,1,0,0.0259391771019678,0.007155635062611807,0.013416815742397137,0.08372575284804495,,,,,,,,,,
256,2024-09-10 18:09:51,industrial_engineer_interview.txt,2,0,0.023391812865497075,0.0029239766081871343,0.012670565302144249,0.09880799930668994,,,,,,,,,,
256,2024-09-10 18:09:51,industrial_engineer_interview.txt,3,0,0.029385574354407838,0.004452359750667854,0.01068566340160285,0.09020242427399056,,,,,,,,,,
256,2024-09-10 18:09:51,barista_interview.txt,1,0,0.018459069020866775,0.004815409309791332,0.008025682182985553,0.08869627418262004,,,,,,,,,,
256,2024-09-10 18:09:51,barista_interview.txt,2,0,0.0194672131147541,0.0030737704918032786,0.01331967213114754,0.09390464703699772,,,,,,,,,,
256,2024-09-10 18:09:51,barista_interview.txt,3,0,0.011789924973204717,0.0,0.0053590568060021436,0.10505120616661899,,,,,,,,,,
256,2024-09-10 18:09:51,petroleum_engineer_interview.txt,1,0,0.02742409402546523,0.0,0.012732615083251714,0.059101217014266294,,,,,,,,,,
256,2024-09-10 18:09:51,petroleum_engineer_interview.txt,2,0,0.023465703971119134,0.004512635379061372,0.009927797833935019,0.1200223622635733,,,,,,,,,,
256,2024-09-10 18:09:51,petroleum_engineer_interview.txt,3,0,0.025141930251419302,0.0024330900243309003,0.010543390105433901,0.06583439924753283,,,,,,,,,,
256,2024-09-10 18:09:51,business_analyst_interview.txt,1,0,0.020351526364477335,0.0,0.01572617946345976,0.10233402662829931,,,,,,,,,,
256,2024-09-10 18:09:51,business_analyst_interview.txt,2,0,0.01768346595932803,0.0008841732979664014,0.013262599469496022,0.08130660276910279,,,,,,,,,,
256,2024-09-10 18:09:51,business_analyst_interview.txt,3,0,0.015767634854771784,0.004149377593360996,0.010788381742738589,0.11143648434276102,,,,,,,,,,
256,2024-09-10 18:09:51,data_engineer_interview.txt,1,0,0.02576808721506442,0.0,0.009910802775024777,0.06409811941688595,,,,,,,,,,
256,2024-09-10 18:09:51,data_engineer_interview.txt,2,0,0.02671118530884808,0.0,0.012520868113522538,0.06764537231905549,,,,,,,,,,
256,2024-09-10 18:09:51,data_engineer_interview.txt,3,0,0.024390243902439025,0.0028142589118198874,0.013133208255159476,0.046393630041909883,,,,,,,,,,
256,2024-09-10 18:09:51,aerospace_engineer_interview.txt,1,0,0.03202846975088968,0.00800711743772242,0.009786476868327402,0.0747602028714894,,,,,,,,,,
256,2024-09-10 18:09:51,aerospace_engineer_interview.txt,2,0,0.024975984630163303,0.007684918347742555,0.011527377521613832,0.08551821052797669,,,,,,,,,,
256,2024-09-10 18:09:51,aerospace_engineer_interview.txt,3,0,0.022727272727272728,0.004545454545454545,0.00909090909090909,0.08991356346559987,,,,,,,,,,
256,2024-09-10 18:09:51,bartender_interview.txt,1,0,0.017293997965412006,0.0,0.013224821973550356,0.08364368345590514,,,,,,,,,,
256,2024-09-10 18:09:51,bartender_interview.txt,2,0,0.01919191919191919,0.0,0.013131313131313131,0.044480916118064956,,,,,,,,,,
256,2024-09-10 18:09:51,bartender_interview.txt,3,0,0.026155187445510025,0.0052310374891020054,0.007846556233653008,0.07671380024836144,,,,,,,,,,
256,2024-09-10 18:09:51,natural_language_processing_engineer_interview.txt,1,0,0.026816608996539794,0.0,0.00865051903114187,0.07610864770865512,,,,,,,,,,
256,2024-09-10 18:09:51,natural_language_processing_engineer_interview.txt,2,0,0.027916251246261216,0.0,0.014955134596211365,0.05708026678494724,,,,,,,,,,
256,2024-09-10 18:09:51,natural_language_processing_engineer_interview.txt,3,0,0.03574397339983375,0.0,0.00914380714879468,0.03994024135264958,,,,,,,,,,
256,2024-09-10 18:09:51,cto_of_a_fintec_interview.txt,1,0,0.029552715654952075,0.004792332268370607,0.011182108626198083,0.08965159625125944,,,,,,,,,,
256,2024-09-10 18:09:51,cto_of_a_fintec_interview.txt,2,0,0.025173611111111112,0.005208333333333333,0.0078125,0.058519310877717876,,,,,,,,,,
256,2024-09-10 18:09:51,cto_of_a_fintec_interview.txt,3,0,0.018163471241170535,0.0030272452068617556,0.010090817356205853,0.0744130185753572,,,,,,,,,,
256,2024-09-10 18:09:51,database_administrator_interview.txt,1,0,0.029166666666666667,0.006666666666666667,0.0125,0.117060833386053,,,,,,,,,,
256,2024-09-10 18:09:51,database_administrator_interview.txt,2,0,0.016778523489932886,0.0025167785234899327,0.010067114093959731,0.04432890782642612,,,,,,,,,,
256,2024-09-10 18:09:51,database_administrator_interview.txt,3,0,0.01950354609929078,0.0062056737588652485,0.012411347517730497,0.08361132083353612,,,,,,,,,,
256,2024-09-10 18:09:51,nuclear_engineer_interview.txt,1,0,0.030864197530864196,0.006172839506172839,0.009259259259259259,0.07608962692412713,,,,,,,,,,
256,2024-09-10 18:09:51,nuclear_engineer_interview.txt,2,0,0.024208566108007448,0.0037243947858473,0.015828677839851025,0.08886479596394607,,,,,,,,,,
256,2024-09-10 18:09:51,nuclear_engineer_interview.txt,3,0,0.034,0.006,0.012,0.054446202386137156,,,,,,,,,,
256,2024-09-10 18:09:51,pharmacist_interview.txt,1,0,0.013723696248856358,0.0009149130832570906,0.011893870082342177,0.07813272306628143,,,,,,,,,,
256,2024-09-10 18:09:51,pharmacist_interview.txt,2,0,0.015178571428571428,0.0026785714285714286,0.0125,0.09364015280412723,,,,,,,,,,
256,2024-09-10 18:09:51,pharmacist_interview.txt,3,0,0.022361359570661897,0.0035778175313059034,0.009838998211091235,0.09118380097955912,,,,,,,,,,
256,2024-09-10 18:09:51,chef_interview.txt,1,0,0.0070140280561122245,0.0,0.0070140280561122245,0.09333418683980448,,,,,,,,,,
256,2024-09-10 18:09:51,chef_interview.txt,2,0,0.012560386473429951,0.003864734299516908,0.00966183574879227,0.08933077209087935,,,,,,,,,,
256,2024-09-10 18:09:51,chef_interview.txt,3,0,0.015952143569292122,0.0,0.006979062811565304,0.09327930351501293,,,,,,,,,,
256,2024-09-10 18:09:51,hotel_manager_interview.txt,1,0,0.016333938294010888,0.006352087114337568,0.011796733212341199,0.08511675716294244,,,,,,,,,,
256,2024-09-10 18:09:51,hotel_manager_interview.txt,2,0,0.02422480620155039,0.006782945736434108,0.006782945736434108,0.13027150063415208,,,,,,,,,,
256,2024-09-10 18:09:51,hotel_manager_interview.txt,3,0,0.018043684710351376,0.0,0.007597340930674264,0.08380233419449822,,,,,,,,,,
256,2024-09-10 18:09:51,mobile_app_developer_interview.txt,1,0,0.019801980198019802,0.0,0.009000900090009001,0.07321891240610405,,,,,,,,,,
256,2024-09-10 18:09:51,mobile_app_developer_interview.txt,2,0,0.014375561545372867,0.0,0.01078167115902965,0.11167884052131379,,,,,,,,,,
256,2024-09-10 18:09:51,mobile_app_developer_interview.txt,3,0,0.016981132075471698,0.0,0.009433962264150943,0.10109842912795199,,,,,,,,,,
256,2024-09-10 18:09:51,graphic_designer_interview.txt,1,0,0.008952551477170993,0.0,0.008952551477170993,0.10121103664408126,,,,,,,,,,
256,2024-09-10 18:09:51,graphic_designer_interview.txt,2,0,0.009918845807033363,0.0,0.009017132551848512,0.06274538112476678,,,,,,,,,,
256,2024-09-10 18:09:51,graphic_designer_interview.txt,3,0,0.014652014652014652,0.0,0.009157509157509158,0.1391370458860951,,,,,,,,,,
256,2024-09-10 18:09:51,geotechnical_engineer_interview.txt,1,0,0.029439696106362774,0.001899335232668566,0.012345679012345678,0.10093926336363049,,,,,,,,,,
256,2024-09-10 18:09:51,geotechnical_engineer_interview.txt,2,0,0.024725274725274724,0.0018315018315018315,0.010073260073260074,0.0670535963887784,,,,,,,,,,
256,2024-09-10 18:09:51,geotechnical_engineer_interview.txt,3,0,0.018916595012897677,0.0008598452278589854,0.008598452278589854,0.09452325659422553,,,,,,,,,,
256,2024-09-10 18:09:51,gardener_interview.txt,1,0,0.013071895424836602,0.0,0.011204481792717087,0.08268281501240017,,,,,,,,,,
256,2024-09-10 18:09:51,gardener_interview.txt,2,0,0.014507772020725389,0.0,0.00932642487046632,0.12500424592935735,,,,,,,,,,
256,2024-09-10 18:09:51,gardener_interview.txt,3,0,0.014842300556586271,0.0,0.011131725417439703,0.07844435265390742,,,,,,,,,,
256,2024-09-10 18:09:51,ai_software_developer_interview.txt,1,0,0.03768844221105527,0.010887772194304857,0.007537688442211055,0.07056010672508671,,,,,,,,,,
256,2024-09-10 18:09:51,ai_software_developer_interview.txt,2,0,0.022999080036798528,0.004599816007359705,0.011039558417663294,0.07443554307668775,,,,,,,,,,
256,2024-09-10 18:09:51,ai_software_developer_interview.txt,3,0,0.020157756354075372,0.0052585451358457495,0.010517090271691499,0.0890096569042497,,,,,,,,,,
256,2024-09-10 18:09:51,supply_chain_manager_interview.txt,1,0,0.025806451612903226,0.002150537634408602,0.011827956989247311,0.08959465438747657,,,,,,,,,,
256,2024-09-10 18:09:51,supply_chain_manager_interview.txt,2,0,0.0219256434699714,0.004766444232602479,0.010486177311725452,0.04822164959442645,,,,,,,,,,
256,2024-09-10 18:09:51,supply_chain_manager_interview.txt,3,0,0.025385312783318223,0.004533091568449683,0.012692656391659111,0.07352835848039099,,,,,,,,,,
256,2024-09-10 18:09:51,cloud_architect_interview.txt,1,0,0.0275049115913556,0.0019646365422396855,0.010805500982318271,0.11730811511304802,,,,,,,,,,
256,2024-09-10 18:09:51,cloud_architect_interview.txt,2,0,0.034170854271356785,0.004020100502512563,0.007035175879396985,0.08594509079903437,,,,,,,,,,
256,2024-09-10 18:09:51,cloud_architect_interview.txt,3,0,0.03203203203203203,0.006006006006006006,0.01001001001001001,0.10182186700829476,,,,,,,,,,
256,2024-09-10 18:09:51,mining_engineer_interview.txt,1,0,0.02883720930232558,0.0037209302325581397,0.0065116279069767444,0.09331373362671457,,,,,,,,,,
256,2024-09-10 18:09:51,mining_engineer_interview.txt,2,0,0.030418250950570342,0.0038022813688212928,0.014258555133079848,0.10194672358504175,,,,,,,,,,
256,2024-09-10 18:09:51,mining_engineer_interview.txt,3,0,0.020202020202020204,0.00202020202020202,0.00909090909090909,0.10353060330270993,,,,,,,,,,
256,2024-09-10 18:09:51,devops_engineer_interview.txt,1,0,0.031189083820662766,0.00682261208576998,0.008771929824561403,0.05636310851449445,,,,,,,,,,
256,2024-09-10 18:09:51,devops_engineer_interview.txt,2,0,0.03179824561403509,0.0043859649122807015,0.010964912280701754,0.07785918856138432,,,,,,,,,,
256,2024-09-10 18:09:51,devops_engineer_interview.txt,3,0,0.024635036496350366,0.009124087591240875,0.009124087591240875,0.070650383687227,,,,,,,,,,
256,2024-09-10 18:09:51,system_administrator_interview.txt,1,0,0.02135561745589601,0.007428040854224698,0.014856081708449397,0.0941746966243949,,,,,,,,,,
256,2024-09-10 18:09:51,system_administrator_interview.txt,2,0,0.023076923076923078,0.0038461538461538464,0.011538461538461539,0.0636799049737473,,,,,,,,,,
256,2024-09-10 18:09:51,system_administrator_interview.txt,3,0,0.025186567164179104,0.005597014925373134,0.011194029850746268,0.0943608580609663,,,,,,,,,,
256,2024-09-10 18:09:51,content_writer_interview.txt,1,0,0.02158894645941278,0.0,0.0069084628670120895,0.09024826029928555,,,,,,,,,,
256,2024-09-10 18:09:51,content_writer_interview.txt,2,0,0.017982017982017984,0.004995004995004995,0.007992007992007992,0.08651745964285765,,,,,,,,,,
256,2024-09-10 18:09:51,content_writer_interview.txt,3,0,0.020696142991533398,0.00658513640639699,0.010348071495766699,0.09584548591227508,,,,,,,,,,
256,2024-09-10 18:09:51,transportation_engineer_interview.txt,1,0,0.03838383838383838,0.0,0.01818181818181818,0.08104966051698585,,,,,,,,,,
256,2024-09-10 18:09:51,transportation_engineer_interview.txt,2,0,0.02643573381950775,0.0,0.014585232452142206,0.09388797973453285,,,,,,,,,,
256,2024-09-10 18:09:51,transportation_engineer_interview.txt,3,0,0.02423603793466807,0.005268703898840885,0.005268703898840885,0.10592747949922154,,,,,,,,,,
256,2024-09-10 18:09:51,lorry_driver_interview.txt,1,0,0.019455252918287938,0.005836575875486381,0.009727626459143969,0.09368022174846781,,,,,,,,,,
256,2024-09-10 18:09:51,lorry_driver_interview.txt,2,0,0.021256038647342997,0.002898550724637681,0.00676328502415459,0.10608657117109703,,,,,,,,,,
256,2024-09-10 18:09:51,lorry_driver_interview.txt,3,0,0.01644398766700925,0.0020554984583761563,0.007194244604316547,0.07084470318648518,,,,,,,,,,
256,2024-09-10 18:09:51,dentist_interview.txt,1,0,0.01585820895522388,0.0009328358208955224,0.008395522388059701,0.11110367249072013,,,,,,,,,,
256,2024-09-10 18:09:51,dentist_interview.txt,2,0,0.019629225736095966,0.0054525627044711015,0.008724100327153763,0.11074755336718667,,,,,,,,,,
256,2024-09-10 18:09:51,dentist_interview.txt,3,0,0.014395393474088292,0.0,0.009596928982725527,0.0630086452272888,,,,,,,,,,
256,2024-09-10 18:09:51,physicist_interview.txt,1,0,0.02914572864321608,0.0020100502512562816,0.01507537688442211,0.09367035695649613,,,,,,,,,,
256,2024-09-10 18:09:51,physicist_interview.txt,2,0,0.03312990409764603,0.0008718395815170009,0.007846556233653008,0.08600488220271645,,,,,,,,,,
256,2024-09-10 18:09:51,physicist_interview.txt,3,0,0.0360082304526749,0.00411522633744856,0.00823045267489712,0.12049012303158016,,,,,,,,,,
256,2024-09-10 18:09:51,architect_interview.txt,1,0,0.019271948608137045,0.0032119914346895075,0.014989293361884369,0.13054869795794447,,,,,,,,,,
256,2024-09-10 18:09:51,architect_interview.txt,2,0,0.026948989412897015,0.0019249278152069298,0.012512030798845043,0.11538127792824598,,,,,,,,,,
256,2024-09-10 18:09:51,architect_interview.txt,3,0,0.024295432458697766,0.0009718172983479105,0.010689990281827016,0.0870739975141775,,,,,,,,,,
256,2024-09-10 18:09:51,materials_engineer_interview.txt,1,0,0.025711662075298437,0.0009182736455463728,0.011937557392102846,0.117496221318463,,,,,,,,,,
256,2024-09-10 18:09:51,materials_engineer_interview.txt,2,0,0.031221303948576674,0.0027548209366391185,0.011019283746556474,0.0917567056276506,,,,,,,,,,
256,2024-09-10 18:09:51,materials_engineer_interview.txt,3,0,0.02917046490428441,0.0,0.011850501367365542,0.07636740443785373,,,,,,,,,,
256,2024-09-10 18:09:51,computer_vision_engineer_interview.txt,1,0,0.034550839091806514,0.0,0.009871668311944718,0.08316003342989947,,,,,,,,,,
256,2024-09-10 18:09:51,computer_vision_engineer_interview.txt,2,0,0.036396724294813464,0.0009099181073703367,0.009099181073703366,0.10091278645838556,,,,,,,,,,
256,2024-09-10 18:09:51,computer_vision_engineer_interview.txt,3,0,0.03722334004024145,0.0,0.013078470824949699,0.07465916868123607,,,,,,,,,,
256,2024-09-10 18:09:51,data_scientist_interview.txt,1,0,0.02640845070422535,0.01056338028169014,0.014084507042253521,0.09319532299821418,,,,,,,,,,
256,2024-09-10 18:09:51,data_scientist_interview.txt,2,0,0.024955436720142603,0.0,0.013368983957219251,0.07253733828882528,,,,,,,,,,
256,2024-09-10 18:09:51,data_scientist_interview.txt,3,0,0.024738344433872503,0.0009514747859181732,0.011417697431018078,0.10039102979016301,,,,,,,,,,
256,2024-09-10 18:09:51,structural_engineer_interview.txt,1,0,0.024295432458697766,0.006802721088435374,0.011661807580174927,0.09186369105586036,,,,,,,,,,
256,2024-09-10 18:09:51,structural_engineer_interview.txt,2,0,0.02213666987487969,0.0,0.0038498556304138597,0.05201017623658959,,,,,,,,,,
256,2024-09-10 18:09:51,structural_engineer_interview.txt,3,0,0.026068821689259645,0.0020855057351407717,0.010427528675703858,0.11316281018724964,,,,,,,,,,
256,2024-09-10 18:09:51,ai_ethicist_interview.txt,1,0,0.023046092184368736,0.018036072144288578,0.01002004008016032,0.04972756431728549,,,,,,,,,,
256,2024-09-10 18:09:51,ai_ethicist_interview.txt,2,0,0.014801110083256245,0.01572617946345976,0.012025901942645698,0.09251675102587736,,,,,,,,,,
256,2024-09-10 18:09:51,ai_ethicist_interview.txt,3,0,0.01296456352636128,0.016421780466724288,0.012100259291270527,0.0831230987727219,,,,,,,,,,
256,2024-09-10 18:09:51,sales_manager_interview.txt,1,0,0.021847070506454815,0.009930486593843098,0.012909632571996028,0.11335397270601431,,,,,,,,,,
256,2024-09-10 18:09:51,sales_manager_interview.txt,2,0,0.02050326188257223,0.0,0.013979496738117428,0.08007117736572732,,,,,,,,,,
256,2024-09-10 18:09:51,sales_manager_interview.txt,3,0,0.016037735849056604,0.0,0.009433962264150943,0.09208798091235981,,,,,,,,,,
256,2024-09-10 18:09:51,frontend_developer_interview.txt,1,0,0.02598652550529355,0.006737247353224254,0.009624639076034648,0.08630967606029932,,,,,,,,,,
256,2024-09-10 18:09:51,frontend_developer_interview.txt,2,0,0.013184584178498986,0.0,0.010141987829614604,0.06933863055701985,,,,,,,,,,
256,2024-09-10 18:09:51,frontend_developer_interview.txt,3,0,0.011650485436893204,0.0,0.008737864077669903,0.06749553109564294,,,,,,,,,,
256,2024-09-10 18:09:51,public_relations_specialist_interview.txt,1,0,0.022817460317460316,0.0,0.011904761904761904,0.11427893538643732,,,,,,,,,,
256,2024-09-10 18:09:51,public_relations_specialist_interview.txt,2,0,0.014925373134328358,0.0,0.011940298507462687,0.11626287048333818,,,,,,,,,,
256,2024-09-10 18:09:51,public_relations_specialist_interview.txt,3,0,0.018404907975460124,0.006134969325153374,0.011393514460999123,0.10191846100911926,,,,,,,,,,
256,2024-09-10 18:09:51,logistics_coordinator_interview.txt,1,0,0.024630541871921183,0.002955665024630542,0.011822660098522168,0.07219473313012546,,,,,,,,,,
256,2024-09-10 18:09:51,logistics_coordinator_interview.txt,2,0,0.019891500904159132,0.0027124773960217,0.014466546112115732,0.08463955702888216,,,,,,,,,,
256,2024-09-10 18:09:51,logistics_coordinator_interview.txt,3,0,0.025911708253358926,0.0028790786948176585,0.011516314779270634,0.09518446537770932,,,,,,,,,,
256,2024-09-10 18:09:51,nurse_interview.txt,1,0,0.02654867256637168,0.0019665683382497543,0.011799410029498525,0.10776978362236807,,,,,,,,,,
256,2024-09-10 18:09:51,nurse_interview.txt,2,0,0.016666666666666666,0.004901960784313725,0.012745098039215686,0.11299616707831758,,,,,,,,,,
256,2024-09-10 18:09:51,nurse_interview.txt,3,0,0.018442622950819672,0.0,0.012295081967213115,0.09629567163556749,,,,,,,,,,
256,2024-09-10 18:09:51,chemist_interview.txt,1,0,0.03004694835680751,0.007511737089201878,0.011267605633802818,0.07931045081774826,,,,,,,,,,
256,2024-09-10 18:09:51,chemist_interview.txt,2,0,0.01669941060903733,0.0,0.014734774066797643,0.09990657946068816,,,,,,,,,,
256,2024-09-10 18:09:51,chemist_interview.txt,3,0,0.019626168224299065,0.003738317757009346,0.013084112149532711,0.0627777390657658,,,,,,,,,,
256,2024-09-10 18:09:51,manufacturing_engineer_interview.txt,1,0,0.03196803196803197,0.003996003996003996,0.007992007992007992,0.07635989965975068,,,,,,,,,,
256,2024-09-10 18:09:51,manufacturing_engineer_interview.txt,2,0,0.02133850630455868,0.002909796314258002,0.012609117361784675,0.09025945380302616,,,,,,,,,,
256,2024-09-10 18:09:51,manufacturing_engineer_interview.txt,3,0,0.020833333333333332,0.007575757575757576,0.01231060606060606,0.06589233382231799,,,,,,,,,,
256,2024-09-10 18:09:51,veterinarian_interview.txt,1,0,0.019821605550049554,0.0009910802775024777,0.013875123885034688,0.13692226612272004,,,,,,,,,,
256,2024-09-10 18:09:51,veterinarian_interview.txt,2,0,0.015017667844522967,0.0035335689045936395,0.01060070671378092,0.09684680881030851,,,,,,,,,,
256,2024-09-10 18:09:51,veterinarian_interview.txt,3,0,0.012149532710280374,0.0,0.011214953271028037,0.09188421655532934,,,,,,,,,,
256,2024-09-10 18:09:51,event_planner_interview.txt,1,0,0.012658227848101266,0.0,0.009737098344693282,0.11071610080077286,,,,,,,,,,
256,2024-09-10 18:09:51,event_planner_interview.txt,2,0,0.020854021847070508,0.0,0.007944389275074478,0.11440623386233804,,,,,,,,,,
256,2024-09-10 18:09:51,event_planner_interview.txt,3,0,0.0169971671388102,0.0,0.007554296506137866,0.12007850613435085,,,,,,,,,,
256,2024-09-10 18:09:51,seo_specialist_interview.txt,1,0,0.017154389505549948,0.0,0.009081735620585268,0.11522732908641749,,,,,,,,,,
256,2024-09-10 18:09:51,seo_specialist_interview.txt,2,0,0.01757631822386679,0.0,0.012025901942645698,0.09872324252446413,,,,,,,,,,
256,2024-09-10 18:09:51,seo_specialist_interview.txt,3,0,0.018627450980392157,0.0,0.00784313725490196,0.0950053439208921,,,,,,,,,,
256,2024-09-10 18:09:51,procurement_specialist_interview.txt,1,0,0.01936108422071636,0.0,0.010648596321393998,0.09667986300795593,,,,,,,,,,
256,2024-09-10 18:09:51,procurement_specialist_interview.txt,2,0,0.026262626262626262,0.0030303030303030303,0.015151515151515152,0.11357637711857405,,,,,,,,,,
256,2024-09-10 18:09:51,procurement_specialist_interview.txt,3,0,0.019175455417066157,0.0009587727708533077,0.010546500479386385,0.07660086721516023,,,,,,,,,,
256,2024-09-10 18:09:51,aerospace_engineer_interview.txt,-999,0,0.026577242369441905,0.006745830110306507,0.010134921160283443,0.08339732562168865,0.004852946144223623,52.99007677491113,0.0019123787630054236,24.197228636459258,0.0012550516610493633,-23.379147624848585,0.0077961335874313555,10.602425977263152,17.0,63.0
256,2024-09-10 18:09:51,agricultural_engineer_interview.txt,-999,0,0.02385238343553771,0.0037926993234255802,0.009713783779103933,0.05248677182311764,0.0038844772695001144,37.30461280901363,0.0032861715590646896,-30.172753046188333,0.0011792543033073823,-26.562981480356413,0.015705051254772635,-30.39148135654179,37.0,99.0
256,2024-09-10 18:09:51,ai_ethicist_interview.txt,-999,0,0.016937255264662086,0.016728010691490876,0.011382067104692181,0.07512247137196158,0.00536951042438591,-2.5018492409025157,0.0011850036971069254,207.97878608149966,0.0011801357826495915,-13.950619885404564,0.022488578298772727,-0.3717743080043192,88.0,83.0
256,2024-09-10 18:09:51,ai_professor_interview.txt,-999,0,0.021794673808077463,0.0041161074841557675,0.011932902763586465,0.10316065845252022,0.00485766906629503,25.45954816650655,0.0010525814716499037,-24.218497361667573,0.000749430131224002,-9.786256193213006,0.016804977276246896,36.81276953674049,50.0,11.0
256,2024-09-10 18:09:51,ai_software_developer_interview.txt,-999,0,0.026948426200643055,0.006915377779170104,0.009698112377188615,0.07800176890200805,0.009408997714710845,55.126771095702,0.003455925210160708,27.318764496435705,0.001889131261984393,-26.68145859070343,0.009728049672531968,3.446780898167191,16.0,74.0
256,2024-09-10 18:09:51,architect_interview.txt,-999,0,0.023505456826577276,0.002036245516081449,0.012730438147518808,0.11100132446678933,0.0038990107724903157,35.30755352790692,0.0011242280743601124,-62.510759122980346,0.002157956920564839,-3.756821928276821,0.022065819470670295,47.211144736317834,38.0,3.0
256,2024-09-10 18:09:51,astronomer_interview.txt,-999,0,0.02799137740596804,0.005235067919676573,0.013529171855718225,0.07925883136202572,0.0031853274209390904,61.13044833042582,0.00474208724644138,-3.6173581729999427,0.0005600374140059632,2.281671768431238,0.014944288742944605,5.113910589035157,12.0,73.0
256,2024-09-10 18:09:51,backend_developer_interview.txt,-999,0,0.022689419941337316,0.0047580256185855594,0.010837367760922914,0.08000759087071331,0.006358191038978981,30.610093046921634,0.0034270122497463,-12.40016633286497,0.003002706606500783,-18.068592521574487,0.023822960370283558,6.106923464652539,45.0,72.0
256,2024-09-10 18:09:51,barista_interview.txt,-999,0,0.016572069036275196,0.0026297266005315366,0.008901470373378411,0.09588404246207892,0.004172021693193859,-4.6040187715641565,0.0024382212652337503,-51.58420082969534,0.004051925814296041,-32.70413882713058,0.008355205248043425,27.162443516712216,92.0,26.0
256,2024-09-10 18:09:51,bartender_interview.txt,-999,0,0.020880368200947075,0.0017436791630340018,0.01140089711283883,0.06827946660744384,0.004665652665235098,20.19641051339019,0.003020140902474067,-67.897187427075,0.0030785045541598167,-13.808263447538891,0.020899379760274856,-9.447040478563665,56.0,93.0
256,2024-09-10 18:09:51,biologist_interview.txt,-999,0,0.021637754461552375,0.0012843975135576988,0.011717149736152508,0.0810401358531147,0.0074423904249398916,24.556252687666927,0.0014845672958785157,-76.35300488701793,0.0009077978160217996,-11.417367141494609,0.003922714013945374,7.476295673328551,51.0,68.0
256,2024-09-10 18:09:51,biomedical_engineer_interview.txt,-999,0,0.022902218849529987,0.0009433962264150942,0.011919009076178197,0.08101171941454025,0.004538555069455203,31.83505539814911,0.0016340101958196955,-82.63116697115802,0.0023182663973174006,-9.891293633072635,0.035262781582059345,7.438609488303555,42.0,69.0
256,2024-09-10 18:09:51,business_analyst_interview.txt,-999,0,0.017934209059525714,0.0016778502971091323,0.01325905355856479,0.0983590379133877,0.0023022096820034038,3.2370470485257385,0.002185583671996506,-69.10916024264571,0.002468900770141045,0.23955483010453804,0.015453246984806247,30.444808978156345,77.0,22.0
256,2024-09-10 18:09:51,business_intelligence_analyst_interview.txt,-999,0,0.023298056152152174,0.0027064716165736444,0.010580799222923121,0.0976035952631658,0.0053758488643330105,34.11366573991174,0.003903621380342367,-50.1712511780983,0.0026424777948425666,-20.00827214643708,0.01413115977120394,29.44293284869562,40.0,23.0
256,2024-09-10 18:09:51,chef_interview.txt,-999,0,0.011842186032944768,0.0012882447665056361,0.007884975538823266,0.09198142081523225,0.004512132105365669,-31.831266570902528,0.0022313053881724667,-76.28217325530113,0.0015389053890378951,-40.38892486806862,0.002295693150177152,21.986744912530966,98.0,41.0
256,2024-09-10 18:09:51,chemical_engineer_interview.txt,-999,0,0.02546843517941115,0.0019499771251432023,0.012531858236984323,0.07527156833324034,0.004357032170019184,46.60730407135841,0.0011646801813382523,-64.09904327752602,0.001557809536386703,-5.258102675221295,0.00875932063525589,-0.17404032192816032,23.0,82.0
256,2024-09-10 18:09:51,chemist_interview.txt,-999,0,0.022124175730047966,0.0037500182820704078,0.013028830616711057,0.08066492311473407,0.007015641246965302,27.3563034294871,0.0037558822134137544,-30.958552119831126,0.0017342451590223002,-1.5009498824801852,0.01860144197825484,6.978684523173399,47.0,70.0
256,2024-09-10 18:09:51,civil_engineer_interview.txt,-999,0,0.022835694479363473,0.003084242558428117,0.011133059796502297,0.07529014693011202,0.0077443851403201005,31.45211241415919,0.002818104477970143,-43.216124341146475,0.001571971301819301,-15.83313597994686,0.0037535618909576942,-0.14940118787987444,44.0,81.0
256,2024-09-10 18:09:51,cloud_architect_interview.txt,-999,0,0.031235932631581472,0.003996914350252752,0.009283562290575089,0.10169169097345905,0.003403531789893207,79.80750843195742,0.002020784497146635,-26.412957741070215,0.00198736825028321,-29.815491947864047,0.01568191738533229,34.86460914125155,4.0,13.0
256,2024-09-10 18:09:51,computer_vision_engineer_interview.txt,-999,0,0.03605696780895381,0.00030330603579011223,0.010683106736865927,0.08624399618984036,0.0013682621028549991,107.5594674827876,0.0005253414642307787,-94.41584379418487,0.0021100973838125304,-19.23481877677503,0.013395754227578665,14.377710957310171,1.0,55.0
256,2024-09-10 18:09:51,construction_manager_interview.txt,-999,0,0.021561222528042667,0.0025876435272682925,0.009921498049452864,0.10582128100467221,0.0043876260660455045,24.115701850201376,0.0012429119140081066,-52.35899073491614,0.0017741683503479213,-24.99264420856923,0.014790071261114245,40.34131564639293,53.0,7.0
256,2024-09-10 18:09:51,content_writer_interview.txt,-999,0,0.020089035810988056,0.0038600471338006617,0.008416180784928928,0.09087040195147277,0.0018785413508258673,15.641159768734141,0.003436146443728192,-28.932815000529658,0.001758598532480211,-36.372968739838655,0.004695030745083056,20.513299802363733,63.0,44.0
256,2024-09-10 18:09:51,cto_of_a_fintec_interview.txt,-999,0,0.024296599335744573,0.0043426369361885655,0.009695141994134645,0.07419464190144484,0.005745048678628598,39.86171123678068,0.0011579964476191456,-20.047871999486475,0.0017192977687270372,-26.70391493524488,0.01556729149286058,-1.602271683877774,34.0,86.0
256,2024-09-10 18:09:51,customer_service_representative_interview.txt,-999,0,0.014835782632407877,0.0013217023526301875,0.009902749180595647,0.08295296802654432,0.003279761528606049,-14.598832625401684,0.0022892556272388017,-75.66618687473898,0.002468215207779424,-25.134387226614535,0.014124037854691658,10.013114177897677,95.0,64.0
256,2024-09-10 18:09:51,cybersecurity_specialist_interview.txt,-999,0,0.020114842285735752,0.006782109531063933,0.011002310483400302,0.09587458708252773,0.0071994280328420155,15.78971297444518,0.0026052777939806248,24.865167710069215,0.0022293587276766293,-16.821611732141093,0.009184887690383715,27.14990369113505,62.0,27.0
256,2024-09-10 18:09:51,data_engineer_interview.txt,-999,0,0.025623172142117175,0.0009380863039399625,0.01185495971456893,0.05937904059261711,0.0011672371381906466,47.49803680710417,0.0016248131403085154,-82.72892775743668,0.0017113006066872805,-10.375512168468632,0.011384700969538086,-21.25088073522258,22.0,97.0
256,2024-09-10 18:09:51,data_scientist_interview.txt,-999,0,0.025367410619413486,0.003838285022536105,0.012957062810163617,0.08870789702573416,0.0009080779750816102,46.025763105770295,0.005843501155179279,-29.33347642605338,0.0013802998403202676,-2.043520507726768,0.014458899558984066,17.64536262102719,25.0,49.0
256,2024-09-10 18:09:51,database_administrator_interview.txt,-999,0,0.02181624541863011,0.0051297063163406155,0.011659487203896743,0.08166702068200508,0.006509835362593156,25.583723666309453,0.002274570806382923,-5.557166754752856,0.0013797477691922498,-11.853300712330878,0.036404923790776006,8.307677043975104,49.0,66.0
256,2024-09-10 18:09:51,dentist_interview.txt,-999,0,0.01662760938846938,0.002128466175122208,0.00890551723264633,0.09495329036173188,0.002700413451069458,-4.284304535294723,0.0029162919897548797,-60.81288798057032,0.0006209094310972475,-32.67354423229888,0.02766544721817558,25.928070117872153,91.0,34.0
256,2024-09-10 18:09:51,devops_engineer_interview.txt,-999,0,0.029207455310349406,0.006777554863097186,0.009620309898834677,0.06829089358770192,0.003971527398946839,68.1307175596177,0.00236938267175343,24.781311886607966,0.00117769709482113,-27.26965183997497,0.010940555721392398,-9.431885895023768,8.0,92.0
256,2024-09-10 18:09:51,digital_marketing_specialist_interview.txt,-999,0,0.018071909517765952,0.0,0.00709871829412249,0.09622310086546994,0.003425408685913362,4.029710312278652,0.0,-100.0,0.002146584188652615,-46.333095456310936,0.006411055975641549,27.612106400785223,76.0,25.0
256,2024-09-10 18:09:51,doctor_interview.txt,-999,0,0.020692094881192325,0.0030358252260487078,0.013653830166119346,0.06323203700493311,0.005720907112018002,19.11262803349433,0.002629105038306948,-44.10753405665437,0.0009052268701103102,3.2240990303235293,0.020800958596459633,-16.140995648295828,57.0,96.0
256,2024-09-10 18:09:51,electrical_engineer_interview.txt,-999,0,0.022894892471331797,0.004015555796252274,0.011270947075649516,0.09546732882576155,0.0046492357480646925,31.792881603462575,0.0026543741027447504,-26.069750768309433,0.000494011191573849,-14.790696606925152,0.021971571993467862,26.609793431461497,43.0,29.0
256,2024-09-10 18:09:51,environmental_engineer_interview.txt,-999,0,0.02049230139353961,0.00114811356641422,0.010827593026167598,0.09031294871406899,0.0014194867027442495,17.96253049552476,0.0009951611235077518,-78.86212359681133,0.0015687148180432032,-18.14249033457655,0.010349828804318246,19.77399935158641,60.0,45.0
256,2024-09-10 18:09:51,environmental_scientist_interview.txt,-999,0,0.02037939722648811,0.0016287091629555083,0.013906796331890939,0.10006221778296755,0.006334626558547132,17.31260538496184,0.0005920049117364162,-70.01389584584565,0.0011414509300444445,5.136544419583089,0.006457263921122736,32.70358435310891,61.0,17.0
256,2024-09-10 18:09:51,event_planner_interview.txt,-999,0,0.01683647227799399,0.0,0.008411928041968542,0.11506694693248726,0.004100259375588893,-3.0819996061520385,0.0,-100.0,0.0011640877718247205,-36.40511983262012,0.004716043334019724,52.60301677132361,89.0,1.0
256,2024-09-10 18:09:51,financial_analyst_interview.txt,-999,0,0.026528709233520808,0.002365888974670666,0.012388343271646278,0.06806419908170253,0.004295903905951053,52.710699099549544,0.0018824353795058397,-56.4417056002171,0.0011883884578185921,-6.343087826944341,0.01603328044755162,-9.732530575561697,18.0,94.0
256,2024-09-10 18:09:51,fire_protection_engineer_interview.txt,-999,0,0.01977631911362666,0.00682629352855296,0.00945159191390312,0.11450476466219821,0.004076335008370852,13.841027502448867,0.0007260139746774911,25.67863765349891,0.0017584550944341366,-28.545173929592522,0.017526635983675494,51.85744462651127,64.0,2.0
256,2024-09-10 18:09:51,frontend_developer_interview.txt,-999,0,0.016940531706895245,0.0022457491177414178,0.009501496994439718,0.07438127923765403,0.0078715225711259,-2.482988625424369,0.0038897515729811164,-58.65359606223696,0.0007101153827994891,-28.167887343136456,0.010371318237090333,-1.3547512507129227,87.0,84.0
256,2024-09-10 18:09:51,full_stack_developer_interview.txt,-999,0,0.025418210915911954,0.0033648428411523074,0.011318210869540593,0.06802271768525209,0.011172786369089732,46.31819153583291,0.0019235048730772836,-38.050002915155225,0.000767035319933326,-14.433378368613717,0.00834806571344966,-9.787543647577408,24.0,95.0
256,2024-09-10 18:09:51,game_developer_interview.txt,-999,0,0.028243974427747703,0.0005712653527563553,0.009907765415843248,0.0941467468012183,0.007109435530896385,62.5845057987664,0.000989460615577765,-89.4824547211811,0.0029237590937325965,-25.096464068229096,0.011116519329306443,24.858423414166083,11.0,38.0
256,2024-09-10 18:09:51,gardener_interview.txt,-999,0,0.014140656000716087,0.0,0.010554210693541037,0.09537713786522166,0.0009405658997337677,-18.600281506836012,0.0,-100.0,0.001063915829867814,-20.209283654315456,0.025745199357823417,26.490181214132335,96.0,30.0
256,2024-09-10 18:09:51,geneticist_interview.txt,-999,0,0.02389477893632605,0.0016784155756965425,0.010362829972203893,0.07426668018180933,0.009834659457381689,37.54865960778821,0.0029071010533213786,-69.09875291948222,0.00244315637229681,-21.656137928277403,0.01031545750925448,-1.5067337453150174,36.0,85.0
256,2024-09-10 18:09:51,geologist_interview.txt,-999,0,0.024949961193377338,0.0009690446458445376,0.00968349296571508,0.07771827150107356,0.0033520598687046413,43.62274405469131,9.713127563717684e-05,-82.1589548697629,0.002582832425467771,-26.79198256524751,0.03135019991677306,3.070803610312197,28.0,75.0
256,2024-09-10 18:09:51,geotechnical_engineer_interview.txt,-999,0,0.024360521948178393,0.001530227430676461,0.010339130454731869,0.08750537211554481,0.0052710243404030304,40.22967738044454,0.0005815578784345286,-71.8270393760523,0.0018877082251639295,-21.83530826427392,0.017999934263761248,16.05056121254603,33.0,53.0
256,2024-09-10 18:09:51,graphic_designer_interview.txt,-999,0,0.011174470645406337,0.0,0.009042397728842888,0.10103115455164773,0.003050150065390899,-35.67492450137124,0.0,-100.0,0.00010478864231784938,-31.638716222662865,0.038196150060276705,33.98859866784528,99.0,16.0
256,2024-09-10 18:09:51,hotel_manager_interview.txt,-999,0,0.01953414306863755,0.004378344283590559,0.008725673293149857,0.0997301973305309,0.004151210506815818,12.446957673799957,0.003797872271061301,-19.390465347262705,0.0026906071161631926,-34.033179469790895,0.026457708376725095,32.26325527493029,66.0,20.0
256,2024-09-10 18:09:51,human_resources_manager_interview.txt,-999,0,0.01846999733400848,0.0042158208334954345,0.011470090021560894,0.06879403237742403,0.0014325089648142258,6.321275581673461,0.004138785319170651,-22.38267857531467,0.002875155206497296,-13.285159265399173,0.01711589835108536,-8.764617846178126,72.0,91.0
256,2024-09-10 18:09:51,industrial_engineer_interview.txt,-999,0,0.02623885477395757,0.004843990473822265,0.01225768148204808,0.09091205880957515,0.0030080972768187445,51.042171740476476,0.0021428402381453424,-10.817470562892765,0.0014116136382981827,-7.330901894123201,0.0075661235411799985,20.5685455735005,21.0,43.0
256,2024-09-10 18:09:51,it_manager_interview.txt,-999,0,0.026360931025288026,0.00508279861365742,0.010798806015327069,0.08389787604009813,0.009024465103771936,51.744895326461204,0.0037243801090743726,-6.4207827337641135,0.003289216451763096,-18.360122546317655,0.015516467929472054,11.26626130036641,20.0,62.0
256,2024-09-10 18:09:51,logistics_coordinator_interview.txt,-999,0,0.023477917009813082,0.0028490737051566333,0.012601840329969511,0.08400625184557231,0.003171298186295652,35.14902245750642,0.0001243393752216758,-47.54580939996651,0.0016221305755499441,-4.729032193989028,0.011507943074038237,11.409990453709511,39.0,61.0
256,2024-09-10 18:09:51,lorry_driver_interview.txt,-999,0,0.019051759744213397,0.003596875019500073,0.007895052029205036,0.09020383203535,0.002431267923425204,9.67015108067342,0.001984912900895534,-33.77806706233196,0.0016016174077734195,-40.31274575727033,0.01787627698485638,19.62928764421528,70.0,46.0
256,2024-09-10 18:09:51,machine_learning_engineer_interview.txt,-999,0,0.03304702771837315,0.0005988007851361888,0.012623249168952695,0.09681483318752508,0.0017715702712454734,90.2329533492038,0.000518691017330607,-88.97550089415586,0.0009291037674837713,-4.567179579122893,0.014739535277769441,28.396868140572195,2.0,24.0
256,2024-09-10 18:09:51,manufacturing_engineer_interview.txt,-999,0,0.02471329053530799,0.004827185962006525,0.010970577138132908,0.07750389576169828,0.006287865685149101,42.26036560906181,0.002441504908639248,-11.12685780834309,0.0025838310447702123,-17.061518478789594,0.012223775167660373,2.786496209939031,30.0,77.0
256,2024-09-10 18:09:51,marine_engineer_interview.txt,-999,0,0.02695235660370682,0.006100866498739459,0.009551211043602438,0.08858254635569045,0.003701227221554619,55.149396191945016,0.002161922991284478,12.322827440733079,0.0010449831820281987,-27.79204496985831,0.020642781803041674,17.479121220582286,15.0,50.0
256,2024-09-10 18:09:51,marketing_manager_interview.txt,-999,0,0.017166181188013583,0.0,0.012273533026226323,0.08593752404029342,0.0017688392761873908,-1.1840528306330214,0.0,-100.0,0.005028062166417604,-7.211062893188597,0.012806458379767236,13.971264311909096,83.0,56.0
256,2024-09-10 18:09:51,materials_engineer_interview.txt,-999,0,0.028701143642719845,0.001224364860728497,0.01160244750200829,0.09520677712798913,0.002784642746899977,65.2161690964655,0.0014026861631331008,-77.4582638376829,0.0005069069560730667,-12.284525633452574,0.020780330592119044,26.26424698076535,9.0,32.0
256,2024-09-10 18:09:51,mechanical_engineer_interview.txt,-999,0,0.02734952888826747,0.0006016847172081829,0.01115717044298383,0.08770397363236349,0.010280878295695253,57.43569126587133,0.0010421485003422849,-88.92240492745337,0.0016615838056327796,-15.650857474222462,0.020222880441081375,16.313948670107337,13.0,51.0
256,2024-09-10 18:09:51,meteorologist_interview.txt,-999,0,0.02257745279063972,0.002175700320708712,0.010276196962259862,0.09464478260496693,0.007904369155755705,29.965561806871364,0.0009760594885828912,-59.9432618733412,0.0021592358212622607,-22.311090735581814,0.018251045514625953,25.518923828388097,46.0,35.0
256,2024-09-10 18:09:51,microbiologist_interview.txt,-999,0,0.024607738485194482,0.0030553009471432934,0.010916108096851338,0.07710400000808888,0.0018844411384801127,41.65276245647959,0.005291936472865497,-43.74896727597773,0.0023098941492452653,-17.473308990530924,0.021856160508215226,2.256150180764905,31.0,78.0
256,2024-09-10 18:09:51,mining_engineer_interview.txt,-999,0,0.026485826818305375,0.0031811378738604845,0.009953697376988561,0.09959702017148875,0.0054990537701065535,52.46384941119942,0.0010062224128268593,-41.4321882728234,0.003944873012098278,-24.74921459696455,0.005498812243822781,32.08663430099594,19.0,21.0
256,2024-09-10 18:09:51,mobile_app_developer_interview.txt,-999,0,0.017052891272954788,0.0,0.009738844504396531,0.09533206068512327,0.0027139209430759423,-1.8361984731996301,0.0,-100.0,0.0009287094730743913,-26.373520299288415,0.019867807413517305,26.430399375351186,85.0,31.0
256,2024-09-10 18:09:51,natural_language_processing_engineer_interview.txt,-999,0,0.03015894454754492,0.0,0.01091648692538264,0.057709718615417314,0.0048679270464970096,73.60790023438665,0.0,-100.0,0.003506257199432479,-17.47044501512221,0.018092417245587925,-23.46475341086439,5.0,98.0
256,2024-09-10 18:09:51,network_administrator_interview.txt,-999,0,0.020546423091660854,0.008610734447164758,0.010468178418429869,0.09361873322960096,0.0029441576647305824,18.274078346714816,0.00128347795854173,58.53191340061272,0.0003352660236054765,-20.859694855995386,0.0075936619321311655,24.15816616329556,59.0,40.0
256,2024-09-10 18:09:51,neuroscientist_interview.txt,-999,0,0.01745736606002822,0.001285760205721633,0.011839705837967179,0.08447659450390621,0.0008301865409649005,0.492132956664193,0.00222700200266008,-76.32791641199293,0.0023122689730630994,-10.490832752493674,0.006442454814367652,12.033763922037565,81.0,59.0
256,2024-09-10 18:09:51,no_persona_interview.txt,-999,0,0.01737187334610209,0.005431546407571132,0.013227366762589366,0.07540279960842168,0.0036695737913253275,2.842170943040401e-14,0.0010284840311784091,0.0,0.0003333475653023167,0.0,0.00482312918580836,0.0,82.0,80.0
256,2024-09-10 18:09:51,nuclear_engineer_interview.txt,-999,0,0.029690921212957216,0.005299078097340047,0.012362645699703427,0.07313354175807012,0.005000047740165702,70.91375593996767,0.0013664512513601938,-2.43886915973755,0.0032996892352752136,-6.537363621999262,0.017398670225058414,-3.009514052709136,6.0,87.0
256,2024-09-10 18:09:51,nurse_interview.txt,-999,0,0.020552654061286008,0.00228950970752116,0.012279863345309108,0.10568720744541771,0.0052680815878081285,18.30994649691955,0.0024668853294645813,-57.84792146248128,0.00047302765011169717,-7.163205151005997,0.008542802798726547,40.16350585690134,58.0,8.0
256,2024-09-10 18:09:51,occupational_therapist_interview.txt,-999,0,0.018272075388520975,0.0068085638075370625,0.00925340261497033,0.07032194855264899,0.005140259748964293,5.181951448091084,0.010239375726444412,25.35221641568745,0.003081611813961674,-30.043501620129703,0.018049256173824735,-6.73827905881258,75.0,90.0
256,2024-09-10 18:09:51,operations_manager_interview.txt,-999,0,0.01839843666182182,0.0034307384607392397,0.013169130875223185,0.10434596041883244,0.004476101285708422,5.909341469784962,0.0032208984060467117,-36.83680110038146,0.0027793371003986245,-0.44026818346708296,0.012313618861633364,38.384729692686534,73.0,9.0
256,2024-09-10 18:09:51,petroleum_engineer_interview.txt,-999,0,0.02534390941600122,0.0023152418011307577,0.011067934340873544,0.08165265950845747,0.0019869095708613493,45.890480036730764,0.002258624729536243,-57.374168838850395,0.001474147191333294,-16.325489876210966,0.0333992440465881,8.288631101885187,26.0,67.0
256,2024-09-10 18:09:51,pharmacist_interview.txt,-999,0,0.017087875749363227,0.002390434014378141,0.01141095609781114,0.08765222561665592,0.004624542048382937,-1.6348127290634693,0.001354633678140712,-55.98980778206974,0.0013946817083068264,-13.732216679101512,0.00833511323717049,16.24531989773243,84.0,52.0
256,2024-09-10 18:09:51,physical_therapist_interview.txt,-999,0,0.021117048080096554,0.006280091582059287,0.009285073993812896,0.10802277436254765,0.005706854452677471,21.55884203953636,0.003125669208500004,15.622533820301186,0.0012617622704480397,-29.804063344840173,0.019132641289041172,43.2609597037862,55.0,6.0
256,2024-09-10 18:09:51,physicist_interview.txt,-999,0,0.032761287731179006,0.0023323720567406145,0.010384128597657413,0.10005512073026424,0.0034460689619371957,88.58811066873227,0.001645541832302075,-57.058784336455666,0.004067272056975597,-21.495118536921595,0.018107508527991874,32.694172165842446,3.0,18.0
256,2024-09-10 18:09:51,procurement_specialist_interview.txt,-999,0,0.021599721966802928,0.0013296919337187794,0.012115537317431846,0.09561903578056341,0.004039260064317714,24.337321234554636,0.001548828551809899,-75.51909099284694,0.00262972944369239,-8.4055236776384,0.01851056722413299,26.81098881888704,52.0,28.0
256,2024-09-10 18:09:51,product_manager_interview.txt,-999,0,0.021325171186130174,0.0019655557561224697,0.01090255793159505,0.10113741385730751,0.0078060842788090345,22.75688845564332,0.002580359470868408,-63.812225678811366,0.002886416083319231,-17.575749374165056,0.010992862532737862,34.12952089647817,54.0,15.0
256,2024-09-10 18:09:51,professor_of_classics_interview.txt,-999,0,0.017479838309353807,0.0,0.010473712858570697,0.0874285955700194,0.001706748410080117,0.6214929219245562,0.0,-100.0,0.004845793285834469,-20.817854025237736,0.019860648668662047,15.948739336005474,80.0,54.0
256,2024-09-10 18:09:51,project_manager_interview.txt,-999,0,0.02499273255045724,0.009375397507467414,0.012176017099383827,0.08013956555139201,0.006521193892649988,43.868954444484984,0.005177046191062801,72.6100967193961,0.004511071560648322,-7.948291463264226,0.003281437050628511,6.281949698909159,27.0,71.0
256,2024-09-10 18:09:51,psychologist_interview.txt,-999,0,0.01704719657699255,0.001985775477799406,0.015734937908029687,0.07224193633793845,0.003284923455297861,-1.868979600765897,0.0026238200638425482,-63.43996113093323,0.0007207531305184788,18.957447770575328,0.03031228382047998,-4.191970705196738,86.0,88.0
256,2024-09-10 18:09:51,public_relations_specialist_interview.txt,-999,0,0.018715913809082933,0.002044989775051125,0.011746191624407903,0.11082008895963158,0.003955224835322196,7.736876940116673,0.003542026191347397,-62.349768894534776,0.00030594378360317473,-11.197808035161117,0.007772595110012197,46.97078826666558,71.0,4.0
256,2024-09-10 18:09:51,quality_control_engineer_interview.txt,-999,0,0.02827451435611826,0.004494353153203785,0.012194164057579511,0.07621436845991088,0.002329965742743766,62.76030680630373,0.003213086113928031,-17.25463033991528,0.0021600118941391203,-7.811098940206577,0.018292651080763056,1.076311298391829,10.0,79.0
256,2024-09-10 18:09:51,restaurant_manager_interview.txt,-999,0,0.01607995494193543,0.0016393339389507173,0.0062415586849886824,0.08533759949535642,0.005886877027896169,-7.436839875743971,0.0010910472364406782,-69.81828348800224,0.0022849722424928666,-52.81329385496796,0.01719566994458904,13.175637958441428,93.0,58.0
256,2024-09-10 18:09:51,retail_manager_interview.txt,-999,0,0.018369349271494858,0.0035105504242697303,0.010300095698392854,0.08961837481193984,0.0013568952237262022,5.741901898085075,0.0034556085256265863,-35.367385992020445,0.0035716927606327348,-22.13041428983159,0.021430035171467455,18.852848007423887,74.0,47.0
256,2024-09-10 18:09:51,robotics_engineer_interview.txt,-999,0,0.026986918927005218,0.0029983905559178166,0.01046739506630781,0.07767581307202231,0.0046750258637780545,55.348351840595,0.003711990459226784,-44.79674238374719,0.0026850237764007544,-20.865617063613257,0.014258134969698532,3.0144947872025227,14.0,76.0
256,2024-09-10 18:09:51,safety_engineer_interview.txt,-999,0,0.024731707976196265,0.008616691420682934,0.00896673206244868,0.0999710847290146,0.004236717926248339,42.366384347060546,0.004272161937881676,58.64158701971081,0.0023539671547820593,-32.21075499464439,0.011707309198998442,32.58272272141062,29.0,19.0
256,2024-09-10 18:09:51,sales_manager_interview.txt,-999,0,0.01946268941269455,0.0033101621979476996,0.012107697191421468,0.09517104366136715,0.0030412473738932358,12.035639593593999,0.0057333691081392826,-39.05672621458957,0.0023765092424536016,-8.464795686580885,0.016854230132272285,26.21685687481765,67.0,33.0
256,2024-09-10 18:09:51,seo_specialist_interview.txt,-999,0,0.017786052903269633,0.0,0.009650258272710975,0.1029853051772579,0.0007585967334323537,2.384196274724033,0.0,-100.0,0.0021485561693248855,-27.04323962646471,0.010763645040177456,36.580214145995114,78.0,12.0
256,2024-09-10 18:09:51,shop_assistant_interview.txt,-999,0,0.019769915837331568,0.006940442193251181,0.007761977284449194,0.08883757787203787,0.0017173329436352299,13.804167480691149,0.004654325123205934,27.78022449696411,0.0010107028308353671,-41.318801967431625,0.03426091590506742,17.81734674758107,65.0,48.0
256,2024-09-10 18:09:51,social_media_manager_interview.txt,-999,0,0.013777405160482368,0.00033944331296673454,0.009423158325213501,0.09419312030773623,0.001279367105136448,-20.691310108050303,0.0005879330643478877,-93.75052172078327,0.004199666096923726,-28.760134240287442,0.026726188082527823,24.919924454921528,97.0,37.0
256,2024-09-10 18:09:51,software_quality_assurance_tester_interview.txt,-999,0,0.016782421389007592,0.005822767929542502,0.010381996844419228,0.0919429487158183,0.0008804391526227544,-3.3931398494034966,0.005042754721281517,7.202764969954785,0.0015060508100839015,-21.51123476985326,0.0182892518189156,21.935722802458486,90.0,42.0
256,2024-09-10 18:09:51,speech_therapist_interview.txt,-999,0,0.019393467099656198,0.004000764955071038,0.011241500434125222,0.10161458031875605,0.004246726512832087,11.637166086107314,0.0020708496344854456,-26.342064398192406,0.004422782545976337,-15.013315681853783,0.009977819866829205,34.76234416554317,69.0,14.0
256,2024-09-10 18:09:51,structural_engineer_interview.txt,-999,0,0.024166974674279033,0.002962742274525382,0.008646397295430881,0.0856788924932332,0.0019692207912309417,39.115535744460374,0.0034851702270168173,-45.45306157385378,0.004199520218035481,-34.632512648811755,0.031041906509121843,13.62826438564197,35.0,57.0
256,2024-09-10 18:09:51,supply_chain_manager_interview.txt,-999,0,0.02437246928873095,0.0038166911451535876,0.011668930230877292,0.07044822082076467,0.002129449909943249,40.2984514286691,0.0014476408420228697,-29.731040503797743,0.0011118024172282047,-11.781910637873608,0.020857775945750386,-6.5708154251392585,32.0,89.0
256,2024-09-10 18:09:51,system_administrator_interview.txt,-999,0,0.02320636923233273,0.005623736541917226,0.012529524365885733,0.08407181988636951,0.0019187524976430228,33.58587626094908,0.0017910930093771615,3.538405454442909,0.0020222042671434715,-5.275746936097079,0.01766016164628269,11.496947491296595,41.0,60.0
256,2024-09-10 18:09:51,transportation_engineer_interview.txt,-999,0,0.029685203379338068,0.0017562346329469617,0.012678584844267092,0.09362170658358009,0.007613104078008117,70.88084162206292,0.0030418876142762155,-67.66602913492713,0.006664353603071343,-4.148837241546673,0.012441046795644261,24.16210945717134,7.0,39.0
256,2024-09-10 18:09:51,travel_agent_interview.txt,-999,0,0.02193336081333101,0.0006161429451632779,0.008579798999327976,0.09430561507052874,0.008159849077884177,26.257890420623113,0.0010671908857479218,-88.65621502737369,0.0039052294237090428,-35.13600134235327,0.014633877297644789,25.06911621355212,48.0,36.0
256,2024-09-10 18:09:51,veterinarian_interview.txt,-999,0,0.015662935368284298,0.0015082163940320391,0.011896927956614548,0.10855109716278595,0.0038765258992552575,-9.837384510987363,0.0018226627837156905,-72.2322837575371,0.0017404795479079886,-10.058228745404293,0.0246951260694725,43.96162705696403,94.0,5.0
256,2024-09-10 18:09:51,warehouse_manager_interview.txt,-999,0,0.01945429399633153,0.0,0.008502528975736445,0.08286792421601245,0.0030519183107372712,11.987311953875704,0.0,-100.0,0.001591703311371741,-35.72016918904875,0.003602415320264039,9.900328166007526,68.0,65.0
256,2024-09-10 18:09:51,water_resources_engineer_interview.txt,-999,0,0.017626645801058476,0.0031418332763826647,0.009970837503621077,0.10368821548037448,0.007883874949387847,1.4665802005375213,0.003139610046975058,-42.155823763132986,0.0023985901859583207,-24.619633804807236,0.013545845583895327,37.51242131438528,79.0,10.0
